0 0.10552763819095477 0.34782608695652173 0.08668341708542714 0.3511705685618729 0.0678391959798995 0.35618729096989965 0.06030150753768844 0.3779264214046823 0.0728643216080402 0.3996655518394649 0.09170854271356783 0.40635451505016723 0.10427135678391959 0.4080267558528428
6 0.10804020100502512 0.5183946488294314 0.11683417085427136 0.5217391304347826 0.12311557788944724 0.5351170568561873 0.11306532663316583 0.5384615384615384 0.10804020100502512 0.5301003344481605
8 0.3165829145728643 0.5451505016722408 0.3341708542713568 0.5451505016722408 0.33291457286432163 0.560200668896321 0.3165829145728643 0.5635451505016722
8 0.18969849246231155 0.5518394648829431 0.21105527638190955 0.5585284280936454 0.23115577889447236 0.568561872909699 0.25251256281407036 0.5752508361204013 0.25753768844221103 0.5903010033444817 0.23618090452261306 0.5819397993311036 0.20979899497487436 0.5719063545150501 0.1922110552763819 0.5668896321070234
8 0.12562814070351758 0.5953177257525084 0.15201005025125627 0.6137123745819398 0.18341708542713567 0.6270903010033445 0.17964824120603015 0.637123745819398 0.157035175879397 0.6287625418060201 0.13316582914572864 0.6103678929765887
8 0.4321608040201005 0.6688963210702341 0.45979899497487436 0.6588628762541806 0.47738693467336685 0.657190635451505 0.46733668341708545 0.6722408026755853 0.4510050251256281 0.6722408026755853 0.44095477386934673 0.6806020066889632
8 0.13190954773869346 0.5301003344481605 0.14824120603015076 0.5418060200668896 0.14698492462311558 0.5535117056856187 0.12939698492462312 0.5434782608695652
6 0.4648241206030151 0.4866220735785953 0.49246231155778897 0.46321070234113715 0.507537688442211 0.4816053511705686 0.4861809045226131 0.49665551839464883
3 0.10427135678391959 0.5183946488294314 0.11934673366834171 0.5100334448160535 0.12939698492462312 0.5551839464882943 0.13819095477386933 0.596989966555184 0.12185929648241206 0.6053511705685619 0.11557788944723618 0.5652173913043478 0.1092964824120603 0.5384615384615384
3 0.5804020100502513 0.4414715719063545 0.5565326633165829 0.4280936454849498 0.5565326633165829 0.459866220735786 0.5778894472361809 0.4698996655518395 0.5917085427135679 0.4866220735785953 0.6042713567839196 0.4765886287625418 0.5942211055276382 0.4531772575250836
8 0.3128140703517588 0.6070234113712375 0.3165829145728643 0.6153846153846154 0.30904522613065327 0.617056856187291
5 0.8115577889447236 0.5250836120401338 0.928391959798995 0.4983277591973244 0.9334170854271356 0.5518394648829431 0.8178391959798995 0.5953177257525084