1 0.44746059544658495 0.13200934579439252 0.42819614711033277 0.1366822429906542 0.3914185639229422 0.1483644859813084 0.4124343257443082 0.15070093457943926 0.4457092819614711 0.1483644859813084 0.45971978984238177 0.15771028037383178 0.46847635726795095 0.19042056074766356 0.4649737302977233 0.14369158878504673 0.44746059544658495 0.13200934579439252
1 0.3283712784588441 0.35630841121495327 0.30910683012259194 0.38901869158878505 0.28633975481611207 0.4100467289719626 0.29159369527145357 0.4894859813084112 0.3021015761821366 0.4941588785046729 0.3126094570928196 0.4871495327102804 0.31961471103327493 0.41939252336448596 0.3318739054290718 0.4264018691588785 0.34413309982486867 0.36565420560747663 0.351138353765324 0.3235981308411215 0.3283712784588441 0.35630841121495327
6 0.4071803852889667 0.09462616822429906 0.4106830122591944 0.09929906542056074 0.4264448336252189 0.07359813084112149 0.4211908931698774 0.07359813084112149 0.4071803852889667 0.09462616822429906
6 0.45796847635726795 0.02219626168224299 0.45446584938704027 0.02219626168224299 0.45271453590192645 0.026869158878504672 0.45621716287215414 0.029205607476635514 0.45796847635726795 0.02219626168224299
6 0.45971978984238177 0.010514018691588784 0.45796847635726795 0.017523364485981307 0.46147110332749564 0.01985981308411215 0.4649737302977233 0.012850467289719626 0.45971978984238177 0.010514018691588784
6 0.6768826619964974 0.0852803738317757 0.6663747810858144 0.09228971962616822 0.6611208406304728 0.09929906542056074 0.6838879159369528 0.09462616822429906 0.6838879159369528 0.08761682242990654 0.6768826619964974 0.0852803738317757
6 0.5735551663747811 0.2044392523364486 0.5647985989492119 0.17406542056074767 0.5542907180385289 0.17406542056074767 0.5472854640980735 0.169392523364486 0.5367775831873906 0.15771028037383178 0.5262697022767076 0.15537383177570094 0.5262697022767076 0.16238317757009346 0.5367775831873906 0.17172897196261683 0.5385288966725044 0.1810747663551402 0.5455341506129597 0.18341121495327103 0.5455341506129597 0.19509345794392524 0.5542907180385289 0.20677570093457945 0.5595446584938704 0.19976635514018692 0.5630472854640981 0.2044392523364486 0.5612959719789843 0.21144859813084113 0.5630472854640981 0.2207943925233645 0.5683012259194395 0.22313084112149534 0.5735551663747811 0.2044392523364486
6 0.4457092819614711 0.669392523364486 0.44746059544658495 0.6810747663551402 0.45271453590192645 0.6787383177570093 0.45271453590192645 0.669392523364486 0.4457092819614711 0.669392523364486
6 0.37565674255691767 0.46845794392523366 0.38266199649737304 0.47313084112149534 0.3861646234676007 0.47079439252336447 0.3809106830122592 0.4614485981308411 0.37565674255691767 0.46845794392523366
6 0.27583187390542907 0.6904205607476636 0.28108581436077057 0.6904205607476636 0.27933450087565675 0.6810747663551402 0.27583187390542907 0.6810747663551402 0.27583187390542907 0.6904205607476636
6 0.2618213660245184 0.6016355140186916 0.2670753064798599 0.6016355140186916 0.26532399299474607 0.5922897196261683 0.2618213660245184 0.5922897196261683 0.2618213660245184 0.6016355140186916
6 0.2600700525394046 0.5876168224299065 0.26532399299474607 0.5829439252336449 0.2635726795096322 0.5712616822429907 0.2600700525394046 0.5759345794392523 0.2600700525394046 0.5876168224299065
6 0.28458844133099825 0.6296728971962616 0.29159369527145357 0.6413551401869159 0.28984238178633975 0.6039719626168224 0.28633975481611207 0.6063084112149533 0.28458844133099825 0.6296728971962616
6 0.2968476357267951 0.5408878504672897 0.28809106830122594 0.5549065420560748 0.28809106830122594 0.580607476635514 0.29334500875656744 0.580607476635514 0.2968476357267951 0.5432242990654206 0.2968476357267951 0.5408878504672897
6 0.30910683012259194 0.7908878504672897 0.3161120840630473 0.7932242990654206 0.3161120840630473 0.7838785046728972 0.3126094570928196 0.7792056074766355 0.30910683012259194 0.7908878504672897
6 0.4211908931698774 0.9801401869158879 0.4211908931698774 0.9871495327102804 0.4246935201401051 0.9871495327102804 0.4264448336252189 0.9824766355140186 0.4246935201401051 0.977803738317757 0.4211908931698774 0.9801401869158879
6 0.4124343257443082 1 0.4124343257443082 0.9941588785046729 0.4071803852889667 0.9871495327102804 0.4019264448336252 0.9801401869158879 0.39842381786339753 0.9731308411214953 0.4089316987740806 0.9731308411214953 0.4089316987740806 0.9871495327102804 0.4176882661996497 0.9871495327102804 0.4176882661996497 0.977803738317757 0.4211908931698774 0.977803738317757 0.4211908931698774 0.9731308411214953 0.4246935201401051 0.9731308411214953 0.4246935201401051 0.9684579439252337 0.4159369527145359 0.9661214953271028 0.4159369527145359 0.9567757009345794 0.4124343257443082 0.9544392523364486 0.4124343257443082 0.9450934579439252 0.4019264448336252 0.9380841121495327 0.4001751313485114 0.9521028037383178 0.4054290718038529 0.9521028037383178 0.4054290718038529 0.9661214953271028 0.4001751313485114 0.9661214953271028 0.3949211908931699 0.9661214953271028 0.3914185639229422 0.9614485981308412 0.38441330998248685 0.947429906542056 0.37740805604203154 0.9521028037383178 0.38966725043782835 0.9707943925233645 0.4001751313485114 0.9894859813084113 0.4071803852889667 0.9941588785046729 0.4071803852889667 1 0.4124343257443082 1
6 0.37215411558669004 0.9264018691588785 0.37740805604203154 0.9287383177570093 0.37390542907180385 0.9147196261682243 0.37040280210157617 0.919392523364486 0.37215411558669004 0.9264018691588785
6 0.36339754816112085 0.9007009345794392 0.36690017513134854 0.9123831775700935 0.37040280210157617 0.9100467289719626 0.36690017513134854 0.8983644859813084 0.36339754816112085 0.9007009345794392
6 0.3809106830122592 0.9264018691588785 0.3861646234676007 0.9380841121495327 0.39316987740805603 0.9450934579439252 0.4001751313485114 0.9380841121495327 0.3966725043782837 0.9264018691588785 0.39316987740805603 0.9217289719626168 0.38791593695271454 0.919392523364486 0.3861646234676007 0.9100467289719626 0.3809106830122592 0.9030373831775701 0.3809106830122592 0.8960280373831776 0.3861646234676007 0.8936915887850467 0.38441330998248685 0.8866822429906542 0.3809106830122592 0.889018691588785 0.37565674255691767 0.889018691588785 0.36690017513134854 0.8796728971962616 0.36514886164623467 0.8913551401869159 0.3809106830122592 0.9264018691588785
6 0.34413309982486867 0.8563084112149533 0.35288966725043786 0.8773364485981309 0.35464098073555167 0.889018691588785 0.3563922942206655 0.889018691588785 0.35814360770577935 0.8820093457943925 0.35288966725043786 0.860981308411215 0.35288966725043786 0.8539719626168224 0.34938704028021017 0.8422897196261683 0.34413309982486867 0.8399532710280374 0.34413309982486867 0.8563084112149533
6 0.330122591943958 0.7978971962616822 0.330122591943958 0.802570093457944 0.3353765323992995 0.802570093457944 0.3353765323992995 0.7978971962616822 0.330122591943958 0.7978971962616822
6 0.3318739054290718 0.7908878504672897 0.3318739054290718 0.7955607476635514 0.3353765323992995 0.7955607476635514 0.3353765323992995 0.7908878504672897 0.3318739054290718 0.7908878504672897
6 0.340630472854641 0.7628504672897196 0.340630472854641 0.7675233644859814 0.340630472854641 0.7768691588785047 0.34413309982486867 0.7792056074766355 0.3476357267950963 0.7792056074766355 0.3476357267950963 0.7628504672897196 0.340630472854641 0.7628504672897196
6 0.3266199649737303 0.7394859813084113 0.3266199649737303 0.7464953271028038 0.3318739054290718 0.7464953271028038 0.3318739054290718 0.7394859813084113 0.3266199649737303 0.7394859813084113
6 0.3318739054290718 0.7511682242990654 0.3318739054290718 0.758177570093458 0.3423817863397548 0.7605140186915887 0.3423817863397548 0.7558411214953271 0.3458844133099825 0.7535046728971962 0.3458844133099825 0.7488317757009346 0.3336252189141856 0.7464953271028038 0.3318739054290718 0.7511682242990654
6 0.43695271453590195 0.9731308411214953 0.43345008756567427 0.977803738317757 0.4316987740805604 0.9848130841121495 0.4316987740805604 0.9894859813084113 0.4352014010507881 0.9894859813084113 0.43695271453590195 0.9824766355140186 0.44220665499124345 0.9801401869158879 0.4457092819614711 0.977803738317757 0.44220665499124345 0.9754672897196262 0.43695271453590195 0.9731308411214953
6 0.4649737302977233 0.9404205607476636 0.46147110332749564 0.9497663551401869 0.45621716287215414 0.9521028037383178 0.45621716287215414 0.9404205607476636 0.45621716287215414 0.9310747663551402 0.45271453590192645 0.9240654205607477 0.44921190893169877 0.9334112149532711 0.44395796847635727 0.9357476635514018 0.44220665499124345 0.9450934579439252 0.43870402802101577 0.947429906542056 0.4316987740805604 0.9497663551401869 0.4299474605954466 0.9567757009345794 0.42294220665499127 0.9591121495327103 0.4246935201401051 0.9637850467289719 0.4316987740805604 0.9661214953271028 0.43695271453590195 0.9637850467289719 0.43695271453590195 0.9544392523364486 0.4404553415061296 0.9544392523364486 0.44220665499124345 0.9637850467289719 0.4457092819614711 0.9637850467289719 0.4457092819614711 0.9684579439252337 0.44746059544658495 0.9684579439252337 0.44921190893169877 0.977803738317757 0.45096322241681264 0.9684579439252337 0.45271453590192645 0.9661214953271028 0.45271453590192645 0.9614485981308412 0.45621716287215414 0.9591121495327103 0.45621716287215414 0.9661214953271028 0.46147110332749564 0.9637850467289719 0.46322241681260945 0.9614485981308412 0.46322241681260945 0.9567757009345794 0.46672504378283713 0.9544392523364486 0.4702276707530648 0.947429906542056 0.4702276707530648 0.9380841121495327 0.4649737302977233 0.9404205607476636
6 0.4299474605954466 0.8936915887850467 0.4264448336252189 0.9077102803738317 0.4264448336252189 0.919392523364486 0.4316987740805604 0.9170560747663551 0.43870402802101577 0.9077102803738317 0.4404553415061296 0.9007009345794392 0.4404553415061296 0.8936915887850467 0.4404553415061296 0.889018691588785 0.4352014010507881 0.889018691588785 0.4299474605954466 0.8936915887850467
6 0.4211908931698774 0.889018691588785 0.4194395796847636 0.8983644859813084 0.4194395796847636 0.905373831775701 0.4246935201401051 0.9007009345794392 0.4264448336252189 0.8866822429906542 0.4211908931698774 0.889018691588785
6 0.3861646234676007 0.8235981308411215 0.4176882661996497 0.8235981308411215 0.4141856392294221 0.8189252336448598 0.4019264448336252 0.8165887850467289 0.4019264448336252 0.8095794392523364 0.3861646234676007 0.8095794392523364 0.37740805604203154 0.8119158878504673 0.37740805604203154 0.8165887850467289 0.3809106830122592 0.8235981308411215 0.37040280210157617 0.8376168224299065 0.37565674255691767 0.8376168224299065 0.3861646234676007 0.8235981308411215