6 0.6297539149888143 0.5866261398176292 0.62751677852349 0.5972644376899696 0.6319910514541387 0.6063829787234043 0.6331096196868009 0.621580547112462 0.6342281879194631 0.6458966565349544 0.6334176308724832 0.6613144802431611 0.6364653243847874 0.6747720364741642 0.6431767337807607 0.6610942249240122 0.645413870246085 0.6428571428571429 0.6431767337807607 0.6124620060790273 0.6420581655480985 0.5957446808510638 0.6353467561521253 0.5683890577507599 0.6297539149888143 0.5866261398176292
6 0.5469798657718121 0.4148936170212766 0.5536912751677853 0.4376899696048632 0.5659955257270693 0.46048632218844987 0.5771812080536913 0.46808510638297873 0.5738255033557047 0.44680851063829785 0.5659955257270693 0.42857142857142855 0.5559284116331096 0.4148936170212766 0.5469798657718121 0.4148936170212766
6 0.5022371364653244 0.5212765957446809 0.4955257270693512 0.5273556231003039 0.4899328859060403 0.5319148936170213 0.48322147651006714 0.5486322188449848 0.47762863534675615 0.5623100303951368 0.48769574944071586 0.5592705167173252 0.49328859060402686 0.547112462006079 0.5 0.5303951367781155 0.5022371364653244 0.5212765957446809
8 0.4306487695749441 0.7021276595744681 0.43512304250559286 0.7082066869300911 0.43512304250559286 0.682370820668693 0.4306487695749441 0.6732522796352584 0.42841163310961966 0.6838905775075987 0.4306487695749441 0.7021276595744681
8 0.5022371364653244 0.7203647416413373 0.5033557046979866 0.729483282674772 0.5123042505592841 0.723404255319149 0.5067114093959731 0.7112462006079028 0.5022371364653244 0.7203647416413373
6 0.6270693512304251 0.511854103343465 0.6342281879194631 0.5106382978723404 0.6331096196868009 0.48936170212765956 0.62751677852349 0.4787234042553192 0.616331096196868 0.4787234042553192 0.6230425055928411 0.49544072948328266 0.6270693512304251 0.511854103343465
6 0.49328859060402686 0.6231003039513677 0.4988814317673378 0.6109422492401215 0.4865771812080537 0.6109422492401215 0.48322147651006714 0.6261398176291794 0.49328859060402686 0.6231003039513677
3 0.6297539149888143 0.621580547112462 0.6319910514541387 0.5531914893617021 0.6319910514541387 0.5258358662613982 0.6129753914988815 0.4726443768996961 0.5615212527964206 0.4452887537993921 0.5380313199105146 0.42249240121580545 0.5234899328859061 0.43465045592705165 0.5145413870246085 0.49848024316109424 0.49105145413870244 0.5395136778115501 0.46756152125279643 0.5820668693009119 0.4798657718120805 0.6534954407294833 0.49328859060402686 0.682370820668693 0.5246085011185683 0.6990881458966566 0.5648769574944071 0.7127659574468085 0.5883668903803132 0.6930091185410334 0.6208053691275168 0.6550151975683891 0.6297539149888143 0.621580547112462
0 0.2897091722595078 0.6930091185410334 0.29642058165548096 0.723404255319149 0.31655480984340045 0.7492401215805471 0.3288590604026846 0.7629179331306991 0.3277404921700224 0.7249240121580547 0.3232662192393736 0.6945288753799392 0.3076062639821029 0.6884498480243161 0.2897091722595078 0.6930091185410334
8 0.40380313199105144 0.5075987841945289 0.3970917225950783 0.4969604863221885 0.3814317673378076 0.48936170212765956 0.3859060402684564 0.5030395136778115 0.39149888143176736 0.5121580547112462 0.40380313199105144 0.5075987841945289
8 0.4004474272930649 0.5 0.4082774049217002 0.5015197568389058 0.412751677852349 0.4848024316109423 0.4082774049217002 0.48936170212765956 0.4004474272930649 0.5
8 0.4261744966442953 0.43009118541033436 0.43288590604026844 0.43617021276595747 0.441834451901566 0.42249240121580545 0.43512304250559286 0.425531914893617 0.4261744966442953 0.43009118541033436
8 0.41387024608501116 0.2629179331306991 0.42393736017897093 0.24316109422492402 0.40604026845637586 0.2629179331306991 0.40268456375838924 0.2689969604863222 0.41387024608501116 0.2629179331306991
8 0.35570469798657717 0.1945288753799392 0.36017897091722595 0.20364741641337386 0.3691275167785235 0.20212765957446807 0.3769574944071588 0.19300911854103345 0.36577181208053694 0.1884498480243161 0.35570469798657717 0.18693009118541035 0.35570469798657717 0.1945288753799392
8 0.3187919463087248 0.19148936170212766 0.31655480984340045 0.2066869300911854 0.31767337807606266 0.22036474164133737 0.3232662192393736 0.22796352583586627 0.3344519015659955 0.20972644376899696 0.3344519015659955 0.19300911854103345 0.3243847874720358 0.1884498480243161 0.3187919463087248 0.19148936170212766
8 0.2662192393736018 0.23708206686930092 0.26174496644295303 0.24620060790273557 0.26286353467561524 0.25987841945288753 0.2684563758389262 0.2735562310030395 0.2807606263982103 0.2750759878419453 0.2807606263982103 0.26595744680851063 0.27740492170022374 0.256838905775076 0.2662192393736018 0.23708206686930092
8 0.23042505592841164 0.31458966565349544 0.24049217002237136 0.32066869300911854 0.24608501118568232 0.31762917933130697 0.23825503355704697 0.31155015197568386 0.23042505592841164 0.3069908814589666 0.23042505592841164 0.31458966565349544
8 0.2203579418344519 0.4012158054711246 0.21700223713646533 0.4072948328267477 0.22595078299776286 0.4027355623100304 0.2360178970917226 0.3966565349544073 0.232662192393736 0.39361702127659576 0.22706935123042504 0.3966565349544073 0.2203579418344519 0.4012158054711246
8 0.2371364653243848 0.47112462006079026 0.24161073825503357 0.46656534954407297 0.24496644295302014 0.45896656534954405 0.2348993288590604 0.46656534954407297 0.22706935123042504 0.47112462006079026 0.23042505592841164 0.47720364741641336 0.2348993288590604 0.47720364741641336 0.2371364653243848 0.47112462006079026
8 0.3333333333333333 0.5334346504559271 0.32662192393736017 0.5288753799392097 0.3232662192393736 0.5455927051671733 0.31655480984340045 0.5501519756838906 0.32550335570469796 0.5516717325227963 0.3333333333333333 0.547112462006079 0.3333333333333333 0.5334346504559271
8 0.3635346756152125 0.5395136778115501 0.37024608501118567 0.5349544072948328 0.378076062639821 0.5303951367781155 0.38478747203579416 0.5227963525835866 0.39038031319910516 0.5151975683890577 0.3859060402684564 0.5151975683890577 0.37583892617449666 0.5243161094224924 0.36577181208053694 0.5303951367781155 0.3568232662192394 0.5379939209726444 0.34675615212527966 0.541033434650456 0.35011185682326623 0.547112462006079 0.35570469798657717 0.5440729483282675 0.3635346756152125 0.5395136778115501
8 0.22706935123042504 0.41793313069908816 0.2214765100671141 0.4194528875379939 0.21588366890380314 0.42249240121580545 0.2203579418344519 0.4270516717325228 0.22483221476510068 0.425531914893617 0.22706935123042504 0.41793313069908816
8 0.44854586129753915 0.37537993920972645 0.4451901565995526 0.38145896656534956 0.4451901565995526 0.3905775075987842 0.4463087248322148 0.3981762917933131 0.44854586129753915 0.39209726443769 0.44966442953020136 0.3844984802431611 0.44854586129753915 0.37537993920972645
8 0.40380313199105144 0.21732522796352582 0.40604026845637586 0.22492401215805471 0.41387024608501116 0.22340425531914893 0.4116331096196868 0.21732522796352582 0.40604026845637586 0.2127659574468085 0.40380313199105144 0.21732522796352582
8 0.37024608501118567 0.21428571428571427 0.3724832214765101 0.20212765957446807 0.3668903803131991 0.21124620060790272 0.36577181208053694 0.22036474164133737 0.37024608501118567 0.21428571428571427
8 0.3288590604026846 0.23860182370820668 0.3344519015659955 0.23708206686930092 0.33557046979865773 0.22796352583586627 0.33109619686800895 0.22796352583586627 0.3277404921700224 0.23252279635258358 0.3288590604026846 0.23860182370820668
3 0.5727069351230425 0.729483282674772 0.5682326621923938 0.7446808510638298 0.5771812080536913 0.7674772036474165 0.5973154362416108 0.7644376899696048 0.6029082774049217 0.7310030395136778 0.5917225950782998 0.7249240121580547 0.5727069351230425 0.729483282674772