4 0.471608832807571 0.42411642411642414 0.48580441640378547 0.41372141372141374 0.4952681388012618 0.3991683991683992 0.4921135646687697 0.367983367983368 0.4810725552050473 0.367983367983368 0.4668769716088328 0.3659043659043659 0.443217665615142 0.38461538461538464 0.4605678233438486 0.4158004158004158 0.471608832807571 0.42411642411642414
4 0.4022082018927445 0.4698544698544699 0.4384858044164038 0.47193347193347196 0.4637223974763407 0.4594594594594595 0.4526813880126183 0.4303534303534304 0.4400630914826498 0.42203742203742206 0.4195583596214511 0.4261954261954262 0.38170347003154576 0.4490644490644491 0.38485804416403785 0.4594594594594595 0.4022082018927445 0.4698544698544699
4 0.4353312302839117 0.4802494802494803 0.42586750788643535 0.4885654885654886 0.43375394321766564 0.5031185031185031 0.444794952681388 0.4968814968814969 0.4353312302839117 0.4802494802494803
4 0.3422712933753943 0.5405405405405406 0.3470031545741325 0.5467775467775468 0.3659305993690852 0.5405405405405406 0.39747634069400634 0.5613305613305614 0.40536277602523657 0.5488565488565489 0.4069400630914827 0.5322245322245323 0.38485804416403785 0.5114345114345115 0.3659305993690852 0.5218295218295218 0.35331230283911674 0.5239085239085239 0.3422712933753943 0.5405405405405406
4 0.2917981072555205 0.49480249480249483 0.27602523659305994 0.49480249480249483 0.2634069400630915 0.5114345114345115 0.2902208201892745 0.5155925155925156 0.2917981072555205 0.49480249480249483
4 0.32018927444794953 0.44490644490644493 0.3422712933753943 0.45114345114345117 0.3643533123028391 0.45114345114345117 0.3659305993690852 0.43243243243243246 0.3438485804416404 0.4282744282744283 0.32965299684542587 0.4178794178794179 0.3138801261829653 0.4365904365904366 0.32018927444794953 0.44490644490644493
8 0.23974763406940064 0.6985446985446986 0.22712933753943218 0.7006237006237006 0.22870662460567823 0.7172557172557172 0.23974763406940064 0.7172557172557172 0.23974763406940064 0.6985446985446986
8 0.17665615141955837 0.6632016632016632 0.167192429022082 0.6632016632016632 0.167192429022082 0.6756756756756757 0.17823343848580442 0.6777546777546778 0.17665615141955837 0.6632016632016632
4 0.21608832807570977 0.49480249480249483 0.22555205047318613 0.4885654885654886 0.21766561514195584 0.4802494802494803 0.2113564668769716 0.49064449064449067 0.21608832807570977 0.49480249480249483
4 0.23974763406940064 0.5218295218295218 0.2302839116719243 0.5155925155925156 0.22082018927444794 0.5176715176715176 0.21293375394321767 0.5114345114345115 0.20662460567823343 0.501039501039501 0.19873817034700317 0.5072765072765073 0.2082018927444795 0.5176715176715176 0.2334384858044164 0.5301455301455301 0.23974763406940064 0.5218295218295218
3 0.3675078864353312 0.8461538461538461 0.38958990536277605 0.8503118503118503 0.38170347003154576 0.8378378378378378 0.3722397476340694 0.8357588357588358 0.3675078864353312 0.8461538461538461
0 0.47634069400630913 0.5301455301455301 0.5110410094637224 0.498960498960499 0.5504731861198738 0.46361746361746364 0.583596214511041 0.43451143451143454 0.613564668769716 0.41372141372141374 0.6419558359621451 0.3908523908523909 0.6593059936908517 0.37214137214137216 0.667192429022082 0.36382536382536385 0.667192429022082 0.3492723492723493 0.6466876971608833 0.35135135135135137 0.610410094637224 0.35135135135135137 0.5678233438485805 0.34511434511434513 0.5189274447949527 0.33471933471933474 0.47634069400630913 0.3305613305613306 0.43690851735015773 0.32224532224532226 0.3943217665615142 0.31185031185031187 0.361198738170347 0.30561330561330563 0.35173501577287064 0.29313929313929316 0.3391167192429022 0.30353430353430355 0.31230283911671924 0.31185031185031187 0.2807570977917981 0.3264033264033264 0.24921135646687698 0.3388773388773389 0.22082018927444794 0.35550935550935553 0.19558359621451105 0.37422037422037424 0.17981072555205047 0.39501039501039503 0.1640378548895899 0.4158004158004158 0.15141955835962145 0.43451143451143454 0.14668769716088328 0.4573804573804574 0.14826498422712933 0.48440748440748443 0.15772870662460567 0.49480249480249483 0.20347003154574134 0.5176715176715176 0.2634069400630915 0.5405405405405406 0.38801261829652994 0.5821205821205822 0.40536277602523657 0.5821205821205822 0.4242902208201893 0.5717255717255717 0.45110410094637227 0.5509355509355509 0.47634069400630913 0.5301455301455301