3 0.6453634085213033 0.3333333333333333 0.6491228070175439 0.440536013400335 0.6904761904761905 0.4187604690117253 0.7280701754385965 0.3685092127303183 0.7593984962406015 0.33500837520938026 0.7218045112781954 0.2864321608040201 0.6804511278195489 0.27638190954773867 0.6654135338345865 0.31155778894472363
3 0.6416040100250626 0.34840871021775544 0.606516290726817 0.37185929648241206 0.6127819548872181 0.4321608040201005 0.6441102756892231 0.45226130653266333
3 0.5213032581453634 0.5812395309882747 0.5401002506265664 0.6298157453936348 0.5839598997493735 0.5979899497487438 0.5964912280701754 0.5477386934673367 0.5526315789473685 0.509212730318258 0.531328320802005 0.5477386934673367
8 0.016290726817042606 0.5979899497487438 0.11152882205513784 0.5778894472361809 0.22055137844611528 0.5477386934673367 0.30200501253132833 0.5360134003350083 0.38721804511278196 0.509212730318258 0.42857142857142855 0.4991624790619765 0.36967418546365916 0.5376884422110553 0.24812030075187969 0.5728643216080402 0.11528822055137844 0.6030150753768844 0.007518796992481203 0.6298157453936348
8 0.06015037593984962 0.6633165829145728 0.15288220551378445 0.6314907872696818 0.14285714285714285 0.6515912897822446 0.08897243107769423 0.6666666666666666
8 0.20300751879699247 0.6197654941373534 0.24686716791979949 0.5996649916247906 0.2882205513784461 0.5829145728643216 0.2744360902255639 0.6080402010050251 0.23558897243107768 0.6231155778894473
8 0.32957393483709274 0.576214405360134 0.40726817042606517 0.5443886097152428 0.48621553884711777 0.5058626465661642 0.5075187969924813 0.5192629815745393 0.4323308270676692 0.5561139028475712 0.35964912280701755 0.5845896147403685
8 0.550125313283208 0.4556113902847571 0.600250626566416 0.440536013400335 0.6290726817042607 0.4371859296482412 0.6102756892230576 0.4623115577889447 0.5726817042606517 0.47738693467336685
8 0.5852130325814536 0.48408710217755446 0.6140350877192983 0.474036850921273 0.6328320802005013 0.4723618090452261 0.6303258145363408 0.49581239530988275 0.6052631578947368 0.490787269681742
3 0.5902255639097744 0.288107202680067 0.6340852130325815 0.2663316582914573 0.6303258145363408 0.21943048576214405 0.5964912280701754 0.19430485762144054 0.5626566416040101 0.21608040201005024 0.5864661654135338 0.22613065326633167 0.5902255639097744 0.24790619765494137 0.5827067669172933 0.25963149078726966
6 0.7218045112781954 0.31155778894472363 0.7418546365914787 0.31825795644891125 0.7330827067669173 0.33668341708542715 0.7180451127819549 0.33668341708542715
3 0.9486215538847118 0.36348408710217756 0.9411027568922306 0.37353433835845895 0.9423558897243107 0.3869346733668342 0.949874686716792 0.38860971524288107 0.9586466165413534 0.3768844221105528 0.9598997493734336 0.36180904522613067
8 0.7531328320802005 0.31993299832495814 0.7794486215538847 0.3149078726968174 0.7781954887218046 0.33668341708542715 0.7543859649122807 0.34003350083752093
8 0.7418546365914787 0.3936348408710218 0.7280701754385965 0.40703517587939697 0.7393483709273183 0.41708542713567837 0.7493734335839599 0.40871021775544386
8 0.38847117794486213 0.5041876046901173 0.4197994987468672 0.4991624790619765 0.44360902255639095 0.4807370184254606 0.4223057644110276 0.4807370184254606 0.40100250626566414 0.490787269681742
8 0.45363408521303256 0.4807370184254606 0.4649122807017544 0.474036850921273 0.4824561403508772 0.46901172529313234 0.48370927318295737 0.474036850921273 0.4724310776942356 0.47738693467336685 0.462406015037594 0.48408710217755446
3 0.6466165413533834 0.4639865996649916 0.6516290726817042 0.46733668341708545 0.6516290726817042 0.47906197654941374 0.6453634085213033 0.47738693467336685
3 0.6328320802005013 0.4723618090452261 0.6416040100250626 0.47738693467336685 0.6378446115288221 0.48408710217755446 0.6328320802005013 0.48576214405360135
4 0.3157894736842105 0.6515912897822446 0.3182957393483709 0.6365159128978225 0.32456140350877194 0.6499162479061976
8 0.38095238095238093 0.4489112227805695 0.40476190476190477 0.4472361809045226 0.39849624060150374 0.4539363484087102 0.38721804511278196 0.4556113902847571
8 0.43859649122807015 0.4338358458961474 0.4523809523809524 0.4288107202680067 0.46867167919799496 0.4221105527638191 0.48621553884711777 0.42546063651591287 0.47117794486215536 0.4338358458961474 0.449874686716792 0.440536013400335
4 0.5488721804511278 0.2797319932998325 0.5701754385964912 0.2663316582914573 0.581453634085213 0.2998324958123953 0.5676691729323309 0.32160804020100503 0.5463659147869674 0.3249581239530988 0.5275689223057645 0.32663316582914576 0.518796992481203 0.31825795644891125 0.5350877192982456 0.3082077051926298 0.5451127819548872 0.2931323283082077