8 0.7103610675039247 0.37289915966386555 0.6915227629513344 0.37289915966386555 0.6758241758241759 0.39810924369747897 0.6868131868131868 0.4485294117647059 0.7354788069073783 0.43592436974789917 0.7370486656200942 0.37710084033613445 0.7103610675039247 0.37289915966386555
8 0.6805337519623234 0.8035714285714286 0.7103610675039247 0.8182773109243697 0.7213500784929356 0.6880252100840336 0.7244897959183674 0.5934873949579832 0.7354788069073783 0.5220588235294118 0.685243328100471 0.532563025210084 0.6805337519623234 0.6060924369747899 0.6773940345368917 0.6880252100840336 0.6711145996860283 0.7426470588235294 0.6805337519623234 0.8035714285714286
8 0.6475667189952904 0.5388655462184874 0.6271585557299842 0.5409663865546218 0.6334379905808477 0.5913865546218487 0.6444270015698587 0.6123949579831933 0.652276295133438 0.5598739495798319 0.6475667189952904 0.5388655462184874
8 0.5910518053375197 0.3602941176470588 0.5926216640502355 0.4275210084033613 0.597331240188383 0.47584033613445376 0.6083202511773941 0.5535714285714286 0.6177394034536892 0.3602941176470588 0.5910518053375197 0.3602941176470588
8 0.6051805337519623 0.32668067226890757 0.6299389073783359 0.2995722394957983 0.6287284144427001 0.28256302521008403 0.6051805337519623 0.32668067226890757
8 0.6444270015698587 0.30987394957983194 0.6569858712715856 0.2699579831932773 0.6299389073783359 0.2995722394957983 0.6318681318681318 0.32668067226890757 0.6444270015698587 0.30987394957983194
0 0.6682692307692307 1 0.6726844583987441 0.9842436974789915 0.6444270015698587 0.9947478991596639 0.6287284144427001 0.9716386554621849 0.6585557299843015 0.8161764705882353 0.6773940345368917 0.8308823529411765 0.7056514913657771 0.8224789915966386 0.7323390894819466 0.5913865546218487 0.7370486656200942 0.5157563025210085 0.7433281004709577 0.4317226890756303 0.7433281004709577 0.34558823529411764 0.7448979591836735 0.2972689075630252 0.7244897959183674 0.2930672268907563 0.707221350078493 0.2846638655462185 0.6978021978021978 0.2762605042016807 0.6789638932496075 0.26365546218487396 0.5643642072213501 0.1880252100840336 0.5172684458398744 0.27415966386554624 0.5643642072213501 0.30987394957983194 0.5753532182103611 0.3581932773109244 0.5957613814756672 0.4947478991596639 0.6004709576138147 0.5934873949579832 0.5800627943485086 0.582983193277311 0.5612244897959183 0.5724789915966386 0.5298273155416012 0.555672268907563 0.5345368916797488 0.625 0.6271585557299842 0.6775210084033614 0.6271585557299842 0.7027310924369747 0.6240188383045526 0.7846638655462185 0.619309262166405 0.8413865546218487 0.6036106750392465 0.9086134453781513 0.5842836405023547 1 0.6682692307692307 1
0 0.6491365777080063 0.24474789915966386 0.6773940345368917 0.2657563025210084 0.716640502354788 0.28886554621848737 0.7841444270015698 0.2930672268907563 0.8171114599686028 0.26365546218487396 0.8233908948194663 0.22584033613445378 0.8171114599686028 0.20063025210084034 0.771585557299843 0.18592436974789917 0.716640502354788 0.18592436974789917 0.6946624803767661 0.18172268907563024 0.6711145996860283 0.17542016806722688 0.6475667189952904 0.16701680672268907 0.630298273155416 0.14390756302521007 0.6114599686028257 0.13130252100840337 0.6004709576138147 0.11659663865546219 0.5863422291993721 0.1207983193277311 0.5753532182103611 0.13130252100840337 0.554945054945055 0.125 0.5188383045525903 0.1207983193277311 0.49686028257456827 0.125 0.48744113029827313 0.14390756302521007 0.48744113029827313 0.16911764705882354 0.5266875981161695 0.20903361344537816 0.5502354788069074 0.22163865546218486 0.5612244897959183 0.19222689075630253 0.5769230769230769 0.19432773109243698 0.5926216640502355 0.20693277310924368 0.6491365777080063 0.24474789915966386
0 0.5156985871271585 0.33088235294117646 0.5062794348508635 0.34138655462184875 0.5078492935635793 0.36659663865546216 0.5141287284144427 0.4023109243697479 0.5188383045525903 0.4485294117647059 0.5282574568288854 0.5178571428571429 0.5470957613814756 0.5493697478991597 0.5816326530612245 0.5787815126050421 0.5957613814756672 0.5871848739495799 0.5941915227629513 0.5136554621848739 0.5847723704866562 0.421218487394958 0.5722135007849294 0.34978991596638653 0.5596546310832025 0.30567226890756305 0.5408163265306123 0.26785714285714285 0.5266875981161695 0.2867647058823529 0.47802197802197804 0.26365546218487396 0.4858712715855573 0.2972689075630252 0.5141287284144427 0.30567226890756305 0.5251177394034537 0.3119747899159664 0.5156985871271585 0.33088235294117646
3 0.5172684458398744 0.328781512605042 0.521978021978022 0.3119747899159664 0.4937205651491366 0.3014705882352941 0.46232339089481944 0.30357142857142855 0.45447409733124017 0.3245798319327731 0.4764521193092622 0.3434873949579832 0.49529042386185246 0.3539915966386555 0.5062794348508635 0.3476890756302521 0.5172684458398744 0.328781512605042
0 0.43563579277864994 0.32037815126050423 0.46232339089481944 0.3581932773109244 0.4858712715855573 0.38340336134453784 0.5 0.3939075630252101 0.510989010989011 0.3897058823529412 0.521978021978022 0.3182773109243697 0.5062794348508635 0.3224789915966387 0.47802197802197804 0.32668067226890757 0.46232339089481944 0.3161764705882353 0.41679748822605966 0.2552521008403361 0.36342229199372056 0.16071428571428573 0.3555729984301413 0.16491596638655462 0.36970172684458397 0.19852941176470587 0.38540031397174257 0.23004201680672268 0.4026687598116169 0.26365546218487396 0.43563579277864994 0.32037815126050423