3 0.5377855887521968 0.5878220140515222 0.5114235500878734 0.5620608899297423 0.5008787346221442 0.5526932084309133 0.4938488576449912 0.5667447306791569 0.4833040421792619 0.585480093676815 0.47451669595782076 0.6065573770491803 0.48154657293497366 0.6112412177985949 0.492091388400703 0.6159250585480094 0.5043936731107206 0.6276346604215457 0.5149384885764499 0.6276346604215457 0.5219683655536028 0.6182669789227166 0.5325131810193322 0.6088992974238876 0.5448154657293497 0.6018735362997658 0.5377855887521968 0.5878220140515222
3 0.5518453427065027 0.6604215456674473 0.5500878734622144 0.6487119437939111 0.5483304042179262 0.6416861826697893 0.5483304042179262 0.629976580796253 0.5448154657293497 0.6088992974238876 0.539543057996485 0.6065573770491803 0.5325131810193322 0.6112412177985949 0.5202108963093146 0.6206088992974239 0.5149384885764499 0.6276346604215457 0.5149384885764499 0.639344262295082 0.5149384885764499 0.65807962529274 0.5166959578207382 0.667447306791569 0.5202108963093146 0.6861826697892272 0.5272407732864675 0.6908665105386417 0.5377855887521968 0.702576112412178 0.546572934973638 0.711943793911007 0.5553602811950791 0.7236533957845434 0.5641476274165202 0.7377049180327869 0.5746924428822495 0.7400468384074942 0.5746924428822495 0.7259953161592506 0.5676625659050967 0.7049180327868853 0.5588752196836555 0.6768149882903981 0.5518453427065027 0.6604215456674473
3 0.4235500878734622 0.44028103044496486 0.4165202108963093 0.4332552693208431 0.4112478031634446 0.43559718969555034 0.3989455184534271 0.43559718969555034 0.39015817223198596 0.4379391100702576 0.39015817223198596 0.4496487119437939 0.39718804920913886 0.4613583138173302 0.40421792618629176 0.46604215456674475 0.4165202108963093 0.4637002341920375 0.4253075571177504 0.4496487119437939 0.4235500878734622 0.44028103044496486
3 0.44815465729349735 0.19437939110070257 0.437609841827768 0.20608899297423888 0.4305799648506151 0.22014051522248243 0.4130052724077329 0.23185011709601874 0.4024604569420035 0.23653395784543327 0.3989455184534271 0.25526932084309134 0.39718804920913886 0.27634660421545665 0.39718804920913886 0.28805620608899296 0.3954305799648506 0.2997658079625293 0.39191564147627417 0.31381733021077285 0.39191564147627417 0.32786885245901637 0.39015817223198596 0.33489461358313816 0.3954305799648506 0.3442622950819672 0.4024604569420035 0.35362997658079626 0.4094903339191564 0.3583138173302108 0.4165202108963093 0.36065573770491804 0.4288224956063269 0.3559718969555035 0.4358523725834798 0.351288056206089 0.4428822495606327 0.3395784543325527 0.44639718804920914 0.33021077283372363 0.45166959578207383 0.31381733021077285 0.45694200351493847 0.2997658079625293 0.45869947275922673 0.28337236533957844 0.46045694200351495 0.2693208430913349 0.46045694200351495 0.25526932084309134 0.46397188049209137 0.23185011709601874 0.46045694200351495 0.21779859484777517 0.45342706502636204 0.20374707259953162 0.44815465729349735 0.19437939110070257
3 0.4253075571177504 0.3793911007025761 0.4200351493848858 0.36768149882903983 0.40597539543058 0.3583138173302108 0.3989455184534271 0.36768149882903983 0.3954305799648506 0.38173302107728335 0.4007029876977153 0.3957845433255269 0.4182776801405975 0.3957845433255269 0.4253075571177504 0.3793911007025761
3 0.5114235500878734 0.1358313817330211 0.507908611599297 0.12646370023419204 0.5008787346221442 0.12412177985948478 0.492091388400703 0.11241217798594848 0.4833040421792619 0.11943793911007025 0.4833040421792619 0.1288056206088993 0.4903339191564148 0.13348946135831383 0.4903339191564148 0.1451990632318501 0.4956063268892794 0.14754098360655737 0.4956063268892794 0.15456674473067916 0.5026362038664324 0.15456674473067916 0.5061511423550088 0.14988290398126464 0.5114235500878734 0.14754098360655737 0.5114235500878734 0.1358313817330211
8 0.43936731107205623 0.5292740046838408 0.4288224956063269 0.5292740046838408 0.43233743409490333 0.5409836065573771 0.437609841827768 0.5456674473067916 0.4428822495606327 0.5550351288056206 0.44991212653778556 0.550351288056206 0.44639718804920914 0.5409836065573771 0.43936731107205623 0.5292740046838408
0 0.5588752196836555 0.5878220140515222 0.5289982425307557 0.4707259953161593 0.5325131810193322 0.5761124121779859 0.5289982425307557 0.5737704918032787 0.4991212653778559 0.5480093676814989 0.46221441124780316 0.6159250585480094 0.4727592267135325 0.6276346604215457 0.48857644991212656 0.6487119437939111 0.4991212653778559 0.6768149882903981 0.5008787346221442 0.6955503512880562 0.4956063268892794 0.7166276346604216 0.4780316344463972 0.7306791569086651 0.45869947275922673 0.7353629976580797 0.43233743409490333 0.7377049180327869 0.40597539543058 0.7377049180327869 0.4147627416520211 0.7634660421545667 0.4446397188049209 0.7634660421545667 0.48857644991212656 0.7681498829039812 0.5166959578207382 0.7681498829039812 0.5483304042179262 0.7681498829039812 0.5641476274165202 0.765807962529274 0.5887521968365553 0.7494145199063232 0.6063268892794376 0.7400468384074942 0.6028119507908611 0.7189695550351288 0.6028119507908611 0.7049180327868853 0.6098418277680141 0.702576112412178 0.6274165202108963 0.711943793911007 0.6379613356766256 0.6908665105386417 0.6151142355008787 0.667447306791569 0.6080843585237259 0.6533957845433255 0.6080843585237259 0.6370023419203747 0.5588752196836555 0.5878220140515222
3 0.523725834797891 0.747072599531616 0.4991212653778559 0.747072599531616 0.4710017574692443 0.7494145199063232 0.4446397188049209 0.7494145199063232 0.4235500878734622 0.7564402810304449 0.45518453427065025 0.7611241217798594 0.4956063268892794 0.7611241217798594 0.5272407732864675 0.7634660421545667 0.5571177504393673 0.7634660421545667 0.5659050966608085 0.7587822014051522 0.5729349736379613 0.7540983606557377 0.5536028119507909 0.7494145199063232 0.523725834797891 0.747072599531616
0 0.36511423550087874 0 0.3251318101933216 0.06557377049180328 0.29349736379613356 0.13817330210772832 0.27240773286467485 0.20374707259953162 0.2688927943760984 0.234192037470726 0.2618629173989455 0.3114754098360656 0.2601054481546573 0.4028103044496487 0.27065026362038663 0.4379391100702576 0.27240773286467485 0.46604215456674475 0.27768014059753954 0.49882903981264637 0.29525483304042177 0.5480093676814989 0.3304042179261863 0.550351288056206 0.37434094903339193 0.5644028103044496 0.4270650263620387 0.5971896955503513 0.46924428822495606 0.6229508196721312 0.5043936731107206 0.550351288056206 0.4833040421792619 0.5175644028103045 0.46045694200351495 0.4894613583138173 0.4428822495606327 0.4707259953161593 0.43409490333919154 0.44730679156908665 0.4270650263620387 0.41217798594847777 0.4305799648506151 0.38173302107728335 0.46924428822495606 0.3957845433255269 0.46924428822495606 0.35362997658079626 0.46748681898066785 0.3044496487119438 0.4780316344463972 0.27400468384074944 0.48857644991212656 0.25526932084309134 0.48154657293497366 0.2107728337236534 0.4797891036906854 0.17330210772833723 0.4850615114235501 0.11943793911007025 0.492091388400703 0.08899297423887588 0.5043936731107206 0.05152224824355972 0.5219683655536028 0.01405152224824356 0.5074692442882249 0 0.36511423550087874 0
0 0.5325131810193322 0.02810304449648712 0.5149384885764499 0.1053864168618267 0.5043936731107206 0.16627634660421545 0.4973637961335677 0.29508196721311475 0.5061511423550088 0.3091334894613583 0.5149384885764499 0.1873536299765808 0.5219683655536028 0.13114754098360656 0.5448154657293497 0.04918032786885246 0.5571177504393673 0.01873536299765808 0.5413005272407733 0.01873536299765808 0.5325131810193322 0.02810304449648712
8 0.5202108963093146 0.1451990632318501 0.5272407732864675 0.1451990632318501 0.5219683655536028 0.14285714285714285 0.5184534270650264 0.14285714285714285 0.5202108963093146 0.1451990632318501
0 0.5307557117750439 0.5339578454332553 0.5149384885764499 0.45433255269320844 0.4956063268892794 0.3185011709601874 0.4868189806678383 0.2716627634660422 0.4780316344463972 0.2786885245901639 0.46924428822495606 0.31381733021077285 0.46924428822495606 0.3770491803278688 0.46221441124780316 0.3864168618266979 0.4358523725834798 0.3840749414519906 0.4358523725834798 0.4168618266978923 0.44112478031634444 0.44730679156908665 0.46221441124780316 0.48711943793911006 0.4991212653778559 0.5409836065573771 0.5272407732864675 0.5667447306791569 0.5307557117750439 0.5339578454332553