6 0.37653239929947463 0.5761124121779859 0.38003502626970226 0.5573770491803278 0.37828371278458844 0.5433255269320844 0.39404553415061294 0.5386416861826698 0.3975481611208406 0.5620608899297423 0.44833625218914186 0.5573770491803278 0.45359019264448336 0.5667447306791569 0.4500875656742557 0.5807962529274004 0.4203152364273205 0.5901639344262295 0.4028021015761821 0.6065573770491803 0.4063047285464098 0.6463700234192038 0.3957968476357268 0.6416861826697893 0.38178633975481613 0.6088992974238876 0.37302977232924694 0.5831381733021077
6 0.8073555166374781 0.3981264637002342 0.8178633975481612 0.3981264637002342 0.8231173380035026 0.40749414519906324 0.819614711033275 0.41217798594847777 0.8161120840630472 0.41217798594847777 0.809106830122592 0.40749414519906324
8 0.4308231173380035 0.7728337236533958 0.44833625218914186 0.7868852459016393 0.5131348511383538 0.8290398126463701 0.5131348511383538 0.8360655737704918 0.4886164623467601 0.8266978922716628 0.4553415061295972 0.8079625292740047 0.4343257443082312 0.7915690866510539
6 0.4448336252189142 0.6276346604215457 0.45359019264448336 0.629976580796253 0.45359019264448336 0.6370023419203747 0.44658493870402804 0.639344262295082
6 0.500875656742557 0.6112412177985949 0.4973730297723292 0.6182669789227166 0.4886164623467601 0.6159250585480094 0.4903677758318739 0.6065573770491803 0.4956217162872154 0.6042154566744731
8 0.4868651488616462 0.5971896955503513 0.5061295971978984 0.6112412177985949 0.4991243432574431 0.6229508196721312 0.45884413309982486 0.6229508196721312 0.45884413309982486 0.6065573770491803 0.4868651488616462 0.5995316159250585
8 0.425569176882662 0.585480093676815 0.46059544658493873 0.5831381733021077 0.4553415061295972 0.594847775175644 0.43782837127845886 0.5995316159250585 0.4168126094570928 0.594847775175644
3 0.28371278458844135 0.629976580796253 0.276707530647986 0.5971896955503513 0.2714535901926445 0.5526932084309133 0.29597197898423816 0.4847775175644028 0.30823117338003503 0.4918032786885246 0.3274956217162872 0.5152224824355972 0.3064798598949212 0.522248243559719 0.29246935201401053 0.5386416861826698 0.28896672504378285 0.5644028103044496
3 0.3239929947460595 0.5081967213114754 0.30823117338003503 0.47540983606557374 0.31523642732049034 0.4332552693208431 0.3362521891418564 0.4168618266978923 0.3555166374781086 0.41451990632318503 0.3660245183887916 0.45433255269320844 0.37478108581436076 0.4918032786885246 0.37828371278458844 0.5339578454332553 0.38178633975481613 0.5620608899297423 0.37828371278458844 0.5807962529274004 0.36252189141856395 0.5456674473067916 0.3362521891418564 0.522248243559719
5 0.861646234676007 0.40749414519906324 0.8739054290718039 0.45433255269320844 0.8879159369527145 0.47540983606557374 0.8949211908931699 0.4496487119437939 0.8896672504378283 0.4262295081967213 0.8686514886164624 0.4028103044496487
5 0.8178633975481612 0.6416861826697893 0.8844133099824869 0.5971896955503513 0.8879159369527145 0.6721311475409836 0.8231173380035026 0.7166276346604216