3 0.30662020905923343 0.6223776223776224 0.3083623693379791 0.5874125874125874 0.3083623693379791 0.578088578088578 0.3083623693379791 0.5687645687645687 0.3240418118466899 0.5547785547785548 0.3327526132404181 0.5454545454545454 0.3501742160278746 0.5454545454545454 0.3623693379790941 0.5524475524475524 0.37456445993031356 0.5547785547785548 0.3780487804878049 0.5571095571095571 0.3885017421602787 0.5594405594405595 0.3797909407665505 0.5734265734265734 0.36585365853658536 0.5944055944055944 0.34146341463414637 0.6317016317016317
1 0.2578397212543554 0.7738927738927739 0.24390243902439024 0.7645687645687645 0.23693379790940766 0.752913752913753 0.22125435540069685 0.7412587412587412 0.21254355400696864 0.7342657342657343 0.2038327526132404 0.7342657342657343 0.20209059233449478 0.7435897435897436 0.20905923344947736 0.7599067599067599 0.22125435540069685 0.7668997668997669 0.23344947735191637 0.7762237762237763 0.24390243902439024 0.7808857808857809 0.2508710801393728 0.7832167832167832
8 0.2421602787456446 0.703962703962704 0.22125435540069685 0.6923076923076923 0.2038327526132404 0.6806526806526807 0.18815331010452963 0.675990675990676 0.17770034843205576 0.662004662004662 0.16376306620209058 0.6503496503496503 0.1480836236933798 0.6386946386946387 0.14634146341463414 0.6433566433566433 0.15505226480836237 0.655011655011655 0.16202090592334495 0.6666666666666666 0.1672473867595819 0.6736596736596736 0.17770034843205576 0.682983682983683 0.17770034843205576 0.6946386946386947 0.20034843205574912 0.7086247086247086 0.21602787456445993 0.7249417249417249 0.23344947735191637 0.7342657342657343 0.24390243902439024 0.717948717948718
8 0.28397212543554007 0.7296037296037297 0.27526132404181186 0.7249417249417249 0.2665505226480836 0.7202797202797203 0.26480836236933797 0.7226107226107226 0.26480836236933797 0.7272727272727273 0.2682926829268293 0.7296037296037297 0.2700348432055749 0.7389277389277389 0.2700348432055749 0.745920745920746 0.27177700348432055 0.752913752913753 0.2787456445993031 0.7575757575757576 0.28222996515679444 0.7645687645687645 0.2857142857142857 0.7668997668997669 0.29094076655052264 0.7668997668997669 0.2874564459930314 0.7599067599067599 0.28222996515679444 0.752913752913753 0.2770034843205575 0.7482517482517482 0.2770034843205575 0.7435897435897436 0.2770034843205575 0.7365967365967366 0.2770034843205575 0.7342657342657343 0.2804878048780488 0.7342657342657343 0.28397212543554007 0.7389277389277389 0.2857142857142857 0.7342657342657343
8 0.3344947735191638 0.6410256410256411 0.32229965156794427 0.6526806526806527 0.31010452961672474 0.6666666666666666 0.2961672473867596 0.675990675990676 0.289198606271777 0.682983682983683 0.28397212543554007 0.6899766899766899 0.28397212543554007 0.6946386946386947 0.289198606271777 0.703962703962704 0.30662020905923343 0.6993006993006993 0.3118466898954704 0.6923076923076923 0.3205574912891986 0.6806526806526807 0.32752613240418116 0.675990675990676 0.3344947735191638 0.668997668997669 0.3397212543554007 0.6596736596736597 0.34494773519163763 0.6526806526806527 0.34668989547038326 0.6456876456876457
6 0.6602787456445993 0.4988344988344988 0.6533101045296167 0.5011655011655012 0.6480836236933798 0.5081585081585082 0.6393728222996515 0.5198135198135199 0.6393728222996515 0.5291375291375291 0.6393728222996515 0.5361305361305362 0.6463414634146342 0.5221445221445221 0.6567944250871081 0.5104895104895105 0.662020905923345 0.5058275058275058 0.6637630662020906 0.5034965034965035
3 0.39198606271777003 0.5874125874125874 0.3797909407665505 0.585081585081585 0.3693379790940767 0.5920745920745921 0.35365853658536583 0.6060606060606061 0.34843205574912894 0.62004662004662 0.34668989547038326 0.627039627039627 0.367595818815331 0.6293706293706294 0.38501742160278746 0.6083916083916084 0.39547038327526135 0.5944055944055944
0 0.6341463414634146 0.5734265734265734 0.6341463414634146 0.6223776223776224 0.6010452961672473 0.6410256410256411 0.5696864111498258 0.6573426573426573 0.5435540069686411 0.6736596736596736 0.5017421602787456 0.6899766899766899 0.4529616724738676 0.6946386946386947 0.39198606271777003 0.6993006993006993 0.34494773519163763 0.696969696969697 0.3310104529616725 0.696969696969697 0.3310104529616725 0.6899766899766899 0.33797909407665505 0.6783216783216783 0.34146341463414637 0.6736596736596736 0.34668989547038326 0.6666666666666666 0.35365853658536583 0.6596736596736597 0.3588850174216028 0.6503496503496503 0.3606271777003484 0.6456876456876457 0.3519163763066202 0.6410256410256411 0.34494773519163763 0.6410256410256411 0.33797909407665505 0.6410256410256411 0.3327526132404181 0.6410256410256411 0.3205574912891986 0.6386946386946387 0.313588850174216 0.6386946386946387 0.30662020905923343 0.6386946386946387 0.2926829268292683 0.6386946386946387 0.26480836236933797 0.627039627039627 0.22822299651567945 0.6177156177156177 0.21254355400696864 0.6130536130536131 0.20034843205574912 0.5990675990675991 0.18989547038327526 0.5897435897435898 0.17770034843205576 0.5804195804195804 0.16898954703832753 0.5710955710955711 0.16202090592334495 0.5687645687645687 0.15156794425087108 0.5687645687645687 0.15505226480836237 0.5454545454545454 0.16898954703832753 0.5524475524475524 0.18118466898954705 0.5594405594405595 0.1951219512195122 0.5687645687645687 0.2229965156794425 0.585081585081585 0.2508710801393728 0.5990675990675991 0.29442508710801396 0.6177156177156177 0.32752613240418116 0.6247086247086248 0.3501742160278746 0.62004662004662 0.3641114982578397 0.6223776223776224 0.3693379790940767 0.6247086247086248 0.37456445993031356 0.627039627039627 0.3710801393728223 0.6433566433566433 0.3606271777003484 0.6596736596736597 0.35714285714285715 0.6713286713286714 0.35714285714285715 0.675990675990676 0.36585365853658536 0.6783216783216783 0.3780487804878049 0.6783216783216783 0.3902439024390244 0.675990675990676 0.41289198606271776 0.6736596736596736 0.4372822299651568 0.6713286713286714 0.4651567944250871 0.6666666666666666 0.4912891986062718 0.6596736596736597 0.5104529616724739 0.6503496503496503 0.5348432055749129 0.634032634032634
0 0.18815331010452963 0.703962703962704 0.21254355400696864 0.7202797202797203 0.24912891986062718 0.7435897435897436 0.2787456445993031 0.7622377622377622 0.32229965156794427 0.7668997668997669 0.3641114982578397 0.7762237762237763 0.367595818815331 0.7902097902097902 0.3693379790940767 0.8041958041958042 0.3693379790940767 0.8111888111888111 0.36585365853658536 0.8205128205128205 0.3588850174216028 0.8275058275058275 0.3501742160278746 0.8298368298368298 0.34146341463414637 0.8321678321678322 0.3240418118466899 0.8228438228438228 0.31881533101045295 0.8228438228438228 0.3083623693379791 0.8205128205128205 0.2979094076655052 0.8111888111888111 0.2874564459930314 0.8041958041958042 0.2770034843205575 0.7972027972027972 0.2700348432055749 0.7902097902097902 0.26306620209059234 0.7878787878787878 0.25435540069686413 0.7832167832167832 0.22473867595818817 0.7552447552447552 0.20557491289198607 0.7342657342657343 0.19686411149825783 0.7296037296037297
3 0.7334494773519163 0.3776223776223776 0.710801393728223 0.42424242424242425 0.7073170731707317 0.4382284382284382 0.705574912891986 0.4568764568764569 0.705574912891986 0.4755244755244755 0.7073170731707317 0.48951048951048953 0.710801393728223 0.4988344988344988 0.7160278745644599 0.5081585081585082 0.7229965156794426 0.5198135198135199 0.7247386759581882 0.5268065268065268 0.7247386759581882 0.5384615384615384 0.7264808362369338 0.5431235431235432 0.7282229965156795 0.5524475524475524 0.7282229965156795 0.5641025641025641 0.7282229965156795 0.5710955710955711 0.7299651567944251 0.5827505827505828 0.7299651567944251 0.5944055944055944 0.7299651567944251 0.6013986013986014 0.7299651567944251 0.6060606060606061 0.7299651567944251 0.6153846153846154 0.7282229965156795 0.6223776223776224 0.7264808362369338 0.6293706293706294 0.7334494773519163 0.627039627039627 0.7369337979094077 0.62004662004662 0.7456445993031359 0.6107226107226107 0.7526132404181185 0.5944055944055944 0.7543554006968641 0.5827505827505828 0.7613240418118467 0.5571095571095571 0.7682926829268293 0.5361305361305362 0.7700348432055749 0.5198135198135199 0.7682926829268293 0.4755244755244755 0.7578397212543554 0.4428904428904429 0.7526132404181185 0.4172494172494173 0.7491289198606271 0.40326340326340326 0.7421602787456446 0.38927738927738925
0 0.3710801393728223 0.6480186480186481 0.38501742160278746 0.6293706293706294 0.4059233449477352 0.6107226107226107 0.44076655052264807 0.5804195804195804 0.4721254355400697 0.5594405594405595 0.4965156794425087 0.5477855477855478 0.519163763066202 0.5337995337995338 0.5331010452961672 0.5244755244755245 0.5104529616724739 0.5291375291375291 0.48257839721254353 0.5384615384615384 0.44076655052264807 0.5594405594405595 0.4181184668989547 0.5734265734265734 0.40069686411149824 0.585081585081585 0.38501742160278746 0.6013986013986014 0.367595818815331 0.62004662004662 0.3588850174216028 0.6433566433566433
0 0.343205574912892 0.6247086247086248 0.3693379790940767 0.578088578088578 0.4094076655052265 0.5361305361305362 0.4651567944250871 0.49184149184149184 0.5069686411149826 0.46153846153846156 0.5400696864111498 0.4382284382284382 0.5801393728222997 0.41025641025641024 0.60801393728223 0.3916083916083916 0.6533101045296167 0.36596736596736595 0.6062717770034843 0.40559440559440557 0.5400696864111498 0.4522144522144522 0.4878048780487805 0.48951048951048953 0.44076655052264807 0.5268065268065268 0.4076655052264808 0.5571095571095571 0.3832752613240418 0.585081585081585 0.3710801393728223 0.6013986013986014 0.35714285714285715 0.62004662004662
0 0.7317073170731707 0.36596736596736595 0.7421602787456446 0.40093240093240096 0.7473867595818815 0.43123543123543123 0.7491289198606271 0.4731934731934732 0.7473867595818815 0.5501165501165501 0.7456445993031359 0.5827505827505828 0.7421602787456446 0.6060606060606061 0.735191637630662 0.5804195804195804 0.7299651567944251 0.5337995337995338 0.7264808362369338 0.4965034965034965 0.7264808362369338 0.4568764568764569 0.7282229965156795 0.4125874125874126 0.7282229965156795 0.3752913752913753