8 0.44173913043478263 0.7348837209302326 0.4260869565217391 0.7372093023255814 0.41739130434782606 0.7465116279069768 0.43478260869565216 0.7488372093023256 0.44173913043478263 0.7348837209302326
6 0.6156521739130435 0.5046511627906977 0.6191304347826087 0.4930232558139535 0.591304347826087 0.5 0.5860869565217391 0.513953488372093 0.6069565217391304 0.5093023255813953 0.6156521739130435 0.5046511627906977
6 0.6226086956521739 0.5209302325581395 0.6278260869565218 0.5093023255813953 0.6139130434782609 0.5162790697674419 0.5982608695652174 0.5279069767441861 0.6121739130434782 0.5325581395348837 0.6226086956521739 0.5209302325581395
3 0.3982608695652174 0.5674418604651162 0.4191304347826087 0.5581395348837209 0.4295652173913043 0.5395348837209303 0.44 0.5186046511627908 0.4121739130434783 0.5302325581395348 0.39652173913043476 0.5441860465116279 0.3826086956521739 0.5651162790697675 0.3982608695652174 0.5674418604651162
3 0.4608695652173913 0.6651162790697674 0.4765217391304348 0.6348837209302326 0.4834782608695652 0.6046511627906976 0.4643478260869565 0.6348837209302326 0.44521739130434784 0.6651162790697674 0.44521739130434784 0.686046511627907 0.4608695652173913 0.6651162790697674
3 0.4747826086956522 0.5441860465116279 0.5026086956521739 0.5372093023255814 0.48 0.5255813953488372 0.45217391304347826 0.5348837209302325 0.4539130434782609 0.5465116279069767 0.4747826086956522 0.5441860465116279
3 0.4156521739130435 0.7325581395348837 0.41739130434782606 0.772093023255814 0.42434782608695654 0.8023255813953488 0.42434782608695654 0.8232558139534883 0.4678260869565217 0.827906976744186 0.5043478260869565 0.8232558139534883 0.542608695652174 0.8069767441860465 0.5878260869565217 0.7767441860465116 0.6052173913043478 0.7558139534883721 0.6086956521739131 0.6906976744186046 0.6086956521739131 0.6162790697674418 0.6121739130434782 0.5651162790697675 0.6069565217391304 0.5302325581395348 0.5947826086956521 0.5069767441860465 0.577391304347826 0.48604651162790696 0.5530434782608695 0.4720930232558139 0.46260869565217394 0.4883720930232558 0.41739130434782606 0.5372093023255814 0.41043478260869565 0.6441860465116279 0.4156521739130435 0.7325581395348837
8 0.3582608695652174 0.6744186046511628 0.3565217391304348 0.6627906976744186 0.34782608695652173 0.6581395348837209 0.3426086956521739 0.6581395348837209 0.3373913043478261 0.6697674418604651 0.33217391304347826 0.6790697674418604 0.3373913043478261 0.6976744186046512 0.34782608695652173 0.7 0.35478260869565215 0.6930232558139535 0.36 0.6813953488372093 0.3582608695652174 0.6744186046511628
8 0.34608695652173915 0.7558139534883721 0.3339130434782609 0.7465116279069768 0.3269565217391304 0.7511627906976744 0.33043478260869563 0.7744186046511627 0.3426086956521739 0.7813953488372093 0.35304347826086957 0.7837209302325582 0.35130434782608694 0.7697674418604651 0.34608695652173915 0.7558139534883721
3 0.6313043478260869 0.48604651162790696 0.6278260869565218 0.49767441860465117 0.6243478260869565 0.5069767441860465 0.6260869565217392 0.5162790697674419 0.6365217391304347 0.5232558139534884 0.6434782608695652 0.5325581395348837 0.6539130434782608 0.5558139534883721 0.6608695652173913 0.5581395348837209 0.6539130434782608 0.5767441860465117 0.6678260869565218 0.5511627906976744 0.6747826086956522 0.5232558139534884 0.68 0.5 0.6852173913043478 0.4744186046511628 0.6869565217391305 0.4441860465116279 0.6869565217391305 0.42790697674418604 0.6678260869565218 0.4558139534883721 0.6573913043478261 0.46744186046511627 0.6434782608695652 0.4813953488372093 0.6313043478260869 0.48604651162790696
5 0.09739130434782609 0.5162790697674419 0.04173913043478261 0.4604651162790698 0.059130434782608696 0.5348837209302325 0.12 0.6116279069767442 0.09739130434782609 0.5162790697674419
0 0.6817391304347826 0.4372093023255814 0.6904347826086956 0.43488372093023253 0.7043478260869566 0.42790697674418604 0.7373913043478261 0.4046511627906977 0.7426086956521739 0.3953488372093023 0.7165217391304348 0.4116279069767442 0.6991304347826087 0.42093023255813955 0.6869565217391305 0.4255813953488372 0.6782608695652174 0.4232558139534884 0.662608695652174 0.4069767441860465 0.6591304347826087 0.4186046511627907 0.6730434782608695 0.4325581395348837 0.6817391304347826 0.4372093023255814