2 0.3064798598949212 0.45901639344262296 0.30122591943957966 0.4707259953161593 0.29947460595446584 0.48009367681498827 0.29947460595446584 0.4918032786885246 0.29947460595446584 0.5058548009367682 0.29947460595446584 0.5199063231850117 0.30122591943957966 0.5245901639344263 0.3134851138353765 0.5269320843091335 0.3239929947460595 0.5269320843091335 0.3345008756567426 0.5269320843091335 0.3502626970227671 0.5245901639344263 0.3712784588441331 0.522248243559719 0.38879159369527144 0.5199063231850117 0.39929947460595444 0.5175644028103045 0.4063047285464098 0.5152224824355972 0.4290718038528897 0.5035128805620609 0.44308231173380036 0.49882903981264637 0.45884413309982486 0.48711943793911006 0.4500875656742557 0.477751756440281 0.4413309982486865 0.4707259953161593 0.4343257443082312 0.4637002341920375 0.4168126094570928 0.4613583138173302 0.3905429071803853 0.4613583138173302 0.36252189141856395 0.4637002341920375 0.3397548161120841 0.4613583138173302 0.3274956217162872 0.4613583138173302 0.3134851138353765 0.4613583138173302
2 0.2084063047285464 0.4637002341920375 0.22066549912434325 0.48009367681498827 0.23117338003502627 0.49414519906323184 0.2434325744308231 0.5058548009367682 0.25569176882662 0.5175644028103045 0.2679509632224168 0.522248243559719 0.2819614711033275 0.5292740046838408 0.28896672504378285 0.5292740046838408 0.28896672504378285 0.5128805620608899 0.28896672504378285 0.49414519906323184 0.29071803852889666 0.47540983606557374 0.29597197898423816 0.4613583138173302 0.287215411558669 0.45901639344262296 0.26970227670753066 0.4566744730679157 0.2539404553415061 0.4519906323185012 0.2381786339754816 0.4496487119437939 0.2276707530647986 0.4496487119437939 0.2171628721541156 0.4496487119437939 0.21015761821366025 0.4566744730679157
8 0.647985989492119 0.550351288056206 0.647985989492119 0.5573770491803278 0.6514886164623468 0.5644028103044496 0.6514886164623468 0.5714285714285714 0.649737302977233 0.5807962529274004 0.6514886164623468 0.5878220140515222 0.6532399299474606 0.5995316159250585 0.6532399299474606 0.6065573770491803 0.6549912434325744 0.6182669789227166 0.658493870402802 0.6182669789227166 0.660245183887916 0.6088992974238876 0.658493870402802 0.5971896955503513 0.6567425569176882 0.5878220140515222 0.6567425569176882 0.5807962529274004 0.6549912434325744 0.5737704918032787 0.6567425569176882 0.5690866510538641 0.6549912434325744 0.5597189695550351 0.6532399299474606 0.5550351288056206
3 0.19964973730297722 0.6744730679156908 0.20665499124343256 0.6627634660421545 0.2171628721541156 0.6557377049180327 0.2276707530647986 0.65807962529274 0.23642732049036777 0.6744730679156908 0.24168126094570927 0.6861826697892272 0.23992994746059546 0.7049180327868853 0.23992994746059546 0.7142857142857143 0.24518388791593695 0.7259953161592506 0.23467600700525393 0.7259953161592506 0.22591943957968477 0.7259953161592506 0.21541155866900175 0.7166276346604216 0.20490367775831875 0.7049180327868853 0.20140105078809106 0.6908665105386417 0.20140105078809106 0.6838407494145199
3 0.2329246935201401 0.6206088992974239 0.2276707530647986 0.639344262295082 0.23117338003502627 0.65807962529274 0.2434325744308231 0.6627634660421545 0.25569176882662 0.667447306791569 0.2626970227670753 0.667447306791569 0.2714535901926445 0.6697892271662763 0.28371278458844135 0.65807962529274 0.287215411558669 0.6463700234192038 0.28546409807355516 0.6252927400468384 0.2714535901926445 0.6229508196721312 0.2591943957968476 0.6252927400468384 0.2469352014010508 0.6276346604215457 0.2381786339754816 0.6206088992974239
3 0.27845884413309985 0.6861826697892272 0.29071803852889666 0.6978922716627635 0.30297723292469353 0.7002341920374707 0.3117338003502627 0.7072599531615925 0.318739054290718 0.711943793911007 0.3309982486865149 0.7142857142857143 0.3432574430823117 0.7166276346604216 0.3520140105078809 0.7189695550351288 0.3607705779334501 0.7306791569086651 0.36777583187390545 0.7447306791569087 0.36952714535901926 0.7540983606557377 0.36252189141856395 0.7634660421545667 0.3555166374781086 0.775175644028103 0.3432574430823117 0.7822014051522248 0.3274956217162872 0.775175644028103 0.318739054290718 0.7775175644028103 0.30998248686514884 0.7822014051522248 0.29947460595446584 0.7704918032786885 0.28896672504378285 0.7634660421545667 0.2819614711033275 0.747072599531616 0.276707530647986 0.7259953161592506 0.2732049036777583 0.711943793911007 0.276707530647986 0.702576112412178
3 0.4133099824868651 0.6159250585480094 0.39929947460595444 0.6416861826697893 0.3922942206654991 0.6604215456674473 0.38704028021015763 0.6768149882903981 0.38178633975481613 0.6978922716627635 0.38528896672504376 0.7142857142857143 0.38879159369527144 0.7283372365339579 0.3905429071803853 0.7400468384074942 0.3975481611208406 0.7517564402810304 0.4185639229422067 0.7564402810304449 0.425569176882662 0.7377049180327869 0.4343257443082312 0.7166276346604216 0.4395796847635727 0.7002341920374707 0.44308231173380036 0.6838407494145199 0.45183887915936954 0.6651053864168618 0.46234676007005254 0.6463700234192038 0.4746059544658494 0.6323185011709602 0.4921190893169877 0.6182669789227166 0.5096322241681261 0.5995316159250585 0.5166374781085814 0.5831381733021077 0.51138353765324 0.5620608899297423 0.5026269702276708 0.5409836065573771 0.4903677758318739 0.522248243559719 0.4798598949211909 0.5128805620608899 0.4658493870402802 0.5058548009367682 0.44658493870402804 0.5292740046838408 0.4308231173380035 0.5339578454332553 0.4115586690017513 0.5362997658079626 0.39929947460595444 0.5409836065573771 0.38879159369527144 0.5456674473067916 0.3957968476357268 0.5597189695550351 0.39929947460595444 0.5714285714285714 0.4010507880910683 0.585480093676815 0.404553415061296 0.594847775175644
3 0.29947460595446584 0.6229508196721312 0.30297723292469353 0.6346604215456675 0.30472854640980734 0.6510538641686182 0.30297723292469353 0.667447306791569 0.30823117338003503 0.6838407494145199 0.3169877408056042 0.6932084309133489 0.3257443082311734 0.6955503512880562 0.3345008756567426 0.6955503512880562 0.3415061295971979 0.702576112412178 0.3520140105078809 0.7049180327868853 0.36252189141856395 0.7072599531615925 0.37478108581436076 0.702576112412178 0.38003502626970226 0.6885245901639344 0.38528896672504376 0.6744730679156908 0.38879159369527144 0.6557377049180327 0.3922942206654991 0.6416861826697893 0.3905429071803853 0.6206088992974239 0.38003502626970226 0.6065573770491803 0.3712784588441331 0.6042154566744731 0.3607705779334501 0.6088992974238876 0.3432574430823117 0.6088992974238876 0.3274956217162872 0.6135831381733021 0.31523642732049034 0.6159250585480094 0.3064798598949212 0.6159250585480094
8 0.19964973730297722 0.5152224824355972 0.2031523642732049 0.5245901639344263 0.20490367775831875 0.5292740046838408 0.2084063047285464 0.531615925058548 0.2084063047285464 0.5433255269320844 0.21015761821366025 0.550351288056206 0.21015761821366025 0.5597189695550351 0.20490367775831875 0.5667447306791569 0.20490367775831875 0.5620608899297423 0.20490367775831875 0.5667447306791569 0.20490367775831875 0.5761124121779859 0.20490367775831875 0.5784543325526932 0.19964973730297722 0.5667447306791569 0.19964973730297722 0.5597189695550351 0.19964973730297722 0.5526932084309133 0.1978984238178634 0.5480093676814989 0.19614711033274956 0.5409836065573771 0.19264448336252188 0.5480093676814989 0.18914185639229422 0.5526932084309133 0.18914185639229422 0.5409836065573771 0.19264448336252188 0.5339578454332553 0.19439579684763572 0.5292740046838408 0.19614711033274956 0.5245901639344263
8 0.15236427320490367 0.6018735362997658 0.15586690017513136 0.6088992974238876 0.15236427320490367 0.6135831381733021 0.14711033274956217 0.6182669789227166 0.14711033274956217 0.6182669789227166 0.14711033274956217 0.6112412177985949 0.14886164623467601 0.6042154566744731
8 0.15586690017513136 0.6651053864168618 0.15761821366024517 0.667447306791569 0.159369527145359 0.667447306791569 0.1628721541155867 0.6744730679156908 0.1646234676007005 0.6791569086651054 0.16637478108581435 0.6791569086651054 0.1681260945709282 0.6721311475409836 0.1646234676007005 0.667447306791569 0.15586690017513136 0.6604215456674473 0.15411558669001751 0.6510538641686182 0.14886164623467601 0.6463700234192038 0.14886164623467601 0.6463700234192038 0.15061295971978983 0.6510538641686182 0.15236427320490367 0.6557377049180327 0.15236427320490367 0.6604215456674473
8 0.38704028021015763 0.7494145199063232 0.3922942206654991 0.7400468384074942 0.3957968476357268 0.7400468384074942 0.39929947460595444 0.7447306791569087 0.4028021015761821 0.7353629976580797 0.4063047285464098 0.7353629976580797 0.4115586690017513 0.7353629976580797 0.4168126094570928 0.7423887587822015 0.4220665499124343 0.7447306791569087 0.4238178633975482 0.747072599531616 0.425569176882662 0.7400468384074942 0.4273204903677758 0.7306791569086651 0.4273204903677758 0.7259953161592506 0.4308231173380035 0.7189695550351288 0.43257443082311736 0.711943793911007 0.4343257443082312 0.7049180327868853 0.43782837127845886 0.6978922716627635 0.4413309982486865 0.6885245901639344 0.44308231173380036 0.6932084309133489 0.43782837127845886 0.7096018735362998 0.436077057793345 0.7213114754098361 0.43257443082311736 0.7306791569086651 0.4308231173380035 0.7400468384074942 0.4290718038528897 0.7517564402810304 0.4290718038528897 0.7634660421545667 0.4273204903677758 0.775175644028103 0.425569176882662 0.7845433255269321 0.4220665499124343 0.7868852459016393 0.4168126094570928 0.7845433255269321 0.4133099824868651 0.7798594847775175 0.415061295971979 0.7728337236533958 0.4133099824868651 0.765807962529274 0.4115586690017513 0.7587822014051522 0.4063047285464098 0.7564402810304449 0.4010507880910683 0.7564402810304449 0.3975481611208406 0.7587822014051522 0.3922942206654991 0.7587822014051522
3 0.5253940455341506 0.5620608899297423 0.542907180385289 0.5573770491803278 0.5604203152364273 0.5409836065573771 0.5709281961471103 0.522248243559719 0.5796847635726795 0.5152224824355972 0.5831873905429071 0.5081967213114754 0.5849387040280211 0.4918032786885246 0.5936952714535902 0.477751756440281 0.5971978984238179 0.4613583138173302 0.6007005253940455 0.4496487119437939 0.6059544658493871 0.4309133489461358 0.6077057793345009 0.41451990632318503 0.6059544658493871 0.405152224824356 0.5954465849387041 0.40749414519906324 0.5884413309982487 0.41451990632318503 0.5656742556917689 0.4168618266978923 0.553415061295972 0.4215456674473068 0.542907180385289 0.4332552693208431 0.5394045534150613 0.4426229508196721 0.5341506129597198 0.44730679156908665 0.5253940455341506 0.45433255269320844 0.5201401050788091 0.4613583138173302 0.5148861646234676 0.4707259953161593 0.5043782837127846 0.48243559718969553 0.500875656742557 0.49882903981264637 0.4991243432574431 0.5105386416861827 0.5026269702276708 0.5245901639344263 0.5096322241681261 0.5362997658079626 0.5148861646234676 0.550351288056206 0.5183887915936952 0.5597189695550351
8 0.3239929947460595 0.4238875878220141 0.329246935201401 0.41920374707259955 0.3380035026269702 0.4168618266978923 0.3450087565674256 0.41451990632318503 0.3520140105078809 0.4098360655737705 0.35901926444833626 0.40749414519906324 0.36427320490367776 0.405152224824356 0.36952714535901926 0.4028103044496487 0.37302977232924694 0.4028103044496487 0.37478108581436076 0.405152224824356 0.37478108581436076 0.4098360655737705 0.37653239929947463 0.41217798594847777 0.38178633975481613 0.41217798594847777 0.38528896672504376 0.41451990632318503 0.38879159369527144 0.41451990632318503 0.3905429071803853 0.4168618266978923 0.39404553415061294 0.4238875878220141 0.3957968476357268 0.42857142857142855 0.39404553415061294 0.4379391100702576 0.3957968476357268 0.4449648711943794 0.3957968476357268 0.4496487119437939 0.3905429071803853 0.4496487119437939 0.38879159369527144 0.4426229508196721 0.38879159369527144 0.43559718969555034 0.38528896672504376 0.42857142857142855 0.38003502626970226 0.4215456674473068 0.38003502626970226 0.42857142857142855 0.38178633975481613 0.43559718969555034 0.38003502626970226 0.4426229508196721 0.38003502626970226 0.4519906323185012 0.37478108581436076 0.4519906323185012 0.36952714535901926 0.4496487119437939 0.36427320490367776 0.4519906323185012 0.3607705779334501 0.45433255269320844 0.3520140105078809 0.45433255269320844 0.3415061295971979 0.45433255269320844 0.3415061295971979 0.4519906323185012 0.3362521891418564 0.4496487119437939 0.3362521891418564 0.4426229508196721 0.3239929947460595 0.4309133489461358 0.3257443082311734 0.4332552693208431
8 0.37828371278458844 0.3981264637002342 0.38704028021015763 0.40046838407494145 0.3957968476357268 0.3981264637002342 0.4028021015761821 0.3981264637002342 0.3957968476357268 0.3911007025761124 0.38879159369527144 0.3911007025761124 0.3975481611208406 0.3864168618266979 0.404553415061296 0.38875878220140514 0.4098073555166375 0.3911007025761124 0.4185639229422067 0.39344262295081966 0.4238178633975482 0.39344262295081966 0.4290718038528897 0.40046838407494145 0.4290718038528897 0.40046838407494145 0.43257443082311736 0.4028103044496487 0.4343257443082312 0.40749414519906324 0.43782837127845886 0.41217798594847777 0.44308231173380036 0.41217798594847777 0.4448336252189142 0.4168618266978923 0.4448336252189142 0.4168618266978923 0.4413309982486865 0.4215456674473068 0.4448336252189142 0.4215456674473068 0.44833625218914186 0.4215456674473068 0.45183887915936954 0.4215456674473068 0.45709281961471104 0.4215456674473068 0.45709281961471104 0.4238875878220141 0.45359019264448336 0.4262295081967213 0.4500875656742557 0.42857142857142855 0.45183887915936954 0.4332552693208431 0.4553415061295972 0.44028103044496486 0.4553415061295972 0.44028103044496486 0.45183887915936954 0.4426229508196721 0.45183887915936954 0.4426229508196721 0.4448336252189142 0.44028103044496486 0.4413309982486865 0.4379391100702576 0.4343257443082312 0.4379391100702576 0.4273204903677758 0.4379391100702576 0.4185639229422067 0.44028103044496486 0.415061295971979 0.4449648711943794 0.4203152364273205 0.4449648711943794 0.4273204903677758 0.44730679156908665 0.43257443082311736 0.44730679156908665 0.43782837127845886 0.4496487119437939 0.44308231173380036 0.4496487119437939 0.44658493870402804 0.4496487119437939 0.44833625218914186 0.4519906323185012 0.4448336252189142 0.4566744730679157 0.43782837127845886 0.4566744730679157 0.43257443082311736 0.4519906323185012 0.4238178633975482 0.4496487119437939 0.4203152364273205 0.4496487119437939 0.415061295971979 0.4496487119437939 0.404553415061296 0.44730679156908665 0.404553415061296 0.4426229508196721 0.39929947460595444 0.4332552693208431 0.3922942206654991 0.41217798594847777 0.3922942206654991 0.41217798594847777 0.38704028021015763 0.4098360655737705 0.38003502626970226 0.40749414519906324 0.37302977232924694 0.4028103044496487
8 0.5464098073555166 0.585480093676815 0.542907180385289 0.5878220140515222 0.5376532399299475 0.594847775175644 0.5376532399299475 0.6018735362997658 0.5411558669001751 0.6018735362997658 0.5446584938704028 0.5995316159250585 0.5481611208406305 0.5925058548009368 0.5481611208406305 0.5901639344262295
8 0.5183887915936952 0.6065573770491803 0.5131348511383538 0.6159250585480094 0.5096322241681261 0.6229508196721312 0.5061295971978984 0.629976580796253 0.4991243432574431 0.6416861826697893 0.4956217162872154 0.6487119437939111 0.4938704028021016 0.6604215456674473 0.4921190893169877 0.6697892271662763 0.4938704028021016 0.6697892271662763 0.4991243432574431 0.6627634660421545 0.5026269702276708 0.6510538641686182 0.5061295971978984 0.6416861826697893 0.5096322241681261 0.6346604215456675 0.5131348511383538 0.629976580796253 0.5166374781085814 0.6229508196721312 0.5201401050788091 0.6159250585480094 0.5236427320490368 0.6112412177985949 0.5253940455341506 0.6065573770491803 0.521891418563923 0.6042154566744731
8 0.29071803852889666 0.6252927400468384 0.29597197898423816 0.6252927400468384 0.29772329246935203 0.6276346604215457 0.29597197898423816 0.6323185011709602 0.29422066549912435 0.6346604215456675 0.29071803852889666 0.6323185011709602
8 0.29246935201401053 0.6182669789227166 0.29422066549912435 0.6229508196721312 0.29772329246935203 0.6229508196721312 0.29772329246935203 0.6206088992974239 0.29597197898423816 0.6182669789227166 0.29246935201401053 0.6159250585480094
8 0.22591943957968477 0.7072599531615925 0.2224168126094571 0.7049180327868853 0.22416812609457093 0.7072599531615925 0.2276707530647986 0.7142857142857143 0.22942206654991243 0.7166276346604216 0.2329246935201401 0.7189695550351288 0.2329246935201401 0.7236533957845434 0.22942206654991243 0.7236533957845434 0.22591943957968477 0.7236533957845434 0.22591943957968477 0.7283372365339579 0.2276707530647986 0.7306791569086651 0.22416812609457093 0.7330210772833724 0.22416812609457093 0.7330210772833724 0.22591943957968477 0.7377049180327869 0.2276707530647986 0.7400468384074942 0.23117338003502627 0.747072599531616 0.23467600700525393 0.7540983606557377 0.23642732049036777 0.7611241217798594 0.2434325744308231 0.7681498829039812 0.2504378283712785 0.7728337236533958 0.2574430823117338 0.7775175644028103 0.26444833625218916 0.7798594847775175 0.266199649737303 0.7822014051522248 0.2732049036777583 0.7915690866510539 0.276707530647986 0.7962529274004684 0.28371278458844135 0.8009367681498829 0.28896672504378285 0.8032786885245902 0.29246935201401053 0.8056206088992974 0.29422066549912435 0.8079625292740047 0.29772329246935203 0.8079625292740047 0.29772329246935203 0.810304449648712 0.29947460595446584 0.810304449648712 0.30122591943957966 0.8126463700234192 0.30297723292469353 0.810304449648712 0.29772329246935203 0.8009367681498829 0.29597197898423816 0.7962529274004684 0.29246935201401053 0.7915690866510539 0.28896672504378285 0.7868852459016393 0.287215411558669 0.7822014051522248 0.29071803852889666 0.7822014051522248 0.29422066549912435 0.7868852459016393 0.29772329246935203 0.7915690866510539 0.30122591943957966 0.7915690866510539 0.29772329246935203 0.7868852459016393 0.29422066549912435 0.7798594847775175 0.29071803852889666 0.775175644028103 0.29071803852889666 0.7728337236533958 0.29071803852889666 0.7681498829039812 0.29422066549912435 0.7681498829039812 0.29597197898423816 0.7704918032786885 0.29597197898423816 0.765807962529274 0.29597197898423816 0.7611241217798594 0.29071803852889666 0.7611241217798594 0.28896672504378285 0.7564402810304449 0.28896672504378285 0.7517564402810304 0.28896672504378285 0.747072599531616 0.2819614711033275 0.747072599531616 0.27845884413309985 0.747072599531616 0.2732049036777583 0.7447306791569087 0.2679509632224168 0.7447306791569087 0.2626970227670753 0.7400468384074942 0.2591943957968476 0.7377049180327869 0.25569176882662 0.7330210772833724 0.2539404553415061 0.7283372365339579 0.24518388791593695 0.7306791569086651 0.24518388791593695 0.7306791569086651 0.2434325744308231 0.7259953161592506 0.2381786339754816 0.7166276346604216 0.23992994746059546 0.7189695550351288 0.2381786339754816 0.7166276346604216 0.2381786339754816 0.711943793911007 0.23467600700525393 0.7072599531615925 0.22942206654991243 0.7096018735362998
8 0.329246935201401 0.775175644028103 0.3327495621716287 0.7704918032786885 0.3362521891418564 0.7728337236533958 0.3362521891418564 0.7775175644028103 0.3380035026269702 0.7798594847775175 0.3415061295971979 0.7798594847775175 0.3432574430823117 0.7822014051522248 0.3432574430823117 0.7845433255269321 0.3467600700525394 0.7845433255269321 0.3467600700525394 0.7868852459016393 0.3432574430823117 0.7892271662763466 0.3397548161120841 0.7892271662763466 0.3345008756567426 0.7892271662763466 0.3327495621716287 0.7845433255269321 0.3309982486865149 0.7822014051522248 0.329246935201401 0.7798594847775175
8 0.30998248686514884 0.7494145199063232 0.31523642732049034 0.7517564402810304 0.318739054290718 0.7587822014051522 0.3239929947460595 0.7634660421545667 0.329246935201401 0.765807962529274 0.3309982486865149 0.7611241217798594 0.3415061295971979 0.7634660421545667 0.3450087565674256 0.7681498829039812 0.3415061295971979 0.7704918032786885 0.3415061295971979 0.7704918032786885 0.3362521891418564 0.7704918032786885 0.3327495621716287 0.7704918032786885 0.3274956217162872 0.7704918032786885 0.3222416812609457 0.7681498829039812 0.3222416812609457 0.7681498829039812 0.3204903677758319 0.7704918032786885 0.3239929947460595 0.7775175644028103 0.3257443082311734 0.7822014051522248 0.3274956217162872 0.7868852459016393 0.329246935201401 0.7892271662763466 0.3309982486865149 0.7915690866510539 0.3327495621716287 0.7939110070257611 0.3345008756567426 0.7962529274004684 0.3345008756567426 0.8009367681498829 0.3345008756567426 0.8032786885245902 0.3345008756567426 0.8056206088992974 0.3362521891418564 0.8079625292740047 0.3380035026269702 0.810304449648712 0.3397548161120841 0.8149882903981265 0.3397548161120841 0.819672131147541 0.3380035026269702 0.8266978922716628 0.3327495621716287 0.8243559718969555 0.3309982486865149 0.8126463700234192 0.3239929947460595 0.8056206088992974 0.3257443082311734 0.8056206088992974 0.3239929947460595 0.8009367681498829 0.3222416812609457 0.7892271662763466 0.3222416812609457 0.7892271662763466 0.318739054290718 0.7845433255269321 0.3169877408056042 0.7822014051522248 0.3134851138353765 0.7798594847775175 0.3117338003502627 0.7822014051522248 0.30998248686514884 0.7845433255269321 0.30998248686514884 0.7868852459016393 0.3134851138353765 0.7892271662763466 0.31523642732049034 0.7892271662763466 0.3169877408056042 0.7915690866510539 0.318739054290718 0.7985948477751756 0.31523642732049034 0.7985948477751756 0.3134851138353765 0.8009367681498829 0.3134851138353765 0.8032786885245902 0.3169877408056042 0.8032786885245902 0.3204903677758319 0.8056206088992974 0.318739054290718 0.810304449648712 0.31523642732049034 0.810304449648712 0.30823117338003503 0.8056206088992974 0.30472854640980734 0.8032786885245902 0.30122591943957966 0.7962529274004684 0.30472854640980734 0.7915690866510539 0.30472854640980734 0.7892271662763466 0.29947460595446584 0.775175644028103 0.30122591943957966 0.7845433255269321 0.30122591943957966 0.7798594847775175 0.29947460595446584 0.775175644028103 0.29947460595446584 0.7704918032786885 0.29772329246935203 0.7634660421545667 0.30297723292469353 0.7634660421545667 0.3064798598949212 0.7634660421545667 0.3064798598949212 0.7587822014051522 0.3064798598949212 0.7564402810304449
8 0.36427320490367776 0.7587822014051522 0.36427320490367776 0.7681498829039812 0.3660245183887916 0.775175644028103 0.36777583187390545 0.7822014051522248 0.3712784588441331 0.7892271662763466 0.37478108581436076 0.7939110070257611 0.37653239929947463 0.7962529274004684 0.37478108581436076 0.7845433255269321 0.37478108581436076 0.7798594847775175 0.3712784588441331 0.7704918032786885 0.36952714535901926 0.7681498829039812 0.36777583187390545 0.7634660421545667
8 0.3380035026269702 0.7213114754098361 0.3450087565674256 0.7259953161592506 0.34851138353765326 0.7283372365339579 0.3520140105078809 0.7259953161592506 0.3520140105078809 0.7283372365339579 0.35376532399299476 0.7330210772833724 0.35376532399299476 0.7377049180327869 0.3555166374781086 0.7423887587822015 0.3572679509632224 0.747072599531616 0.35901926444833626 0.7517564402810304 0.3607705779334501 0.7564402810304449 0.3607705779334501 0.7611241217798594 0.35901926444833626 0.765807962529274 0.3572679509632224 0.7681498829039812 0.3555166374781086 0.7634660421545667 0.3555166374781086 0.7564402810304449 0.35376532399299476 0.7517564402810304 0.35376532399299476 0.747072599531616 0.3502626970227671 0.7423887587822015 0.3432574430823117 0.7306791569086651 0.3432574430823117 0.7330210772833724 0.3432574430823117 0.7306791569086651
8 0.30297723292469353 0.7377049180327869 0.30998248686514884 0.7353629976580797 0.3134851138353765 0.7377049180327869 0.31523642732049034 0.7423887587822015 0.30998248686514884 0.7447306791569087 0.30998248686514884 0.7447306791569087 0.30472854640980734 0.7423887587822015
8 0.29597197898423816 0.711943793911007 0.29947460595446584 0.7142857142857143 0.30297723292469353 0.7166276346604216 0.30122591943957966 0.7213114754098361 0.30122591943957966 0.7259953161592506 0.30122591943957966 0.7283372365339579 0.30122591943957966 0.7330210772833724 0.29772329246935203 0.7259953161592506 0.29772329246935203 0.7283372365339579 0.29597197898423816 0.7213114754098361
8 0.2679509632224168 0.6206088992974239 0.2714535901926445 0.6229508196721312 0.276707530647986 0.6252927400468384 0.2819614711033275 0.6252927400468384 0.28896672504378285 0.6252927400468384 0.29246935201401053 0.6229508196721312 0.29422066549912435 0.6229508196721312 0.28896672504378285 0.6182669789227166 0.28021015761821366 0.6159250585480094 0.27495621716287216 0.6182669789227166
8 0.37828371278458844 0.6206088992974239 0.38003502626970226 0.6135831381733021 0.38003502626970226 0.6088992974238876 0.38704028021015763 0.6065573770491803 0.3922942206654991 0.6088992974238876 0.3975481611208406 0.6088992974238876 0.3975481611208406 0.6135831381733021 0.3975481611208406 0.6206088992974239 0.3975481611208406 0.6252927400468384 0.3957968476357268 0.6323185011709602 0.39404553415061294 0.6370023419203747 0.3957968476357268 0.639344262295082 0.39929947460595444 0.6346604215456675 0.4028021015761821 0.6323185011709602 0.404553415061296 0.629976580796253 0.4080560420315236 0.6252927400468384 0.4098073555166375 0.6206088992974239 0.4115586690017513 0.6229508196721312 0.4080560420315236 0.629976580796253 0.404553415061296 0.6370023419203747 0.4010507880910683 0.6440281030444965 0.3975481611208406 0.6487119437939111 0.3957968476357268 0.6533957845433255 0.3922942206654991 0.65807962529274 0.3905429071803853 0.6627634660421545 0.38704028021015763 0.667447306791569 0.38528896672504376 0.6721311475409836 0.38353765323992994 0.6768149882903981 0.38353765323992994 0.6814988290398126 0.38353765323992994 0.6838407494145199 0.38353765323992994 0.6885245901639344 0.38178633975481613 0.6932084309133489 0.38178633975481613 0.6978922716627635 0.38178633975481613 0.7049180327868853 0.38178633975481613 0.711943793911007 0.38003502626970226 0.7166276346604216 0.38003502626970226 0.7213114754098361 0.38003502626970226 0.7283372365339579 0.38178633975481613 0.7330210772833724 0.38353765323992994 0.7400468384074942 0.38528896672504376 0.747072599531616 0.38704028021015763 0.7540983606557377 0.38704028021015763 0.7587822014051522 0.38879159369527144 0.765807962529274 0.38879159369527144 0.7681498829039812 0.38879159369527144 0.775175644028103 0.3905429071803853 0.7798594847775175 0.3922942206654991 0.7868852459016393 0.39404553415061294 0.7892271662763466 0.3957968476357268 0.7939110070257611 0.3975481611208406 0.7962529274004684 0.3922942206654991 0.7962529274004684 0.38704028021015763 0.7915690866510539 0.38528896672504376 0.7845433255269321 0.38178633975481613 0.7775175644028103 0.38003502626970226 0.7728337236533958 0.37828371278458844 0.7681498829039812 0.37653239929947463 0.7634660421545667 0.37302977232924694 0.765807962529274 0.36952714535901926 0.7587822014051522 0.36777583187390545 0.7540983606557377 0.3660245183887916 0.747072599531616 0.36427320490367776 0.7353629976580797 0.36427320490367776 0.7353629976580797 0.3607705779334501 0.7283372365339579 0.35901926444833626 0.7236533957845434 0.3555166374781086 0.7213114754098361 0.3520140105078809 0.7189695550351288 0.3450087565674256 0.7166276346604216 0.3309982486865149 0.7189695550351288 0.3204903677758319 0.7142857142857143 0.31523642732049034 0.711943793911007 0.3064798598949212 0.7096018735362998 0.29947460595446584 0.711943793911007 0.29246935201401053 0.711943793911007 0.28546409807355516 0.711943793911007 0.287215411558669 0.702576112412178 0.28546409807355516 0.6932084309133489 0.28546409807355516 0.6932084309133489 0.28021015761821366 0.6885245901639344 0.28021015761821366 0.6885245901639344 0.28021015761821366 0.6955503512880562 0.28021015761821366 0.702576112412178 0.276707530647986 0.711943793911007 0.27845884413309985 0.7166276346604216 0.2819614711033275 0.7213114754098361 0.28371278458844135 0.7283372365339579 0.28546409807355516 0.7330210772833724 0.287215411558669 0.7377049180327869 0.28896672504378285 0.7447306791569087 0.27845884413309985 0.7447306791569087 0.2714535901926445 0.7447306791569087 0.26444833625218916 0.7423887587822015 0.2609457092819615 0.7400468384074942 0.25569176882662 0.7283372365339579 0.25569176882662 0.7283372365339579 0.2521891418563923 0.7283372365339579 0.2469352014010508 0.7259953161592506 0.24168126094570927 0.7189695550351288 0.24168126094570927 0.711943793911007 0.24168126094570927 0.702576112412178 0.2381786339754816 0.7002341920374707 0.2381786339754816 0.7002341920374707 0.23467600700525393 0.7049180327868853 0.22942206654991243 0.7002341920374707 0.22591943957968477 0.6955503512880562 0.22416812609457093 0.6908665105386417 0.22416812609457093 0.6861826697892272 0.2276707530647986 0.6838407494145199 0.23117338003502627 0.6861826697892272 0.2329246935201401 0.6838407494145199 0.2276707530647986 0.6791569086651054 0.22066549912434325 0.6791569086651054 0.2171628721541156 0.6768149882903981 0.21015761821366025 0.6768149882903981 0.21015761821366025 0.6768149882903981 0.2119089316987741 0.6814988290398126 0.2171628721541156 0.6838407494145199 0.21891418563922943 0.6861826697892272 0.22066549912434325 0.6908665105386417 0.21891418563922943 0.6955503512880562 0.21541155866900175 0.6932084309133489 0.2119089316987741 0.6885245901639344 0.20665499124343256 0.6838407494145199 0.2031523642732049 0.6744730679156908 0.2084063047285464 0.667447306791569 0.21015761821366025 0.65807962529274 0.2084063047285464 0.6487119437939111 0.2031523642732049 0.6463700234192038 0.20140105078809106 0.6346604215456675 0.20140105078809106 0.6276346604215457 0.19964973730297722 0.6206088992974239 0.19964973730297722 0.6135831381733021 0.1978984238178634 0.6065573770491803 0.20140105078809106 0.6112412177985949 0.2031523642732049 0.6159250585480094 0.20490367775831875 0.6229508196721312 0.20490367775831875 0.6276346604215457 0.2084063047285464 0.6252927400468384 0.2084063047285464 0.6182669789227166 0.2031523642732049 0.6088992974238876 0.2031523642732049 0.6088992974238876 0.19089316987740806 0.6018735362997658 0.19089316987740806 0.6018735362997658 0.18563922942206654 0.5971896955503513 0.18213660245183888 0.5925058548009368 0.18213660245183888 0.5901639344262295 0.18739054290718038 0.5901639344262295 0.19614711033274956 0.594847775175644 0.19964973730297722 0.594847775175644 0.20490367775831875 0.5971896955503513 0.21015761821366025 0.6018735362997658 0.2136602451838879 0.6042154566744731 0.21891418563922943 0.6042154566744731 0.22416812609457093 0.6065573770491803 0.22942206654991243 0.6065573770491803 0.2329246935201401 0.6065573770491803 0.23467600700525393 0.6065573770491803 0.2381786339754816 0.6088992974238876 0.23992994746059546 0.6088992974238876 0.2434325744308231 0.6088992974238876 0.2486865148861646 0.6112412177985949 0.2521891418563923 0.6112412177985949 0.25569176882662 0.6135831381733021 0.2574430823117338 0.6159250585480094 0.25569176882662 0.6206088992974239 0.25569176882662 0.6229508196721312 0.2609457092819615 0.6182669789227166 0.26444833625218916 0.6112412177985949 0.26970227670753066 0.6135831381733021 0.2732049036777583 0.6112412177985949 0.27495621716287216 0.6112412177985949 0.27845884413309985 0.6088992974238876 0.26970227670753066 0.6065573770491803 0.266199649737303 0.6042154566744731 0.26970227670753066 0.5995316159250585 0.2732049036777583 0.5971896955503513 0.27845884413309985 0.5971896955503513 0.2819614711033275 0.5971896955503513 0.28546409807355516 0.5971896955503513 0.28546409807355516 0.5971896955503513 0.28546409807355516 0.5995316159250585 0.28371278458844135 0.6042154566744731 0.2819614711033275 0.6065573770491803 0.28371278458844135 0.6065573770491803 0.287215411558669 0.6042154566744731 0.28896672504378285 0.6018735362997658 0.29071803852889666 0.5995316159250585 0.29246935201401053 0.5971896955503513 0.29422066549912435 0.5971896955503513 0.29772329246935203 0.5995316159250585 0.30297723292469353 0.6018735362997658 0.3064798598949212 0.6042154566744731 0.30823117338003503 0.6088992974238876 0.30472854640980734 0.6112412177985949 0.30472854640980734 0.6135831381733021 0.30472854640980734 0.6182669789227166 0.30472854640980734 0.6206088992974239 0.29947460595446584 0.6229508196721312 0.29772329246935203 0.6159250585480094 0.29597197898423816 0.6042154566744731 0.29597197898423816 0.5995316159250585 0.29422066549912435 0.6182669789227166 0.28896672504378285 0.6159250585480094 0.28021015761821366 0.6159250585480094 0.27495621716287216 0.6159250585480094 0.26970227670753066 0.6206088992974239 0.26444833625218916 0.6206088992974239 0.2626970227670753 0.6229508196721312 0.2626970227670753 0.6276346604215457 0.2609457092819615 0.629976580796253 0.2591943957968476 0.6346604215456675 0.2539404553415061 0.639344262295082 0.2486865148861646 0.6370023419203747 0.2486865148861646 0.6370023419203747 0.2434325744308231 0.6276346604215457 0.23642732049036777 0.6206088992974239 0.23642732049036777 0.6206088992974239 0.2329246935201401 0.6252927400468384 0.23117338003502627 0.6276346604215457 0.23117338003502627 0.6346604215456675 0.23467600700525393 0.639344262295082 0.23467600700525393 0.6440281030444965 0.2329246935201401 0.6510538641686182 0.23642732049036777 0.6533957845433255 0.23992994746059546 0.6557377049180327 0.24518388791593695 0.65807962529274 0.2486865148861646 0.65807962529274 0.2539404553415061 0.6533957845433255 0.2574430823117338 0.6533957845433255 0.2626970227670753 0.6487119437939111 0.2679509632224168 0.6416861826697893 0.2714535901926445 0.6370023419203747 0.27495621716287216 0.639344262295082 0.27495621716287216 0.6416861826697893 0.28021015761821366 0.6346604215456675 0.28371278458844135 0.6323185011709602 0.28896672504378285 0.629976580796253 0.29071803852889666 0.629976580796253 0.29246935201401053 0.6346604215456675 0.28546409807355516 0.639344262295082 0.2819614711033275 0.6416861826697893 0.28371278458844135 0.6440281030444965 0.29597197898423816 0.6370023419203747 0.29947460595446584 0.6346604215456675 0.30122591943957966 0.6346604215456675 0.30472854640980734 0.6323185011709602 0.30472854640980734 0.6370023419203747 0.30472854640980734 0.639344262295082 0.30297723292469353 0.6440281030444965 0.30122591943957966 0.6487119437939111 0.30122591943957966 0.6533957845433255 0.30122591943957966 0.6557377049180327 0.30297723292469353 0.65807962529274 0.30297723292469353 0.6604215456674473 0.30122591943957966 0.6627634660421545 0.29947460595446584 0.667447306791569 0.30122591943957966 0.6697892271662763 0.30297723292469353 0.6744730679156908 0.30472854640980734 0.6791569086651054 0.30472854640980734 0.6814988290398126 0.30823117338003503 0.6838407494145199 0.30998248686514884 0.6861826697892272 0.3117338003502627 0.6861826697892272 0.3134851138353765 0.6885245901639344 0.31523642732049034 0.6861826697892272 0.3134851138353765 0.6768149882903981 0.3134851138353765 0.6627634660421545 0.31523642732049034 0.65807962529274 0.3169877408056042 0.6510538641686182 0.3169877408056042 0.6416861826697893 0.318739054290718 0.6346604215456675 0.3222416812609457 0.6370023419203747 0.3239929947460595 0.6323185011709602 0.3239929947460595 0.6276346604215457 0.3274956217162872 0.6229508196721312 0.3362521891418564 0.6229508196721312 0.3397548161120841 0.6229508196721312 0.3432574430823117 0.6229508196721312 0.34851138353765326 0.6229508196721312 0.3520140105078809 0.6206088992974239 0.3572679509632224 0.6182669789227166 0.36252189141856395 0.6159250585480094 0.3660245183887916 0.6159250585480094 0.36777583187390545 0.6182669789227166 0.36777583187390545 0.6206088992974239 0.36777583187390545 0.6229508196721312 0.3712784588441331 0.6252927400468384 0.37302977232924694 0.6252927400468384 0.37478108581436076 0.6252927400468384 0.3660245183887916 0.6346604215456675 0.36252189141856395 0.6416861826697893 0.36252189141856395 0.6487119437939111 0.36252189141856395 0.6533957845433255 0.36427320490367776 0.6604215456674473 0.36427320490367776 0.667447306791569 0.36777583187390545 0.6721311475409836 0.37302977232924694 0.6744730679156908 0.37478108581436076 0.6744730679156908 0.37653239929947463 0.6697892271662763 0.37653239929947463 0.6604215456674473 0.37478108581436076 0.6533957845433255 0.37653239929947463 0.6487119437939111 0.37828371278458844 0.6416861826697893 0.37828371278458844 0.6346604215456675 0.37828371278458844 0.6252927400468384 0.37828371278458844 0.6252927400468384 0.37828371278458844 0.6182669789227166
8 0.37828371278458844 0.6955503512880562 0.38353765323992994 0.6955503512880562 0.38528896672504376 0.6978922716627635 0.38528896672504376 0.702576112412178 0.38528896672504376 0.7049180327868853 0.3905429071803853 0.7002341920374707 0.3922942206654991 0.7002341920374707 0.3957968476357268 0.7002341920374707 0.4028021015761821 0.6955503512880562 0.4080560420315236 0.6955503512880562 0.4133099824868651 0.6908665105386417 0.415061295971979 0.6861826697892272 0.4168126094570928 0.6861826697892272 0.4168126094570928 0.6791569086651054 0.4168126094570928 0.6791569086651054 0.4273204903677758 0.6697892271662763 0.4185639229422067 0.6744730679156908 0.4168126094570928 0.6721311475409836 0.4115586690017513 0.6697892271662763 0.4185639229422067 0.667447306791569 0.4220665499124343 0.6627634660421545 0.425569176882662 0.6604215456674473 0.4273204903677758 0.65807962529274 0.4308231173380035 0.6557377049180327 0.43257443082311736 0.6557377049180327 0.436077057793345 0.6533957845433255 0.436077057793345 0.6487119437939111 0.4220665499124343 0.6533957845433255 0.425569176882662 0.6510538641686182 0.4238178633975482 0.6557377049180327 0.4185639229422067 0.6463700234192038 0.4203152364273205 0.6487119437939111 0.4168126094570928 0.6440281030444965 0.415061295971979 0.6440281030444965 0.4133099824868651 0.6487119437939111 0.4115586690017513 0.6510538641686182 0.4028021015761821 0.6557377049180327 0.4063047285464098 0.6557377049180327 0.4028021015761821 0.6557377049180327 0.4010507880910683 0.65807962529274 0.4028021015761821 0.6604215456674473 0.4063047285464098 0.6604215456674473 0.4080560420315236 0.6604215456674473 0.4080560420315236 0.6627634660421545 0.4063047285464098 0.667447306791569 0.4063047285464098 0.6697892271662763 0.4063047285464098 0.6721311475409836 0.404553415061296 0.6768149882903981 0.4028021015761821 0.6814988290398126 0.3957968476357268 0.6838407494145199 0.3905429071803853 0.6885245901639344 0.38704028021015763 0.6885245901639344 0.38353765323992994 0.6908665105386417
8 0.4273204903677758 0.6861826697892272 0.4343257443082312 0.6861826697892272 0.436077057793345 0.6861826697892272 0.436077057793345 0.6908665105386417 0.4343257443082312 0.6955503512880562 0.4343257443082312 0.6978922716627635 0.4308231173380035 0.702576112412178 0.4290718038528897 0.7072599531615925 0.4238178633975482 0.7049180327868853 0.4238178633975482 0.7049180327868853 0.425569176882662 0.702576112412178 0.4273204903677758 0.7002341920374707 0.4290718038528897 0.6978922716627635 0.4308231173380035 0.6932084309133489 0.4273204903677758 0.6932084309133489
8 0.5271453590192644 0.44028103044496486 0.532399299474606 0.43559718969555034 0.5359019264448336 0.4309133489461358 0.5341506129597198 0.4262295081967213 0.5341506129597198 0.4262295081967213 0.5271453590192644 0.4309133489461358 0.5236427320490368 0.43559718969555034
8 0.4921190893169877 0.468384074941452 0.4903677758318739 0.4707259953161593 0.4868651488616462 0.47540983606557374 0.4886164623467601 0.477751756440281 0.4921190893169877 0.47540983606557374 0.4938704028021016 0.47306791569086654
8 0.29597197898423816 0.5362997658079626 0.29246935201401053 0.5362997658079626 0.29071803852889666 0.5362997658079626 0.28896672504378285 0.5339578454332553 0.28896672504378285 0.531615925058548 0.29071803852889666 0.5292740046838408 0.29071803852889666 0.5292740046838408 0.29246935201401053 0.5292740046838408 0.29422066549912435 0.5292740046838408 0.29422066549912435 0.5292740046838408 0.29422066549912435 0.5269320843091335 0.29597197898423816 0.5269320843091335 0.29772329246935203 0.5245901639344263 0.29772329246935203 0.5245901639344263 0.29947460595446584 0.5269320843091335 0.29947460595446584 0.5292740046838408 0.29947460595446584 0.5292740046838408 0.30122591943957966 0.5292740046838408 0.30297723292469353 0.5292740046838408 0.30297723292469353 0.5292740046838408 0.30472854640980734 0.5292740046838408 0.30472854640980734 0.531615925058548 0.30472854640980734 0.5339578454332553 0.3064798598949212 0.5339578454332553 0.3064798598949212 0.5339578454332553 0.30823117338003503 0.5339578454332553 0.30998248686514884 0.5362997658079626 0.3117338003502627 0.5362997658079626 0.3134851138353765 0.5362997658079626 0.31523642732049034 0.5362997658079626 0.31523642732049034 0.5386416861826698 0.3134851138353765 0.5386416861826698 0.30998248686514884 0.5409836065573771 0.3064798598949212 0.5386416861826698 0.30122591943957966 0.5386416861826698 0.29772329246935203 0.5386416861826698
8 0.3327495621716287 0.5386416861826698 0.3327495621716287 0.5362997658079626 0.3362521891418564 0.5362997658079626 0.3380035026269702 0.5362997658079626 0.3415061295971979 0.5362997658079626 0.3450087565674256 0.5386416861826698 0.3467600700525394 0.5386416861826698 0.3467600700525394 0.5409836065573771 0.3467600700525394 0.5409836065573771 0.34851138353765326 0.5409836065573771 0.3502626970227671 0.5409836065573771 0.3502626970227671 0.5433255269320844 0.3467600700525394 0.5480093676814989 0.3450087565674256 0.5480093676814989 0.3415061295971979 0.5480093676814989 0.3415061295971979 0.5480093676814989 0.3397548161120841 0.5480093676814989 0.3380035026269702 0.550351288056206 0.3362521891418564 0.550351288056206 0.3309982486865149 0.550351288056206 0.3327495621716287 0.550351288056206 0.3309982486865149 0.550351288056206 0.3274956217162872 0.5480093676814989 0.329246935201401 0.5526932084309133 0.3257443082311734 0.5526932084309133 0.3222416812609457 0.5526932084309133 0.3222416812609457 0.5526932084309133 0.3169877408056042 0.5480093676814989 0.3169877408056042 0.5480093676814989 0.3117338003502627 0.5456674473067916 0.31523642732049034 0.5433255269320844 0.3169877408056042 0.5433255269320844 0.3204903677758319 0.5433255269320844 0.3222416812609457 0.5433255269320844 0.3239929947460595 0.5433255269320844 0.3257443082311734 0.5433255269320844 0.3274956217162872 0.5433255269320844 0.329246935201401 0.5409836065573771 0.3309982486865149 0.5409836065573771 0.3309982486865149 0.5409836065573771 0.3327495621716287 0.5409836065573771
8 0.4711033274956217 0.48243559718969553 0.4868651488616462 0.468384074941452 0.4746059544658494 0.4496487119437939 0.45709281961471104 0.4449648711943794 0.4500875656742557 0.4637002341920375 0.45709281961471104 0.468384074941452 0.46409807355516636 0.477751756440281
6 0.29071803852889666 0.44730679156908665 0.30472854640980734 0.4168618266978923 0.3415061295971979 0.3981264637002342 0.34851138353765326 0.4028103044496487 0.318739054290718 0.4238875878220141 0.3064798598949212 0.45433255269320844
3 0.2171628721541156 0.5105386416861827 0.23992994746059546 0.5058548009367682 0.28896672504378285 0.5386416861826698 0.2574430823117338 0.6088992974238876 0.22942206654991243 0.6042154566744731 0.2276707530647986 0.5362997658079626 0.2171628721541156 0.5081967213114754 0.2171628721541156 0.5105386416861827
3 0.22066549912434325 0.4028103044496487 0.2609457092819615 0.3793911007025761 0.3607705779334501 0.39344262295081966 0.29071803852889666 0.4519906323185012 0.23992994746059546 0.42857142857142855 0.2136602451838879 0.4168618266978923
3 0.30472854640980734 0.44028103044496486 0.3380035026269702 0.41451990632318503 0.4273204903677758 0.36768149882903983 0.4763572679509632 0.34660421545667447 0.48336252189141854 0.37236533957845436 0.45359019264448336 0.41451990632318503 0.47810858143607704 0.41451990632318503 0.4886164623467601 0.42857142857142855 0.45183887915936954 0.45433255269320844 0.3660245183887916 0.4566744730679157 0.30823117338003503 0.45433255269320844
8 0.45884413309982486 0.5152224824355972 0.46409807355516636 0.5128805620608899 0.4711033274956217 0.5105386416861827 0.47810858143607704 0.5105386416861827 0.4816112084063047 0.5128805620608899 0.4851138353765324 0.5128805620608899 0.4763572679509632 0.5175644028103045 0.4746059544658494 0.5199063231850117 0.47285464098073554 0.5269320843091335 0.4746059544658494 0.5339578454332553 0.47810858143607704 0.5339578454332553 0.4816112084063047 0.5362997658079626 0.47810858143607704 0.5409836065573771 0.4746059544658494 0.5433255269320844 0.47810858143607704 0.5456674473067916 0.4816112084063047 0.5480093676814989 0.47810858143607704 0.5526932084309133 0.4746059544658494 0.550351288056206 0.4711033274956217 0.550351288056206 0.46760070052539404 0.550351288056206 0.46409807355516636 0.550351288056206 0.45709281961471104 0.550351288056206 0.45359019264448336 0.550351288056206 0.45709281961471104 0.5456674473067916 0.46059544658493873 0.5456674473067916 0.46409807355516636 0.5456674473067916 0.4658493870402802 0.5433255269320844 0.46234676007005254 0.5409836065573771 0.45709281961471104 0.5409836065573771 0.46234676007005254 0.5386416861826698 0.46760070052539404 0.5339578454332553 0.45884413309982486 0.5362997658079626 0.46059544658493873 0.531615925058548 0.46409807355516636 0.5292740046838408 0.46059544658493873 0.5292740046838408 0.4658493870402802 0.5245901639344263 0.46935201401050786 0.522248243559719 0.46059544658493873 0.522248243559719 0.45884413309982486 0.5199063231850117 0.45183887915936954 0.5175644028103045
8 0.4711033274956217 0.48711943793911006 0.4711033274956217 0.4918032786885246 0.46760070052539404 0.4918032786885246 0.4658493870402802 0.4918032786885246 0.46234676007005254 0.49414519906323184 0.45884413309982486 0.49882903981264637 0.4553415061295972 0.5011709601873536 0.45183887915936954 0.5035128805620609 0.4448336252189142 0.5035128805620609 0.4413309982486865 0.5081967213114754 0.436077057793345 0.5128805620608899 0.4290718038528897 0.5175644028103045 0.425569176882662 0.5175644028103045 0.4203152364273205 0.5199063231850117 0.415061295971979 0.5245901639344263 0.4098073555166375 0.5245901639344263 0.404553415061296 0.5269320843091335 0.3957968476357268 0.5292740046838408 0.38879159369527144 0.531615925058548 0.38528896672504376 0.5339578454332553 0.37828371278458844 0.5362997658079626 0.37478108581436076 0.5362997658079626 0.3712784588441331 0.5362997658079626 0.37302977232924694 0.531615925058548 0.37653239929947463 0.5292740046838408 0.3905429071803853 0.5269320843091335 0.39404553415061294 0.5245901639344263 0.39929947460595444 0.5199063231850117 0.404553415061296 0.5199063231850117 0.4098073555166375 0.5175644028103045 0.4203152364273205 0.5128805620608899 0.4290718038528897 0.5081967213114754 0.43257443082311736 0.5058548009367682 0.436077057793345 0.5035128805620609 0.4395796847635727 0.5011709601873536 0.4448336252189142 0.49882903981264637 0.44833625218914186 0.4964871194379391 0.45183887915936954 0.4964871194379391 0.45884413309982486 0.49414519906323184
8 0.36952714535901926 0.5737704918032787 0.37302977232924694 0.5714285714285714 0.37478108581436076 0.5690866510538641 0.37828371278458844 0.5690866510538641 0.38178633975481613 0.5690866510538641 0.38353765323992994 0.5690866510538641 0.38528896672504376 0.5690866510538641 0.38528896672504376 0.5667447306791569 0.38879159369527144 0.5667447306791569 0.3957968476357268 0.5667447306791569 0.39404553415061294 0.5690866510538641 0.39404553415061294 0.5714285714285714 0.3922942206654991 0.5737704918032787 0.3905429071803853 0.5737704918032787 0.3905429071803853 0.5761124121779859 0.3922942206654991 0.5761124121779859 0.39404553415061294 0.5761124121779859 0.3975481611208406 0.5761124121779859 0.39929947460595444 0.5761124121779859 0.39929947460595444 0.5784543325526932 0.3957968476357268 0.5784543325526932 0.39404553415061294 0.5807962529274004 0.3922942206654991 0.5807962529274004 0.3905429071803853 0.5807962529274004 0.38879159369527144 0.5807962529274004 0.38704028021015763 0.5831381733021077 0.38704028021015763 0.585480093676815 0.38528896672504376 0.5901639344262295 0.38353765323992994 0.594847775175644 0.38178633975481613 0.594847775175644 0.38003502626970226 0.5925058548009368 0.38003502626970226 0.5901639344262295 0.37828371278458844 0.5901639344262295 0.37478108581436076 0.5925058548009368 0.37302977232924694 0.5901639344262295 0.3712784588441331 0.5901639344262295 0.36952714535901926 0.5901639344262295 0.36952714535901926 0.5878220140515222 0.37302977232924694 0.5878220140515222 0.37478108581436076 0.585480093676815 0.37828371278458844 0.585480093676815 0.38178633975481613 0.585480093676815 0.38178633975481613 0.5831381733021077 0.37828371278458844 0.5831381733021077 0.37653239929947463 0.5831381733021077 0.37478108581436076 0.5831381733021077 0.37302977232924694 0.585480093676815 0.36952714535901926 0.585480093676815 0.36952714535901926 0.5831381733021077 0.36777583187390545 0.5807962529274004 0.3660245183887916 0.5784543325526932 0.36777583187390545 0.5761124121779859
8 0.47810858143607704 0.5597189695550351 0.48336252189141854 0.5573770491803278 0.4851138353765324 0.5620608899297423 0.4903677758318739 0.5620608899297423 0.4938704028021016 0.5597189695550351 0.4938704028021016 0.5620608899297423 0.4921190893169877 0.5644028103044496 0.4973730297723292 0.5644028103044496 0.4991243432574431 0.5690866510538641 0.4938704028021016 0.5690866510538641 0.4903677758318739 0.5690866510538641 0.4903677758318739 0.5714285714285714 0.4903677758318739 0.5737704918032787 0.4921190893169877 0.5737704918032787 0.4921190893169877 0.5761124121779859 0.4921190893169877 0.5784543325526932 0.4903677758318739 0.5784543325526932 0.4886164623467601 0.5784543325526932 0.4886164623467601 0.5761124121779859 0.4868651488616462 0.5761124121779859 0.4851138353765324 0.5737704918032787 0.48336252189141854 0.5714285714285714 0.48336252189141854 0.5690866510538641 0.4816112084063047 0.5690866510538641 0.4798598949211909 0.5690866510538641 0.47810858143607704 0.5690866510538641 0.4763572679509632 0.5690866510538641 0.4746059544658494 0.5690866510538641 0.47285464098073554 0.5667447306791569 0.4746059544658494 0.5667447306791569 0.4763572679509632 0.5667447306791569 0.47810858143607704 0.5644028103044496 0.4763572679509632 0.5644028103044496 0.4763572679509632 0.5620608899297423 0.47810858143607704 0.5620608899297423 0.4798598949211909 0.5620608899297423
8 0.4798598949211909 0.5784543325526932 0.47810858143607704 0.5784543325526932 0.47810858143607704 0.5807962529274004 0.4763572679509632 0.5807962529274004 0.4746059544658494 0.5807962529274004 0.47285464098073554 0.5807962529274004 0.4711033274956217 0.5831381733021077 0.46935201401050786 0.5831381733021077 0.46760070052539404 0.5831381733021077 0.4658493870402802 0.5831381733021077 0.4658493870402802 0.585480093676815 0.46760070052539404 0.585480093676815 0.46935201401050786 0.585480093676815 0.4711033274956217 0.5878220140515222 0.4711033274956217 0.5901639344262295 0.46935201401050786 0.5901639344262295 0.4711033274956217 0.5925058548009368 0.47285464098073554 0.5925058548009368 0.47285464098073554 0.594847775175644 0.4746059544658494 0.594847775175644 0.4746059544658494 0.5971896955503513 0.4746059544658494 0.5995316159250585 0.47285464098073554 0.5995316159250585 0.46935201401050786 0.5995316159250585 0.46935201401050786 0.6018735362997658 0.4658493870402802 0.6018735362997658 0.46409807355516636 0.6018735362997658 0.46234676007005254 0.6018735362997658 0.46234676007005254 0.6042154566744731 0.46409807355516636 0.6042154566744731 0.4658493870402802 0.6042154566744731 0.46760070052539404 0.6042154566744731 0.46935201401050786 0.6042154566744731 0.4711033274956217 0.6042154566744731 0.47285464098073554 0.6042154566744731 0.4746059544658494 0.6042154566744731 0.4763572679509632 0.6065573770491803 0.47810858143607704 0.6065573770491803 0.4798598949211909 0.6065573770491803 0.4798598949211909 0.6088992974238876 0.4798598949211909 0.6112412177985949 0.4816112084063047 0.6135831381733021 0.48336252189141854 0.6135831381733021 0.48336252189141854 0.6159250585480094 0.48336252189141854 0.6182669789227166 0.4816112084063047 0.6182669789227166 0.4798598949211909 0.6182669789227166 0.47810858143607704 0.6182669789227166 0.47810858143607704 0.6206088992974239 0.4763572679509632 0.6206088992974239 0.4746059544658494 0.6206088992974239 0.47285464098073554 0.6206088992974239 0.4711033274956217 0.6206088992974239 0.46935201401050786 0.6206088992974239 0.46760070052539404 0.6182669789227166 0.46760070052539404 0.6159250585480094 0.4658493870402802 0.6159250585480094 0.46935201401050786 0.6229508196721312 0.46935201401050786 0.6252927400468384 0.46760070052539404 0.6252927400468384 0.46760070052539404 0.6276346604215457 0.4658493870402802 0.629976580796253 0.46409807355516636 0.6323185011709602 0.46234676007005254 0.6323185011709602 0.46234676007005254 0.6346604215456675 0.46234676007005254 0.6370023419203747 0.45884413309982486 0.6416861826697893 0.45884413309982486 0.6440281030444965 0.45709281961471104 0.6463700234192038 0.4553415061295972 0.6487119437939111 0.45359019264448336 0.6510538641686182 0.45183887915936954 0.6487119437939111 0.44833625218914186 0.6487119437939111 0.44658493870402804 0.6487119437939111 0.4448336252189142 0.6487119437939111 0.4395796847635727 0.6487119437939111 0.436077057793345 0.6510538641686182 0.436077057793345 0.6557377049180327 0.4343257443082312 0.65807962529274 0.43257443082311736 0.6604215456674473 0.4308231173380035 0.6651053864168618 0.4290718038528897 0.667447306791569 0.4308231173380035 0.6697892271662763 0.4308231173380035 0.6721311475409836 0.4308231173380035 0.6744730679156908 0.4308231173380035 0.6791569086651054 0.4308231173380035 0.6814988290398126 0.43257443082311736 0.6838407494145199 0.4343257443082312 0.6838407494145199 0.436077057793345 0.6861826697892272 0.43782837127845886 0.6838407494145199 0.4395796847635727 0.6838407494145199 0.4413309982486865 0.6814988290398126 0.4413309982486865 0.6791569086651054 0.44308231173380036 0.6791569086651054 0.4448336252189142 0.6768149882903981 0.44833625218914186 0.6768149882903981 0.4500875656742557 0.6721311475409836 0.45183887915936954 0.6697892271662763 0.4553415061295972 0.6627634660421545 0.45709281961471104 0.6627634660421545 0.45884413309982486 0.6627634660421545 0.46059544658493873 0.6627634660421545 0.46234676007005254 0.6627634660421545 0.46409807355516636 0.6604215456674473 0.4658493870402802 0.6604215456674473 0.46760070052539404 0.65807962529274 0.4711033274956217 0.6557377049180327 0.4746059544658494 0.6533957845433255 0.4763572679509632 0.6510538641686182 0.47810858143607704 0.6487119437939111 0.47810858143607704 0.6463700234192038 0.4816112084063047 0.6440281030444965 0.4851138353765324 0.6440281030444965 0.4886164623467601 0.6416861826697893 0.4903677758318739 0.6416861826697893 0.4921190893169877 0.639344262295082 0.4956217162872154 0.6370023419203747 0.4956217162872154 0.6346604215456675 0.4973730297723292 0.629976580796253 0.4973730297723292 0.6252927400468384 0.4956217162872154 0.6229508196721312 0.4973730297723292 0.6206088992974239 0.500875656742557 0.6182669789227166 0.5026269702276708 0.6206088992974239 0.5043782837127846 0.6182669789227166 0.5061295971978984 0.6159250585480094 0.5078809106830122 0.6112412177985949 0.51138353765324 0.6112412177985949 0.5131348511383538 0.6112412177985949 0.5148861646234676 0.6112412177985949 0.5201401050788091 0.6065573770491803 0.521891418563923 0.6065573770491803 0.5236427320490368 0.6065573770491803 0.5271453590192644 0.6042154566744731 0.5288966725043783 0.5995316159250585 0.5306479859894921 0.5995316159250585 0.532399299474606 0.5971896955503513 0.5341506129597198 0.594847775175644 0.5359019264448336 0.5925058548009368 0.5359019264448336 0.5901639344262295 0.5359019264448336 0.5878220140515222 0.5341506129597198 0.585480093676815 0.532399299474606 0.5807962529274004 0.5306479859894921 0.5784543325526932 0.5271453590192644 0.5784543325526932 0.5253940455341506 0.5784543325526932 0.521891418563923 0.5784543325526932 0.5183887915936952 0.5807962529274004 0.5166374781085814 0.5807962529274004 0.5166374781085814 0.5831381733021077 0.5201401050788091 0.5831381733021077 0.5201401050788091 0.585480093676815 0.5183887915936952 0.585480093676815 0.5166374781085814 0.5878220140515222 0.5096322241681261 0.5878220140515222 0.5131348511383538 0.5925058548009368 0.51138353765324 0.5925058548009368 0.5096322241681261 0.594847775175644 0.5061295971978984 0.594847775175644 0.5043782837127846 0.594847775175644 0.5061295971978984 0.5925058548009368 0.5043782837127846 0.5901639344262295 0.5026269702276708 0.585480093676815 0.4991243432574431 0.585480093676815 0.4956217162872154 0.585480093676815 0.4973730297723292 0.5807962529274004 0.4956217162872154 0.5784543325526932 0.4921190893169877 0.5784543325526932 0.4886164623467601 0.5784543325526932
8 0.500875656742557 0.5761124121779859 0.5043782837127846 0.5761124121779859 0.5061295971978984 0.5761124121779859 0.5078809106830122 0.5737704918032787 0.51138353765324 0.5737704918032787 0.5131348511383538 0.5737704918032787 0.5131348511383538 0.5761124121779859 0.5148861646234676 0.5761124121779859 0.5166374781085814 0.5784543325526932 0.5131348511383538 0.5784543325526932 0.5096322241681261 0.5784543325526932 0.5078809106830122 0.5784543325526932 0.5043782837127846 0.5807962529274004 0.5026269702276708 0.5807962529274004 0.500875656742557 0.5807962529274004 0.4991243432574431 0.5784543325526932
8 0.4080560420315236 0.5831381733021077 0.4098073555166375 0.5831381733021077 0.4133099824868651 0.5831381733021077 0.415061295971979 0.5831381733021077 0.4185639229422067 0.5831381733021077 0.4203152364273205 0.5831381733021077 0.4220665499124343 0.585480093676815 0.425569176882662 0.585480093676815 0.4273204903677758 0.585480093676815 0.4273204903677758 0.5878220140515222 0.4238178633975482 0.5878220140515222 0.4238178633975482 0.5901639344262295 0.4220665499124343 0.5901639344262295 0.4203152364273205 0.5901639344262295 0.4185639229422067 0.5925058548009368 0.4185639229422067 0.594847775175644 0.4185639229422067 0.5971896955503513 0.4203152364273205 0.5995316159250585 0.4220665499124343 0.5995316159250585 0.4238178633975482 0.5995316159250585 0.4238178633975482 0.6018735362997658 0.4238178633975482 0.6042154566744731 0.4220665499124343 0.6065573770491803 0.4203152364273205 0.6088992974238876 0.4185639229422067 0.6088992974238876 0.4168126094570928 0.6112412177985949 0.4168126094570928 0.6065573770491803 0.415061295971979 0.6042154566744731 0.415061295971979 0.6018735362997658 0.4133099824868651 0.6018735362997658 0.415061295971979 0.5995316159250585 0.415061295971979 0.5971896955503513 0.4133099824868651 0.5971896955503513 0.4115586690017513 0.5971896955503513 0.4115586690017513 0.594847775175644 0.4133099824868651 0.594847775175644 0.415061295971979 0.594847775175644 0.4133099824868651 0.5925058548009368 0.4133099824868651 0.5901639344262295 0.4080560420315236 0.5878220140515222 0.4080560420315236 0.585480093676815
0 0.4798598949211909 0.47540983606557374 0.5464098073555166 0.5714285714285714 0.5166374781085814 0.6206088992974239 0.5078809106830122 0.6416861826697893 0.4991243432574431 0.6627634660421545 0.4956217162872154 0.6791569086651054 0.4921190893169877 0.7049180327868853 0.4851138353765324 0.7564402810304449 0.4816112084063047 0.7704918032786885 0.4746059544658494 0.7822014051522248 0.46935201401050786 0.7892271662763466 0.46234676007005254 0.7939110070257611 0.3957968476357268 0.8079625292740047 0.34851138353765326 0.8173302107728337 0.3380035026269702 0.8290398126463701 0.3309982486865149 0.8313817330210773 0.3239929947460595 0.8313817330210773 0.29597197898423816 0.8149882903981265 0.26970227670753066 0.7939110070257611 0.2381786339754816 0.7798594847775175 0.21891418563922943 0.7728337236533958 0.16987740805604204 0.7283372365339579 0.1330998248686515 0.6885245901639344 0.10332749562171628 0.6463700234192038 0.08231173380035026 0.6065573770491803 0.0840630472854641 0.585480093676815 0.06654991243432574 0.5339578454332553 0.06654991243432574 0.4964871194379391 0.08231173380035026 0.4637002341920375 0.09982486865148861 0.5058548009367682 0.15411558669001751 0.5620608899297423 0.2136602451838879 0.5971896955503513 0.2609457092819615 0.6112412177985949 0.29422066549912435 0.522248243559719 0.3432574430823117 0.5245901639344263 0.4080560420315236 0.5175644028103045
5 0.5726795096322241 0.765807962529274 0.5464098073555166 0.7704918032786885 0.532399299474606 0.7517564402810304 0.5271453590192644 0.7166276346604216 0.5341506129597198 0.6838407494145199 0.542907180385289 0.6510538641686182 0.5569176882661997 0.6276346604215457 0.5726795096322241 0.6135831381733021 0.5866900175131349 0.6065573770491803 0.6007005253940455 0.6065573770491803 0.6112084063047285 0.6229508196721312 0.6147110332749562 0.6651053864168618 0.6094570928196147 0.7049180327868853
3 0.6427320490367776 0.5456674473067916 0.649737302977233 0.5737704918032787 0.649737302977233 0.6042154566744731 0.649737302977233 0.6346604215456675 0.6427320490367776 0.6627634660421545 0.6427320490367776 0.6768149882903981 0.6532399299474606 0.6814988290398126 0.6672504378283712 0.6651053864168618 0.6690017513134852 0.6323185011709602 0.6672504378283712 0.5925058548009368 0.658493870402802 0.5526932084309133 0.6444833625218914 0.5339578454332553