0 0.6328320802005013 0.6861435726210351 0.6491228070175439 0.6878130217028381 0.6641604010025063 0.6894824707846411 0.6954887218045113 0.6894824707846411 0.7355889724310777 0.6894824707846411 0.7518796992481203 0.6878130217028381 0.8045112781954887 0.6878130217028381 0.8082706766917294 0.7045075125208681 0.8095238095238095 0.7195325542570952 0.8132832080200502 0.7345575959933222 0.8157894736842105 0.7495826377295493 0.8157894736842105 0.7595993322203672 0.8120300751879699 0.7696160267111853 0.8045112781954887 0.7762938230383973 0.7944862155388471 0.7863105175292153 0.7781954887218046 0.7929883138564274 0.7656641604010025 0.7929883138564274 0.7493734335839599 0.7963272120200334 0.7355889724310777 0.7979966611018364 0.7243107769423559 0.7979966611018364 0.6967418546365914 0.7996661101836394 0.6804511278195489 0.7996661101836394 0.6704260651629073 0.7979966611018364 0.6578947368421053 0.7963272120200334 0.6466165413533834 0.7929883138564274 0.6328320802005013 0.7846410684474123 0.6228070175438597 0.7829716193656093 0.6265664160401002 0.7796327212020033 0.6240601503759399 0.6878130217028381
0 0.949874686716792 0.4590984974958264 0.949874686716792 0.4774624373956594 0.9423558897243107 0.4707846410684474 0.9360902255639098 0.4707846410684474 0.9285714285714286 0.4741235392320534 0.8283208020050126 0.5191986644407346 0.8233082706766918 0.5225375626043406 0.8208020050125313 0.5258764607679466 0.8170426065162907 0.5308848080133556 0.8120300751879699 0.5325542570951586 0.8082706766917294 0.5325542570951586 0.7919799498746867 0.5308848080133556 0.7907268170426065 0.5208681135225376 0.8145363408521303 0.5208681135225376 0.8195488721804511 0.5125208681135225 0.8308270676691729 0.5075125208681135 0.8421052631578947 0.5008347245409015 0.8721804511278195 0.48580968280467446 0.9022556390977443 0.4724540901502504 0.9235588972431078 0.46410684474123537 0.9385964912280702 0.4574290484140234
0 0.606516290726817 0.5709515859766278 0.6015037593984962 0.5609348914858097 0.5989974937343359 0.5542570951585977 0.5939849624060151 0.5425709515859767 0.5902255639097744 0.5308848080133556 0.5877192982456141 0.5208681135225376 0.5864661654135338 0.5125208681135225 0.5877192982456141 0.5041736227045075 0.5914786967418546 0.5008347245409015 0.5964912280701754 0.5008347245409015 0.6127819548872181 0.5008347245409015 0.6265664160401002 0.5025041736227045 0.6378446115288221 0.5058430717863105 0.6629072681704261 0.5091819699499165 0.681704260651629 0.5108514190317195 0.7042606516290727 0.5125208681135225 0.7293233082706767 0.5158597662771286 0.7506265664160401 0.5191986644407346 0.7706766917293233 0.5208681135225376 0.7857142857142857 0.5225375626043406 0.7907268170426065 0.5242070116861436 0.7944862155388471 0.5292153589315526 0.7919799498746867 0.5392320534223706 0.7894736842105263 0.5459098497495827 0.7882205513784462 0.5542570951585977 0.7857142857142857 0.5592654424040067 0.7819548872180451 0.5676126878130217 0.7781954887218046 0.5726210350584308 0.7756892230576441 0.5776293823038398 0.7719298245614035 0.5809682804674458 0.7669172932330827 0.5859766277128547 0.7644110275689223 0.5893155258764607 0.7606516290726817 0.5926544240400667 0.7543859649122807 0.5926544240400667 0.7468671679197995 0.5926544240400667 0.7393483709273183 0.5943238731218697 0.6766917293233082 0.5909849749582637 0.6428571428571429 0.5876460767946577 0.6215538847117794 0.5843071786310517 0.6115288220551378 0.5809682804674458 0.606516290726817 0.5809682804674458
3 0.4974937343358396 0.5125208681135225 0.5238095238095238 0.5492487479131887 0.5363408521303258 0.5659432387312187 0.5551378446115288 0.5692821368948247 0.5601503759398496 0.5726210350584308 0.581453634085213 0.5792988313856428 0.5939849624060151 0.5809682804674458 0.6015037593984962 0.5792988313856428 0.6090225563909775 0.5809682804674458 0.6152882205513784 0.5876460767946577 0.6203007518796992 0.5926544240400667 0.6203007518796992 0.5843071786310517 0.6177944862155389 0.5726210350584308 0.6140350877192983 0.5659432387312187 0.6102756892230576 0.5542570951585977 0.5964912280701754 0.5409015025041736 0.5927318295739349 0.5342237061769616 0.5852130325814536 0.5275459098497496 0.5802005012531328 0.5225375626043406 0.5701754385964912 0.5158597662771286 0.5639097744360902 0.5125208681135225 0.556390977443609 0.5075125208681135 0.550125313283208 0.5025041736227045 0.5426065162907269 0.4991652754590985 0.5288220551378446 0.4941569282136895 0.5213032581453634 0.49248747913188645 0.5112781954887218 0.49248747913188645 0.5050125313283208 0.4958263772954925 0.5 0.5008347245409015
3 0.36215538847117795 0.5859766277128547 0.3634085213032581 0.5692821368948247 0.36466165413533835 0.5575959933222037 0.3659147869674185 0.5475792988313857 0.37092731829573933 0.5358931552587646 0.37593984962406013 0.5225375626043406 0.38345864661654133 0.5108514190317195 0.39348370927318294 0.4974958263772955 0.40476190476190477 0.48580968280467446 0.41854636591478694 0.48080133555926546 0.4323308270676692 0.4741235392320534 0.43734335839599 0.46410684474123537 0.44110275689223055 0.44908180300500833 0.4423558897243108 0.42070116861435725 0.4398496240601504 0.4006677796327212 0.41478696741854637 0.3772954924874791 0.39097744360902253 0.36894824707846413 0.37593984962406013 0.3739565943238731 0.3684210526315789 0.3789649415692821 0.3558897243107769 0.38564273789649417 0.3433583959899749 0.4023372287145242 0.32957393483709274 0.42237061769616024 0.3233082706766917 0.44908180300500833 0.3208020050125313 0.4707846410684474 0.31704260651629074 0.4941569282136895 0.31704260651629074 0.5158597662771286 0.3182957393483709 0.5358931552587646 0.32205513784461154 0.5509181969949917 0.3258145363408521 0.5642737896494157 0.3283208020050125 0.5759599332220368 0.33959899749373434 0.5876460767946577 0.3483709273182957 0.5909849749582637 0.35714285714285715 0.5959933222036727
6 0.5488721804511278 0.657762938230384 0.5664160401002506 0.666110183639399 0.568922305764411 0.6861435726210351 0.5714285714285714 0.7078464106844741 0.5726817042606517 0.7245409015025042 0.568922305764411 0.7295492487479132 0.5576441102756893 0.7295492487479132 0.5551378446115288 0.6978297161936561 0.5513784461152882 0.676126878130217
5 0.8609022556390977 0.6444073455759599 0.9097744360902256 0.6126878130217028 0.9486215538847118 0.5826377295492488 0.9398496240601504 0.6410684474123539 0.9210526315789473 0.659432387312187 0.8583959899749374 0.6944908180300501
5 0.6328320802005013 0.6911519198664441 0.7719298245614035 0.6994991652754591 0.7919799498746867 0.7262103505843072 0.7756892230576441 0.7579298831385642 0.7330827067669173 0.7662771285475793 0.6704260651629073 0.7662771285475793 0.6416040100250626 0.7579298831385642 0.6353383458646616 0.7245409015025042
8 0.3609022556390977 0.44407345575959933 0.3433583959899749 0.44574290484140233 0.34711779448621555 0.4674457429048414 0.3609022556390977 0.4774624373956594
8 0.3558897243107769 0.5442404006677797 0.34461152882205515 0.5325542570951586 0.3508771929824561 0.5509181969949917 0.35714285714285715 0.5559265442404007
8 0.35714285714285715 0.5058430717863105 0.32706766917293234 0.48914858096828046 0.3333333333333333 0.48414023372287146 0.35714285714285715 0.48747913188647746
8 0.5664160401002506 0.666110183639399 0.6240601503759399 0.6894824707846411 0.6265664160401002 0.7662771285475793 0.5776942355889725 0.7529215358931552
8 0.6403508771929824 0.8013355592654424 0.6240601503759399 0.7879799666110183 0.6190476190476191 0.7779632721202003 0.6190476190476191 0.7646076794657763 0.62531328320802 0.7595993322203672 0.6428571428571429 0.7729549248747913 0.6516290726817042 0.7879799666110183 0.6666666666666666 0.7929883138564274 0.6942355889724311 0.7963272120200334 0.6954887218045113 0.8046744574290484 0.6629072681704261 0.8063439065108514