5 0.39136716687737044 0 0.36788874841972186 0.044596912521440824 0.3615676359039191 0.08576329331046312 0.3615676359039191 0.11320754716981132 0.36283185840707965 0.13036020583190394 0.47281921618204803 0.10634648370497427 0.4968394437420986 0.022298456260720412 0.5000203906447535 0 0.39136716687737044 0
0 0.5710335018963337 0 0.5689001264222503 0.005145797598627788 0.5575221238938053 0.04288164665523156 0.5461441213653603 0.08404802744425385 0.5398230088495575 0.1097770154373928 0.5347661188369153 0.1457975986277873 0.5549936788874842 0.13379073756432247 0.5790139064475348 0.11492281303602059 0.6042983565107459 0.09948542024013722 0.629582806573957 0.07890222984562607 0.6536030341340076 0.06689536878216124 0.6700379266750948 0.03773584905660377 0.6826801517067004 0.00686106346483705 0.6920715183312264 0 0.5710335018963337 0
5 0.35145385587863465 0.307032590051458 0.3388116308470291 0.4939965694682676 0.34513274336283184 0.6243567753001715 0.35398230088495575 0.7392795883361921 0.36788874841972186 0.8370497427101201 0.4083438685208597 0.8953687821612349 0.42098609355246525 0.9073756432246999 0.3969658659924147 0.6500857632933105 0.40581542351453853 0.4099485420240137 0.40581542351453853 0.3156089193825043 0.4108723135271808 0.2504288164665523 0.4222503160556258 0.13036020583190394 0.3640960809102402 0.137221269296741 0.35145385587863465 0.307032590051458
5 0.4639696586599241 0.3996569468267582 0.46776232616940583 0.313893653516295 0.4715549936788875 0.24871355060034306 0.4247787610619469 0.22298456260720412 0.40707964601769914 0.25728987993138935 0.39570164348925413 0.48713550600343053 0.39823008849557523 0.5969125214408233 0.39823008849557523 0.6775300171526587 0.3994943109987358 0.6963979416809606 0.4690265486725664 0.6895368782161235 0.4639696586599241 0.5454545454545454 0.4639696586599241 0.3996569468267582
6 0.6232616940581542 0.2367066895368782 0.618204804045512 0.274442538593482 0.629582806573957 0.274442538593482 0.6308470290771175 0.2504288164665523 0.6232616940581542 0.2367066895368782
8 0.46270543615676357 0.19039451114922812 0.46776232616940583 0.15265866209262435 0.47914032869785084 0.1097770154373928 0.47534766118836913 0.09090909090909091 0.4563843236409608 0.10291595197255575 0.43994943109987356 0.12864493996569468 0.42604298356510745 0.1646655231560892 0.41845764854614415 0.2058319039451115 0.41466498103666244 0.22298456260720412 0.4336283185840708 0.2195540308747856 0.45764854614412137 0.22126929674099485 0.47534766118836913 0.22984562607204118 0.4892541087231353 0.2332761578044597 0.47534766118836913 0.2144082332761578 0.46270543615676357 0.19039451114922812
6 0.6396965865992414 0.33962264150943394 0.649810366624526 0.3361921097770154 0.649810366624526 0.31217838765008576 0.640960809102402 0.31217838765008576 0.6396965865992414 0.33962264150943394
8 0.504424778761062 0.03430531732418525 0.4993678887484197 0.03430531732418525 0.49557522123893805 0.0411663807890223 0.49557522123893805 0.051457975986277875 0.5006321112515802 0.0548885077186964 0.5018963337547409 0.044596912521440824 0.504424778761062 0.03430531732418525
6 0.6346396965865992 0.7375643224699828 0.6447534766118836 0.7272727272727273 0.6447534766118836 0.7066895368782161 0.6346396965865992 0.7118353344768439 0.6346396965865992 0.7375643224699828
8 0.5651074589127687 0.02058319039451115 0.5587863463969659 0.015437392795883362 0.5549936788874842 0.008576329331046312 0.5461441213653603 0.00686106346483705 0.5398230088495575 0.012006861063464836 0.5461441213653603 0.015437392795883362 0.5524652338811631 0.018867924528301886 0.5600505689001264 0.0274442538593482 0.5651074589127687 0.02058319039451115
6 0.6371681415929203 0.7770154373927959 0.649810366624526 0.7753001715265866 0.6472819216182049 0.7495711835334476 0.6371681415929203 0.7495711835334476 0.6371681415929203 0.7770154373927959
8 0.47534766118836913 0.14751286449399656 0.47661188369152974 0.13893653516295026 0.47029077117572693 0.1423670668953688 0.4690265486725664 0.15265866209262435 0.46776232616940583 0.1646655231560892 0.4715549936788875 0.17152658662092624 0.4740834386852086 0.1783876500857633 0.47281921618204803 0.16123499142367068 0.47534766118836913 0.14751286449399656
0 0.39133432996207335 0 0.36030341340075855 0.04631217838765009 0.336283185840708 0.1595197255574614 0.32364096080910243 0.37392795883361923 0.32616940581542353 0.6174957118353345 0.34260429835651074 0.8490566037735849 0.3805309734513274 0.9777015437392796 0.39818326548672567 1 0.5611202958280658 1 0.5549936788874842 0.9879931389365352 0.5221238938053098 0.8353344768439108 0.49810366624525915 0.7101200686106347 0.48419721871049304 0.6792452830188679 0.4715549936788875 0.6072041166380789 0.4804045512010114 0.2950257289879931 0.4968394437420986 0.23156089193825044 0.5410872313527181 0.13550600343053174 0.5752212389380531 0.008576329331046312 0.5779302869785082 0 0.39133432996207335 0