0 0.4190715181932246 0.6093489148580968 0.3450439146800502 0.5392320534223706 0.3224592220828105 0.5125208681135225 0.30112923462986196 0.48747913188647746 0.29234629861982436 0.48247078464106846 0.27478042659974905 0.4958263772954925 0.2584692597239649 0.4991652754590985 0.22835633626097868 0.48080133555926546 0.20200752823086573 0.48414023372287146 0.18946047678795483 0.4991652754590985 0.17565872020075282 0.5175292153589316 0.1668757841907152 0.5275459098497496 0.15307402760351319 0.5308848080133556 0.13676286072772897 0.5308848080133556 0.12170639899623588 0.5492487479131887 0.11668757841907151 0.5676126878130217 0.11543287327478043 0.5976627712854758 0.12296110414052698 0.662771285475793 0.13048933500627352 0.7128547579298832 0.14178168130489335 0.7579298831385642 0.15181932245922208 0.7879799666110183 0.178168130489335 0.7946577629382304 0.20075282308657466 0.7863105175292153 0.2371392722710163 0.7378964941569283 0.25972396486825594 0.6894824707846411 0.2697616060225847 0.6477462437395659 0.27478042659974905 0.6093489148580968 0.27352572145545795 0.5876460767946577 0.28983688833124216 0.5726210350584308 0.4127979924717691 0.6477462437395659
3 0.4491844416562108 0.6377295492487479 0.4755332496863237 0.6494156928213689 0.5081555834378921 0.657762938230384 0.5294855708908407 0.679465776293823 0.5558343789209536 0.6994991652754591 0.5934755332496863 0.7178631051752922 0.6424090338770388 0.7429048414023373 0.6060225846925973 0.7462437395659433 0.5683814303638645 0.7245409015025042 0.5307402760351317 0.7128547579298832 0.49435382685069007 0.6928213689482471 0.4642409033877039 0.667779632721202
8 0.4918444165621079 0.8530884808013356 0.5144291091593476 0.8564273789649416 0.5508155583437893 0.8781302170283807 0.5771643663739021 0.8881469115191987 0.5997490589711418 0.9065108514190318 0.6235884567126725 0.9432387312186978 0.5834378920953576 0.9031719532554258 0.5583437892095358 0.8914858096828047 0.5307402760351317 0.8764607679465777 0.5094102885821832 0.8681135225375626
8 0.6047678795483061 0.9015025041736227 0.6185696361355082 0.9148580968280468 0.6587202007528231 0.9398998330550918 0.6963613550815558 0.9632721202003339 0.7302383939774153 0.986644407345576 0.7465495608531995 0.998330550918197 0.7603513174404015 0.998330550918197 0.7089084065244667 0.9632721202003339 0.6624843161856964 0.9298831385642737
8 0.5972396486825596 0.9248747913188647 0.6198243412797992 0.9449081803005008 0.6148055207026348 0.9549248747913188 0.5909661229611042 0.9332220367278798
8 0.45420326223337515 0.9115191986644408 0.45671267252195735 0.9081803005008348 0.4604767879548306 0.9048414023372288 0.465495608531995 0.9048414023372288 0.46800501882057716 0.9098497495826378 0.4629861982434128 0.9115191986644408 0.45796737766624845 0.9131886477462438
8 0.6198243412797992 0.9616026711185309 0.6235884567126725 0.9499165275459098 0.6298619824341279 0.9532554257095158 0.6273525721455459 0.9666110183639399
8 0.5282308657465495 0.7145242070116862 0.5357590966122961 0.7161936560934892 0.5457967377666249 0.7195325542570952 0.5545796737766625 0.7245409015025042 0.5633626097867002 0.7262103505843072 0.5721455457967378 0.7312186978297162 0.5846925972396487 0.7312186978297162 0.5922208281053952 0.7395659432387313 0.589711417816813 0.7479131886477463 0.5746549560853199 0.7429048414023373 0.560853199498118 0.7362270450751253 0.5445420326223338 0.7295492487479132 0.5294855708908407 0.7245409015025042
8 0.685069008782936 0.9682804674457429 0.685069008782936 0.9782971619365609 0.6976160602258469 0.9833055091819699 0.698870765370138 0.9732888146911519
8 0.6800501882057717 0.998330550918197 0.6900878293601004 0.998330550918197 0.6599749058971142 0.9699499165275459 0.6511919698870765 0.9699499165275459
2 0.8732747804265998 0.8480801335559266 0.6700125470514429 0.6043405676126878 0.5595984943538268 0.4707846410684474 0.47051442910915936 0.3756260434056761 0.39648682559598497 0.3005008347245409 0.3337515683814304 0.24040066777963273 0.29234629861982436 0.1986644407345576 0.32747804265997493 0.3105175292153589 0.4077791718946048 0.5242070116861436 0.4479297365119197 0.6126878130217028 0.4755332496863237 0.6377295492487479 0.5909661229611042 0.7045075125208681