8 0.4825174825174825 0.7465116279069768 0.4632867132867133 0.7488372093023256 0.4737762237762238 0.7604651162790698 0.486013986013986 0.7651162790697674 0.506993006993007 0.7604651162790698 0.5192307692307693 0.7674418604651163 0.5332167832167832 0.772093023255814 0.5402097902097902 0.7697674418604651 0.5506993006993007 0.7627906976744186 0.5454545454545454 0.7488372093023256 0.5262237762237763 0.7511627906976744 0.5104895104895105 0.7441860465116279 0.48776223776223776 0.7348837209302326 0.4825174825174825 0.7465116279069768
8 0.6031468531468531 0.7604651162790698 0.5874125874125874 0.7604651162790698 0.5979020979020979 0.772093023255814 0.6083916083916084 0.7697674418604651 0.6171328671328671 0.7627906976744186 0.6311188811188811 0.7651162790697674 0.6433566433566433 0.7697674418604651 0.6590909090909091 0.772093023255814 0.6643356643356644 0.7627906976744186 0.6503496503496503 0.7581395348837209 0.6363636363636364 0.7558139534883721 0.6206293706293706 0.7534883720930232 0.6031468531468531 0.7604651162790698
8 0.5559440559440559 0.9162790697674419 0.541958041958042 0.9046511627906977 0.5262237762237763 0.9 0.513986013986014 0.8953488372093024 0.5174825174825175 0.9093023255813953 0.5244755244755245 0.9186046511627907 0.534965034965035 0.9255813953488372 0.541958041958042 0.9325581395348838 0.5524475524475524 0.9395348837209302 0.5664335664335665 0.9441860465116279 0.5751748251748252 0.9534883720930233 0.5856643356643356 0.9511627906976744 0.6013986013986014 0.9534883720930233 0.6136363636363636 0.9465116279069767 0.6118881118881119 0.9348837209302325 0.5996503496503497 0.9302325581395349 0.5856643356643356 0.9255813953488372 0.5716783216783217 0.9186046511627907 0.5559440559440559 0.9162790697674419
8 0.5716783216783217 0.8046511627906977 0.5646853146853147 0.8116279069767441 0.5681818181818182 0.8302325581395349 0.5716783216783217 0.8465116279069768 0.5751748251748252 0.858139534883721 0.5891608391608392 0.872093023255814 0.5961538461538461 0.8837209302325582 0.6066433566433567 0.8953488372093024 0.6136363636363636 0.9069767441860465 0.6223776223776224 0.9093023255813953 0.6328671328671329 0.9 0.6381118881118881 0.8930232558139535 0.6468531468531469 0.872093023255814 0.6503496503496503 0.8604651162790697 0.6468531468531469 0.8395348837209302 0.6398601398601399 0.8209302325581396 0.6346153846153846 0.8023255813953488 0.6241258741258742 0.7883720930232558 0.6083916083916084 0.7883720930232558 0.5909090909090909 0.786046511627907 0.5734265734265734 0.7883720930232558 0.5716783216783217 0.8046511627906977
8 0.5576923076923077 0.872093023255814 0.5576923076923077 0.8813953488372093 0.5734265734265734 0.8837209302325582 0.5804195804195804 0.8883720930232558 0.5891608391608392 0.8953488372093024 0.5979020979020979 0.9 0.6048951048951049 0.9023255813953488 0.6048951048951049 0.8930232558139535 0.5926573426573427 0.8860465116279069 0.5856643356643356 0.8767441860465116 0.5716783216783217 0.872093023255814 0.5576923076923077 0.872093023255814
8 0.6678321678321678 0.8046511627906977 0.6923076923076923 0.8023255813953488 0.6958041958041958 0.7930232558139535 0.6520979020979021 0.7930232558139535 0.6153846153846154 0.7906976744186046 0.6293706293706294 0.8046511627906977 0.6678321678321678 0.8046511627906977
0 0.045454545454545456 0.35348837209302325 0.05244755244755245 0.39069767441860465 0.06818181818181818 0.4418604651162791 0.08741258741258741 0.5023255813953489 0.11188811188811189 0.5348837209302325 0.14160839160839161 0.5627906976744186 0.16083916083916083 0.5767441860465117 0.13286713286713286 0.48604651162790696 0.12237762237762238 0.4372093023255814 0.11713286713286714 0.37209302325581395 0.11713286713286714 0.32558139534883723 0.06118881118881119 0.2930232558139535 0.05419580419580419 0.31627906976744186 0.045454545454545456 0.35348837209302325
0 0.1555944055944056 0.5441860465116279 0.1660839160839161 0.5790697674418605 0.21678321678321677 0.6186046511627907 0.28846153846153844 0.6906976744186046 0.2727272727272727 0.6186046511627907 0.263986013986014 0.5488372093023256 0.26573426573426573 0.48372093023255813 0.2674825174825175 0.4511627906976744 0.2674825174825175 0.4069767441860465 0.229020979020979 0.3930232558139535 0.1958041958041958 0.39069767441860465 0.1555944055944056 0.3930232558139535 0.1346153846153846 0.37906976744186044 0.13286713286713286 0.3581395348837209 0.1346153846153846 0.3372093023255814 0.12062937062937062 0.3325581395348837 0.12237762237762238 0.4069767441860465 0.12762237762237763 0.45348837209302323 0.13986013986013987 0.5 0.1555944055944056 0.5441860465116279
0 0.11713286713286714 0.3186046511627907 0.12237762237762238 0.3209302325581395 0.12412587412587413 0.2441860465116279 0.12762237762237763 0.19534883720930232 0.12937062937062938 0.16511627906976745 0.11538461538461539 0.16279069767441862 0.11713286713286714 0.18372093023255814 0.11713286713286714 0.2534883720930233 0.11713286713286714 0.3023255813953488 0.11713286713286714 0.3186046511627907
3 0.18181818181818182 0.43488372093023253 0.16958041958041958 0.42093023255813955 0.15034965034965034 0.41627906976744183 0.1381118881118881 0.41627906976744183 0.1258741258741259 0.4186046511627907 0.1258741258741259 0.4325581395348837 0.13636363636363635 0.4720930232558139 0.14335664335664336 0.5 0.15384615384615385 0.5255813953488372 0.15734265734265734 0.5581395348837209 0.16958041958041958 0.5744186046511628 0.2097902097902098 0.6116279069767442 0.21153846153846154 0.5627906976744186 0.20279720279720279 0.5093023255813953 0.1888111888111888 0.46511627906976744 0.18181818181818182 0.43488372093023253
3 0.05244755244755245 0.3209302325581395 0.0472027972027972 0.32790697674418606 0.045454545454545456 0.3488372093023256 0.050699300699300696 0.3883720930232558 0.06118881118881119 0.4186046511627907 0.06993006993006994 0.4441860465116279 0.08041958041958042 0.46744186046511627 0.08741258741258741 0.4906976744186046 0.09265734265734266 0.5093023255813953 0.1048951048951049 0.5255813953488372 0.12237762237762238 0.5395348837209303 0.13286713286713286 0.5511627906976744 0.14335664335664336 0.5674418604651162 0.15734265734265734 0.5767441860465117 0.16083916083916083 0.5604651162790698 0.15384615384615385 0.5232558139534884 0.13636363636363635 0.47674418604651164 0.1258741258741259 0.42790697674418604 0.11713286713286714 0.3883720930232558 0.09265734265734266 0.3209302325581395 0.07517482517482517 0.30930232558139537 0.06468531468531469 0.30465116279069765 0.055944055944055944 0.3116279069767442 0.05244755244755245 0.3209302325581395