6 0.5553047404063205 0.41509433962264153 0.5586907449209932 0.4056603773584906 0.5485327313769752 0.41509433962264153 0.5440180586907449 0.4226415094339623 0.5417607223476298 0.43018867924528303 0.5485327313769752 0.42641509433962266 0.5553047404063205 0.41509433962264153
6 0.5812641083521445 0.4037735849056604 0.5857787810383747 0.39811320754716983 0.5936794582392777 0.3867924528301887 0.5936794582392777 0.38113207547169814 0.5869074492099323 0.38113207547169814 0.582392776523702 0.3905660377358491 0.5801354401805869 0.39811320754716983 0.5733634311512416 0.39811320754716983 0.5711060948081265 0.4037735849056604 0.5744920993227991 0.4056603773584906 0.5812641083521445 0.4037735849056604
6 0.6320541760722348 0.37358490566037733 0.6331828442437923 0.3660377358490566 0.6297968397291196 0.3622641509433962 0.6275395033860045 0.3641509433962264 0.6275395033860045 0.36981132075471695 0.6320541760722348 0.37358490566037733
6 0.5259593679458239 0.19245283018867926 0.5248306997742663 0.19622641509433963 0.5248306997742663 0.2 0.5270880361173815 0.20566037735849058 0.5293453724604966 0.21132075471698114 0.5316027088036117 0.2169811320754717 0.5327313769751693 0.2188679245283019 0.5349887133182845 0.22264150943396227 0.5349887133182845 0.2188679245283019 0.5327313769751693 0.21320754716981133 0.5316027088036117 0.20943396226415095 0.5304740406320542 0.2037735849056604 0.5304740406320542 0.2 0.5293453724604966 0.19622641509433963 0.5293453724604966 0.19245283018867926 0.5282167042889391 0.18867924528301888 0.5259593679458239 0.1811320754716981 0.5237020316027088 0.1811320754716981 0.5214446952595937 0.1792452830188679 0.5237020316027088 0.18490566037735848 0.5259593679458239 0.19245283018867926
6 0.5575620767494357 0.17735849056603772 0.5620767494356659 0.17735849056603772 0.5654627539503386 0.1811320754716981 0.5665914221218962 0.1811320754716981 0.5643340857787811 0.16792452830188678 0.5620767494356659 0.16226415094339622 0.5609480812641083 0.16037735849056603 0.5575620767494357 0.16037735849056603 0.5575620767494357 0.17169811320754716 0.5575620767494357 0.17735849056603772
6 0.5428893905191874 0.23962264150943396 0.5485327313769752 0.24716981132075472 0.5530474040632054 0.25471698113207547 0.5575620767494357 0.25660377358490566 0.5530474040632054 0.24716981132075472 0.5485327313769752 0.24150943396226415 0.5440180586907449 0.2339622641509434 0.5417607223476298 0.22830188679245284 0.5383747178329571 0.22452830188679246 0.5372460496613995 0.22641509433962265 0.5395033860045146 0.23018867924528302 0.5428893905191874 0.23962264150943396
3 0.608352144469526 0.6698113207547169 0.608352144469526 0.660377358490566 0.6027088036117382 0.6509433962264151 0.5981941309255079 0.6433962264150943 0.6027088036117382 0.630188679245283 0.5993227990970654 0.6113207547169811 0.600451467268623 0.6056603773584905 0.59255079006772 0.5830188679245283 0.5857787810383747 0.5509433962264151 0.5790067720090294 0.5207547169811321 0.5778781038374717 0.49433962264150944 0.5744920993227991 0.49056603773584906 0.5677200902934537 0.5056603773584906 0.5609480812641083 0.5094339622641509 0.5519187358916479 0.5094339622641509 0.5406320541760722 0.5 0.536117381489842 0.49433962264150944 0.5237020316027088 0.4867924528301887 0.5146726862302483 0.4867924528301887 0.5011286681715575 0.4981132075471698 0.48758465011286684 0.5037735849056604 0.47404063205417607 0.5075471698113208 0.4650112866817156 0.5169811320754717 0.46275395033860045 0.5452830188679245 0.4683972911963883 0.5528301886792453 0.4796839729119639 0.5566037735849056 0.4932279909706546 0.5566037735849056 0.5067720090293454 0.5622641509433962 0.5293453724604966 0.5849056603773585 0.536117381489842 0.5962264150943396 0.5428893905191874 0.6150943396226415 0.5530474040632054 0.6245283018867924 0.5598194130925508 0.6320754716981132 0.5688487584650113 0.6433962264150943 0.5767494356659142 0.6547169811320754 0.5812641083521445 0.6641509433962264 0.5835214446952596 0.6735849056603773 0.5835214446952596 0.6849056603773584 0.5981941309255079 0.6962264150943396 0.608352144469526 0.6698113207547169
3 0.6354401805869074 0.35471698113207545 0.6275395033860045 0.3660377358490566 0.6151241534988713 0.37924528301886795 0.6015801354401806 0.4056603773584906 0.5914221218961625 0.41509433962264153 0.5756207674943566 0.4358490566037736 0.5632054176072234 0.4490566037735849 0.5496613995485328 0.4679245283018868 0.5406320541760722 0.48867924528301887 0.5406320541760722 0.4981132075471698 0.5395033860045146 0.5056603773584906 0.5564334085778782 0.5132075471698113 0.5688487584650113 0.5 0.5756207674943566 0.49056603773584906 0.5835214446952596 0.4641509433962264 0.5869074492099323 0.4490566037735849 0.6027088036117382 0.4226415094339623 0.6241534988713319 0.39622641509433965 0.6309255079006773 0.39245283018867927 0.6388261851015802 0.3886792452830189 0.6444695259593679 0.3867924528301887 0.6512415349887133 0.3905660377358491 0.6433408577878104 0.3660377358490566 0.6354401805869074 0.35471698113207545
6 0.5598194130925508 0.5490566037735849 0.5643340857787811 0.5528301886792453 0.572234762979684 0.5584905660377358 0.5756207674943566 0.5547169811320755 0.5778781038374717 0.5471698113207547 0.5767494356659142 0.5358490566037736 0.5767494356659142 0.5226415094339623 0.5767494356659142 0.4981132075471698 0.572234762979684 0.4981132075471698 0.5665914221218962 0.5037735849056604 0.5632054176072234 0.5094339622641509 0.5598194130925508 0.5132075471698113 0.5598194130925508 0.5188679245283019 0.5609480812641083 0.5226415094339623 0.5586907449209932 0.5245283018867924 0.5553047404063205 0.5283018867924528 0.5553047404063205 0.5339622641509434 0.5553047404063205 0.539622641509434 0.5586907449209932 0.5452830188679245 0.554176072234763 0.5433962264150943 0.5507900677200903 0.539622641509434 0.5519187358916479 0.5339622641509434 0.5519187358916479 0.5283018867924528 0.5485327313769752 0.5283018867924528 0.5372460496613995 0.5245283018867924 0.5327313769751693 0.5226415094339623 0.5270880361173815 0.530188679245283 0.5270880361173815 0.5415094339622641 0.5338600451467269 0.5471698113207547 0.5428893905191874 0.5471698113207547 0.5507900677200903 0.5490566037735849 0.5598194130925508 0.5490566037735849
6 0.6015801354401806 0.6188679245283019 0.5981941309255079 0.6226415094339622 0.5948081264108352 0.6226415094339622 0.5914221218961625 0.6226415094339622 0.5857787810383747 0.6226415094339622 0.5812641083521445 0.6264150943396226 0.5767494356659142 0.6188679245283019 0.572234762979684 0.6188679245283019 0.5688487584650113 0.620754716981132 0.5654627539503386 0.6169811320754717 0.5609480812641083 0.6150943396226415 0.5598194130925508 0.6132075471698113 0.5632054176072234 0.6113207547169811 0.5632054176072234 0.6075471698113207 0.5575620767494357 0.6056603773584905 0.5485327313769752 0.6056603773584905 0.5440180586907449 0.6037735849056604 0.5406320541760722 0.5981132075471698 0.5372460496613995 0.590566037735849 0.5304740406320542 0.5830188679245283 0.5316027088036117 0.5943396226415094 0.5338600451467269 0.6 0.536117381489842 0.6056603773584905 0.5417607223476298 0.6132075471698113 0.5451467268623025 0.6150943396226415 0.5496613995485328 0.6169811320754717 0.5564334085778782 0.6245283018867924 0.5609480812641083 0.6264150943396226 0.5643340857787811 0.6358490566037736 0.5699774266365688 0.6377358490566037 0.572234762979684 0.6415094339622641 0.5756207674943566 0.6490566037735849 0.5812641083521445 0.6509433962264151 0.5857787810383747 0.6509433962264151 0.5857787810383747 0.6433962264150943 0.590293453724605 0.6433962264150943 0.5948081264108352 0.6433962264150943 0.5970654627539503 0.6396226415094339 0.5993227990970654 0.6339622641509434 0.6027088036117382 0.6264150943396226 0.6027088036117382 0.6150943396226415 0.6015801354401806 0.6188679245283019
6 0.582392776523702 0.5962264150943396 0.5869074492099323 0.5962264150943396 0.590293453724605 0.5981132075471698 0.5891647855530474 0.5943396226415094 0.5857787810383747 0.5867924528301887 0.582392776523702 0.5830188679245283 0.5778781038374717 0.5792452830188679 0.5756207674943566 0.5716981132075472 0.5733634311512416 0.5679245283018868 0.5711060948081265 0.5622641509433962 0.5665914221218962 0.560377358490566 0.5665914221218962 0.5622641509433962 0.5699774266365688 0.569811320754717 0.572234762979684 0.5735849056603773 0.5677200902934537 0.5716981132075472 0.5609480812641083 0.560377358490566 0.5598194130925508 0.5547169811320755 0.554176072234763 0.5528301886792453 0.5519187358916479 0.5528301886792453 0.5496613995485328 0.560377358490566 0.5496613995485328 0.5641509433962264 0.5507900677200903 0.5735849056603773 0.5564334085778782 0.5792452830188679 0.5575620767494357 0.5867924528301887 0.5609480812641083 0.5886792452830188 0.5632054176072234 0.5924528301886792 0.5643340857787811 0.5962264150943396 0.5677200902934537 0.6018867924528302 0.5699774266365688 0.6075471698113207 0.572234762979684 0.6132075471698113 0.5733634311512416 0.6150943396226415 0.5744920993227991 0.6113207547169811 0.5733634311512416 0.6075471698113207 0.572234762979684 0.6075471698113207 0.5711060948081265 0.6018867924528302 0.5733634311512416 0.6 0.5767494356659142 0.6 0.5801354401805869 0.6 0.582392776523702 0.5962264150943396
3 0.4762979683972912 0.35471698113207545 0.4909706546275395 0.37735849056603776 0.5033860045146726 0.41132075471698115 0.5169300225733634 0.41132075471698115 0.5282167042889391 0.40943396226415096 0.5395033860045146 0.41132075471698115 0.5507900677200903 0.42452830188679247 0.5654627539503386 0.41320754716981134 0.5733634311512416 0.41132075471698115 0.5801354401805869 0.4056603773584906 0.5936794582392777 0.3905660377358491 0.5993227990970654 0.37924528301886795 0.6072234762979684 0.3754716981132076 0.6139954853273137 0.3660377358490566 0.6241534988713319 0.35660377358490564 0.6309255079006773 0.35094339622641507 0.636568848758465 0.33584905660377357 0.6376975169300225 0.3169811320754717 0.6309255079006773 0.2943396226415094 0.6252821670428894 0.27169811320754716 0.6151241534988713 0.2339622641509434 0.608352144469526 0.20566037735849058 0.6015801354401806 0.1830188679245283 0.5993227990970654 0.17169811320754716 0.5914221218961625 0.1660377358490566 0.5778781038374717 0.16037735849056603 0.5643340857787811 0.15660377358490565 0.5564334085778782 0.15660377358490565 0.5474040632054176 0.15660377358490565 0.5383747178329571 0.16037735849056603 0.5282167042889391 0.16226415094339622 0.5112866817155757 0.1641509433962264 0.4932279909706546 0.16792452830188678 0.47404063205417607 0.17358490566037735 0.45711060948081267 0.16981132075471697 0.4435665914221219 0.17547169811320754 0.4345372460496614 0.19056603773584907 0.43115124153498874 0.2 0.4322799097065463 0.2320754716981132 0.4345372460496614 0.2528301886792453 0.43905191873589167 0.29056603773584905 0.45711060948081267 0.3132075471698113 0.4762979683972912 0.35471698113207545
3 0.6602708803611738 0.38301886792452833 0.6591422121896162 0.38113207547169814 0.6568848758465011 0.37169811320754714 0.6534988713318285 0.3641509433962264 0.6501128668171557 0.3641509433962264 0.6523702031602708 0.3754716981132076 0.6557562076749436 0.3849056603773585 0.6602708803611738 0.38301886792452833
3 0.5 0.5962264150943396 0.518058690744921 0.6 0.5338600451467269 0.6150943396226415 0.5451467268623025 0.6622641509433962 0.5519187358916479 0.6660377358490566 0.5677200902934537 0.6754716981132075 0.5790067720090294 0.7037735849056603 0.5846501128668171 0.6924528301886792 0.5869074492099323 0.6735849056603773 0.5835214446952596 0.6641509433962264 0.5790067720090294 0.6528301886792452 0.5677200902934537 0.6358490566037736 0.5530474040632054 0.620754716981132 0.5383747178329571 0.6113207547169811 0.5304740406320542 0.5792452830188679 0.518058690744921 0.5679245283018868 0.5090293453724605 0.5622641509433962 0.4909706546275395 0.569811320754717 0.4853273137697517 0.6075471698113207 0.5 0.5962264150943396
0 0.5989176365688488 1 0.6049661399548533 0.9792452830188679 0.6117381489841986 0.9415094339622642 0.6072234762979684 0.9113207547169812 0.5914221218961625 0.8886792452830189 0.5970654627539503 0.8301886792452831 0.5970654627539503 0.7547169811320755 0.628668171557562 0.6169811320754717 0.6207674943566591 0.6075471698113207 0.5981941309255079 0.6056603773584905 0.5665914221218962 0.7415094339622641 0.5665914221218962 0.7773584905660378 0.5654627539503386 0.8867924528301887 0.582392776523702 0.9037735849056604 0.590293453724605 0.9283018867924528 0.5880361173814899 0.9716981132075472 0.5806034243792325 1 0.5989176365688488 1
0 0.3182844243792325 0.530188679245283 0.4255079006772009 0.5377358490566038 0.45598194130925507 0.5358490566037736 0.4762979683972912 0.5207547169811321 0.5033860045146726 0.5075471698113208 0.5270880361173815 0.48867924528301887 0.5620767494356659 0.4547169811320755 0.5891647855530474 0.42641509433962266 0.6218961625282167 0.3849056603773585 0.6478555304740407 0.3584905660377358 0.6376975169300225 0.30754716981132074 0.6252821670428894 0.33584905660377357 0.5993227990970654 0.3660377358490566 0.5744920993227991 0.39622641509433965 0.5282167042889391 0.4339622641509434 0.5112866817155757 0.4547169811320755 0.4751693002257336 0.4811320754716981 0.4582392776523702 0.4981132075471698 0.4255079006772009 0.5094339622641509 0.32054176072234764 0.5018867924528302 0.3115124153498871 0.47358490566037736 0.3182844243792325 0.530188679245283