0 0.9271356783919598 0.3996655518394649 0.9396984924623115 0.3779264214046823 0.9321608040201005 0.35618729096989965 0.9133165829145728 0.3511705685618729 0.8944723618090452 0.34782608695652173 0.8957286432160804 0.4080267558528428 0.9082914572864321 0.40635451505016723 0.9271356783919598 0.3996655518394649
6 0.8919597989949749 0.5301003344481605 0.8919597989949749 0.5183946488294314 0.8831658291457286 0.5217391304347826 0.8768844221105527 0.5351170568561873 0.8869346733668342 0.5384615384615384 0.8919597989949749 0.5301003344481605
8 0.6834170854271356 0.5451505016722408 0.6658291457286433 0.5451505016722408 0.6670854271356784 0.560200668896321 0.6834170854271356 0.5635451505016722 0.6834170854271356 0.5451505016722408
8 0.742462311557789 0.5903010033444817 0.7638190954773869 0.5819397993311036 0.7902010050251256 0.5719063545150501 0.8077889447236181 0.5668896321070234 0.8103015075376885 0.5518394648829431 0.7889447236180904 0.5585284280936454 0.7688442211055276 0.568561872909699 0.7474874371859297 0.5752508361204013 0.742462311557789 0.5903010033444817
8 0.842964824120603 0.6287625418060201 0.8668341708542714 0.6103678929765887 0.8743718592964824 0.5953177257525084 0.8479899497487438 0.6137123745819398 0.8165829145728644 0.6270903010033445 0.8203517587939698 0.637123745819398 0.842964824120603 0.6287625418060201
8 0.5489949748743719 0.6722408026755853 0.5590452261306532 0.6806020066889632 0.5678391959798995 0.6688963210702341 0.5402010050251256 0.6588628762541806 0.5226130653266332 0.657190635451505 0.5326633165829145 0.6722408026755853 0.5489949748743719 0.6722408026755853
8 0.8680904522613065 0.5301003344481605 0.8517587939698492 0.5418060200668896 0.8530150753768844 0.5535117056856187 0.8706030150753769 0.5434782608695652 0.8680904522613065 0.5301003344481605
6 0.535175879396985 0.4866220735785953 0.507537688442211 0.46321070234113715 0.49246231155778897 0.4816053511705686 0.5138190954773869 0.49665551839464883 0.535175879396985 0.4866220735785953
3 0.878140703517588 0.6053511705685619 0.8844221105527639 0.5652173913043478 0.8907035175879398 0.5384615384615384 0.8957286432160804 0.5183946488294314 0.8806532663316583 0.5100334448160535 0.8706030150753769 0.5551839464882943 0.8618090452261307 0.596989966555184 0.878140703517588 0.6053511705685619
3 0.4082914572864322 0.4866220735785953 0.4221105527638191 0.4698996655518395 0.4434673366834171 0.459866220735786 0.4434673366834171 0.4280936454849498 0.41959798994974873 0.4414715719063545 0.4057788944723618 0.4531772575250836 0.3957286432160804 0.4765886287625418 0.4082914572864322 0.4866220735785953
8 0.6834170854271356 0.6153846153846154 0.6909547738693468 0.617056856187291 0.6871859296482412 0.6070234113712375 0.6834170854271356 0.6153846153846154
5 0.1884422110552764 0.5250836120401338 0.07160804020100503 0.4983277591973244 0.06658291457286432 0.5518394648829431 0.18216080402010051 0.5953177257525084 0.1884422110552764 0.5250836120401338