0 0.8178633975481612 0.20374707259953162 0.7425569176882661 0.20374707259953162 0.649737302977233 0.20140515222482436 0.5936952714535902 0.1990632318501171 0.5376532399299475 0.22716627634660422 0.6322241681260946 0.23185011709601874 0.7583187390542907 0.2388758782201405 0.8126094570928196 0.2459016393442623 0.8441330998248686 0.21779859484777517 0.8669001751313485 0.21311475409836064 0.8178633975481612 0.20374707259953162
4 0.5796847635726795 0.9391100702576113 0.5901926444833625 0.9391100702576113 0.6042031523642732 0.9227166276346604 0.6129597197898424 0.9016393442622951 0.6152948038528896 0.8938329437939111 0.6147110332749562 0.8946135831381733 0.6112084063047285 0.8711943793911007 0.6042031523642732 0.882903981264637 0.6007005253940455 0.8969555035128806 0.5936952714535902 0.9110070257611241 0.5814360770577933 0.927400468384075 0.5796847635726795 0.9391100702576113
4 0.3712784588441331 0.9391100702576113 0.3712784588441331 0.9437939110070258 0.38704028021015763 0.9531615925058547 0.4080560420315236 0.9601873536299765 0.4273204903677758 0.9648711943793911 0.44658493870402804 0.9672131147540983 0.45183887915936954 0.9625292740046838 0.4308231173380035 0.9531615925058547 0.4098073555166375 0.9461358313817331 0.38704028021015763 0.9414519906323185 0.3712784588441331 0.9391100702576113
4 0.13660245183887915 0.765807962529274 0.159369527145359 0.7892271662763466 0.1646234676007005 0.7985948477751756 0.1628721541155867 0.8126463700234192 0.17688266199649738 0.819672131147541 0.18563922942206654 0.8243559718969555 0.18914185639229422 0.8149882903981265 0.19264448336252188 0.7962529274004684 0.18914185639229422 0.8032786885245902 0.16987740805604204 0.7868852459016393 0.15411558669001751 0.7728337236533958 0.14010507880910683 0.7564402810304449 0.13660245183887915 0.765807962529274
6 0.3064798598949212 0.9039812646370023 0.30998248686514884 0.9039812646370023 0.3134851138353765 0.9063231850117096 0.318739054290718 0.9063231850117096 0.3204903677758319 0.9086651053864169 0.3222416812609457 0.9133489461358314 0.3274956217162872 0.9110070257611241 0.3327495621716287 0.9063231850117096 0.3309982486865149 0.8992974238875878 0.3257443082311734 0.892271662763466 0.3064798598949212 0.8899297423887588 0.30472854640980734 0.8946135831381733 0.30472854640980734 0.9016393442622951 0.3064798598949212 0.9039812646370023
0 0.8476357267950964 0.5339578454332553 0.8581436077057794 0.5573770491803278 0.8686514886164624 0.5667447306791569 0.8861646234676007 0.5644028103044496 0.8914185639229422 0.5409836065573771 0.8931698774080561 0.5105386416861827 0.8896672504378283 0.477751756440281 0.8879159369527145 0.45433255269320844 0.8774080560420315 0.44028103044496486 0.8949211908931699 0.4379391100702576 0.8056042031523643 0.3981264637002342 0.8231173380035026 0.4309133489461358 0.830122591943958 0.4707259953161593 0.8388791593695272 0.5058548009367682 0.8476357267950964 0.5339578454332553
3 0.4273204903677758 0.5362997658079626 0.4185639229422067 0.5386416861826698 0.3975481611208406 0.5456674473067916 0.38178633975481613 0.550351288056206 0.38178633975481613 0.5620608899297423 0.3922942206654991 0.5761124121779859 0.4010507880910683 0.5878220140515222 0.4133099824868651 0.5901639344262295 0.4290718038528897 0.5971896955503513 0.4448336252189142 0.5995316159250585 0.45183887915936954 0.5971896955503513 0.46234676007005254 0.5737704918032787 0.46935201401050786 0.5456674473067916 0.4500875656742557 0.5339578454332553 0.4273204903677758 0.5362997658079626
6 0.20665499124343256 0.5433255269320844 0.20140105078809106 0.5409836065573771 0.20140105078809106 0.5480093676814989 0.20490367775831875 0.5480093676814989 0.20665499124343256 0.5433255269320844
6 0.23467600700525393 0.5550351288056206 0.2329246935201401 0.5573770491803278 0.23642732049036777 0.5620608899297423 0.23992994746059546 0.5597189695550351 0.2381786339754816 0.5550351288056206 0.23467600700525393 0.5550351288056206
1 0.5971978984238179 0.9320843091334895 0.5814360770577933 0.9461358313817331 0.5709281961471103 0.9695550351288056 0.5884413309982487 0.9648711943793911 0.6042031523642732 0.9508196721311475 0.6112084063047285 0.927400468384075 0.6182136602451839 0.9086651053864169 0.6199649737302977 0.9039812646370023 0.6094570928196147 0.9063231850117096 0.5971978984238179 0.9320843091334895
3 0.5779334500875657 0.522248243559719 0.5586690017513135 0.5409836065573771 0.5341506129597198 0.5620608899297423 0.5183887915936952 0.5807962529274004 0.5288966725043783 0.6065573770491803 0.5446584938704028 0.5925058548009368 0.5674255691768827 0.5761124121779859 0.5919439579684763 0.5644028103044496 0.6147110332749562 0.5433255269320844 0.6304728546409807 0.5269320843091335 0.6287215411558669 0.4894613583138173 0.6042031523642732 0.5035128805620609 0.5779334500875657 0.522248243559719
3 0.8038528896672504 0.5807962529274004 0.8038528896672504 0.5292740046838408 0.8021015761821366 0.4894613583138173 0.7845884413309983 0.45901639344262296 0.7653239929947461 0.4519906323185012 0.7460595446584939 0.45433255269320844 0.7338003502626971 0.468384074941452 0.7285464098073555 0.4964871194379391 0.7285464098073555 0.5269320843091335 0.7250437828371279 0.5550351288056206 0.7180385288966725 0.5737704918032787 0.702276707530648 0.5925058548009368 0.6987740805604203 0.6088992974238876 0.702276707530648 0.6159250585480094 0.7302977232924693 0.6018735362997658 0.7530647985989493 0.6088992974238876 0.7688266199649737 0.6182669789227166 0.7723292469352014 0.6346604215456675 0.7653239929947461 0.7517564402810304 0.7915936952714536 0.7142857142857143 0.7985989492119089 0.6557377049180327 0.8003502626970228 0.6135831381733021 0.8038528896672504 0.5807962529274004
3 0.6760070052539404 0.5597189695550351 0.6637478108581436 0.5597189695550351 0.6532399299474606 0.5644028103044496 0.6462346760070052 0.5784543325526932 0.6444833625218914 0.5995316159250585 0.649737302977233 0.6182669789227166 0.6619964973730298 0.6346604215456675 0.6672504378283712 0.6416861826697893 0.670753064798599 0.6440281030444965 0.6865148861646234 0.6206088992974239 0.6935201401050788 0.594847775175644 0.6865148861646234 0.5761124121779859 0.6760070052539404 0.5597189695550351
8 0.415061295971979 0.5878220140515222 0.3957968476357268 0.5878220140515222 0.404553415061296 0.5925058548009368 0.4028021015761821 0.6065573770491803 0.39929947460595444 0.6182669789227166 0.404553415061296 0.6135831381733021 0.4063047285464098 0.6042154566744731 0.4098073555166375 0.5925058548009368 0.415061295971979 0.594847775175644 0.415061295971979 0.6088992974238876 0.4168126094570928 0.6182669789227166 0.4185639229422067 0.6065573770491803 0.4220665499124343 0.5995316159250585 0.4308231173380035 0.6018735362997658 0.436077057793345 0.6088992974238876 0.4395796847635727 0.6018735362997658 0.4343257443082312 0.594847775175644 0.425569176882662 0.5925058548009368 0.415061295971979 0.5878220140515222
6 0.3712784588441331 0.8641686182669789 0.36777583187390545 0.8665105386416861 0.36252189141856395 0.8688524590163934 0.36427320490367776 0.8758782201405152 0.3712784588441331 0.8758782201405152 0.3712784588441331 0.8641686182669789
6 0.287215411558669 0.8805620608899297 0.2819614711033275 0.8852459016393442 0.287215411558669 0.8899297423887588 0.29071803852889666 0.8969555035128806 0.29597197898423816 0.9016393442622951 0.30297723292469353 0.8899297423887588 0.30998248686514884 0.8852459016393442 0.30823117338003503 0.8782201405152225 0.30297723292469353 0.8805620608899297 0.30297723292469353 0.8852459016393442 0.29597197898423816 0.8875878220140515 0.287215411558669 0.8805620608899297
6 0.5183887915936952 0.5761124121779859 0.5078809106830122 0.5807962529274004 0.4991243432574431 0.5901639344262295 0.4938704028021016 0.594847775175644 0.4886164623467601 0.5995316159250585 0.4886164623467601 0.6042154566744731 0.4921190893169877 0.6065573770491803 0.4938704028021016 0.6018735362997658 0.4956217162872154 0.5971896955503513 0.4973730297723292 0.6042154566744731 0.5043782837127846 0.6065573770491803 0.51138353765324 0.6065573770491803 0.5148861646234676 0.5995316159250585 0.5131348511383538 0.5901639344262295 0.5166374781085814 0.5831381733021077 0.5201401050788091 0.5807962529274004 0.5253940455341506 0.585480093676815 0.5288966725043783 0.5878220140515222 0.5376532399299475 0.5901639344262295 0.5446584938704028 0.5925058548009368 0.5516637478108581 0.5878220140515222 0.542907180385289 0.5831381733021077 0.5499124343257443 0.5761124121779859 0.5516637478108581 0.5714285714285714 0.5481611208406305 0.5644028103044496 0.5499124343257443 0.5573770491803278 0.553415061295972 0.550351288056206 0.5481611208406305 0.5526932084309133 0.5253940455341506 0.5714285714285714 0.5183887915936952 0.5761124121779859
6 0.532399299474606 0.5526932084309133 0.5253940455341506 0.550351288056206 0.5166374781085814 0.550351288056206 0.5096322241681261 0.5526932084309133 0.5043782837127846 0.5573770491803278 0.4991243432574431 0.5620608899297423 0.4973730297723292 0.5667447306791569 0.4991243432574431 0.5714285714285714 0.5096322241681261 0.5690866510538641 0.5131348511383538 0.5620608899297423 0.5201401050788091 0.5620608899297423 0.5253940455341506 0.5620608899297423 0.5306479859894921 0.5620608899297423 0.553415061295972 0.5433255269320844 0.553415061295972 0.5362997658079626 0.5481611208406305 0.5339578454332553 0.542907180385289 0.5409836065573771 0.5376532399299475 0.5480093676814989 0.532399299474606 0.5526932084309133
6 0.5814360770577933 0.5433255269320844 0.5796847635726795 0.550351288056206 0.5831873905429071 0.5526932084309133 0.5901926444833625 0.550351288056206 0.5936952714535902 0.5433255269320844 0.5954465849387041 0.5362997658079626 0.5954465849387041 0.5292740046838408 0.5866900175131349 0.5292740046838408 0.5814360770577933 0.5339578454332553 0.5831873905429071 0.5409836065573771 0.5814360770577933 0.5433255269320844
6 0.6654991243432574 0.6042154566744731 0.6725043782837128 0.6018735362997658 0.6690017513134852 0.5925058548009368 0.6637478108581436 0.5901639344262295 0.660245183887916 0.594847775175644 0.6619964973730298 0.6018735362997658 0.6654991243432574 0.6042154566744731
6 0.18914185639229422 0.4566744730679157 0.19264448336252188 0.4566744730679157 0.19264448336252188 0.4519906323185012 0.18914185639229422 0.4496487119437939 0.18739054290718038 0.4519906323185012 0.18739054290718038 0.45433255269320844 0.18914185639229422 0.4566744730679157
6 0.21351430297723292 0.47540983606557374 0.21015761821366025 0.47540983606557374 0.2084063047285464 0.48009367681498827 0.2084063047285464 0.48243559718969553 0.2136602451838879 0.4847775175644028 0.21541155866900175 0.477751756440281 0.21351430297723292 0.47540983606557374
6 0.2946466602451839 0.4766757400468384 0.28896672504378285 0.47540983606557374 0.28371278458844135 0.47540983606557374 0.27845884413309985 0.477751756440281 0.27495621716287216 0.48711943793911006 0.28021015761821366 0.4918032786885246 0.29071803852889666 0.4894613583138173 0.2946466602451839 0.4766757400468384
6 0.43257443082311736 0.5292740046838408 0.44833625218914186 0.5269320843091335 0.44658493870402804 0.5152224824355972 0.4395796847635727 0.5128805620608899 0.4343257443082312 0.5152224824355972 0.43257443082311736 0.5175644028103045 0.43257443082311736 0.5292740046838408
5 0.24168126094570927 0.7283372365339579 0.15236427320490367 0.6838407494145199 0.14711033274956217 0.7259953161592506 0.2381786339754816 0.775175644028103 0.24168126094570927 0.7283372365339579
0 0.5411558669001751 0.5644028103044496 0.563922942206655 0.5480093676814989 0.5954465849387041 0.522248243559719 0.6339754816112084 0.4918032786885246 0.6690017513134852 0.4637002341920375 0.6304728546409807 0.48009367681498827 0.5989492119089317 0.49414519906323184 0.5656742556917689 0.522248243559719 0.532399299474606 0.5550351288056206 0.5043782837127846 0.5761124121779859 0.51138353765324 0.585480093676815 0.5288966725043783 0.5784543325526932 0.5411558669001751 0.5644028103044496
0 0.45359019264448336 0.6112412177985949 0.46760070052539404 0.6042154566744731 0.4448336252189142 0.5925058548009368 0.425569176882662 0.5878220140515222 0.39929947460595444 0.5807962529274004 0.37653239929947463 0.5807962529274004 0.38704028021015763 0.5925058548009368 0.4273204903677758 0.6065573770491803 0.45359019264448336 0.6112412177985949