8 0.5652173913043478 0.7488372093023256 0.5826086956521739 0.7465116279069768 0.5739130434782609 0.7372093023255814 0.5582608695652174 0.7348837209302326 0.5652173913043478 0.7488372093023256
6 0.3843478260869565 0.5046511627906977 0.39304347826086955 0.5093023255813953 0.41391304347826086 0.513953488372093 0.40869565217391307 0.5 0.3808695652173913 0.4930232558139535 0.3843478260869565 0.5046511627906977
6 0.3773913043478261 0.5209302325581395 0.38782608695652177 0.5325581395348837 0.4017391304347826 0.5279069767441861 0.38608695652173913 0.5162790697674419 0.37217391304347824 0.5093023255813953 0.3773913043478261 0.5209302325581395
3 0.5704347826086956 0.5395348837209303 0.5808695652173913 0.5581395348837209 0.6017391304347826 0.5674418604651162 0.6173913043478261 0.5651162790697675 0.6034782608695652 0.5441860465116279 0.5878260869565217 0.5302325581395348 0.56 0.5186046511627908 0.5704347826086956 0.5395348837209303
3 0.5234782608695652 0.6348837209302326 0.5391304347826087 0.6651162790697674 0.5547826086956522 0.686046511627907 0.5547826086956522 0.6651162790697674 0.5356521739130434 0.6348837209302326 0.5165217391304348 0.6046511627906976 0.5234782608695652 0.6348837209302326
3 0.5252173913043479 0.5441860465116279 0.5460869565217391 0.5465116279069767 0.5478260869565217 0.5348837209302325 0.52 0.5255813953488372 0.4973913043478261 0.5372093023255814 0.5252173913043479 0.5441860465116279
3 0.4226086956521739 0.48604651162790696 0.4052173913043478 0.5069767441860465 0.39304347826086955 0.5302325581395348 0.38782608695652177 0.5651162790697675 0.391304347826087 0.6162790697674418 0.391304347826087 0.6906976744186046 0.3947826086956522 0.7558139534883721 0.4121739130434783 0.7767441860465116 0.4573913043478261 0.8069767441860465 0.4956521739130435 0.8232558139534883 0.5321739130434783 0.827906976744186 0.5756521739130435 0.8232558139534883 0.5756521739130435 0.8023255813953488 0.5826086956521739 0.772093023255814 0.5843478260869566 0.7325581395348837 0.5895652173913043 0.6441860465116279 0.5826086956521739 0.5372093023255814 0.5373913043478261 0.4883720930232558 0.4469565217391304 0.4720930232558139 0.4226086956521739 0.48604651162790696
8 0.6678260869565218 0.6790697674418604 0.662608695652174 0.6697674418604651 0.6573913043478261 0.6581395348837209 0.6521739130434783 0.6581395348837209 0.6434782608695652 0.6627906976744186 0.6417391304347826 0.6744186046511628 0.64 0.6813953488372093 0.6452173913043479 0.6930232558139535 0.6521739130434783 0.7 0.662608695652174 0.6976744186046512 0.6678260869565218 0.6790697674418604
8 0.6730434782608695 0.7511627906976744 0.6660869565217391 0.7465116279069768 0.6539130434782608 0.7558139534883721 0.648695652173913 0.7697674418604651 0.6469565217391304 0.7837209302325582 0.6573913043478261 0.7813953488372093 0.6695652173913044 0.7744186046511627 0.6730434782608695 0.7511627906976744
3 0.3130434782608696 0.4441860465116279 0.31478260869565217 0.4744186046511628 0.32 0.5 0.32521739130434785 0.5232558139534884 0.33217391304347826 0.5511627906976744 0.34608695652173915 0.5767441860465117 0.3391304347826087 0.5581395348837209 0.34608695652173915 0.5558139534883721 0.3565217391304348 0.5325581395348837 0.3634782608695652 0.5232558139534884 0.3739130434782609 0.5162790697674419 0.37565217391304345 0.5069767441860465 0.37217391304347824 0.49767441860465117 0.36869565217391304 0.48604651162790696 0.3565217391304348 0.4813953488372093 0.3426086956521739 0.46744186046511627 0.33217391304347826 0.4558139534883721 0.3130434782608696 0.42790697674418604 0.3130434782608696 0.4441860465116279
5 0.88 0.6116279069767442 0.9408695652173913 0.5348837209302325 0.9582608695652174 0.4604651162790698 0.9026086956521739 0.5162790697674419 0.88 0.6116279069767442
0 0.3130434782608696 0.4255813953488372 0.3008695652173913 0.42093023255813955 0.28347826086956524 0.4116279069767442 0.2573913043478261 0.3953488372093023 0.26260869565217393 0.4046511627906977 0.2956521739130435 0.42790697674418604 0.3095652173913043 0.43488372093023253 0.3182608695652174 0.4372093023255814 0.3269565217391304 0.4325581395348837 0.3408695652173913 0.4186046511627907 0.3373913043478261 0.4069767441860465 0.3217391304347826 0.4232558139534884 0.3130434782608696 0.4255813953488372