8 0.471608832807571 0.09322033898305085 0.4747634069400631 0.09745762711864407 0.48264984227129337 0.04025423728813559 0.4842271293375394 0.029661016949152543 0.47634069400630913 0.014830508474576272 0.471608832807571 0.09322033898305085
8 0.3107255520504732 0.4088983050847458 0.3217665615141956 0.4872881355932203 0.36908517350157727 0.5084745762711864 0.35331230283911674 0.4364406779661017 0.3580441640378549 0.413135593220339 0.3359621451104101 0.4088983050847458 0.3107255520504732 0.4088983050847458
4 0.2823343848580442 0.4661016949152542 0.2949526813880126 0.5021186440677966 0.31230283911671924 0.4957627118644068 0.2917981072555205 0.4216101694915254 0.27602523659305994 0.423728813559322 0.2823343848580442 0.4661016949152542
8 0.3107255520504732 0.5402542372881356 0.2823343848580442 0.5423728813559322 0.28391167192429023 0.5741525423728814 0.2539432176656151 0.5720338983050848 0.26025236593059936 0.6038135593220338 0.2807570977917981 0.614406779661017 0.2981072555205047 0.6122881355932204 0.29652996845425866 0.5953389830508474 0.30757097791798105 0.5953389830508474 0.3138801261829653 0.6186440677966102 0.37066246056782337 0.635593220338983 0.3675078864353312 0.6016949152542372 0.3580441640378549 0.6016949152542372 0.334384858044164 0.5402542372881356 0.3107255520504732 0.5402542372881356
8 0.277602523659306 0.2966101694915254 0.2886435331230284 0.2923728813559322 0.2949526813880126 0.3728813559322034 0.3675078864353312 0.4046610169491525 0.3627760252365931 0.3135593220338983 0.3548895899053628 0.23516949152542374 0.277602523659306 0.2754237288135593 0.277602523659306 0.2966101694915254
8 0.43690851735015773 0.6546610169491526 0.4384858044164038 0.652542372881356 0.4305993690851735 0.6440677966101694 0.4148264984227129 0.635593220338983 0.4227129337539432 0.6461864406779662 0.43690851735015773 0.6546610169491526
4 0.5031545741324921 0.7372881355932204 0.5047318611987381 0.7436440677966102 0.5063091482649842 0.75 0.5094637223974764 0.75 0.5110410094637224 0.7436440677966102 0.5094637223974764 0.7372881355932204 0.5047318611987381 0.7351694915254238 0.5031545741324921 0.7372881355932204
4 0.5157728706624606 0.6779661016949152 0.5047318611987381 0.6927966101694916 0.5141955835962145 0.7055084745762712 0.5126182965299685 0.7161016949152542 0.5189274447949527 0.7309322033898306 0.5205047318611987 0.7457627118644068 0.5347003154574133 0.75 0.5362776025236593 0.7288135593220338 0.5315457413249212 0.7076271186440678 0.526813880126183 0.6927966101694916 0.5157728706624606 0.6779661016949152
4 0.39740464511041007 0 0.37697160883280756 0.0635593220338983 0.40063091482649843 0.09745762711864407 0.42902208201892744 0.00211864406779661 0.4342797050473186 0 0.39740464511041007 0
3 0.42586750788643535 0.559322033898305 0.40536277602523657 0.5508474576271186 0.3943217665615142 0.5911016949152542 0.41009463722397477 0.6483050847457628 0.4353312302839117 0.6567796610169492 0.4400630914826498 0.6271186440677966 0.42586750788643535 0.559322033898305
4 0.385173501577287 0 0.37066246056782337 0.048728813559322036 0.33280757097791797 0.07203389830508475 0.30441640378548895 0.09110169491525423 0.2886435331230284 0.1504237288135593 0.26813880126182965 0.2478813559322034 0.2618296529968454 0.2944915254237288 0.3548895899053628 0.2457627118644068 0.37697160883280756 0.1271186440677966 0.39747634069400634 0.13347457627118645 0.42113564668769715 0.15466101694915255 0.4384858044164038 0.15677966101694915 0.41798107255520506 0.13135593220338984 0.39747634069400634 0.11016949152542373 0.39747634069400634 0.09110169491525423 0.3785488958990536 0.0635593220338983 0.40278525867507886 0 0.385173501577287 0
8 0.4069400630914827 0.6461864406779662 0.38801261829652994 0.5847457627118644 0.3785488958990536 0.5847457627118644 0.38485804416403785 0.6398305084745762 0.4069400630914827 0.6461864406779662
0 0.3832807570977918 0.5783898305084746 0.3801261829652997 0.5953389830508474 0.39589905362776023 0.6461864406779662 0.4069400630914827 0.6504237288135594 0.41798107255520506 0.6440677966101694 0.41009463722397477 0.5953389830508474 0.41798107255520506 0.559322033898305 0.40536277602523657 0.5466101694915254 0.3832807570977918 0.5783898305084746