3 0.6015995260663507 0 0.590047393364929 0.013771186440677966 0.5979462875197472 0.028601694915254237 0.6105845181674565 0.013771186440677966 0.6374407582938388 0.007415254237288136 0.6381319115323855 0 0.6015995260663507 0
3 0.5821484992101106 0.037076271186440676 0.5631911532385466 0.07944915254237288 0.5758293838862559 0.0858050847457627 0.5884676145339652 0.0836864406779661 0.6011058451816745 0.06673728813559322 0.6026856240126383 0.04766949152542373 0.5995260663507109 0.03283898305084746 0.5821484992101106 0.037076271186440676
3 0.6137440758293838 0.06673728813559322 0.5979462875197472 0.07521186440677965 0.5726698262243286 0.0858050847457627 0.5742496050552922 0.09851694915254237 0.590047393364929 0.1239406779661017 0.5837282780410743 0.17266949152542374 0.5916271721958926 0.18114406779661016 0.5979462875197472 0.1472457627118644 0.6121642969984202 0.11758474576271187 0.6263823064770933 0.10063559322033898 0.6248025276461295 0.0858050847457627 0.6216429699842022 0.06885593220338983 0.6137440758293838 0.06673728813559322
3 0.5078988941548184 0.10911016949152542 0.5221169036334913 0.07944915254237288 0.509478672985782 0.07309322033898305 0.4968404423380727 0.09639830508474577 0.5078988941548184 0.10911016949152542
3 0.49368088467614535 0.11758474576271187 0.48578199052132703 0.15572033898305085 0.504739336492891 0.1281779661016949 0.49368088467614535 0.11758474576271187
3 0.566350710900474 0.149364406779661 0.5647709320695102 0.1853813559322034 0.5758293838862559 0.1896186440677966 0.580568720379147 0.1684322033898305 0.5821484992101106 0.13241525423728814 0.5742496050552922 0.11758474576271187 0.566350710900474 0.149364406779661
4 0.48907319589257503 1 0.490521327014218 0.9883474576271186 0.48578199052132703 0.9904661016949152 0.48578199052132703 0.9713983050847458 0.4826224328593997 0.9713983050847458 0.48104265402843605 0.9396186440677966 0.4731437598736177 0.9417372881355932 0.4731437598736177 0.9226694915254238 0.46998420221169035 0.9247881355932204 0.46524486571879936 0.9184322033898306 0.4589257503949447 0.948093220338983 0.46050552922590837 0.9713983050847458 0.46524486571879936 0.996822033898305 0.46613349131121645 1 0.48907319589257503 1
8 0.5789889415481833 0.1853813559322034 0.5679304897314376 0.1853813559322034 0.5631911532385466 0.2044491525423729 0.5616113744075829 0.21716101694915255 0.5695102685624013 0.19385593220338984 0.5631911532385466 0.22139830508474576 0.5679304897314376 0.21927966101694915 0.5726698262243286 0.2065677966101695 0.5710900473933649 0.21927966101694915 0.5742496050552922 0.22351694915254236 0.5868878357030016 0.1896186440677966 0.5789889415481833 0.1853813559322034
4 0.3815165876777251 0.9502118644067796 0.39257503949447076 0.9819915254237288 0.4020537124802528 0.9798728813559322 0.41311216429699843 0.9819915254237288 0.4225908372827804 0.9883474576271186 0.42101105845181674 0.9819915254237288 0.42417061611374407 0.9777542372881356 0.4273301737756714 0.9777542372881356 0.4273301737756714 0.975635593220339 0.42417061611374407 0.9671610169491526 0.4194312796208531 0.9565677966101694 0.41311216429699843 0.9502118644067796 0.40837282780410744 0.948093220338983 0.3988941548183254 0.9459745762711864 0.39257503949447076 0.948093220338983 0.38941548183254343 0.9332627118644068 0.3862559241706161 0.9311440677966102 0.3783570300157978 0.9311440677966102 0.3815165876777251 0.9502118644067796
4 0.4099526066350711 0.926906779661017 0.41627172195892576 0.9375 0.4146919431279621 0.9502118644067796 0.42101105845181674 0.9565677966101694 0.42575039494470773 0.9608050847457628 0.4194312796208531 0.9353813559322034 0.41627172195892576 0.9184322033898306 0.4146919431279621 0.909957627118644 0.4099526066350711 0.926906779661017
0 0.5458135860979463 0.638771186440678 0.5600315955766193 0.5985169491525424 0.5774091627172195 0.551906779661017 0.5979462875197472 0.4947033898305085 0.6026856240126383 0.4438559322033898 0.5268562401263823 0.6430084745762712 0.509478672985782 0.6726694915254238 0.5 0.6832627118644068 0.504739336492891 0.7044491525423728 0.5284360189573459 0.676906779661017 0.5458135860979463 0.638771186440678
3 0.5474398293838862 0 0.5300157977883097 0.026483050847457626 0.5 0.11122881355932203 0.490521327014218 0.15995762711864406 0.490521327014218 0.1832627118644068 0.4826224328593997 0.19809322033898305 0.5442338072669827 0.1832627118644068 0.5695102685624013 0.11122881355932203 0.5821484992101106 0.0858050847457627 0.5995260663507109 0.06038135593220339 0.6042654028436019 0.022245762711864406 0.6027574328593996 0 0.5474398293838862 0