3 0.5701754385964912 0.7385786802030457 0.5421052631578948 0.748730964467005 0.5157894736842106 0.766497461928934 0.5 0.7918781725888325 0.49298245614035086 0.8020304568527918 0.4807017543859649 0.8020304568527918 0.47192982456140353 0.7969543147208121 0.443859649122807 0.8045685279187818 0.41578947368421054 0.817258883248731 0.443859649122807 0.868020304568528 0.47017543859649125 0.9187817258883249 0.47719298245614034 0.9263959390862944 0.4964912280701754 0.9365482233502538 0.5210526315789473 0.9441624365482234 0.5385964912280702 0.9517766497461929 0.5649122807017544 0.9593908629441624 0.5842105263157895 0.9619289340101523 0.6052631578947368 0.9619289340101523 0.6228070175438597 0.9568527918781726 0.631578947368421 0.9390862944162437 0.6403508771929824 0.9263959390862944 0.643859649122807 0.8984771573604061 0.6473684210526316 0.8705583756345178 0.643859649122807 0.8375634517766497 0.6385964912280702 0.8071065989847716 0.6298245614035087 0.7842639593908629 0.6228070175438597 0.7741116751269036 0.6052631578947368 0.7715736040609137 0.6070175438596491 0.7563451776649747 0.5982456140350877 0.7461928934010152 0.5894736842105263 0.7385786802030457 0.5701754385964912 0.7385786802030457
3 0.47017543859649125 0.6700507614213198 0.4614035087719298 0.6649746192893401 0.4614035087719298 0.6548223350253807 0.45263157894736844 0.6472081218274112 0.44035087719298244 0.6446700507614214 0.4421052631578947 0.6573604060913706 0.45263157894736844 0.682741116751269 0.4666666666666667 0.7131979695431472 0.4807017543859649 0.7461928934010152 0.48596491228070177 0.7614213197969543 0.47543859649122805 0.7791878172588832 0.4789473684210526 0.7893401015228426 0.49122807017543857 0.7868020304568528 0.5017543859649123 0.7766497461928934 0.512280701754386 0.766497461928934 0.5280701754385965 0.751269035532995 0.5473684210526316 0.7411167512690355 0.5649122807017544 0.733502538071066 0.5807017543859649 0.7309644670050761 0.5859649122807018 0.7208121827411168 0.5877192982456141 0.700507614213198 0.5824561403508772 0.6954314720812182 0.5824561403508772 0.6776649746192893 0.5877192982456141 0.6649746192893401 0.5789473684210527 0.6548223350253807 0.5684210526315789 0.6472081218274112 0.5631578947368421 0.6649746192893401 0.5543859649122806 0.6624365482233503 0.5508771929824562 0.6522842639593909 0.5403508771929825 0.6370558375634517 0.5280701754385965 0.631979695431472 0.5052631578947369 0.6345177664974619 0.48771929824561405 0.6472081218274112 0.4789473684210526 0.6624365482233503 0.47017543859649125 0.6700507614213198
3 0.639298245614035 1 0.6421052631578947 0.9949238578680203 0.6508771929824562 0.9923857868020305 0.6491228070175439 0.9771573604060914 0.6385964912280702 0.9670050761421319 0.6333333333333333 0.9593908629441624 0.6280701754385964 0.9568527918781726 0.6210526315789474 0.9593908629441624 0.5982456140350877 0.9619289340101523 0.5701754385964912 0.9593908629441624 0.5140350877192983 0.9416243654822335 0.5017543859649123 0.9365482233502538 0.4982456140350877 0.9467005076142132 0.5105263157894737 0.9543147208121827 0.5210526315789473 0.9670050761421319 0.5280701754385965 0.9796954314720813 0.5368421052631579 0.9746192893401016 0.5456140350877193 0.9695431472081218 0.5473684210526316 0.9796954314720813 0.5543859649122806 0.9974619289340102 0.5550438596491228 1 0.639298245614035 1
8 0.604561403508772 1 0.6035087719298246 0.9974619289340102 0.5947368421052631 0.9746192893401016 0.5894736842105263 0.9720812182741116 0.5982456140350877 0.9949238578680203 0.6004784684210526 1 0.604561403508772 1
8 0.5956140350877193 1 0.5929824561403508 0.9923857868020305 0.5877192982456141 0.9923857868020305 0.5912280701754385 1 0.5956140350877193 1
8 0.5052631578947369 0.8934010152284264 0.5210526315789473 0.9390862944162437 0.5245614035087719 0.9365482233502538 0.5105263157894737 0.8883248730964467 0.5052631578947369 0.8934010152284264
8 0.5070175438596491 0.8527918781725888 0.5017543859649123 0.850253807106599 0.5157894736842106 0.8908629441624365 0.531578947368421 0.9416243654822335 0.5350877192982456 0.9390862944162437 0.5210526315789473 0.8959390862944162 0.5070175438596491 0.8527918781725888
8 0.3368421052631579 0.4746192893401015 0.32280701754385965 0.4263959390862944 0.3157894736842105 0.3730964467005076 0.3087719298245614 0.3730964467005076 0.3157894736842105 0.4213197969543147 0.33157894736842103 0.4796954314720812 0.3456140350877193 0.5456852791878173 0.3649122807017544 0.6345177664974619 0.36666666666666664 0.6142131979695431 0.3508771929824561 0.5406091370558376 0.3368421052631579 0.4746192893401015
8 0.5578947368421052 0.5989847715736041 0.5561403508771929 0.6091370558375635 0.5701754385964912 0.6472081218274112 0.5771929824561404 0.6802030456852792 0.5824561403508772 0.6852791878172588 0.5789473684210527 0.6624365482233503 0.5578947368421052 0.5989847715736041
8 0.4824561403508772 0.6345177664974619 0.47017543859649125 0.6015228426395939 0.45964912280701753 0.5558375634517766 0.45614035087719296 0.5634517766497462 0.4614035087719298 0.5964467005076142 0.47192982456140353 0.616751269035533 0.49298245614035086 0.6776649746192893 0.512280701754386 0.7208121827411168 0.5245614035087719 0.748730964467005 0.5280701754385965 0.7436548223350253 0.5087719298245614 0.700507614213198 0.4824561403508772 0.6345177664974619
8 0.5228070175438596 0.5786802030456852 0.5263157894736842 0.5939086294416244 0.5403508771929825 0.6446700507614214 0.5456140350877193 0.6446700507614214 0.5298245614035088 0.5888324873096447 0.519298245614035 0.5456852791878173 0.5228070175438596 0.5786802030456852
8 0.3649122807017544 0.4949238578680203 0.35789473684210527 0.49746192893401014 0.35789473684210527 0.5025380710659898 0.3649122807017544 0.5 0.3684210526315789 0.49746192893401014 0.37543859649122807 0.5 0.3684210526315789 0.48984771573604063 0.3649122807017544 0.4949238578680203
8 0.3508771929824561 0.49746192893401014 0.3473684210526316 0.5025380710659898 0.3456140350877193 0.5101522842639594 0.3456140350877193 0.5152284263959391 0.34912280701754383 0.5126903553299492 0.356140350877193 0.5304568527918782 0.35789473684210527 0.5406091370558376 0.36140350877192984 0.5456852791878173 0.3631578947368421 0.5380710659898477 0.356140350877193 0.5203045685279187 0.3508771929824561 0.49746192893401014
8 0.4017543859649123 0.6395939086294417 0.4087719298245614 0.6548223350253807 0.41403508771929826 0.649746192893401 0.4052631578947368 0.631979695431472 0.4017543859649123 0.6395939086294417
8 0.35964912280701755 0.6269035532994924 0.356140350877193 0.6345177664974619 0.38070175438596493 0.6573604060913706 0.3824561403508772 0.649746192893401 0.35964912280701755 0.6269035532994924
8 0.4 0.6649746192893401 0.41403508771929826 0.6751269035532995 0.41228070175438597 0.6675126903553299 0.4 0.6573604060913706 0.4 0.6649746192893401
8 0.4368421052631579 0.649746192893401 0.4649122807017544 0.6979695431472082 0.4982456140350877 0.7639593908629442 0.5017543859649123 0.7614213197969543 0.4842105263157895 0.7157360406091371 0.4456140350877193 0.6345177664974619 0.4368421052631579 0.649746192893401
8 0.3929824561403509 0.7969543147208121 0.4070175438596491 0.8071065989847716 0.41228070175438597 0.8045685279187818 0.4070175438596491 0.7893401015228426 0.3929824561403509 0.7969543147208121
0 0.743859649122807 0.7284263959390863 0.6526315789473685 0.7157360406091371 0.6140350877192983 0.7106598984771574 0.5719298245614035 0.7233502538071066 0.5350877192982456 0.7385786802030457 0.512280701754386 0.751269035532995 0.47368421052631576 0.7538071065989848 0.4473684210526316 0.7766497461928934 0.4052631578947368 0.7918781725888325 0.46842105263157896 0.9187817258883249 0.4824561403508772 0.9314720812182741 0.5175438596491229 0.9416243654822335 0.5368421052631579 0.9517766497461929 0.5649122807017544 0.9619289340101523 0.5929824561403508 0.9695431472081218 0.6192982456140351 0.9670050761421319 0.643859649122807 0.9517766497461929 0.6596491228070176 0.9238578680203046 0.7052631578947368 0.9060913705583756 0.7824561403508772 0.8604060913705583 0.7842105263157895 0.8324873096446701 0.7807017543859649 0.7817258883248731 0.7719298245614035 0.7538071065989848 0.743859649122807 0.7284263959390863
5 0.5964912280701754 0.8020304568527918 0.5877192982456141 0.766497461928934 0.5789473684210527 0.7690355329949239 0.5842105263157895 0.8071065989847716 0.5964912280701754 0.8020304568527918
5 0.6298245614035087 0.9923857868020305 0.6263157894736842 0.9644670050761421 0.6210526315789474 0.9644670050761421 0.6210526315789474 0.9949238578680203 0.6298245614035087 0.9923857868020305
5 0.4967611333333333 0 0.4789473684210526 0.08375634517766498 0.5385964912280702 0.09137055837563451 0.5559649122807017 0 0.4967611333333333 0
0 0.4263157894736842 0.44416243654822335 0.43157894736842106 0.48223350253807107 0.39824561403508774 0.4746192893401015 0.39824561403508774 0.49238578680203043 0.41228070175438597 0.5710659898477157 0.4298245614035088 0.6649746192893401 0.443859649122807 0.7411167512690355 0.47719298245614034 0.7131979695431472 0.4631578947368421 0.6802030456852792 0.4421052631578947 0.6294416243654822 0.41578947368421054 0.49746192893401014 0.4456140350877193 0.5 0.43859649122807015 0.4416243654822335 0.4263157894736842 0.44416243654822335