3 0.5984320557491289 0.7121212121212122 0.5705574912891986 0.6794871794871795 0.5548780487804879 0.6608391608391608 0.544425087108014 0.6491841491841492 0.5426829268292683 0.6631701631701632 0.5409407665505227 0.6678321678321678 0.539198606271777 0.6841491841491841 0.5339721254355401 0.7004662004662005 0.5339721254355401 0.7237762237762237 0.5409407665505227 0.7354312354312355 0.5513937282229965 0.7564102564102564 0.5583623693379791 0.7564102564102564 0.5653310104529616 0.7564102564102564 0.5914634146341463 0.7587412587412588 0.5984320557491289 0.7121212121212122
1 0.6890243902439024 0.8519813519813519 0.6803135888501742 0.872960372960373 0.6750871080139372 0.8846153846153846 0.6750871080139372 0.8962703962703963 0.6820557491289199 0.8986013986013986 0.6942508710801394 0.8892773892773893 0.6994773519163763 0.872960372960373 0.7064459930313589 0.8566433566433567 0.7099303135888502 0.8426573426573427 0.7116724738675958 0.8333333333333334 0.7047038327526133 0.824009324009324 0.6977351916376306 0.8426573426573427 0.6890243902439024 0.8519813519813519
8 0.6350174216027874 0.8962703962703963 0.6315331010452961 0.9172494172494172 0.6210801393728222 0.9312354312354313 0.6123693379790941 0.9498834498834499 0.6036585365853658 0.9708624708624709 0.6071428571428571 0.9731934731934732 0.6158536585365854 0.9615384615384616 0.6245644599303136 0.9522144522144522 0.6297909407665505 0.9452214452214452 0.6367595818815331 0.9312354312354313 0.6454703832752613 0.9312354312354313 0.6559233449477352 0.9009324009324009 0.6681184668989547 0.87995337995338 0.6750871080139372 0.8566433566433567 0.6628919860627178 0.8426573426573427 0.6524390243902439 0.844988344988345 0.6437282229965157 0.872960372960373 0.6350174216027874 0.8962703962703963
8 0.6646341463414634 0.8123543123543123 0.6663763066202091 0.8146853146853147 0.6698606271777003 0.8146853146853147 0.671602787456446 0.8100233100233101 0.6785714285714286 0.8076923076923077 0.6837979094076655 0.8076923076923077 0.6890243902439024 0.8053613053613053 0.6925087108013938 0.796037296037296 0.6977351916376306 0.7913752913752914 0.6994773519163763 0.7867132867132867 0.6994773519163763 0.7797202797202797 0.6942508710801394 0.7843822843822844 0.6890243902439024 0.7913752913752914 0.6855400696864111 0.7983682983682984 0.6820557491289199 0.7983682983682984 0.676829268292683 0.7983682983682984 0.6750871080139372 0.7983682983682984 0.6750871080139372 0.7937062937062938 0.6785714285714286 0.789044289044289 0.6750871080139372 0.7867132867132867 0.671602787456446 0.789044289044289 0.6681184668989547 0.8006993006993007 0.6646341463414634 0.8123543123543123
8 0.6245644599303136 0.754079254079254 0.6315331010452961 0.7727272727272727 0.6367595818815331 0.782051282051282 0.64198606271777 0.789044289044289 0.6454703832752613 0.789044289044289 0.6524390243902439 0.782051282051282 0.6489547038327527 0.7587412587412588 0.6437282229965157 0.7517482517482518 0.6350174216027874 0.7400932400932401 0.6315331010452961 0.7307692307692307 0.6263066202090593 0.7214452214452215 0.6193379790940766 0.7144522144522144 0.6141114982578397 0.7074592074592074 0.6088850174216028 0.7051282051282052 0.6054006968641115 0.7214452214452215 0.6141114982578397 0.7377622377622378 0.6245644599303136 0.754079254079254
6 0.5060975609756098 0.30186480186480186 0.514808362369338 0.3135198135198135 0.5217770034843205 0.3135198135198135 0.5270034843205574 0.3135198135198135 0.5165505226480837 0.3041958041958042 0.5078397212543554 0.2902097902097902 0.5043554006968641 0.28321678321678323 0.5026132404181185 0.28088578088578087 0.4991289198606272 0.28554778554778554 0.5008710801393729 0.2948717948717949 0.5060975609756098 0.30186480186480186
3 0.568815331010453 0.6748251748251748 0.5792682926829268 0.6958041958041958 0.5897212543554007 0.7027972027972028 0.5949477351916377 0.7051282051282052 0.5966898954703833 0.6771561771561772 0.5810104529616724 0.6538461538461539 0.5705574912891986 0.6398601398601399 0.5653310104529616 0.6445221445221445 0.563588850174216 0.6608391608391608 0.568815331010453 0.6748251748251748
0 0.6001742160278746 0.4533799533799534 0.6123693379790941 0.486013986013986 0.6193379790940766 0.5116550116550117 0.6245644599303136 0.5466200466200466 0.6280487804878049 0.583916083916084 0.6297909407665505 0.6165501165501166 0.6315331010452961 0.6468531468531469 0.6332752613240418 0.6631701631701632 0.6332752613240418 0.6794871794871795 0.6315331010452961 0.6911421911421911 0.6280487804878049 0.6911421911421911 0.6193379790940766 0.6864801864801865 0.6071428571428571 0.6724941724941725 0.5949477351916377 0.6678321678321678 0.5932055749128919 0.6748251748251748 0.5914634146341463 0.6818181818181818 0.5897212543554007 0.7004662004662005 0.5932055749128919 0.7307692307692307 0.587979094076655 0.7750582750582751 0.5740418118466899 0.8333333333333334 0.563588850174216 0.8706293706293706 0.5513937282229965 0.9079254079254079 0.544425087108014 0.9265734265734266 0.539198606271777 0.9428904428904429 0.5339721254355401 0.9615384615384616 0.5513937282229965 0.9662004662004662 0.5513937282229965 0.9522144522144522 0.5531358885017421 0.9428904428904429 0.5601045296167247 0.9312354312354313 0.5670731707317073 0.914918414918415 0.5740418118466899 0.9009324009324009 0.5844947735191638 0.8846153846153846 0.587979094076655 0.8636363636363636 0.5949477351916377 0.8146853146853147 0.6036585365853658 0.7773892773892774 0.6036585365853658 0.7587412587412588 0.6036585365853658 0.7494172494172494 0.6036585365853658 0.7400932400932401 0.6054006968641115 0.7237762237762237 0.6054006968641115 0.7167832167832168 0.6054006968641115 0.7074592074592074 0.6054006968641115 0.6981351981351981 0.6088850174216028 0.6864801864801865 0.6123693379790941 0.6888111888111889 0.6193379790940766 0.6958041958041958 0.6245644599303136 0.7051282051282052 0.6297909407665505 0.7121212121212122 0.6332752613240418 0.7167832167832168 0.64198606271777 0.7261072261072261 0.6472125435540069 0.7261072261072261 0.6472125435540069 0.7074592074592074 0.6489547038327527 0.6445221445221445 0.6454703832752613 0.5629370629370629 0.64198606271777 0.4976689976689977 0.6297909407665505 0.4417249417249417 0.617595818815331 0.40675990675990675 0.6054006968641115 0.36480186480186483 0.5914634146341463 0.32051282051282054 0.5548780487804879 0.32051282051282054 0.6001742160278746 0.4533799533799534
0 0.671602787456446 0.9055944055944056 0.6750871080139372 0.8939393939393939 0.6907665505226481 0.8682983682983683 0.7116724738675958 0.8286713286713286 0.7151567944250871 0.817016317016317 0.7168989547038328 0.8076923076923077 0.7221254355400697 0.7983682983682984 0.7273519163763066 0.7843822843822844 0.7325783972125436 0.7703962703962703 0.7395470383275261 0.7564102564102564 0.7412891986062717 0.7424242424242424 0.7412891986062717 0.7354312354312355 0.7482578397212544 0.7121212121212122 0.7465156794425087 0.7004662004662005 0.7447735191637631 0.6888111888111889 0.7395470383275261 0.6794871794871795 0.7325783972125436 0.6748251748251748 0.7273519163763066 0.6748251748251748 0.7168989547038328 0.6771561771561772 0.7064459930313589 0.6818181818181818 0.6994773519163763 0.7377622377622378 0.695993031358885 0.796037296037296 0.6820557491289199 0.8356643356643356 0.6646341463414634 0.8846153846153846 0.6524390243902439 0.9172494172494172 0.671602787456446 0.9055944055944056
3 0.4538327526132404 0.22261072261072262 0.46777003484320556 0.22494172494172493 0.4817073170731707 0.22494172494172493 0.4921602787456446 0.22261072261072262 0.4991289198606272 0.21794871794871795 0.5060975609756098 0.21095571095571095 0.514808362369338 0.20163170163170163 0.5200348432055749 0.1993006993006993 0.5287456445993032 0.1993006993006993 0.5322299651567944 0.19696969696969696 0.539198606271777 0.19463869463869463 0.5479094076655052 0.19463869463869463 0.5531358885017421 0.19463869463869463 0.5618466898954704 0.19230769230769232 0.5705574912891986 0.19230769230769232 0.5757839721254355 0.19230769230769232 0.5792682926829268 0.19230769230769232 0.5862369337979094 0.19230769230769232 0.5914634146341463 0.19463869463869463 0.5966898954703833 0.19696969696969696 0.5949477351916377 0.18764568764568765 0.5897212543554007 0.18298368298368298 0.5827526132404182 0.17132867132867133 0.5705574912891986 0.16200466200466201 0.5618466898954704 0.15967365967365968 0.5426829268292683 0.15034965034965034 0.5270034843205574 0.14102564102564102 0.514808362369338 0.1386946386946387 0.4817073170731707 0.14102564102564102 0.4573170731707317 0.155011655011655 0.4381533101045296 0.16200466200466201 0.42770034843205573 0.16666666666666666 0.4172473867595819 0.175990675990676 0.40853658536585363 0.18764568764568765 0.44337979094076657 0.21794871794871795 0.4538327526132404 0.22261072261072262
0 0.5827526132404182 0.6258741258741258 0.5601045296167247 0.5792540792540792 0.544425087108014 0.5372960372960373 0.5357142857142857 0.5046620046620046 0.5252613240418118 0.47435897435897434 0.5182926829268293 0.4557109557109557 0.5217770034843205 0.486013986013986 0.5287456445993032 0.5233100233100233 0.544425087108014 0.5792540792540792 0.5548780487804879 0.6095571095571095 0.563588850174216 0.6328671328671329 0.5757839721254355 0.6538461538461539 0.5897212543554007 0.6771561771561772 0.6071428571428571 0.6888111888111889 0.6106271777003485 0.6724941724941725 0.5966898954703833 0.6538461538461539 0.5827526132404182 0.6258741258741258
0 0.5897212543554007 0.6911421911421911 0.5757839721254355 0.6724941724941725 0.563588850174216 0.6561771561771562 0.5426829268292683 0.6235431235431236 0.5200348432055749 0.5792540792540792 0.4921602787456446 0.5163170163170163 0.4642857142857143 0.44638694638694637 0.4294425087108014 0.3578088578088578 0.3998257839721254 0.2948717948717949 0.4189895470383275 0.3554778554778555 0.4329268292682927 0.3927738927738928 0.4538327526132404 0.44638694638694637 0.4712543554006969 0.49067599067599066 0.49390243902439024 0.5466200466200466 0.5270034843205574 0.6212121212121212 0.5583623693379791 0.6748251748251748 0.5932055749128919 0.7097902097902098 0.5897212543554007 0.6911421911421911
0 0.406794425087108 0.19463869463869463 0.4346689895470383 0.19463869463869463 0.46777003484320556 0.19696969696969696 0.49738675958188155 0.19696969696969696 0.5252613240418118 0.19230769230769232 0.5601045296167247 0.1853146853146853 0.5792682926829268 0.175990675990676 0.5618466898954704 0.17132867132867133 0.5374564459930313 0.168997668997669 0.4799651567944251 0.16666666666666666 0.44860627177700346 0.168997668997669 0.4259581881533101 0.175990675990676 0.3998257839721254 0.18997668997668998 0.406794425087108 0.19463869463869463