3 0.6203866432337434 0.5093457943925234 0.6045694200351494 0.5350467289719626 0.5975395430579965 0.5677570093457944 0.5922671353251318 0.5934579439252337 0.6063268892794376 0.5794392523364486 0.616871704745167 0.5537383177570093 0.6256590509666081 0.5373831775700935 0.6362038664323374 0.5210280373831776 0.6449912126537786 0.5093457943925234 0.6572934973637962 0.5046728971962616 0.6625659050966608 0.5023364485981309 0.664323374340949 0.4929906542056075 0.6572934973637962 0.48598130841121495 0.6467486818980668 0.48364485981308414 0.632688927943761 0.49065420560747663 0.6203866432337434 0.5093457943925234
3 0.10369068541300527 0.7032710280373832 0.10896309314586995 0.7102803738317757 0.11775043936731107 0.7079439252336449 0.1195079086115993 0.7172897196261683 0.1265377855887522 0.7242990654205608 0.1335676625659051 0.7219626168224299 0.14586994727592267 0.7242990654205608 0.14938488576449913 0.7336448598130841 0.15641476274165203 0.7289719626168224 0.1546572934973638 0.7126168224299065 0.15114235500878734 0.7009345794392523 0.15289982425307558 0.6822429906542056 0.14411247803163443 0.6799065420560748 0.13708260105448156 0.6752336448598131 0.1282952548330404 0.6682242990654206 0.12302284710017575 0.6728971962616822 0.11423550087873462 0.6799065420560748 0.10193321616871705 0.677570093457944 0.1054481546572935 0.6892523364485982 0.10369068541300527 0.7032710280373832
8 0.17398945518453426 0.6892523364485982 0.17926186291739896 0.6845794392523364 0.17926186291739896 0.677570093457944 0.17398945518453426 0.6752336448598131 0.17398945518453426 0.6822429906542056 0.1687170474516696 0.6869158878504673 0.1704745166959578 0.6915887850467289 0.17398945518453426 0.6892523364485982
8 0.11072056239015818 0.7032710280373832 0.11247803163444639 0.6962616822429907 0.11247803163444639 0.6892523364485982 0.10896309314586995 0.6915887850467289 0.1054481546572935 0.7009345794392523 0.1054481546572935 0.7102803738317757 0.11072056239015818 0.7079439252336449 0.11072056239015818 0.7032710280373832
8 0.1546572934973638 0.7149532710280374 0.15289982425307558 0.705607476635514 0.15114235500878734 0.6962616822429907 0.15114235500878734 0.6892523364485982 0.14762741652021089 0.6939252336448598 0.14938488576449913 0.7079439252336449 0.15114235500878734 0.7172897196261683 0.15641476274165203 0.7242990654205608 0.1546572934973638 0.7149532710280374
8 0.10896309314586995 0.6892523364485982 0.11599297012302284 0.6915887850467289 0.11599297012302284 0.6822429906542056 0.11072056239015818 0.6822429906542056 0.1054481546572935 0.677570093457944 0.10369068541300527 0.6822429906542056 0.10896309314586995 0.6892523364485982
8 0.15114235500878734 0.6845794392523364 0.14938488576449913 0.6892523364485982 0.14762741652021089 0.6962616822429907 0.14938488576449913 0.7032710280373832 0.14938488576449913 0.7079439252336449 0.15114235500878734 0.7102803738317757 0.15114235500878734 0.7172897196261683 0.15114235500878734 0.7289719626168224 0.15114235500878734 0.7383177570093458 0.15641476274165203 0.7453271028037384 0.15641476274165203 0.7313084112149533 0.15641476274165203 0.7219626168224299 0.1546572934973638 0.7102803738317757 0.15114235500878734 0.7032710280373832 0.15114235500878734 0.6915887850467289 0.1546572934973638 0.6822429906542056 0.1616871704745167 0.6728971962616822 0.16695957820738136 0.6635514018691588 0.1616871704745167 0.6542056074766355 0.1546572934973638 0.6495327102803738 0.1634446397188049 0.6635514018691588 0.1616871704745167 0.6682242990654206 0.15114235500878734 0.6845794392523364
0 0.5043936731107206 0.677570093457944 0.47627416520210897 0.7009345794392523 0.45694200351493847 0.7172897196261683 0.4288224956063269 0.7219626168224299 0.4077328646748682 0.7266355140186916 0.3866432337434095 0.719626168224299 0.3655536028119508 0.705607476635514 0.351493848857645 0.7009345794392523 0.3093145869947276 0.705607476635514 0.27240773286467485 0.7032710280373832 0.27065026362038663 0.6939252336448598 0.29525483304042177 0.6658878504672897 0.3268892794376098 0.6308411214953271 0.3286467486818981 0.616822429906542 0.30755711775043937 0.6355140186915887 0.2759226713532513 0.6612149532710281 0.23725834797891038 0.6542056074766355 0.19156414762741653 0.6425233644859814 0.15114235500878734 0.633177570093458 0.13708260105448156 0.6285046728971962 0.12478031634446397 0.6121495327102804 0.10720562390158173 0.5864485981308412 0.09490333919156414 0.5630841121495327 0.09490333919156414 0.5397196261682243 0.08787346221441125 0.5233644859813084 0.0913884007029877 0.5 0.07908611599297012 0.4766355140186916 0.07908611599297012 0.45794392523364486 0.06678383128295255 0.4976635514018692 0.05799648506151142 0.5233644859813084 0.0492091388400703 0.5584112149532711 0.04745166959578207 0.6238317757009346 0.05272407732864675 0.6495327102803738 0.0632688927943761 0.6728971962616822 0.06854130052724078 0.6962616822429907 0.08787346221441125 0.7406542056074766 0.13884007029876977 0.8060747663551402 0.2460456942003515 0.8714953271028038 0.34973637961335674 0.8995327102803738 0.4077328646748682 0.9018691588785047 0.4446397188049209 0.9322429906542056 0.5061511423550088 0.8995327102803738 0.5430579964850615 0.8598130841121495 0.5536028119507909 0.8177570093457944 0.5553602811950791 0.7873831775700935 0.5799648506151143 0.7079439252336449 0.6133567662565905 0.6285046728971962 0.6133567662565905 0.5911214953271028 0.5729349736379613 0.6308411214953271 0.5448154657293497 0.6495327102803738 0.5342706502636204 0.6425233644859814 0.5043936731107206 0.677570093457944
2 0.45694200351493847 0.5911214953271028 0.4305799648506151 0.5981308411214953 0.38488576449912126 0.6121495327102804 0.3304042179261863 0.6238317757009346 0.27065026362038663 0.6939252336448598 0.27240773286467485 0.705607476635514 0.351493848857645 0.7009345794392523 0.4024604569420035 0.7289719626168224 0.45518453427065025 0.7172897196261683 0.5026362038664324 0.6799065420560748 0.5272407732864675 0.6495327102803738 0.5588752196836555 0.6004672897196262 0.5694200351493849 0.5560747663551402 0.5553602811950791 0.5537383177570093 0.523725834797891 0.5654205607476636 0.4903339191564148 0.5794392523364486 0.45694200351493847 0.5911214953271028
0 0.46045694200351495 0.4392523364485981 0.437609841827768 0.46261682242990654 0.40597539543058 0.4883177570093458 0.36906854130052724 0.530373831775701 0.3884007029876977 0.5327102803738317 0.3409490333919156 0.5911214953271028 0.35500878734622143 0.5981308411214953 0.3989455184534271 0.5630841121495327 0.44815465729349735 0.5093457943925234 0.4833040421792619 0.48364485981308414 0.5184534270650264 0.45794392523364486 0.5659050966608085 0.4205607476635514 0.6151142355008787 0.37850467289719625 0.6133567662565905 0.3598130841121495 0.5957820738137083 0.352803738317757 0.5694200351493849 0.36682242990654207 0.5500878734622144 0.3691588785046729 0.5114235500878734 0.397196261682243 0.46045694200351495 0.4392523364485981
0 0.14235500878734622 0.5397196261682243 0.14762741652021089 0.5677570093457944 0.2671353251318102 0.6051401869158879 0.3022847100175747 0.6121495327102804 0.3304042179261863 0.6191588785046729 0.3427065026362039 0.6074766355140186 0.351493848857645 0.5911214953271028 0.29701230228471004 0.5817757009345794 0.2583479789103691 0.5677570093457944 0.15289982425307558 0.5257009345794392 0.14235500878734622 0.5397196261682243