8 0.36503067484662577 0.6081730769230769 0.3773006134969325 0.6081730769230769 0.3911042944785276 0.6129807692307693 0.401840490797546 0.6177884615384616 0.4125766871165644 0.6177884615384616 0.4217791411042945 0.625 0.4279141104294479 0.6274038461538461 0.4325153374233129 0.6442307692307693 0.4187116564417178 0.6514423076923077 0.4125766871165644 0.6490384615384616 0.4049079754601227 0.6442307692307693 0.3941717791411043 0.6394230769230769 0.38190184049079756 0.6322115384615384 0.37423312883435583 0.6201923076923077
8 0.455521472392638 0.5072115384615384 0.48466257668711654 0.5072115384615384 0.49693251533742333 0.5120192307692307 0.49079754601226994 0.5264423076923077 0.4616564417177914 0.5240384615384616 0.45245398773006135 0.5192307692307693
3 0.30368098159509205 0.38221153846153844 0.35736196319018404 0.4254807692307692 0.40797546012269936 0.4639423076923077 0.44785276073619634 0.5192307692307693 0.44631901840490795 0.59375 0.4294478527607362 0.625 0.39723926380368096 0.6105769230769231 0.3619631901840491 0.5793269230769231 0.34049079754601225 0.5216346153846154 0.3205521472392638 0.4543269230769231 0.3067484662576687 0.4230769230769231
3 0.3328220858895706 0.5793269230769231 0.36503067484662577 0.5865384615384616 0.4432515337423313 0.5817307692307693 0.46932515337423314 0.6153846153846154 0.4785276073619632 0.6442307692307693 0.49079754601226994 0.6730769230769231 0.4785276073619632 0.7043269230769231 0.4539877300613497 0.7259615384615384 0.4340490797546012 0.7451923076923077 0.401840490797546 0.7355769230769231 0.3558282208588957 0.6971153846153846 0.34049079754601225 0.6899038461538461 0.3220858895705521 0.6706730769230769 0.30828220858895705 0.6634615384615384 0.3006134969325153 0.6322115384615384 0.3128834355828221 0.5793269230769231
3 0.5766871165644172 0.49038461538461536 0.602760736196319 0.4831730769230769 0.6441717791411042 0.49278846153846156 0.6595092024539877 0.5072115384615384 0.661042944785276 0.5552884615384616 0.6395705521472392 0.5841346153846154 0.6288343558282209 0.625 0.5920245398773006 0.6730769230769231 0.5736196319018405 0.6490384615384616 0.5567484662576687 0.6370192307692307 0.5444785276073619 0.6274038461538461 0.5444785276073619 0.5649038461538461 0.5567484662576687 0.5120192307692307
5 0.901840490797546 0.47836538461538464 0.9478527607361963 0.44471153846153844 0.950920245398773 0.4951923076923077 0.9049079754601227 0.5456730769230769 0.901840490797546 0.5024038461538461
8 0.8006134969325154 0.7764423076923077 0.8067484662576687 0.7740384615384616 0.8159509202453987 0.7692307692307693 0.8328220858895705 0.7644230769230769 0.8450920245398773 0.7620192307692307 0.8588957055214724 0.7620192307692307 0.8542944785276073 0.7740384615384616 0.8328220858895705 0.7836538461538461 0.8159509202453987 0.78125 0.8098159509202454 0.7836538461538461
0 0.9294478527607362 0.625 0.9371165644171779 0.6225961538461539 0.941717791411043 0.6322115384615384 0.9386503067484663 0.6394230769230769 0.9340490797546013 0.6442307692307693 0.9187116564417178 0.6538461538461539 0.9125766871165644 0.6466346153846154 0.9202453987730062 0.6346153846153846
3 0.47392638036809814 0.5432692307692307 0.49693251533742333 0.5384615384615384 0.5138036809815951 0.5576923076923077 0.5214723926380368 0.6177884615384616 0.50920245398773 0.6418269230769231 0.4938650306748466 0.6682692307692307 0.48619631901840493 0.6538461538461539 0.47392638036809814 0.6129807692307693 0.4647239263803681 0.5889423076923077 0.4570552147239264 0.5745192307692307 0.4601226993865031 0.5600961538461539
0 0.44171779141104295 0.7524038461538461 0.4892638036809816 0.6826923076923077 0.48773006134969327 0.6105769230769231 0.46932515337423314 0.5985576923076923 0.4570552147239264 0.6442307692307693 0.4263803680981595 0.7043269230769231 0.4003067484662577 0.6947115384615384 0.37883435582822084 0.6802884615384616 0.36809815950920244 0.7139423076923077 0.39570552147239263 0.7355769230769231 0.4110429447852761 0.7403846153846154 0.4233128834355828 0.75
3 0.9493865030674846 0.625 0.9279141104294478 0.6538461538461539 0.8987730061349694 0.6778846153846154 0.8849693251533742 0.6754807692307693 0.8941717791411042 0.6346153846153846 0.9141104294478528 0.6129807692307693 0.9355828220858896 0.6009615384615384
0 0.553680981595092 0.30288461538461536 0.5521472392638037 0.21153846153846154 0.5521472392638037 0.12259615384615384 0.5628834355828221 0.12740384615384615 0.5613496932515337 0.27884615384615385