8 0.35602094240837695 0.27365728900255754 0.3525305410122164 0.27877237851662406 0.35951134380453753 0.29923273657289 0.3647469458987784 0.2966751918158568 0.35602094240837695 0.27365728900255754
8 0.36649214659685864 0.3069053708439898 0.3612565445026178 0.31202046035805625 0.3769633507853403 0.3350383631713555 0.38045375218150085 0.329923273657289 0.36649214659685864 0.3069053708439898
8 0.37521815008726006 0.2966751918158568 0.37521815008726006 0.3248081841432225 0.38045375218150085 0.3273657289002558 0.38045375218150085 0.2966751918158568 0.37521815008726006 0.2966751918158568
8 0.3525305410122164 0.14066496163682865 0.3525305410122164 0.1585677749360614 0.3542757417102967 0.16879795396419436 0.35776614310645727 0.16879795396419436 0.36300174520069806 0.16624040920716113 0.3612565445026178 0.1534526854219949 0.3612565445026178 0.13810741687979539 0.35776614310645727 0.1278772378516624 0.35602094240837695 0.11508951406649616 0.35602094240837695 0.09974424552429667 0.3542757417102967 0.09207161125319693 0.3507853403141361 0.09462915601023018 0.3507853403141361 0.10230179028132992 0.3507853403141361 0.11764705882352941 0.3507853403141361 0.1278772378516624 0.3525305410122164 0.14066496163682865
8 0.4328097731239092 0.1636828644501279 0.43106457242582896 0.17135549872122763 0.4363001745200698 0.17647058823529413 0.43804537521815007 0.16624040920716113 0.4328097731239092 0.1636828644501279
8 0.4467713787085515 0.20460358056265984 0.4467713787085515 0.21739130434782608 0.45200698080279234 0.21483375959079284 0.45200698080279234 0.20460358056265984 0.4467713787085515 0.20460358056265984
8 0.4397905759162304 0.2506393861892583 0.4293193717277487 0.2531969309462916 0.4293193717277487 0.26342710997442453 0.44153577661431065 0.26854219948849106 0.4397905759162304 0.2557544757033248 0.4397905759162304 0.2506393861892583
5 0.2268760907504363 0.05115089514066496 0.2181500872600349 0.06905370843989769 0.21465968586387435 0.08695652173913043 0.2094240837696335 0.10997442455242967 0.2094240837696335 0.13043478260869565 0.2094240837696335 0.15601023017902813 0.2094240837696335 0.1815856777493606 0.2268760907504363 0.17135549872122763 0.24083769633507854 0.16112531969309463 0.24956369982547993 0.15089514066496162 0.2617801047120419 0.1432225063938619 0.27399650959860383 0.1329923273657289 0.28970331588132636 0.1278772378516624 0.3019197207678883 0.12020460358056266 0.30715532286212915 0.11764705882352941 0.3054101221640489 0.09462915601023018 0.30715532286212915 0.0741687979539642 0.3036649214659686 0.043478260869565216 0.3019197207678883 0.015345268542199489 0.3019197207678883 0.0025575447570332483 0.2774869109947644 0.010230179028132993 0.25654450261780104 0.020460358056265986 0.2443280977312391 0.030690537084398978 0.2268760907504363 0.05115089514066496
3 0.31151832460732987 0 0.3089005235602094 0.005115089514066497 0.30715532286212915 0.03836317135549872 0.3089005235602094 0.0639386189258312 0.3106457242582897 0.08695652173913043 0.3106457242582897 0.10741687979539642 0.31413612565445026 0.12276214833759591 0.3263525305410122 0.10741687979539642 0.343804537521815 0.09207161125319693 0.35776614310645727 0.08439897698209718 0.37347294938917974 0.0741687979539642 0.38917975567190227 0.07161125319693094 0.41012216404886565 0.0741687979539642 0.43106457242582896 0.0741687979539642 0.45200698080279234 0.07672634271099744 0.4677137870855148 0.07161125319693094 0.4886561954624782 0.06905370843989769 0.49214659685863876 0.061381074168797956 0.48342059336823734 0.04859335038363171 0.47469458987783597 0.03580562659846547 0.4642233856893543 0.015345268542199489 0.4567439546247819 0 0.31151832460732987 0
8 0.3525305410122164 0.24040920716112532 0.3612565445026178 0.26342710997442453 0.37521815008726006 0.2813299232736573 0.38917975567190227 0.27365728900255754 0.3961605584642234 0.2659846547314578 0.4118673647469459 0.24296675191815856 0.42408376963350786 0.23529411764705882 0.43804537521815007 0.22506393861892582 0.44851657940663175 0.21994884910485935 0.462478184991274 0.21227621483375958 0.4781849912739965 0.20460358056265984 0.49214659685863876 0.2020460358056266 0.5043630017452007 0.17902813299232737 0.5165794066317626 0.17135549872122763 0.537521815008726 0.16879795396419436 0.5514834205933682 0.16879795396419436 0.5427574171029669 0.15089514066496162 0.5340314136125655 0.13810741687979539 0.5235602094240838 0.12531969309462915 0.5148342059336823 0.10741687979539642 0.5095986038394416 0.09462915601023018 0.49912739965095987 0.08184143222506395 0.493891797556719 0.06905370843989769 0.4677137870855148 0.0741687979539642 0.44153577661431065 0.07672634271099744 0.41710296684118675 0.07672634271099744 0.39790575916230364 0.07672634271099744 0.3787085514834206 0.07672634271099744 0.3647469458987784 0.08184143222506395 0.343804537521815 0.09207161125319693 0.33507853403141363 0.09718670076726342 0.33158813263525305 0.10485933503836317 0.33507853403141363 0.14066496163682865 0.34205933682373474 0.16624040920716113 0.3507853403141361 0.20460358056265984 0.3525305410122164 0.24040920716112532
8 0.4886561954624782 0.2557544757033248 0.49040139616055844 0.26342710997442453 0.493891797556719 0.26854219948849106 0.4956369982547993 0.27365728900255754 0.4973821989528796 0.2710997442455243 0.4973821989528796 0.26342710997442453 0.493891797556719 0.2608695652173913 0.49214659685863876 0.2531969309462916 0.49040139616055844 0.24552429667519182 0.4886561954624782 0.23785166240409208 0.4869109947643979 0.23529411764705882 0.4869109947643979 0.22762148337595908 0.4816753926701571 0.23017902813299232 0.48342059336823734 0.23529411764705882 0.4851657940663176 0.24296675191815856 0.4869109947643979 0.2506393861892583 0.4886561954624782 0.2557544757033248
3 0.4083769633507853 0.2659846547314578 0.4258289703315881 0.36061381074168797 0.44502617801047123 0.3836317135549872 0.4799301919720768 0.3887468030690537 0.5165794066317626 0.36061381074168797 0.5357766143106457 0.33248081841432225 0.4869109947643979 0.22762148337595908 0.45549738219895286 0.23273657289002558 0.4083769633507853 0.2659846547314578
5 0.42408376963350786 0.7723785166240409 0.39790575916230364 0.969309462915601 0.45200698080279234 0.979539641943734 0.4869109947643979 0.8056265984654731 0.42408376963350786 0.7723785166240409
0 0.2006980802792321 0.340153452685422 0.2111692844677138 0.35038363171355497 0.25654450261780104 0.35294117647058826 0.2862129144851658 0.36061381074168797 0.3054101221640489 0.35038363171355497 0.31762652705061084 0.3452685421994885 0.35951134380453753 0.3171355498721228 0.3944153577661431 0.28388746803069054 0.40663176265270506 0.26854219948849106 0.450261780104712 0.24808184143222506 0.4851657940663176 0.22762148337595908 0.5008726003490401 0.21994884910485935 0.5130890052356021 0.2020460358056266 0.5270506108202443 0.19437340153452684 0.5410122164048866 0.1918158567774936 0.5497382198952879 0.1918158567774936 0.5619546247818499 0.1918158567774936 0.5706806282722513 0.1918158567774936 0.5828970331588132 0.19437340153452684 0.5898778359511344 0.1969309462915601 0.5986038394415357 0.19948849104859334 0.5916230366492147 0.16624040920716113 0.525305410122164 0.0741687979539642 0.48342059336823734 0.0639386189258312 0.4397905759162304 0.07161125319693094 0.39965095986038396 0.06905370843989769 0.3699825479930192 0.06649616368286446 0.33158813263525305 0.08951406649616368 0.31239092495637 0.11508951406649616 0.2757417102966841 0.1329923273657289 0.18848167539267016 0.1969309462915601 0.1849912739965096 0.21227621483375958 0.18848167539267016 0.26342710997442453 0.19197207678883071 0.289002557544757 0.193717277486911 0.3145780051150895 0.2006980802792321 0.340153452685422
3 0.24956369982547993 0.35038363171355497 0.22338568935427575 0.34782608695652173 0.20767888307155322 0.35038363171355497 0.20593368237347295 0.3631713554987212 0.2181500872600349 0.3887468030690537 0.2600349040139616 0.42455242966751916 0.29668411867364747 0.42710997442455245 0.2914485165794066 0.3938618925831202 0.2774869109947644 0.3657289002557545 0.24956369982547993 0.35038363171355497
3 0.18324607329842932 0.24552429667519182 0.16753926701570682 0.27621483375959077 0.16753926701570682 0.3273657289002558 0.17102966841186737 0.3631713554987212 0.17975567190226877 0.39641943734015345 0.19022687609075042 0.42710997442455245 0.2024432809773124 0.43478260869565216 0.2286212914485166 0.4117647058823529 0.20767888307155322 0.35038363171355497 0.19720767888307156 0.30179028132992325 0.19197207678883071 0.2608695652173913 0.18324607329842932 0.24552429667519182