8 0.5094339622641509 0.6916666666666667 0.5056603773584906 0.6816666666666666 0.5006289308176101 0.6666666666666666 0.49433962264150944 0.655 0.4880503144654088 0.6516666666666666 0.4867924528301887 0.665 0.49056603773584906 0.675 0.49559748427672956 0.6816666666666666 0.5018867924528302 0.6933333333333334 0.5044025157232704 0.7033333333333334 0.5119496855345912 0.7166666666666667 0.5169811320754717 0.7233333333333334 0.5132075471698113 0.7066666666666667 0.5094339622641509 0.6916666666666667
3 0.13333333333333333 0.57 0.2 0.61 0.20628930817610064 0.35 0.1471698113207547 0.34 0.13333333333333333 0.57
8 0.35471698113207545 0.58 0.34968553459119495 0.5883333333333334 0.34591194968553457 0.595 0.3433962264150943 0.6033333333333334 0.3383647798742138 0.62 0.3371069182389937 0.63 0.3371069182389937 0.64 0.34088050314465407 0.6483333333333333 0.34465408805031444 0.635 0.34591194968553457 0.6216666666666667 0.3471698113207547 0.615 0.3522012578616352 0.6066666666666667 0.3572327044025157 0.6 0.3622641509433962 0.59 0.3672955974842767 0.5766666666666667 0.3610062893081761 0.5766666666666667 0.35471698113207545 0.58
3 0.2037735849056604 0.49666666666666665 0.21761006289308177 0.595 0.3132075471698113 0.64 0.33962264150943394 0.555 0.3672955974842767 0.4683333333333333 0.38616352201257864 0.38666666666666666 0.22767295597484277 0.355 0.2050314465408805 0.405 0.2037735849056604 0.49666666666666665
8 0.3069182389937107 0.65 0.30440251572327043 0.6366666666666667 0.3018867924528302 0.625 0.29559748427672955 0.6216666666666667 0.2968553459119497 0.6283333333333333 0.2981132075471698 0.6383333333333333 0.2968553459119497 0.6483333333333333 0.2968553459119497 0.655 0.2981132075471698 0.6633333333333333 0.2993710691823899 0.6716666666666666 0.30566037735849055 0.6783333333333333 0.3119496855345912 0.6783333333333333 0.3169811320754717 0.6733333333333333 0.30943396226415093 0.665 0.3069182389937107 0.65
3 0.48930817610062893 0.57 0.5320754716981132 0.49833333333333335 0.4779874213836478 0.445 0.44025157232704404 0.5083333333333333 0.48930817610062893 0.57
3 0.3786163522012579 0.5566666666666666 0.36981132075471695 0.5616666666666666 0.3610062893081761 0.5683333333333334 0.35471698113207545 0.575 0.3484276729559748 0.585 0.3421383647798742 0.59 0.3433962264150943 0.6 0.3534591194968553 0.5983333333333334 0.3610062893081761 0.5933333333333334 0.3672955974842767 0.585 0.3723270440251572 0.575 0.379874213836478 0.5683333333333334 0.389937106918239 0.5666666666666667 0.39622641509433965 0.565 0.3987421383647799 0.5566666666666666 0.38742138364779877 0.555 0.3786163522012579 0.5566666666666666
3 0.3836477987421384 0.56 0.42012578616352203 0.5716666666666667 0.4578616352201258 0.6233333333333333 0.4817610062893082 0.5733333333333334 0.43144654088050316 0.5166666666666667 0.3836477987421384 0.56
3 0.35471698113207545 0.5866666666666667 0.379874213836478 0.5466666666666666 0.4238993710691824 0.5166666666666667 0.4528301886792453 0.475 0.4389937106918239 0.4483333333333333 0.39622641509433965 0.4216666666666667 0.3886792452830189 0.44666666666666666 0.37358490566037733 0.49333333333333335 0.35471698113207545 0.5416666666666666 0.3383647798742138 0.6 0.32452830188679244 0.6633333333333333 0.3421383647798742 0.6733333333333333 0.35471698113207545 0.5866666666666667
3 0.2729559748427673 0.5983333333333334 0.2591194968553459 0.5916666666666667 0.24276729559748428 0.59 0.2339622641509434 0.5933333333333334 0.23018867924528302 0.6033333333333334 0.22767295597484277 0.6133333333333333 0.22641509433962265 0.6283333333333333 0.2289308176100629 0.6383333333333333 0.2440251572327044 0.645 0.25534591194968553 0.6533333333333333 0.26666666666666666 0.6583333333333333 0.28050314465408804 0.665 0.2918238993710692 0.6716666666666666 0.2981132075471698 0.6733333333333333 0.30943396226415093 0.6716666666666666 0.3119496855345912 0.6633333333333333 0.31446540880503143 0.6516666666666666 0.3119496855345912 0.6333333333333333 0.3119496855345912 0.62 0.30566037735849055 0.6133333333333333 0.2981132075471698 0.6116666666666667 0.28679245283018867 0.605 0.2729559748427673 0.5983333333333334
8 0.22767295597484277 0.48 0.2050314465408805 0.475 0.2050314465408805 0.48833333333333334 0.2238993710691824 0.49166666666666664 0.22767295597484277 0.48
3 0.20125786163522014 0.36666666666666664 0.19371069182389938 0.3616666666666667 0.1861635220125786 0.36 0.18490566037735848 0.355 0.18238993710691823 0.34833333333333333 0.17735849056603772 0.3433333333333333 0.16729559748427672 0.33666666666666667 0.1610062893081761 0.3333333333333333 0.1509433962264151 0.3333333333333333 0.14842767295597484 0.33666666666666667 0.14465408805031446 0.3416666666666667 0.1459119496855346 0.34833333333333333 0.15220125786163521 0.3516666666666667 0.15723270440251572 0.355 0.16729559748427672 0.36 0.16981132075471697 0.36333333333333334 0.17484276729559747 0.365 0.17735849056603772 0.37 0.17861635220125785 0.385 0.17735849056603772 0.395 0.1761006289308176 0.40166666666666667 0.17484276729559747 0.405 0.18238993710691823 0.4083333333333333 0.189937106918239 0.4083333333333333 0.19748427672955976 0.4083333333333333 0.20251572327044026 0.4033333333333333 0.20628930817610064 0.3933333333333333 0.2088050314465409 0.38166666666666665 0.2088050314465409 0.37333333333333335 0.2037735849056604 0.36833333333333335 0.20125786163522014 0.36666666666666664
8 0.2088050314465409 0.49 0.2088050314465409 0.5 0.22264150943396227 0.505 0.22264150943396227 0.49333333333333335 0.2088050314465409 0.49
8 0.1949685534591195 0.4816666666666667 0.18867924528301888 0.48333333333333334 0.18238993710691823 0.485 0.17358490566037735 0.485 0.1710691823899371 0.49 0.1710691823899371 0.495 0.17861635220125785 0.5 0.18364779874213835 0.5066666666666667 0.18867924528301888 0.515 0.18867924528301888 0.5266666666666666 0.19371069182389938 0.5316666666666666 0.1949685534591195 0.5383333333333333 0.1949685534591195 0.545 0.19622641509433963 0.555 0.19748427672955976 0.5616666666666666 0.19748427672955976 0.5683333333333334 0.19748427672955976 0.5783333333333334 0.19874213836477989 0.5866666666666667 0.20628930817610064 0.5833333333333334 0.20754716981132076 0.575 0.2088050314465409 0.56 0.2050314465408805 0.5283333333333333 0.2037735849056604 0.5133333333333333 0.2037735849056604 0.5016666666666667 0.20251572327044026 0.48833333333333334 0.20251572327044026 0.4766666666666667 0.19622641509433963 0.4766666666666667 0.1949685534591195 0.4816666666666667
8 0.25660377358490566 0.655 0.2880503144654088 0.6733333333333333 0.2918238993710692 0.6683333333333333 0.2893081761006289 0.6533333333333333 0.28050314465408804 0.6433333333333333 0.26163522012578616 0.65 0.25660377358490566 0.655
8 0.19245283018867926 0.44 0.19371069182389938 0.45166666666666666 0.1949685534591195 0.465 0.19874213836477989 0.475 0.20251572327044026 0.4666666666666667 0.19874213836477989 0.4583333333333333 0.19748427672955976 0.44666666666666666 0.19748427672955976 0.43833333333333335 0.19748427672955976 0.43 0.19874213836477989 0.425 0.2 0.41833333333333333 0.19245283018867926 0.43 0.19245283018867926 0.44
8 0.27169811320754716 0.6016666666666667 0.2591194968553459 0.605 0.25660377358490566 0.6283333333333333 0.27169811320754716 0.6316666666666667 0.2792452830188679 0.6183333333333333 0.27169811320754716 0.6016666666666667
1 0.32075471698113206 0.6033333333333334 0.32578616352201256 0.6066666666666667 0.32955974842767294 0.6116666666666667 0.33081761006289306 0.605 0.3283018867924528 0.6 0.3232704402515723 0.6 0.31572327044025156 0.6 0.32075471698113206 0.6033333333333334
8 0.2943396226415094 0.6683333333333333 0.2981132075471698 0.65 0.2943396226415094 0.6283333333333333 0.2842767295597484 0.6316666666666667 0.28679245283018867 0.665 0.2943396226415094 0.6683333333333333
8 0.2729559748427673 0.5683333333333334 0.27672955974842767 0.5733333333333334 0.2792452830188679 0.5766666666666667 0.2830188679245283 0.5816666666666667 0.2880503144654088 0.5916666666666667 0.2918238993710692 0.6 0.2981132075471698 0.6066666666666667 0.3018867924528302 0.61 0.3081761006289308 0.6133333333333333 0.31069182389937106 0.6116666666666667 0.30440251572327043 0.6066666666666667 0.30062893081761005 0.6066666666666667 0.2968553459119497 0.5983333333333334 0.2930817610062893 0.59 0.2893081761006289 0.58 0.2842767295597484 0.5733333333333334 0.2779874213836478 0.5666666666666667 0.2742138364779874 0.565 0.2729559748427673 0.5683333333333334
8 0.34591194968553457 0.625 0.3534591194968553 0.6033333333333334 0.3610062893081761 0.5866666666666667 0.3660377358490566 0.5733333333333334 0.34968553459119495 0.5733333333333334 0.3320754716981132 0.6333333333333333 0.33459119496855344 0.6533333333333333 0.3433962264150943 0.6516666666666666 0.34591194968553457 0.625
8 0.23270440251572327 0.5783333333333334 0.23773584905660378 0.5816666666666667 0.24779874213836478 0.5833333333333334 0.25660377358490566 0.5866666666666667 0.2679245283018868 0.59 0.2742138364779874 0.595 0.2830188679245283 0.5983333333333334 0.2842767295597484 0.595 0.2792452830188679 0.5916666666666667 0.2691823899371069 0.5866666666666667 0.2628930817610063 0.5833333333333334 0.2591194968553459 0.5816666666666667 0.2490566037735849 0.5766666666666667 0.24025157232704403 0.5766666666666667 0.23018867924528302 0.5733333333333334 0.23270440251572327 0.5783333333333334
6 0.3283018867924528 0.485 0.31069182389937106 0.5033333333333333 0.3232704402515723 0.5183333333333333 0.33962264150943394 0.495 0.3283018867924528 0.485
8 0.2289308176100629 0.5983333333333334 0.23773584905660378 0.6 0.24528301886792453 0.6033333333333334 0.25534591194968553 0.6083333333333333 0.26163522012578616 0.6116666666666667 0.2641509433962264 0.615 0.2641509433962264 0.6216666666666667 0.2679245283018868 0.6283333333333333 0.27169811320754716 0.6283333333333333 0.2729559748427673 0.6233333333333333 0.27169811320754716 0.6116666666666667 0.27044025157232704 0.6066666666666667 0.2628930817610063 0.6016666666666667 0.2540880503144654 0.6 0.2440251572327044 0.5966666666666667 0.23647798742138365 0.595 0.22138364779874214 0.595 0.2289308176100629 0.5983333333333334
6 0.2968553459119497 0.6816666666666666 0.30943396226415093 0.685 0.3119496855345912 0.675 0.3081761006289308 0.6233333333333333 0.2930817610062893 0.6216666666666667 0.2968553459119497 0.6816666666666666
8 0.2289308176100629 0.5816666666666667 0.2389937106918239 0.5866666666666667 0.2490566037735849 0.59 0.26163522012578616 0.5966666666666667 0.27169811320754716 0.6016666666666667 0.2779874213836478 0.6066666666666667 0.29056603773584905 0.6116666666666667 0.30566037735849055 0.62 0.30943396226415093 0.6216666666666667 0.3081761006289308 0.6133333333333333 0.3018867924528302 0.61 0.2943396226415094 0.6066666666666667 0.28553459119496855 0.6016666666666667 0.2792452830188679 0.5966666666666667 0.2691823899371069 0.5933333333333334 0.26037735849056604 0.59 0.25031446540880503 0.585 0.24025157232704403 0.5816666666666667 0.22515723270440252 0.5783333333333334 0.2289308176100629 0.5816666666666667
6 0.5094339622641509 0.7316666666666667 0.5182389937106918 0.7366666666666667 0.5169811320754717 0.7133333333333334 0.5081761006289308 0.6816666666666666 0.48930817610062893 0.65 0.4830188679245283 0.6616666666666666 0.5094339622641509 0.7316666666666667
5 0.7874213836477988 0.655 0.889308176100629 0.61 0.879245283018868 0.5533333333333333 0.7735849056603774 0.5983333333333334 0.7874213836477988 0.655