8 0.6353383458646616 0.4230769230769231 0.6378446115288221 0.43812709030100333 0.6441102756892231 0.451505016722408 0.6491228070175439 0.47324414715719065 0.6553884711779449 0.4765886287625418 0.656641604010025 0.45652173913043476 0.6516290726817042 0.431438127090301 0.6353383458646616 0.4230769230769231
8 0.6077694235588973 0.41471571906354515 0.6140350877192983 0.44481605351170567 0.6203007518796992 0.4765886287625418 0.6303258145363408 0.5133779264214047 0.6378446115288221 0.5434782608695652 0.6441102756892231 0.5652173913043478 0.6453634085213033 0.5551839464882943 0.6403508771929824 0.5284280936454849 0.6303258145363408 0.49665551839464883 0.62531328320802 0.46153846153846156 0.6215538847117794 0.43812709030100333 0.6152882205513784 0.41638795986622074 0.6077694235588973 0.41471571906354515
8 0.5839598997493735 0.4013377926421405 0.5839598997493735 0.41638795986622074 0.5889724310776943 0.43478260869565216 0.5927318295739349 0.4531772575250836 0.600250626566416 0.47324414715719065 0.6015037593984962 0.46488294314381273 0.5964912280701754 0.4331103678929766 0.5939849624060151 0.40301003344481606 0.5839598997493735 0.4013377926421405
8 0.38847117794486213 0.14381270903010032 0.39473684210526316 0.16220735785953178 0.40100250626566414 0.17892976588628762 0.40726817042606517 0.19899665551839466 0.41478696741854637 0.21237458193979933 0.41854636591478694 0.22073578595317725 0.4298245614035088 0.22073578595317725 0.43734335839599 0.21237458193979933 0.4323308270676692 0.19899665551839466 0.424812030075188 0.19230769230769232 0.41729323308270677 0.18729096989966554 0.40852130325814534 0.16555183946488294 0.40225563909774437 0.1454849498327759 0.39348370927318294 0.11371237458193979 0.38721804511278196 0.10033444816053512 0.37719298245614036 0.09698996655518395 0.38220551378446116 0.12207357859531773 0.38847117794486213 0.14381270903010032
8 0.44862155388471175 0.225752508361204 0.4598997493734336 0.21739130434782608 0.44611528822055135 0.1806020066889632 0.4423558897243108 0.1688963210702341 0.44110275689223055 0.1588628762541806 0.43859649122807015 0.12374581939799331 0.4323308270676692 0.10033444816053512 0.42857142857142855 0.0802675585284281 0.4223057644110276 0.07525083612040134 0.42355889724310775 0.08862876254180602 0.42857142857142855 0.11538461538461539 0.43358395989974935 0.13210702341137123 0.4323308270676692 0.15719063545150502 0.43609022556390975 0.1806020066889632 0.44862155388471175 0.225752508361204
8 0.5100250626566416 0.08528428093645485 0.5213032581453634 0.10367892976588629 0.5363408521303258 0.12374581939799331 0.5513784461152882 0.1488294314381271 0.5664160401002506 0.17391304347826086 0.5726817042606517 0.17224080267558528 0.5614035087719298 0.1505016722408027 0.5388471177944862 0.11538461538461539 0.5275689223057645 0.09531772575250837 0.5087719298245614 0.07023411371237458 0.5 0.051839464882943144 0.4899749373433584 0.046822742474916385 0.4974937343358396 0.07023411371237458 0.5100250626566416 0.08528428093645485
8 0.47368421052631576 0.11036789297658862 0.47619047619047616 0.12374581939799331 0.48621553884711777 0.14046822742474915 0.49624060150375937 0.15384615384615385 0.4899749373433584 0.13712374581939799 0.47869674185463656 0.11204013377926421 0.47368421052631576 0.11036789297658862
8 0.4598997493734336 0.11538461538461539 0.4699248120300752 0.13879598662207357 0.462406015037594 0.14046822742474915 0.4649122807017544 0.1505016722408027 0.47117794486215536 0.1688963210702341 0.47368421052631576 0.18729096989966554 0.47619047619047616 0.20735785953177258 0.4924812030075188 0.21906354515050167 0.49874686716791977 0.22742474916387959 0.5087719298245614 0.23745819397993312 0.5100250626566416 0.2525083612040134 0.506265664160401 0.2625418060200669 0.506265664160401 0.2709030100334448 0.5087719298245614 0.28762541806020064 0.5200501253132832 0.3010033444816054 0.5238095238095238 0.28595317725752506 0.5300751879699248 0.2692307692307692 0.5388471177944862 0.25585284280936454 0.5513784461152882 0.24247491638795987 0.5526315789473685 0.23244147157190637 0.5401002506265664 0.22742474916387959 0.531328320802005 0.21906354515050167 0.5263157894736842 0.20903010033444816 0.5175438596491229 0.19732441471571907 0.5087719298245614 0.19899665551839466 0.5037593984962406 0.20735785953177258 0.49874686716791977 0.19732441471571907 0.49373433583959897 0.18227424749163879 0.487468671679198 0.16220735785953178 0.4774436090225564 0.14381270903010032 0.4699248120300752 0.11705685618729098 0.4573934837092732 0.09531772575250837 0.4598997493734336 0.11538461538461539
8 0.4724310776942356 0.2976588628762542 0.474937343358396 0.2826086956521739 0.4799498746867168 0.27591973244147155 0.49122807017543857 0.2792642140468227 0.49373433583959897 0.2909698996655518 0.5025062656641605 0.3010033444816054 0.5025062656641605 0.28762541806020064 0.49373433583959897 0.2692307692307692 0.4799498746867168 0.2608695652173913 0.4724310776942356 0.2692307692307692 0.46365914786967416 0.2809364548494983 0.462406015037594 0.2993311036789298 0.46867167919799496 0.3177257525083612 0.4724310776942356 0.2976588628762542
8 0.5664160401002506 0.39464882943143814 0.5601503759398496 0.39297658862876256 0.556390977443609 0.38294314381270905 0.5513784461152882 0.3795986622073579 0.5538847117794486 0.3896321070234114 0.556390977443609 0.3979933110367893 0.5588972431077694 0.40468227424749165 0.5639097744360902 0.40468227424749165 0.5664160401002506 0.3996655518394649 0.5664160401002506 0.39464882943143814
3 0.5300751879699248 0.3511705685618729 0.5288220551378446 0.342809364548495 0.5263157894736842 0.33277591973244147 0.5238095238095238 0.3177257525083612 0.5150375939849624 0.3076923076923077 0.506265664160401 0.2976588628762542 0.49874686716791977 0.3010033444816054 0.49874686716791977 0.31270903010033446 0.5012531328320802 0.3277591973244147 0.506265664160401 0.3394648829431438 0.5112781954887218 0.34448160535117056 0.518796992481203 0.3511705685618729 0.525062656641604 0.3528428093645485 0.5300751879699248 0.3511705685618729
3 0.5238095238095238 0.2792642140468227 0.5300751879699248 0.26755852842809363 0.5363408521303258 0.25752508361204013 0.5388471177944862 0.2508361204013378 0.531328320802005 0.2508361204013378 0.5263157894736842 0.2508361204013378 0.5213032581453634 0.2491638795986622 0.5150375939849624 0.24749163879598662 0.5075187969924813 0.24749163879598662 0.5025062656641605 0.2508361204013378 0.5025062656641605 0.2608695652173913 0.5050125313283208 0.26588628762541805 0.5100250626566416 0.2709030100334448 0.5087719298245614 0.2809364548494983 0.5112781954887218 0.28929765886287623 0.518796992481203 0.2959866220735786 0.5238095238095238 0.2792642140468227
3 0.531328320802005 0.3494983277591973 0.5325814536340853 0.35785953177257523 0.5401002506265664 0.3695652173913043 0.5413533834586466 0.3795986622073579 0.5463659147869674 0.3879598662207358 0.5513784461152882 0.3979933110367893 0.5576441102756893 0.3979933110367893 0.5664160401002506 0.39464882943143814 0.5739348370927319 0.3896321070234114 0.5601503759398496 0.3779264214046823 0.5513784461152882 0.36454849498327757 0.5413533834586466 0.3494983277591973 0.5363408521303258 0.3394648829431438 0.531328320802005 0.3277591973244147 0.5300751879699248 0.3377926421404682 0.531328320802005 0.3494983277591973
3 0.6115288220551378 0.41471571906354515 0.5952380952380952 0.40468227424749165 0.575187969924812 0.391304347826087 0.5588972431077694 0.3762541806020067 0.5476190476190477 0.3595317725752508 0.5363408521303258 0.3394648829431438 0.5288220551378446 0.32274247491638797 0.5225563909774437 0.3060200668896321 0.5238095238095238 0.28595317725752506 0.5300751879699248 0.2692307692307692 0.5401002506265664 0.2525083612040134 0.5538847117794486 0.23745819397993312 0.5614035087719298 0.23411371237458195 0.5476190476190477 0.22073578595317725 0.5213032581453634 0.225752508361204 0.4899749373433584 0.24581939799331104 0.474937343358396 0.27424749163879597 0.47117794486215536 0.2842809364548495 0.46867167919799496 0.2993311036789298 0.46867167919799496 0.3093645484949833 0.4699248120300752 0.3193979933110368 0.474937343358396 0.3394648829431438 0.4774436090225564 0.35618729096989965 0.48370927318295737 0.3779264214046823 0.49122807017543857 0.39297658862876256 0.49874686716791977 0.40635451505016723 0.5087719298245614 0.41638795986622074 0.5238095238095238 0.4297658862876254 0.5325814536340853 0.43645484949832775 0.543859649122807 0.4498327759197324 0.5451127819548872 0.45652173913043476 0.5526315789473685 0.46153846153846156 0.5588972431077694 0.4665551839464883 0.5664160401002506 0.4816053511705686 0.575187969924812 0.5016722408026756 0.5864661654135338 0.5150501672240803 0.5977443609022557 0.5267558528428093 0.6077694235588973 0.520066889632107 0.6127819548872181 0.5 0.6228070175438597 0.479933110367893 0.6265664160401002 0.46321070234113715 0.6303258145363408 0.4414715719063545 0.6328320802005013 0.42474916387959866 0.6115288220551378 0.41471571906354515
6 0.46867167919799496 0.23745819397993312 0.46616541353383456 0.23578595317725753 0.46365914786967416 0.2391304347826087 0.4649122807017544 0.24581939799331104 0.46867167919799496 0.2508361204013378 0.4699248120300752 0.24414715719063546 0.46867167919799496 0.23745819397993312
8 0.424812030075188 0.15384615384615385 0.4197994987468672 0.12876254180602006 0.41353383458646614 0.10702341137123746 0.40852130325814534 0.09364548494983277 0.41228070175438597 0.11705685618729098 0.41729323308270677 0.1454849498327759 0.41854636591478694 0.1588628762541806 0.41228070175438597 0.14046822742474915 0.40852130325814534 0.1254180602006689 0.40350877192982454 0.11371237458193979 0.40225563909774437 0.12040133779264214 0.40852130325814534 0.13879598662207357 0.41102756892230574 0.15217391304347827 0.41353383458646614 0.16220735785953178 0.41604010025062654 0.17391304347826086 0.41729323308270677 0.18561872909698995 0.4298245614035088 0.19732441471571907 0.42606516290726815 0.17725752508361203 0.424812030075188 0.15384615384615385
5 0.7060921528822055 1 0.7205513784461153 0.9698996655518395 0.6679197994987469 0.9816053511705686 0.6640907819548871 1 0.7060921528822055 1
0 0.462406015037594 0.05852842809364549 0.4724310776942356 0.05852842809364549 0.4724310776942356 0.05016722408026756 0.45614035087719296 0.04013377926421405 0.43107769423558895 0.028428093645484948 0.41353383458646614 0.028428093645484948 0.40726817042606517 0.03511705685618729 0.39473684210526316 0.030100334448160536 0.38847117794486213 0.023411371237458192 0.38345864661654133 0.015050167224080268 0.37593984962406013 0.015050167224080268 0.36967418546365916 0.01839464882943144 0.3659147869674185 0.03511705685618729 0.4448621553884712 0.05016722408026756 0.462406015037594 0.05852842809364549