6 0.42138364779874216 0.48414023372287146 0.42012578616352203 0.4791318864774624 0.41635220125786165 0.4724540901502504 0.41132075471698115 0.4657762938230384 0.40628930817610065 0.4657762938230384 0.40628930817610065 0.4724540901502504 0.4125786163522013 0.48080133555926546 0.41509433962264153 0.48914858096828046 0.4138364779874214 0.4958263772954925 0.4176100628930818 0.4958263772954925 0.4238993710691824 0.4974958263772955 0.4238993710691824 0.48747913188647746 0.42138364779874216 0.48414023372287146
6 0.5270440251572327 0.659432387312187 0.5220125786163522 0.667779632721202 0.5245283018867924 0.672787979966611 0.5320754716981132 0.662771285475793 0.5345911949685535 0.656093489148581 0.529559748427673 0.656093489148581 0.5270440251572327 0.659432387312187
3 0.49056603773584906 0.49248747913188645 0.4817610062893082 0.48414023372287146 0.47924528301886793 0.5175292153589316 0.48553459119496856 0.5358931552587646 0.4918238993710692 0.5559265442404007 0.5018867924528302 0.5726210350584308 0.5056603773584906 0.5893155258764607 0.5056603773584906 0.6176961602671118 0.5094339622641509 0.6343906510851419 0.5157232704402516 0.6494156928213689 0.5207547169811321 0.6527545909849749 0.5245283018867924 0.6327212020033389 0.5245283018867924 0.6193656093489148 0.5257861635220126 0.6026711185308848 0.519496855345912 0.5876460767946577 0.5132075471698113 0.5642737896494157 0.5106918238993711 0.5475792988313857 0.5106918238993711 0.5358931552587646 0.5018867924528302 0.5075125208681135 0.49056603773584906 0.49248747913188645
3 0.5811320754716981 0.8714524207011686 0.5748427672955975 0.8731218697829716 0.5735849056603773 0.8797996661101837 0.5761006289308176 0.8881469115191987 0.5861635220125786 0.8981636060100167 0.5949685534591195 0.9031719532554258 0.5987421383647799 0.8948247078464107 0.5987421383647799 0.8831385642737897 0.5949685534591195 0.8764607679465777 0.5811320754716981 0.8714524207011686
8 0.5559748427672956 0.7879799666110183 0.5584905660377358 0.7996661101836394 0.5622641509433962 0.8146911519198664 0.5647798742138365 0.8280467445742905 0.569811320754717 0.8447412353923205 0.5723270440251572 0.8464106844741235 0.569811320754717 0.8263772954924875 0.5635220125786163 0.8046744574290484 0.5547169811320755 0.7729549248747913 0.5559748427672956 0.7879799666110183
8 0.4729559748427673 0.6911519198664441 0.4742138364779874 0.6994991652754591 0.48427672955974843 0.7195325542570952 0.48553459119496856 0.7111853088480802 0.48050314465408805 0.7011686143572621 0.4779874213836478 0.6878130217028381 0.4729559748427673 0.6911519198664441
8 0.6121593295597485 1 0.6062893081761006 0.9766277128547579 0.5974842767295597 0.9382303839732888 0.5886792452830188 0.9031719532554258 0.5823899371069182 0.9065108514190318 0.5911949685534591 0.9348914858096828 0.6012578616352201 0.9716193656093489 0.6062893081761006 0.993322203672788 0.610062893081761 1 0.6121593295597485 1
8 0.45157232704402517 0.6961602671118531 0.46540880503144655 0.7345575959933222 0.4641509433962264 0.7195325542570952 0.46163522012578617 0.7095158597662772 0.4578616352201258 0.6994991652754591 0.45660377358490567 0.6961602671118531 0.45157232704402517 0.6961602671118531
8 0.5383647798742138 0.9015025041736227 0.5433962264150943 0.9215358931552587 0.5509433962264151 0.9449081803005008 0.5610062893081761 0.9816360601001669 0.5635220125786163 0.9816360601001669 0.5547169811320755 0.9482470784641068 0.5421383647798742 0.8981636060100167 0.5383647798742138 0.9015025041736227
8 0.5245283018867924 0.672787979966611 0.5371069182389937 0.6994991652754591 0.5358490566037736 0.6928213689482471 0.5320754716981132 0.679465776293823 0.529559748427673 0.669449081803005 0.5245283018867924 0.672787979966611
8 0.559748427672956 0.8063439065108514 0.5748427672955975 0.8547579298831386 0.5710691823899371 0.8330550918196995 0.5672955974842767 0.8180300500834724 0.5610062893081761 0.7963272120200334 0.559748427672956 0.8063439065108514
8 0.5345911949685535 0.8731218697829716 0.529559748427673 0.8530884808013356 0.5245283018867924 0.8397328881469115 0.5157232704402516 0.8263772954924875 0.5169811320754717 0.8330550918196995 0.5462429660377358 0.9176990884808014 0.5459119496855346 0.9165275459098498 0.5446540880503145 0.9048414023372288 0.539622641509434 0.8914858096828047 0.5345911949685535 0.8731218697829716
8 0.4477987421383648 0.7929883138564274 0.45534591194968554 0.7913188647746243 0.45660377358490567 0.7846410684474123 0.4477987421383648 0.7829716193656093 0.4477987421383648 0.7929883138564274
8 0.5383647798742138 0.8230383973288815 0.5433962264150943 0.8230383973288815 0.5471698113207547 0.8263772954924875 0.5459119496855346 0.8180300500834724 0.5408805031446541 0.8180300500834724 0.5383647798742138 0.8230383973288815