0 0.3606299212598425 0.6673684210526316 0.3937007874015748 0.6021052631578947 0.4110236220472441 0.5852631578947368 0.4456692913385827 0.5747368421052632 0.5023622047244094 0.6021052631578947 0.5070866141732283 0.5621052631578948 0.5244094488188976 0.5663157894736842 0.5433070866141733 0.5894736842105263 0.5669291338582677 0.5936842105263158 0.5858267716535434 0.5957894736842105 0.6125984251968504 0.5936842105263158 0.6425196850393701 0.5831578947368421 0.6535433070866141 0.5978947368421053 0.6708661417322834 0.6210526315789474 0.6960629921259842 0.6147368421052631 0.7496062992125985 0.5957894736842105 0.7653543307086614 0.5873684210526315 0.7779527559055118 0.5726315789473684 0.8267716535433071 0.5473684210526316 0.8440944881889764 0.5410526315789473 0.8645669291338582 0.5263157894736842 0.8724409448818897 0.5157894736842106 0.8755905511811024 0.49473684210526314 0.878740157480315 0.4673684210526316 0.8929133858267716 0.49473684210526314 0.8944881889763779 0.52 0.8944881889763779 0.5515789473684211 0.8929133858267716 0.5894736842105263 0.8834645669291339 0.6168421052631579 0.8708661417322835 0.6484210526315789 0.8456692913385827 0.6736842105263158 0.8094488188976378 0.7052631578947368 0.7559055118110236 0.7494736842105263 0.705511811023622 0.7873684210526316 0.6834645669291338 0.8147368421052632 0.6362204724409449 0.8505263157894737 0.6078740157480315 0.8610526315789474 0.5889763779527559 0.8568421052631578 0.6188976377952756 0.8568421052631578 0.568503937007874 0.8610526315789474 0.5385826771653544 0.8694736842105263 0.5070866141732283 0.8694736842105263 0.48976377952755906 0.8652631578947368 0.47716535433070867 0.8505263157894737 0.4645669291338583 0.8189473684210526 0.45984251968503936 0.8063157894736842 0.4503937007874016 0.8147368421052632 0.44251968503937006 0.7936842105263158 0.4283464566929134 0.7578947368421053 0.4094488188976378 0.7242105263157895 0.3905511811023622 0.6968421052631579 0.3779527559055118 0.6842105263157895
0 0.28818897637795277 0.6821052631578948 0.29133858267716534 0.6505263157894737 0.29763779527559053 0.6336842105263157 0.30551181102362207 0.608421052631579 0.3165354330708661 0.5873684210526315 0.3291338582677165 0.5684210526315789 0.34330708661417325 0.5578947368421052 0.352755905511811 0.5515789473684211 0.3590551181102362 0.5494736842105263 0.3669291338582677 0.5621052631578948 0.37480314960629924 0.5831578947368421 0.3826771653543307 0.5957894736842105 0.3921259842519685 0.6126315789473684 0.3968503937007874 0.6147368421052631 0.3984251968503937 0.6252631578947369 0.36220472440944884 0.6652631578947369 0.3716535433070866 0.6778947368421052 0.38740157480314963 0.6947368421052632 0.4047244094488189 0.7178947368421053 0.4204724409448819 0.7494736842105263 0.431496062992126 0.7684210526315789 0.4440944881889764 0.8 0.4503937007874016 0.8147368421052632 0.45984251968503936 0.8084210526315789 0.47086614173228347 0.84 0.45984251968503936 0.8463157894736842 0.4456692913385827 0.8526315789473684 0.4283464566929134 0.8568421052631578 0.4094488188976378 0.8589473684210527 0.3937007874015748 0.8505263157894737 0.3779527559055118 0.8421052631578947 0.3637795275590551 0.8378947368421052 0.352755905511811 0.8315789473684211 0.3401574803149606 0.8252631578947368 0.3291338582677165 0.8231578947368421 0.31811023622047246 0.8126315789473684 0.30866141732283464 0.7957894736842105 0.30078740157480316 0.7705263157894737 0.2929133858267717 0.7473684210526316 0.28818897637795277 0.728421052631579 0.28503937007874014 0.7031578947368421
3 0.29606299212598425 0.48210526315789476 0.29763779527559053 0.4610526315789474 0.2992125984251969 0.44842105263157894 0.30866141732283464 0.4421052631578947 0.31496062992125984 0.4421052631578947 0.3165354330708661 0.4589473684210526 0.31338582677165355 0.4694736842105263 0.30708661417322836 0.47368421052631576
3 0.33700787401574805 0.5073684210526316 0.33858267716535434 0.4968421052631579 0.33700787401574805 0.48210526315789476 0.3401574803149606 0.47578947368421054 0.3480314960629921 0.47157894736842104 0.3590551181102362 0.4673684210526316 0.37480314960629924 0.45263157894736844 0.3937007874015748 0.4421052631578947 0.4047244094488189 0.44 0.415748031496063 0.4463157894736842 0.431496062992126 0.4589473684210526 0.4456692913385827 0.4694736842105263 0.45984251968503936 0.47789473684210526 0.4755905511811024 0.4926315789473684 0.48031496062992124 0.49894736842105264 0.47244094488188976 0.5073684210526316 0.47244094488188976 0.5157894736842106 0.47874015748031495 0.5305263157894737 0.48503937007874015 0.5473684210526316 0.49606299212598426 0.5557894736842105 0.5023622047244094 0.5684210526315789 0.5039370078740157 0.5852631578947368 0.5039370078740157 0.6 0.48976377952755906 0.5936842105263158 0.47716535433070867 0.5663157894736842 0.46771653543307085 0.5621052631578948 0.4456692913385827 0.5578947368421052 0.4377952755905512 0.5410526315789473 0.4204724409448819 0.5242105263157895 0.4047244094488189 0.5136842105263157 0.3968503937007874 0.5073684210526316 0.3637795275590551 0.5073684210526316 0.3464566929133858 0.511578947368421
3 0.3858267716535433 0.6421052631578947 0.4110236220472441 0.6147368421052631 0.4283464566929134 0.6063157894736843 0.47086614173228347 0.6042105263157894 0.5070866141732283 0.6042105263157894 0.5322834645669291 0.6210526315789474 0.5196850393700787 0.6336842105263157 0.5291338582677165 0.6505263157894737 0.5275590551181102 0.6652631578947369 0.5291338582677165 0.6778947368421052 0.5511811023622047 0.68 0.573228346456693 0.6821052631578948 0.5984251968503937 0.6863157894736842 0.5889763779527559 0.6989473684210527 0.5669291338582677 0.6989473684210527 0.5464566929133858 0.7157894736842105 0.5385826771653544 0.7452631578947368 0.5448818897637795 0.7642105263157895 0.5322834645669291 0.7705263157894737 0.5165354330708661 0.7852631578947369 0.5086614173228347 0.7978947368421052 0.510236220472441 0.8210526315789474 0.494488188976378 0.8252631578947368 0.48503937007874015 0.8252631578947368 0.4645669291338583 0.8126315789473684 0.4519685039370079 0.8168421052631579 0.4377952755905512 0.7768421052631579 0.4188976377952756 0.7347368421052631 0.3937007874015748 0.6989473684210527 0.3763779527559055 0.68 0.36220472440944884 0.6694736842105263
5 0.5637795275590551 0.7578947368421053 0.5622047244094488 0.7536842105263157 0.5622047244094488 0.7452631578947368 0.5637795275590551 0.7410526315789474 0.5653543307086614 0.7347368421052631 0.568503937007874 0.7263157894736842 0.5716535433070866 0.72 0.5826771653543307 0.7136842105263158 0.5937007874015748 0.7094736842105264 0.6015748031496063 0.7094736842105264 0.6078740157480315 0.7115789473684211 0.6141732283464567 0.7136842105263158 0.6188976377952756 0.7157894736842105 0.6204724409448819 0.72 0.6236220472440945 0.7242105263157895 0.6251968503937008 0.7305263157894737 0.6267716535433071 0.7368421052631579 0.6251968503937008 0.7431578947368421 0.6236220472440945 0.7473684210526316 0.6204724409448819 0.7536842105263157 0.6188976377952756 0.7578947368421053 0.6157480314960629 0.7621052631578947 0.6125984251968504 0.7663157894736842 0.6078740157480315 0.7726315789473684 0.6031496062992125 0.7726315789473684 0.5984251968503937 0.7747368421052632 0.584251968503937 0.7747368421052632 0.5811023622047244 0.7747368421052632 0.573228346456693 0.7705263157894737 0.5700787401574803 0.7663157894736842 0.5669291338582677 0.7642105263157895
0 0.29133858267716534 0.6294736842105263 0.28818897637795277 0.6042105263157894 0.28346456692913385 0.56 0.28188976377952757 0.5284210526315789 0.2803149606299213 0.4905263157894737 0.27874015748031494 0.4357894736842105 0.27716535433070866 0.3936842105263158 0.27874015748031494 0.3642105263157895 0.28818897637795277 0.32421052631578945 0.30393700787401573 0.3136842105263158 0.32598425196850395 0.3368421052631579 0.3921259842519685 0.3726315789473684 0.4283464566929134 0.391578947368421 0.47244094488188976 0.4189473684210526 0.49606299212598426 0.4357894736842105 0.5133858267716536 0.45052631578947366 0.525984251968504 0.47157894736842104 0.537007874015748 0.4884210526315789 0.5181102362204725 0.5073684210526316 0.49921259842519683 0.5052631578947369 0.4755905511811024 0.5052631578947369 0.47401574803149604 0.5221052631578947 0.48346456692913387 0.5389473684210526 0.48661417322834644 0.5494736842105263 0.49763779527559054 0.5557894736842105 0.5023622047244094 0.5663157894736842 0.5039370078740157 0.5810526315789474 0.5039370078740157 0.5936842105263158 0.49763779527559054 0.6042105263157894 0.49291338582677163 0.6042105263157894 0.48503937007874015 0.6021052631578947 0.48031496062992124 0.6 0.47244094488188976 0.6042105263157894 0.42362204724409447 0.6063157894736843 0.3984251968503937 0.6273684210526316 0.3968503937007874 0.6147368421052631 0.3905511811023622 0.6126315789473684 0.384251968503937 0.6021052631578947 0.3763779527559055 0.5873684210526315 0.3732283464566929 0.5789473684210527 0.3716535433070866 0.5726315789473684 0.36850393700787404 0.5621052631578948 0.36220472440944884 0.5536842105263158 0.3590551181102362 0.5452631578947369 0.352755905511811 0.5347368421052632 0.3464566929133858 0.5263157894736842 0.32598425196850395 0.5136842105263157 0.31811023622047246 0.511578947368421 0.3102362204724409 0.52 0.30393700787401573 0.5326315789473685 0.2992125984251969 0.5452631578947369 0.29606299212598425 0.5578947368421052 0.29763779527559053 0.6294736842105263
8 0.3921259842519685 0.4631578947368421 0.3952755905511811 0.4652631578947368 0.3952755905511811 0.4673684210526316 0.3968503937007874 0.4673684210526316 0.3968503937007874 0.4694736842105263 0.3952755905511811 0.4694736842105263 0.3952755905511811 0.4694736842105263 0.3952755905511811 0.47157894736842104 0.3921259842519685 0.47578947368421054 0.3921259842519685 0.48210526315789476 0.3937007874015748 0.48210526315789476 0.3937007874015748 0.4842105263157895 0.3889763779527559 0.4842105263157895 0.3889763779527559 0.4884210526315789 0.38740157480314963 0.4884210526315789 0.3826771653543307 0.4905263157894737 0.3826771653543307 0.4863157894736842 0.3795275590551181 0.48210526315789476 0.3795275590551181 0.47789473684210526 0.3826771653543307 0.47789473684210526 0.384251968503937 0.48210526315789476 0.38740157480314963 0.47578947368421054 0.38740157480314963 0.47157894736842104 0.3889763779527559 0.4652631578947368
8 0.4047244094488189 0.5010526315789474 0.4110236220472441 0.5136842105263157 0.41732283464566927 0.5136842105263157 0.4110236220472441 0.5031578947368421
8 0.4188976377952756 0.5052631578947369 0.4188976377952756 0.5094736842105263 0.42362204724409447 0.511578947368421 0.4251968503937008 0.5073684210526316
5 0.7858267716535433 0.6042105263157894 0.7858267716535433 0.6736842105263158 0.8488188976377953 0.6273684210526316 0.8535433070866142 0.5621052631578948