3 0.12170639899623588 0.15025041736227046 0.11166875784190715 0.22537562604340566 0.178168130489335 0.4757929883138564 0.24341279799247176 0.5141903171953256 0.3224592220828105 0.5409015025041736 0.4027603513174404 0.2353923205342237 0.23588456712672523 0.13856427378964942 0.18569636135508155 0.1318864774624374 0.12170639899623588 0.15025041736227046
8 0.14178168130489335 0.2637729549248748 0.14052697616060225 0.2904841402337229 0.32747804265997493 0.3823038397328882 0.3324968632371393 0.3606010016694491 0.24968632371392724 0.3121869782971619 0.20828105395232122 0.2938230383973289 0.14178168130489335 0.2637729549248748
8 0.15181932245922208 0.2337228714524207 0.1668757841907152 0.2387312186978297 0.19698870765370138 0.24207011686143573 0.18820577164366373 0.2353923205342237 0.17565872020075282 0.2287145242070117 0.164366373902133 0.2270450751252087 0.15432873274780426 0.22203672787979967 0.1480552070263488 0.21702838063439064 0.1342534504391468 0.21702838063439064 0.1329987452948557 0.22537562604340566 0.14178168130489335 0.2287145242070117 0.15181932245922208 0.2337228714524207
8 0.10915934755332497 0.31886477462437396 0.13927227101631118 0.32387312186978295 0.13174404015056462 0.24040066777963273 0.09661229611041405 0.2337228714524207 0.10915934755332497 0.31886477462437396
8 0.1944792973651192 0.46243739565943237 0.20200752823086573 0.4741235392320534 0.2095357590966123 0.48247078464106846 0.21957340025094102 0.49081803005008345 0.22961104140526975 0.4991652754590985 0.23588456712672523 0.5041736227045075 0.24215809284818068 0.5091819699499165 0.25094102885821834 0.5108514190317195 0.2672521957340025 0.5125208681135225 0.2572145545796738 0.5091819699499165 0.24843161856963614 0.5008347245409015 0.24090338770388958 0.4958263772954925 0.23212045169385195 0.48914858096828046 0.21957340025094102 0.48080133555926546 0.21329987452948557 0.4691151919866444 0.20451693851944794 0.4607679465776294 0.1932245922208281 0.4524207011686144 0.18820577164366373 0.44407345575959933 0.1806775407779172 0.4373956594323873 0.17189460476787954 0.4290484140233723 0.17189460476787954 0.44073455759599334 0.18318695106649938 0.4540901502504174 0.1944792973651192 0.46243739565943237
8 0.23462986198243413 0.2370617696160267 0.2584692597239649 0.19198664440734559 0.2107904642409034 0.1686143572621035 0.16813048933500627 0.19532554257095158 0.23462986198243413 0.2370617696160267
8 0.2396486825595985 0.46243739565943237 0.24843161856963614 0.4724540901502504 0.2559598494353827 0.48080133555926546 0.2722710163111669 0.48747913188647746 0.2810539523212045 0.4974958263772955 0.2797992471769134 0.48747913188647746 0.2722710163111669 0.4774624373956594 0.2659974905897114 0.4691151919866444 0.2547051442910916 0.46243739565943237 0.2396486825595985 0.4507512520868113 0.22082810539523212 0.43906510851419034 0.2233375156838143 0.4524207011686144 0.23212045169385195 0.4574290484140234 0.2396486825595985 0.46243739565943237
8 0.19573400250941028 0.2570951585976628 0.19949811794228356 0.2337228714524207 0.13676286072772897 0.21202003338898165 0.1329987452948557 0.2303839732888147 0.19573400250941028 0.2570951585976628
8 0.19824341279799249 0.2570951585976628 0.18946047678795483 0.25208681135225375 0.1806775407779172 0.25208681135225375 0.18444165621079048 0.2604340567612688 0.191969887076537 0.2621035058430718 0.19824341279799249 0.2570951585976628
8 0.205771643663739 0.2604340567612688 0.23588456712672523 0.2687813021702838 0.2572145545796738 0.25542570951585974 0.21455457967377667 0.2370617696160267 0.205771643663739 0.2604340567612688
8 0.19698870765370138 0.21368948247078465 0.2107904642409034 0.21869782971619364 0.21831869510664995 0.22203672787979967 0.23337515683814303 0.2287145242070117 0.24341279799247176 0.2303839732888147 0.23588456712672523 0.22036727879799667 0.22208281053952322 0.21535893155258765 0.20828105395232122 0.20868113522537562 0.19824341279799249 0.2020033388981636 0.18193224592220827 0.19699499165275458 0.18193224592220827 0.2020033388981636 0.18946047678795483 0.20701168614357263 0.19698870765370138 0.21368948247078465
8 0.2835633626097867 0.5041736227045075 0.2948557089084065 0.48914858096828046 0.23086574654956085 0.4307178631051753 0.19071518193224593 0.41736227045075125 0.18820577164366373 0.44574290484140233 0.2835633626097867 0.5041736227045075
8 0.22710163111668757 0.2587646076794658 0.23462986198243413 0.2621035058430718 0.24090338770388958 0.2687813021702838 0.24843161856963614 0.2671118530884808 0.24717691342534504 0.2604340567612688 0.2383939774153074 0.25375626043405675 0.22835633626097868 0.24707846410684475 0.20702634880803011 0.24373956594323873 0.2120451693851945 0.25041736227045075 0.21831869510664995 0.25375626043405675 0.22710163111668757 0.2587646076794658
8 0.2659974905897114 0.5275459098497496 0.27352572145545795 0.5141903171953256 0.20326223337515684 0.4507512520868113 0.17440401505646172 0.4257095158597663 0.1668757841907152 0.44240400667779634 0.2659974905897114 0.5275459098497496
8 0.2233375156838143 0.29716193656093487 0.21831869510664995 0.2904841402337229 0.2107904642409034 0.2838063439065108 0.19949811794228356 0.28213689482470783 0.2095357590966123 0.2921535893155259 0.21455457967377667 0.29549248747913187 0.2233375156838143 0.29716193656093487
3 0.5131744040150564 0.8030050083472454 0.5370138017565872 0.7111853088480802 0.34002509410288584 0.5525876460767947 0.29234629861982436 0.6327212020033389 0.5131744040150564 0.8030050083472454
8 0.20326223337515684 0.1986644407345576 0.21706398996235884 0.2003338898163606 0.22208281053952322 0.2020033388981636 0.22961104140526975 0.21035058430717862 0.2383939774153074 0.21035058430717862 0.24717691342534504 0.20534223706176963 0.24843161856963614 0.19365609348914858 0.24341279799247176 0.19365609348914858 0.23588456712672523 0.19031719532554256 0.22961104140526975 0.18864774624373956 0.22208281053952322 0.18864774624373956 0.2107904642409034 0.18196994991652754 0.20200752823086573 0.18030050083472454 0.19698870765370138 0.18697829716193656 0.19573400250941028 0.19699499165275458 0.20326223337515684 0.1986644407345576
1 0.2810539523212045 0.21368948247078465 0.28858218318695106 0.19365609348914858 0.25094102885821834 0.17195325542570952 0.24090338770388958 0.19532554257095158 0.2810539523212045 0.21368948247078465
3 0.18193224592220827 0.15859766277128548 0.22082810539523212 0.17362270450751252 0.24215809284818068 0.18196994991652754 0.24843161856963614 0.17028380634390652 0.25972396486825594 0.16026711185308848 0.2722710163111669 0.1636060100166945 0.2835633626097867 0.17195325542570952 0.3212045169385194 0.18864774624373956 0.34127979924717694 0.19198664440734559 0.3739021329987453 0.19532554257095158 0.39523212045169387 0.1986644407345576 0.410288582183187 0.19365609348914858 0.39021329987452946 0.18030050083472454 0.3726474278544542 0.1652754590984975 0.35131744040150564 0.14858096828046743 0.3161856963613551 0.14524207011686144 0.2810539523212045 0.13689482470784642 0.26223337515683814 0.12353923205342238 0.24968632371392724 0.10684474123539232 0.23588456712672523 0.09682804674457429 0.21831869510664995 0.09348914858096828 0.20326223337515684 0.08681135225375626 0.16813048933500627 0.07679465776293823 0.1493099121706399 0.07679465776293823 0.13676286072772897 0.09515859766277128 0.12797992471769135 0.11519198664440734 0.14052697616060225 0.12687813021702837 0.16311166875784192 0.14357262103505844 0.18193224592220827 0.15859766277128548