8 0.43106457242582896 0.11136890951276102 0.41535776614310643 0.0951276102088167 0.4013961605584642 0.08352668213457076 0.38394415357766143 0.08584686774941995 0.39267015706806285 0.10208816705336426 0.40663176265270506 0.10904872389791183 0.418848167539267 0.11832946635730858 0.43106457242582896 0.11136890951276102
8 0.44502617801047123 0.17633410672853828 0.4293193717277487 0.16009280742459397 0.41535776614310643 0.1345707656612529 0.4013961605584642 0.13225058004640372 0.39790575916230364 0.14617169373549885 0.4048865619546248 0.16473317865429235 0.43455497382198954 0.19489559164733178 0.44502617801047123 0.17633410672853828
8 0.4712041884816754 0.25986078886310904 0.4642233856893543 0.24129930394431554 0.44153577661431065 0.23665893271461716 0.43804537521815007 0.25754060324825984 0.450261780104712 0.2900232018561485 0.47294938917975565 0.29466357308584684 0.4712041884816754 0.25986078886310904
8 0.5095986038394416 0.1531322505800464 0.5130890052356021 0.13225058004640372 0.5130890052356021 0.10672853828306264 0.5078534031413613 0.07424593967517401 0.49040139616055844 0.06264501160092807 0.4886561954624782 0.08120649651972157 0.49040139616055844 0.09976798143851508 0.493891797556719 0.11600928074245939 0.493891797556719 0.14617169373549885 0.5095986038394416 0.1531322505800464
8 0.5532286212914486 0.10672853828306264 0.5410122164048866 0.08120649651972157 0.525305410122164 0.06496519721577726 0.5130890052356021 0.07192575406032482 0.518324607329843 0.09280742459396751 0.5410122164048866 0.10440835266821345 0.5584642233856894 0.12296983758700696 0.5532286212914486 0.10672853828306264
8 0.450261780104712 0 0.493891797556719 0.02320185614849188 0.4799301919720768 0.009280742459396751 0.4690711657940663 0 0.450261780104712 0
8 0.38394415357766143 0 0.3699825479930192 0.02320185614849188 0.3787085514834206 0.04640371229698376 0.39267015706806285 0.058004640371229696 0.40663176265270506 0.06728538283062645 0.418848167539267 0.09048723897911833 0.4328097731239092 0.06960556844547564 0.418848167539267 0.05568445475638051 0.40663176265270506 0.02320185614849188 0.39936009249563703 0 0.38394415357766143 0
8 0.5828970331588132 0.18793503480278423 0.5724258289703316 0.1740139211136891 0.5602094240837696 0.14849187935034802 0.5462478184991274 0.12761020881670534 0.5357766143106457 0.14153132250580047 0.5427574171029669 0.15081206496519722 0.5671902268760908 0.18561484918793503 0.5828970331588132 0.18793503480278423
8 0.6038394415357766 0.2111368909512761 0.5898778359511344 0.20649651972157773 0.5759162303664922 0.19721577726218098 0.5584642233856894 0.19953596287703015 0.5636998254799301 0.22041763341067286 0.5881326352530541 0.22273781902552203 0.6003490401396161 0.22505800464037123 0.6038394415357766 0.2111368909512761
3 0.3717277486910995 0 0.3717277486910995 0.06264501160092807 0.38219895287958117 0.10208816705336426 0.39267015706806285 0.14617169373549885 0.41012216404886565 0.1902552204176334 0.39092495636998253 0.17865429234338748 0.3961605584642234 0.20649651972157773 0.4223385689354276 0.23665893271461716 0.4572425828970332 0.23897911832946636 0.493891797556719 0.2459396751740139 0.5200698080279232 0.2459396751740139 0.5410122164048866 0.2459396751740139 0.5671902268760908 0.22041763341067286 0.5863874345549738 0.19489559164733178 0.5706806282722513 0.1554524361948956 0.5549738219895288 0.10904872389791183 0.537521815008726 0.06960556844547564 0.525305410122164 0.030162412993039442 0.5133645636998255 0 0.3717277486910995 0
5 0.6508540907504363 1 0.6666666666666666 0.9698375870069605 0.6090750436300174 0.9675174013921114 0.5968586387434555 1 0.6508540907504363 1