8 0.5972396486825596 0.5141903171953256 0.589711417816813 0.5258764607679466 0.5959849435382685 0.5308848080133556 0.6085319949811794 0.5258764607679466 0.6223337515683814 0.5008347245409015 0.6122961104140527 0.4974958263772955 0.6047678795483061 0.4974958263772955 0.5972396486825596 0.5141903171953256
8 0.6411543287327478 0.22370617696160267 0.6198243412797992 0.2337228714524207 0.6135508155583438 0.2604340567612688 0.6298619824341279 0.3055091819699499 0.6587202007528231 0.332220367278798 0.6825595984943539 0.34223706176961605 0.698870765370138 0.3572621035058431 0.7038895859473023 0.33889816360601 0.6900878293601004 0.3121869782971619 0.6737766624843162 0.2871452420701169 0.6537013801756587 0.25375626043405675 0.6411543287327478 0.22370617696160267
8 0.4002509410288582 0.2570951585976628 0.4353826850690088 0.2671118530884808 0.465495608531995 0.28046744574290483 0.48306148055207027 0.2871452420701169 0.4981179422835634 0.29549248747913187 0.5081555834378921 0.29549248747913187 0.5081555834378921 0.2904841402337229 0.479297365119197 0.27712854757929883 0.4454203262233375 0.2587646076794658 0.4127979924717691 0.25375626043405675 0.4002509410288582 0.2570951585976628
8 0.4316185696361355 0.22203672787979967 0.41656210790464243 0.21869782971619364 0.4065244667503137 0.22203672787979967 0.41656210790464243 0.22537562604340566 0.43036386449184444 0.2287145242070117 0.4466750313676286 0.23205342237061768 0.4742785445420326 0.24040066777963273 0.4629861982434128 0.23205342237061768 0.451693851944793 0.2270450751252087 0.4316185696361355 0.22203672787979967
8 0.3601003764115433 0.1986644407345576 0.34880803011292344 0.19532554257095158 0.35131744040150564 0.2036727879799666 0.3601003764115433 0.21035058430717862 0.37892095357590966 0.21202003338898165 0.37641154328732745 0.20701168614357263 0.36888331242158096 0.20534223706176963 0.3601003764115433 0.1986644407345576
8 0.4178168130489335 0.15025041736227046 0.40401505646173147 0.1419031719532554 0.37641154328732745 0.1419031719532554 0.36386449184441655 0.14858096828046743 0.3751568381430364 0.1636060100166945 0.39272271016311167 0.1652754590984975 0.411543287327478 0.18196994991652754 0.4316185696361355 0.19365609348914858 0.4504391468005019 0.21702838063439064 0.44416562107904645 0.2036727879799666 0.43914680050188204 0.18864774624373956 0.4178168130489335 0.15025041736227046
8 0.36762860727728985 0.08180300500834725 0.3613550815558344 0.07679465776293823 0.3588456712672522 0.05843071786310518 0.3450439146800502 0.05676126878130217 0.3186951066499373 0.05843071786310518 0.3074027603513174 0.0667779632721202 0.2986198243412798 0.07345575959933222 0.28983688833124216 0.08848080133555926 0.28858218318695106 0.09849749582637729 0.30489335006273527 0.10684474123539232 0.32622333751568383 0.11018363939899833 0.34002509410288584 0.11018363939899833 0.3588456712672522 0.11352253756260434 0.36762860727728985 0.11352253756260434 0.3751568381430364 0.11352253756260434 0.3864491844416562 0.11853088480801335 0.40526976160602257 0.1335559265442404 0.397741530740276 0.11519198664440734 0.383939774153074 0.09348914858096828 0.3739021329987453 0.08347245409015025 0.36762860727728985 0.08180300500834725
8 0.26474278544542035 0.1636060100166945 0.26474278544542035 0.17863105175292154 0.26474278544542035 0.18530884808013356 0.26474278544542035 0.19198664440734559 0.27854454203262236 0.19699499165275458 0.27352572145545795 0.18530884808013356 0.2722710163111669 0.17195325542570952 0.2722710163111669 0.15358931552587646 0.2722710163111669 0.13689482470784642 0.2685069008782936 0.1285475792988314 0.26474278544542035 0.14023372287145242 0.26474278544542035 0.15025041736227046 0.26474278544542035 0.1636060100166945
8 0.22961104140526975 0.15358931552587646 0.21706398996235884 0.18697829716193656 0.21957340025094102 0.21869782971619364 0.2233375156838143 0.24540901502504173 0.23337515683814303 0.27545909849749584 0.24717691342534504 0.3088480801335559 0.2584692597239649 0.32387312186978295 0.26474278544542035 0.31385642737896496 0.26474278544542035 0.2988313856427379 0.26348808030112925 0.2888146911519199 0.26223337515683814 0.2654424040066778 0.26223337515683814 0.24040066777963273 0.26097867001254704 0.22370617696160267 0.25972396486825594 0.2020033388981636 0.26097867001254704 0.18363939899833054 0.26223337515683814 0.15191986644407346 0.2534504391468005 0.12353923205342238 0.24090338770388958 0.13689482470784642 0.22961104140526975 0.15358931552587646
8 0.27728983688833125 0.5008347245409015 0.27603513174404015 0.5158597662771286 0.27603513174404015 0.5242070116861436 0.27854454203262236 0.5292153589315526 0.2848180677540778 0.5375626043405676 0.28983688833124216 0.5459098497495827 0.2986198243412798 0.5575959933222037 0.3074027603513174 0.5642737896494157 0.32496863237139273 0.5826377295492488 0.32747804265997493 0.5642737896494157 0.32496863237139273 0.5509181969949917 0.33877038895859474 0.5475792988313857 0.3299874529485571 0.5375626043405676 0.3074027603513174 0.5191986644407346 0.2823086574654956 0.5025041736227045 0.27728983688833125 0.5008347245409015
8 0.39648682559598497 0.5809682804674458 0.37892095357590966 0.5659432387312187 0.3713927227101631 0.5559265442404007 0.36386449184441655 0.5509181969949917 0.3601003764115433 0.5442404006677797 0.3588456712672522 0.5392320534223706 0.35508155583437895 0.5425709515859767 0.34880803011292344 0.5375626043405676 0.3450439146800502 0.5375626043405676 0.33877038895859474 0.5342237061769616 0.33626097867001253 0.5275459098497496 0.32496863237139273 0.5175292153589316 0.3161856963613551 0.5108514190317195 0.3074027603513174 0.5058430717863105 0.30363864491844417 0.5041736227045075 0.30238393977415307 0.4991652754590985 0.2986198243412798 0.4958263772954925 0.2936010037641154 0.49248747913188645 0.28732747804265996 0.49081803005008345 0.2797992471769134 0.48580968280467446 0.27728983688833125 0.4691151919866444 0.27728983688833125 0.4574290484140234 0.27854454203262236 0.44240400667779634 0.2835633626097867 0.44407345575959933 0.28858218318695106 0.44908180300500833 0.2936010037641154 0.4524207011686144 0.2948557089084065 0.46243739565943237 0.2998745294855709 0.46243739565943237 0.2998745294855709 0.4524207011686144 0.2961104140526976 0.44240400667779634 0.2936010037641154 0.4340567612687813 0.28983688833124216 0.4307178631051753 0.2860727728983689 0.4357262103505843 0.2835633626097867 0.4373956594323873 0.27854454203262236 0.4340567612687813 0.27478042659974905 0.4373956594323873 0.27352572145545795 0.44574290484140233 0.2710163111668758 0.4524207011686144 0.2710163111668758 0.4590984974958264 0.2722710163111669 0.4674457429048414 0.27352572145545795 0.4791318864774624 0.27478042659974905 0.49081803005008345 0.27854454203262236 0.4958263772954925 0.28983688833124216 0.5025041736227045 0.30112923462986196 0.5108514190317195 0.3124215809284818 0.5191986644407346 0.32747804265997493 0.5292153589315526 0.34127979924717694 0.5425709515859767 0.35257214554579674 0.5525876460767947 0.370138017565872 0.5659432387312187 0.3889585947302384 0.5809682804674458 0.41405269761606023 0.5993322203672788 0.47176913425345046 0.6277128547579299 0.4504391468005019 0.6093489148580968 0.4341279799247177 0.6010016694490818 0.41405269761606023 0.5909849749582637 0.39648682559598497 0.5809682804674458
8 0.7227101631116688 0.37061769616026713 0.6963613550815558 0.39398998330550916 0.6687578419071518 0.44741235392320533 0.6562107904642409 0.4741235392320534 0.6424090338770388 0.5075125208681135 0.6411543287327478 0.5325542570951586 0.6549560853199499 0.5626043405676127 0.657465495608532 0.5809682804674458 0.740276035131744 0.5075125208681135 0.739021329987453 0.4691151919866444 0.739021329987453 0.4240400667779633 0.7289836888331243 0.3806343906510851 0.7227101631116688 0.37061769616026713
8 0.5922208281053952 0.7228714524207012 0.5997490589711418 0.7011686143572621 0.6022584692597239 0.6844741235392321 0.589711417816813 0.679465776293823 0.5734002509410289 0.6861435726210351 0.5407779171894604 0.7178631051752922 0.520702634880803 0.7328881469115192 0.5169385194479298 0.7646076794657763 0.5244667503136763 0.7946577629382304 0.5533249686323714 0.8347245409015025 0.5909661229611042 0.8781302170283807 0.5834378920953576 0.8397328881469115 0.5846925972396487 0.8080133555926544 0.5859473023839398 0.7846410684474123 0.5922208281053952 0.7228714524207012
8 0.36637390213299875 0.6076794657762938 0.35006273525721454 0.5909849749582637 0.33626097867001253 0.5792988313856428 0.3299874529485571 0.5659432387312187 0.32496863237139273 0.5843071786310517 0.35508155583437895 0.6176961602671118 0.38017565872020076 0.6343906510851419 0.40526976160602257 0.6460767946577629 0.451693851944793 0.674457429048414 0.4353826850690088 0.659432387312187 0.4178168130489335 0.6494156928213689 0.39272271016311167 0.6293823038397329 0.36637390213299875 0.6076794657762938
8 0.5821831869510665 0.5659432387312187 0.5997490589711418 0.5358931552587646 0.6022584692597239 0.5258764607679466 0.6135508155583438 0.4991652754590985 0.5934755332496863 0.5058430717863105 0.5809284818067754 0.5308848080133556 0.5633626097867002 0.5392320534223706 0.5407779171894604 0.5525876460767947 0.5319949811794228 0.5609348914858097 0.5119196988707654 0.5859766277128547 0.4893350062735257 0.6160267111853088 0.48055207026348806 0.6360601001669449 0.493099121706399 0.654424040066778 0.5181932245922208 0.674457429048414 0.5294855708908407 0.66110183639399 0.5432873274780426 0.6227045075125208 0.5583437892095358 0.5976627712854758 0.5821831869510665 0.5659432387312187
8 0.42785445420326224 0.5609348914858097 0.39397741530740277 0.5409015025041736 0.36511919698870765 0.5225375626043406 0.3462986198243413 0.5091819699499165 0.3237139272271016 0.4958263772954925 0.3086574654956085 0.48414023372287146 0.2986198243412798 0.4741235392320534 0.2810539523212045 0.46410684474123537 0.27603513174404015 0.46410684474123537 0.28858218318695106 0.4724540901502504 0.2986198243412798 0.48080133555926546 0.31493099121706397 0.49248747913188645 0.3299874529485571 0.5025041736227045 0.35131744040150564 0.5175292153589316 0.36511919698870765 0.5275459098497496 0.38017565872020076 0.5375626043405676 0.40401505646173147 0.5542570951585977 0.4316185696361355 0.5692821368948247 0.4504391468005019 0.5809682804674458 0.46675031367628605 0.5876460767946577 0.48306148055207027 0.5909849749582637 0.4968632371392723 0.5893155258764607 0.4968632371392723 0.5826377295492488 0.4868255959849435 0.5843071786310517 0.47051442910915936 0.5826377295492488 0.45294855708908405 0.5759599332220368 0.42785445420326224 0.5609348914858097
8 0.8306148055207027 0.44240400667779634 0.8042659974905897 0.44574290484140233 0.7829360100376411 0.4524207011686144 0.7528230865746549 0.4791318864774624 0.7427854454203262 0.49248747913188645 0.7452948557089084 0.5025041736227045 0.7867001254705144 0.48580968280467446 0.8281053952321205 0.4674457429048414 0.8406524466750314 0.4657762938230384 0.8695106649937264 0.4574290484140234 0.8845671267252195 0.4557595993322204 0.8858218318695107 0.44908180300500833 0.8607277289836889 0.43906510851419034 0.8306148055207027 0.44240400667779634
8 0.5909661229611042 0.5776293823038398 0.5771643663739021 0.6060100166944908 0.5558343789209536 0.6427378964941569 0.5407779171894604 0.66110183639399 0.520702634880803 0.669449081803005 0.5056461731493099 0.666110183639399 0.4993726474278545 0.667779632721202 0.5131744040150564 0.679465776293823 0.5257214554579673 0.679465776293823 0.5382685069008782 0.672787979966611 0.5570890840652447 0.6527545909849749 0.5671267252195734 0.6360601001669449 0.5759096612296111 0.6176961602671118 0.5909661229611042 0.5926544240400667 0.5972396486825596 0.5776293823038398 0.6085319949811794 0.5559265442404007 0.6072772898368883 0.5475792988313857 0.6010037641154329 0.5575959933222037 0.5909661229611042 0.5776293823038398
8 0.3212045169385194 0.32220367278797996 0.30112923462986196 0.31385642737896496 0.28983688833124216 0.3088480801335559 0.2823086574654956 0.28046744574290483 0.2823086574654956 0.2604340567612688 0.2823086574654956 0.24373956594323873 0.2835633626097867 0.21035058430717862 0.2848180677540778 0.18196994991652754 0.2835633626097867 0.15358931552587646 0.27854454203262236 0.12687813021702837 0.2722710163111669 0.15859766277128548 0.2710163111668758 0.18864774624373956 0.2710163111668758 0.22203672787979967 0.2697616060225847 0.2570951585976628 0.2685069008782936 0.2938230383973289 0.2672521957340025 0.32554257095158595 0.2986198243412798 0.33889816360601 0.3237139272271016 0.35058430717863104 0.3588456712672522 0.3672787979966611 0.410288582183187 0.3656093489148581 0.4454203262233375 0.3656093489148581 0.4755332496863237 0.3672787979966611 0.5106649937264742 0.3672787979966611 0.5169385194479298 0.3555926544240401 0.5144291091593476 0.333889816360601 0.4993726474278545 0.32554257095158595 0.493099121706399 0.34891485809682804 0.4077791718946048 0.34056761268781305 0.36762860727728985 0.327212020033389 0.3212045169385194 0.32220367278797996
8 0.45671267252195735 0.6844741235392321 0.48055207026348806 0.7028380634390651 0.49435382685069007 0.7111853088480802 0.4993726474278545 0.7128547579298832 0.48306148055207027 0.6944908180300501 0.4629861982434128 0.6828046744574291 0.4491844416562108 0.674457429048414 0.45671267252195735 0.6844741235392321
8 0.5382685069008782 0.6444073455759599 0.5294855708908407 0.657762938230384 0.520702634880803 0.667779632721202 0.5269761606022585 0.664440734557596 0.5319949811794228 0.659432387312187 0.5395232120451694 0.6527545909849749 0.5432873274780426 0.6477462437395659 0.5495608531994981 0.6343906510851419 0.5520702634880803 0.6277128547579299 0.5495608531994981 0.6293823038397329 0.5470514429109159 0.6327212020033389 0.5382685069008782 0.6444073455759599