5 0.51953125 0.49473684210526314 0.5286458333333334 0.4863157894736842 0.5390625 0.4842105263157895 0.55078125 0.4863157894736842 0.5638020833333334 0.4968421052631579 0.5716145833333334 0.5178947368421053 0.5716145833333334 0.5389473684210526 0.5651041666666666 0.5536842105263158 0.5546875 0.5642105263157895 0.5390625 0.5621052631578948 0.5286458333333334 0.5536842105263158 0.5182291666666666 0.5389473684210526 0.515625 0.5242105263157895 0.5169270833333334 0.5073684210526316
3 0.421875 0.6168421052631579 0.4166666666666667 0.6021052631578947 0.4088541666666667 0.5831578947368421 0.3984375 0.5705263157894737 0.3932291666666667 0.5621052631578948 0.3880208333333333 0.5473684210526316 0.3893229166666667 0.5347368421052632 0.3932291666666667 0.5221052631578947 0.40625 0.5031578947368421 0.41796875 0.4968421052631579 0.4322916666666667 0.49473684210526314 0.4440104166666667 0.4968421052631579 0.4544270833333333 0.5052631578947369 0.4635416666666667 0.511578947368421 0.4713541666666667 0.5157894736842106 0.4791666666666667 0.5157894736842106 0.48828125 0.511578947368421 0.4986979166666667 0.5052631578947369 0.5104166666666666 0.49473684210526314 0.5208333333333334 0.4842105263157895 0.53515625 0.48 0.55078125 0.47578947368421054 0.56640625 0.4884210526315789 0.5807291666666666 0.49894736842105264 0.5872395833333334 0.5178947368421053 0.6002604166666666 0.5263157894736842 0.609375 0.5221052631578947 0.6171875 0.5136842105263157 0.6354166666666666 0.5073684210526316 0.6471354166666666 0.5052631578947369 0.6549479166666666 0.5136842105263157 0.6549479166666666 0.5347368421052632 0.6549479166666666 0.5494736842105263 0.6497395833333334 0.5578947368421052 0.6419270833333334 0.5768421052631579 0.63671875 0.5936842105263158 0.6184895833333334 0.6147368421052631 0.6041666666666666 0.6378947368421053 0.59375 0.6547368421052632 0.5755208333333334 0.6736842105263158 0.5611979166666666 0.6863157894736842 0.5494791666666666 0.6905263157894737 0.52734375 0.6547368421052632 0.5104166666666666 0.6378947368421053 0.4908854166666667 0.6231578947368421 0.48046875 0.6210526315789474 0.4635416666666667 0.6252631578947369 0.4466145833333333 0.6294736842105263 0.4309895833333333 0.631578947368421
8 0.5703125 0.7684210526315789 0.5729166666666666 0.7642105263157895 0.5768229166666666 0.7642105263157895 0.5768229166666666 0.7705263157894737 0.5755208333333334 0.7747368421052632 0.5729166666666666 0.7747368421052632
8 0.5520833333333334 0.7115789473684211 0.55078125 0.7052631578947368 0.5533854166666666 0.7010526315789474 0.5559895833333334 0.7031578947368421 0.5559895833333334 0.7073684210526315 0.5572916666666666 0.7115789473684211
8 0.5611979166666666 0.7263157894736842 0.5638020833333334 0.7221052631578947 0.56640625 0.7263157894736842 0.56640625 0.7305263157894737 0.5638020833333334 0.7326315789473684 0.5598958333333334 0.7347368421052631
8 0.5638020833333334 0.7410526315789474 0.5651041666666666 0.7368421052631579 0.5690104166666666 0.7389473684210527 0.5690104166666666 0.7431578947368421 0.5690104166666666 0.7473684210526316 0.5638020833333334 0.7473684210526316
8 0.5651041666666666 0.7684210526315789 0.5677083333333334 0.7705263157894737 0.5703125 0.7747368421052632 0.5690104166666666 0.7810526315789473 0.56640625 0.7768421052631579
8 0.5651041666666666 0.7684210526315789 0.5677083333333334 0.7684210526315789 0.5690104166666666 0.7747368421052632 0.5716145833333334 0.7789473684210526 0.5716145833333334 0.783157894736842 0.5690104166666666 0.7852631578947369
5 0.6341145833333334 0.8357894736842105 0.6380208333333334 0.8336842105263158 0.6432291666666666 0.8315789473684211 0.6588541666666666 0.8315789473684211 0.67578125 0.8294736842105264 0.69140625 0.8315789473684211 0.7096354166666666 0.8315789473684211 0.7252604166666666 0.8315789473684211 0.7395833333333334 0.8294736842105264 0.7486979166666666 0.8294736842105264 0.75390625 0.8294736842105264 0.7552083333333334 0.8378947368421052 0.75 0.848421052631579 0.7421875 0.8568421052631578 0.7291666666666666 0.8589473684210527 0.7135416666666666 0.8610526315789474 0.6953125 0.8589473684210527 0.6822916666666666 0.8589473684210527 0.6705729166666666 0.8568421052631578 0.6588541666666666 0.8547368421052631 0.6458333333333334 0.8526315789473684 0.6393229166666666 0.8505263157894737 0.6328125 0.8463157894736842 0.6315104166666666 0.8442105263157895
5 0.4388020833333333 0.7536842105263157 0.4557291666666667 0.7347368421052631 0.4700520833333333 0.7326315789473684 0.4869791666666667 0.7431578947368421 0.50390625 0.7705263157894737 0.51953125 0.8084210526315789 0.5260416666666666 0.8378947368421052 0.52734375 0.871578947368421 0.5234375 0.9157894736842105 0.51171875 0.9452631578947368 0.49609375 0.9515789473684211 0.4739583333333333 0.9410526315789474 0.4557291666666667 0.9242105263157895 0.4440104166666667 0.8947368421052632 0.4322916666666667 0.8526315789473684 0.4270833333333333 0.8168421052631579 0.4296875 0.7936842105263158
8 0.6393229166666666 0.5031578947368421 0.6145833333333334 0.5136842105263157 0.5989583333333334 0.5431578947368421 0.58203125 0.5557894736842105 0.5533854166666666 0.5578947368421052 0.5286458333333334 0.5515789473684211 0.5130208333333334 0.5663157894736842 0.4869791666666667 0.5663157894736842 0.46484375 0.5663157894736842 0.453125 0.5557894736842105 0.4427083333333333 0.5410526315789473 0.4388020833333333 0.5536842105263158 0.4322916666666667 0.5768421052631579 0.4361979166666667 0.6021052631578947 0.4453125 0.6231578947368421 0.4700520833333333 0.6231578947368421 0.4895833333333333 0.6252631578947369 0.5208333333333334 0.6505263157894737 0.5364583333333334 0.6842105263157895 0.55078125 0.7031578947368421 0.5572916666666666 0.6884210526315789 0.55859375 0.631578947368421 0.578125 0.6 0.6002604166666666 0.5768421052631579 0.6171875 0.5663157894736842 0.6341145833333334 0.5684210526315789 0.6458333333333334 0.5621052631578948 0.640625 0.5473684210526316 0.6184895833333334 0.5410526315789473 0.6419270833333334 0.52
5 0.8333333333333334 0.5178947368421053 0.91015625 0.47157894736842104 0.9140625 0.52 0.8372395833333334 0.5705263157894737
0 0.5416666666666666 0.7115789473684211 0.5481770833333334 0.6884210526315789 0.5872395833333334 0.6442105263157895 0.6158854166666666 0.6042105263157894 0.6341145833333334 0.5810526315789474 0.6432291666666666 0.5642105263157895 0.6484375 0.5494736842105263 0.6536458333333334 0.52 0.6588541666666666 0.5263157894736842 0.65625 0.5621052631578948 0.6328125 0.6 0.5885416666666666 0.6631578947368421 0.546875 0.7178947368421053