4 0.2164048865619546 0.42424242424242425 0.34554973821989526 0.4444444444444444 0.3368237347294939 0.4797979797979798 0.2181500872600349 0.4595959595959596
8 0.2425828970331588 0.7575757575757576 0.2530541012216405 0.7575757575757576 0.26527050610820246 0.7752525252525253 0.2792321116928447 0.7929292929292929 0.2862129144851658 0.803030303030303 0.2949389179755672 0.8131313131313131 0.3089005235602094 0.8156565656565656 0.3193717277486911 0.8207070707070707 0.33507853403141363 0.8257575757575758 0.343804537521815 0.8358585858585859 0.33158813263525305 0.8308080808080808 0.31239092495637 0.8257575757575758 0.3019197207678883 0.8207070707070707 0.2879581151832461 0.8131313131313131 0.27399650959860383 0.8055555555555556 0.26527050610820246 0.803030303030303 0.2547993019197208 0.7954545454545454 0.24781849912739964 0.7904040404040404
8 0.2006980802792321 0.7853535353535354 0.2111692844677138 0.7853535353535354 0.22164048865619546 0.7929292929292929 0.23211169284467714 0.8080808080808081 0.2268760907504363 0.8131313131313131 0.2164048865619546 0.8080808080808081 0.20767888307155322 0.803030303030303 0.20418848167539266 0.797979797979798
8 0.4223385689354276 0.8358585858585859 0.43455497382198954 0.8484848484848485 0.45549738219895286 0.8535353535353535 0.4677137870855148 0.8686868686868687 0.4712041884816754 0.8914141414141414 0.46596858638743455 0.8939393939393939 0.45898778359511344 0.8762626262626263 0.45549738219895286 0.8661616161616161 0.44502617801047123 0.8636363636363636 0.4293193717277487 0.8611111111111112 0.41710296684118675 0.8611111111111112 0.4118673647469459 0.8535353535353535 0.41710296684118675 0.8459595959595959
8 0.48342059336823734 0.8737373737373737 0.4886561954624782 0.9065656565656566 0.4956369982547993 0.9015151515151515 0.4973821989528796 0.8914141414141414 0.5113438045375218 0.8914141414141414 0.5218150087260035 0.8863636363636364 0.5287958115183246 0.8813131313131313 0.5305410122164049 0.8712121212121212 0.5235602094240838 0.8712121212121212 0.5130890052356021 0.8762626262626263 0.5078534031413613 0.8787878787878788 0.49912739965095987 0.8787878787878788 0.4956369982547993 0.8737373737373737 0.49040139616055844 0.8737373737373737
3 0.5724258289703316 0.3055555555555556 0.5445026178010471 0.3181818181818182 0.5287958115183246 0.33080808080808083 0.506108202443281 0.351010101010101 0.4869109947643979 0.3712121212121212 0.4712041884816754 0.39646464646464646 0.4607329842931937 0.41414141414141414 0.4537521815008726 0.4444444444444444 0.44851657940663175 0.48484848484848486 0.43804537521815007 0.5227272727272727 0.43804537521815007 0.5656565656565656 0.43455497382198954 0.6085858585858586 0.43106457242582896 0.6313131313131313 0.45549738219895286 0.6363636363636364 0.46596858638743455 0.6464646464646465 0.4816753926701571 0.6565656565656566 0.5008726003490401 0.6666666666666666 0.5130890052356021 0.6666666666666666 0.5340314136125655 0.6616161616161617 0.5479930191972077 0.6641414141414141 0.5619546247818499 0.6666666666666666 0.5759162303664922 0.648989898989899 0.5881326352530541 0.6313131313131313 0.6003490401396161 0.6161616161616161 0.6178010471204188 0.601010101010101 0.6335078534031413 0.5858585858585859 0.6527050610820244 0.5707070707070707 0.6701570680628273 0.5606060606060606 0.6823734729493892 0.5429292929292929 0.6945898778359512 0.5378787878787878 0.7102966841186736 0.5378787878787878 0.7207678883071553 0.5252525252525253 0.7347294938917975 0.5151515151515151 0.7417102966841187 0.5075757575757576 0.7504363001745201 0.5025252525252525 0.7521815008726004 0.4797979797979798 0.7521815008726004 0.47474747474747475 0.7539267015706806 0.4621212121212121 0.7574171029668412 0.44696969696969696 0.7591623036649214 0.42424242424242425 0.7591623036649214 0.4065656565656566 0.7329842931937173 0.3838383838383838 0.6788830715532286 0.37626262626262624 0.68760907504363 0.3787878787878788 0.6666666666666666 0.3712121212121212 0.6369982547993019 0.3661616161616162 0.6178010471204188 0.351010101010101 0.6073298429319371 0.33585858585858586 0.5951134380453752 0.32575757575757575 0.5794066317626527 0.31565656565656564 0.7521815008726004 0.4722222222222222
0 0.6719022687609075 0.5631313131313131 0.6649214659685864 0.5909090909090909 0.6579406631762653 0.6313131313131313 0.6492146596858639 0.6616161616161617 0.6422338568935427 0.6944444444444444 0.6352530541012217 0.7247474747474747 0.6265270506108203 0.7550505050505051 0.6108202443280978 0.7828282828282829 0.5951134380453752 0.8131313131313131 0.5759162303664922 0.851010101010101 0.5427574171029669 0.8762626262626263 0.5113438045375218 0.8964646464646465 0.493891797556719 0.9141414141414141 0.4537521815008726 0.9242424242424242 0.4223385689354276 0.9217171717171717 0.387434554973822 0.9141414141414141 0.35602094240837695 0.8964646464646465 0.3228621291448517 0.8863636363636364 0.2931937172774869 0.8762626262626263 0.268760907504363 0.8560606060606061 0.2338568935427574 0.8333333333333334 0.20767888307155322 0.8156565656565656 0.1762652705061082 0.7929292929292929 0.1518324607329843 0.7727272727272727 0.12914485165794065 0.75 0.1082024432809773 0.7272727272727273 0.08726003490401396 0.6994949494949495 0.07155322862129145 0.6767676767676768 0.059336823734729496 0.6388888888888888 0.059336823734729496 0.6085858585858586 0.05410122164048865 0.5707070707070707 0.04886561954624782 0.5277777777777778 0.04712041884816754 0.494949494949495 0.05410122164048865 0.4722222222222222 0.06282722513089005 0.4595959595959596 0.07678883071553229 0.45454545454545453 0.08900523560209424 0.4823232323232323 0.09598603839441536 0.5075757575757576 0.10296684118673648 0.5277777777777778 0.11343804537521815 0.5378787878787878 0.1273996509598604 0.5505050505050505 0.14659685863874344 0.5631313131313131 0.17102966841186737 0.5681818181818182 0.18848167539267016 0.5833333333333334 0.21465968586387435 0.5909090909090909 0.2425828970331588 0.6035353535353535 0.2600349040139616 0.6136363636363636 0.28097731239092494 0.6212121212121212 0.30017452006980805 0.6287878787878788 0.3228621291448517 0.6313131313131313 0.35776614310645727 0.6388888888888888 0.3769633507853403 0.6464646464646465 0.4013961605584642 0.6338383838383839 0.4083769633507853 0.6035353535353535 0.42408376963350786 0.6060606060606061 0.42757417102966844 0.6237373737373737 0.44153577661431065 0.6237373737373737 0.45898778359511344 0.6313131313131313 0.47469458987783597 0.6515151515151515 0.4869109947643979 0.6565656565656566 0.4973821989528796 0.6590909090909091 0.5095986038394416 0.6666666666666666 0.5218150087260035 0.6666666666666666 0.5584642233856894 0.6616161616161617 0.5863874345549738 0.6262626262626263 0.6038394415357766 0.601010101010101 0.6230366492146597 0.5808080808080808 0.6509598603839442 0.5707070707070707 0.6579406631762653 0.5656565656565656
8 0.7260034904013961 0.45707070707070707 0.7417102966841187 0.45707070707070707 0.7417102966841187 0.4797979797979798 0.7260034904013961 0.4696969696969697
8 0.7242582897033158 0.4090909090909091 0.731239092495637 0.4166666666666667 0.7399650959860384 0.42424242424242425 0.7469458987783595 0.43434343434343436 0.7469458987783595 0.45202020202020204 0.7382198952879581 0.44191919191919193 0.7329842931937173 0.4292929292929293 0.7277486910994765 0.42424242424242425 0.7242582897033158 0.41919191919191917
8 0.7382198952879581 0.398989898989899 0.743455497382199 0.398989898989899 0.7452006980802792 0.4090909090909091 0.7382198952879581 0.4090909090909091
8 0.6963350785340314 0.4166666666666667 0.7015706806282722 0.42424242424242425 0.7068062827225131 0.43686868686868685 0.7033158813263525 0.4393939393939394 0.6980802792321117 0.43434343434343436 0.6945898778359512 0.4292929292929293 0.6893542757417103 0.42676767676767674 0.6910994764397905 0.4166666666666667
5 0.1762652705061082 0.45454545454545453 0.2425828970331588 0.4797979797979798 0.23734729493891799 0.5580808080808081 0.17452006980802792 0.5303030303030303
8 0.5828970331588132 0.40404040404040403 0.5445026178010471 0.42424242424242425 0.5357766143106457 0.36363636363636365 0.5549738219895288 0.3484848484848485
8 0.5479930191972077 0.49747474747474746 0.5654450261780105 0.6540404040404041 0.5532286212914486 0.6540404040404041 0.5410122164048866 0.5151515151515151
0 0.3961605584642234 0.6287878787878788 0.43106457242582896 0.6388888888888888 0.45200698080279234 0.5378787878787878 0.4677137870855148 0.4444444444444444 0.4816753926701571 0.398989898989899 0.506108202443281 0.3611111111111111 0.5410122164048866 0.3333333333333333 0.5671902268760908 0.31565656565656564 0.5828970331588132 0.30303030303030304 0.5776614310645725 0.29292929292929293 0.5619546247818499 0.2904040404040404 0.4712041884816754 0.34595959595959597 0.45200698080279234 0.38636363636363635 0.4397905759162304 0.42424242424242425