0 0.5227272727272727 0.5373831775700935 0.5402097902097902 0.6098130841121495 0.6241258741258742 0.6191588785046729 0.6765734265734266 0.6144859813084113 0.7115384615384616 0.602803738317757 0.715034965034965 0.5677570093457944 0.7097902097902098 0.544392523364486 0.6136363636363636 0.544392523364486
0 0.4458041958041958 0.6074766355140186 0.49125874125874125 0.8014018691588785 0.527972027972028 0.8294392523364486 0.6293706293706294 0.8341121495327103 0.7097902097902098 0.8271028037383178 0.736013986013986 0.8107476635514018 0.8164335664335665 0.7570093457943925 0.8741258741258742 0.6962616822429907 0.8968531468531469 0.6612149532710281 0.8881118881118881 0.6448598130841121 0.8444055944055944 0.6845794392523364 0.8129370629370629 0.7079439252336449 0.756993006993007 0.75 0.7587412587412588 0.7289719626168224 0.7482517482517482 0.6518691588785047 0.736013986013986 0.530373831775701 0.708041958041958 0.5373831775700935 0.7045454545454546 0.6074766355140186 0.6643356643356644 0.6074766355140186 0.6276223776223776 0.6074766355140186 0.5384615384615384 0.6074766355140186 0.5314685314685315 0.6285046728971962
3 0.5629370629370629 0.4322429906542056 0.6048951048951049 0.4135514018691589 0.6730769230769231 0.411214953271028 0.7255244755244755 0.4205607476635514 0.7622377622377622 0.441588785046729 0.7657342657342657 0.4719626168224299 0.75 0.48598130841121495 0.7290209790209791 0.5163551401869159 0.7115384615384616 0.5233644859813084 0.6555944055944056 0.5257009345794392 0.5961538461538461 0.5280373831775701 0.5646853146853147 0.5070093457943925 0.5472027972027972 0.4742990654205608
8 0.8076923076923077 0.4602803738317757 0.8111888111888111 0.4672897196261682 0.8129370629370629 0.48598130841121495 0.8076923076923077 0.47897196261682246
8 0.8234265734265734 0.48130841121495327 0.8304195804195804 0.4883177570093458 0.8356643356643356 0.4953271028037383 0.8251748251748252 0.4929906542056075
8 0.6206293706293706 0.5210280373831776 0.722027972027972 0.5257009345794392 0.7307692307692307 0.5163551401869159 0.743006993006993 0.5116822429906542 0.7604895104895105 0.5116822429906542 0.7814685314685315 0.5116822429906542 0.8024475524475524 0.5163551401869159 0.7972027972027972 0.5233644859813084 0.7692307692307693 0.5210280373831776 0.7517482517482518 0.5186915887850467 0.7395104895104895 0.5233644859813084 0.7290209790209791 0.5257009345794392 0.7132867132867133 0.5280373831775701 0.6783216783216783 0.530373831775701 0.6573426573426573 0.530373831775701 0.6276223776223776 0.530373831775701 0.6171328671328671 0.5280373831775701
3 0.38986013986013984 0.42757009345794394 0.4423076923076923 0.5397196261682243 0.4353146853146853 0.5677570093457944 0.4195804195804196 0.5233644859813084 0.3986013986013986 0.5046728971962616 0.36363636363636365 0.5046728971962616 0.36013986013986016 0.4719626168224299 0.3758741258741259 0.4462616822429907
0 0.7902097902097902 0.5186915887850467 0.8758741258741258 0.48364485981308414 0.8898601398601399 0.5233644859813084 0.8916083916083916 0.5887850467289719 0.8846153846153846 0.647196261682243 0.8776223776223776 0.6658878504672897 0.756993006993007 0.7593457943925234 0.7447552447552448 0.6612149532710281 0.736013986013986 0.5771028037383178 0.715034965034965 0.5677570093457944 0.708041958041958 0.5397196261682243
8 0.4772727272727273 0.616822429906542 0.4772727272727273 0.5934579439252337 0.4597902097902098 0.5934579439252337
8 0.5157342657342657 0.6074766355140186 0.5384615384615384 0.616822429906542 0.5262237762237763 0.602803738317757
8 0.42132867132867136 0.514018691588785 0.44755244755244755 0.5467289719626168 0.4370629370629371 0.5233644859813084
5 0.8041958041958042 0.633177570093458 0.8636363636363636 0.5957943925233645 0.8671328671328671 0.6542056074766355 0.8076923076923077 0.7009345794392523
0 0.32867132867132864 0.37850467289719625 0.3968531468531469 0.40420560747663553 0.4527972027972028 0.42990654205607476 0.49125874125874125 0.4439252336448598 0.5087412587412588 0.4602803738317757 0.5332167832167832 0.49065420560747663 0.5629370629370629 0.5116822429906542 0.5891608391608392 0.5210280373831776 0.6346153846153846 0.5233644859813084 0.6818181818181818 0.5186915887850467 0.7272727272727273 0.5257009345794392 0.7622377622377622 0.5257009345794392 0.7902097902097902 0.530373831775701 0.7325174825174825 0.5490654205607477 0.6940559440559441 0.5514018691588785 0.6486013986013986 0.5514018691588785 0.5961538461538461 0.5537383177570093 0.5472027972027972 0.5537383177570093 0.5174825174825175 0.5397196261682243 0.506993006993007 0.5210280373831776 0.46853146853146854 0.4883177570093458 0.4143356643356643 0.4439252336448598 0.3618881118881119 0.4158878504672897 0.3181818181818182 0.3925233644859813