3 0.4099616858237548 0.4069767441860465 0.4157088122605364 0.43488372093023253 0.42337164750957856 0.4697674418604651 0.42528735632183906 0.4930232558139535 0.42337164750957856 0.5232558139534884 0.41379310344827586 0.5511627906976744 0.4061302681992337 0.5837209302325581 0.4003831417624521 0.6069767441860465 0.4042145593869732 0.5069767441860465 0.40229885057471265 0.4325581395348837
8 0.7528735632183908 0.6465116279069767 0.7605363984674329 0.6232558139534884 0.7681992337164751 0.6139534883720931 0.7739463601532567 0.6441860465116279 0.7720306513409961 0.6883720930232559 0.764367816091954 0.7232558139534884 0.7586206896551724 0.7488372093023256 0.7605363984674329 0.7162790697674418 0.7662835249042146 0.6744186046511628 0.7567049808429118 0.6790697674418604
8 0.8007662835249042 0.6511627906976745 0.8084291187739464 0.6348837209302326 0.8199233716475096 0.641860465116279 0.8314176245210728 0.6348837209302326 0.8409961685823755 0.627906976744186 0.842911877394636 0.6465116279069767 0.8371647509578544 0.6697674418604651 0.8199233716475096 0.6744186046511628 0.8026819923371648 0.6813953488372093
5 0.7145593869731801 0.6883720930232559 0.7183908045977011 0.6813953488372093 0.7260536398467433 0.6744186046511628 0.735632183908046 0.6744186046511628 0.7394636015325671 0.6837209302325581 0.7337164750957854 0.6930232558139535 0.7241379310344828 0.6976744186046512
5 0.8371647509578544 0.5116279069767442 0.842911877394636 0.5023255813953489 0.8524904214559387 0.5 0.8620689655172413 0.5023255813953489 0.8697318007662835 0.5116279069767442 0.867816091954023 0.5255813953488372 0.8620689655172413 0.5395348837209303 0.8544061302681992 0.5465116279069767 0.8486590038314177 0.5511627906976744 0.8409961685823755 0.5488372093023256 0.8333333333333334 0.5441860465116279 0.8275862068965517 0.5372093023255814 0.8275862068965517 0.5255813953488372 0.8352490421455939 0.5255813953488372
3 0.8524904214559387 0.5 0.8371647509578544 0.48372093023255813 0.8295019157088123 0.4697674418604651 0.8314176245210728 0.4558139534883721 0.8448275862068966 0.4511627906976744 0.8524904214559387 0.4627906976744186 0.8697318007662835 0.5116279069767442 0.8601532567049809 0.5023255813953489
3 0.8007662835249042 0.46744186046511627 0.8122605363984674 0.46744186046511627 0.8256704980842912 0.47674418604651164 0.8352490421455939 0.48372093023255813 0.842911877394636 0.4883720930232558 0.842911877394636 0.49534883720930234 0.8333333333333334 0.49767441860465117 0.8237547892720306 0.48372093023255813 0.8103448275862069 0.48372093023255813 0.8045977011494253 0.47674418604651164
4 0.49233716475095785 0.5488372093023256 0.5153256704980843 0.5395348837209303 0.5421455938697318 0.5279069767441861 0.5593869731800766 0.5232558139534884 0.5804597701149425 0.5465116279069767 0.5670498084291188 0.5465116279069767 0.5574712643678161 0.541860465116279 0.5517241379310345 0.5488372093023256 0.5421455938697318 0.5441860465116279 0.5363984674329502 0.5627906976744186 0.5306513409961686 0.5488372093023256 0.524904214559387 0.5581395348837209 0.5114942528735632 0.5627906976744186 0.49808429118773945 0.5558139534883721
4 0.6130268199233716 0.5697674418604651 0.632183908045977 0.5767441860465117 0.6513409961685823 0.5837209302325581 0.6513409961685823 0.5930232558139535 0.6379310344827587 0.6023255813953489 0.6340996168582376 0.5930232558139535 0.6264367816091954 0.6023255813953489 0.6226053639846744 0.6023255813953489 0.6245210727969349 0.5906976744186047 0.6168582375478927 0.5953488372093023 0.6130268199233716 0.586046511627907 0.6187739463601533 0.5837209302325581 0.6130268199233716 0.5767441860465117
3 0.4386973180076628 0.3767441860465116 0.4674329501915709 0.4 0.47126436781609193 0.4186046511627907 0.4846743295019157 0.4418604651162791 0.49808429118773945 0.43488372093023253 0.5 0.46511627906976744 0.49616858237547895 0.4790697674418605 0.49233716475095785 0.5116279069767442 0.4846743295019157 0.5255813953488372 0.4731800766283525 0.5116279069767442 0.46360153256704983 0.4790697674418605 0.46934865900383144 0.44651162790697674 0.4559386973180077 0.4046511627906977
4 0.8850574712643678 0.5023255813953489 0.8793103448275862 0.4906976744186046 0.8869731800766284 0.4720930232558139 0.89272030651341 0.48372093023255813 0.896551724137931 0.49534883720930234
0 0.4789272030651341 0.5441860465116279 0.5 0.5325581395348837 0.5268199233716475 0.5232558139534884 0.5517241379310345 0.5162790697674419 0.5804597701149425 0.5488372093023256 0.6111111111111112 0.5697674418604651 0.6532567049808429 0.586046511627907 0.6839080459770115 0.5790697674418605 0.685823754789272 0.5697674418604651 0.6819923371647509 0.5534883720930233 0.6685823754789272 0.5209302325581395 0.657088122605364 0.4883720930232558 0.6781609195402298 0.4813953488372093 0.710727969348659 0.4790697674418605 0.735632183908046 0.5232558139534884 0.7567049808429118 0.5697674418604651 0.7701149425287356 0.6139534883720931 0.7739463601532567 0.6511627906976745 0.7739463601532567 0.6906976744186046 0.764367816091954 0.7488372093023256 0.7796934865900383 0.7418604651162791 0.8084291187739464 0.7302325581395349 0.8314176245210728 0.7162790697674418 0.8467432950191571 0.7069767441860465 0.8659003831417624 0.686046511627907 0.8735632183908046 0.6744186046511628 0.8812260536398467 0.6581395348837209 0.8888888888888888 0.6348837209302326 0.9022988505747126 0.6209302325581395 0.9080459770114943 0.5930232558139535 0.9118773946360154 0.5627906976744186 0.9195402298850575 0.5302325581395348 0.9157088122605364 0.5069767441860465 0.9080459770114943 0.4906976744186046 0.9080459770114943 0.4720930232558139 0.9195402298850575 0.43953488372093025 0.9252873563218391 0.43953488372093025 0.9272030651340997 0.4558139534883721 0.9195402298850575 0.47674418604651164 0.9195402298850575 0.48604651162790696 0.9252873563218391 0.49534883720930234 0.9252873563218391 0.5232558139534884 0.9272030651340997 0.5558139534883721 0.921455938697318 0.5883720930232558 0.9157088122605364 0.6162790697674418 0.9042145593869731 0.6488372093023256 0.89272030651341 0.6837209302325581 0.8869731800766284 0.6976744186046512 0.8754789272030651 0.7093023255813954 0.8524904214559387 0.7302325581395349 0.8237547892720306 0.7558139534883721 0.7950191570881227 0.7697674418604651 0.7662835249042146 0.7813953488372093 0.7452107279693486 0.7883720930232558 0.7030651340996169 0.7930232558139535 0.6781609195402298 0.7953488372093023 0.6245210727969349 0.7953488372093023 0.5823754789272031 0.7883720930232558 0.5421455938697318 0.7744186046511627 0.5172413793103449 0.7604651162790698 0.5210727969348659 0.727906976744186 0.5210727969348659 0.6930232558139535 0.5095785440613027 0.641860465116279 0.4904214559386973 0.5953488372093023 0.47509578544061304 0.5674418604651162 0.4540229885057471 0.5511627906976744 0.4674329501915709 0.5441860465116279
5 0.8352490421455939 0.6255813953488372 0.8697318007662835 0.6116279069767442 0.8850574712643678 0.6069767441860465 0.8735632183908046 0.6255813953488372 0.8563218390804598 0.6441860465116279 0.8371647509578544 0.6372093023255814
0 0.48659003831417624 0.3697674418604651 0.5172413793103449 0.36511627906976746 0.553639846743295 0.36511627906976746 0.5823754789272031 0.3581395348837209 0.6360153256704981 0.3511627906976744 0.6896551724137931 0.3488372093023256 0.7318007662835249 0.34186046511627904 0.7624521072796935 0.33488372093023255 0.7796934865900383 0.3302325581395349 0.7854406130268199 0.3209302325581395 0.7950191570881227 0.3325581395348837 0.8448275862068966 0.3511627906976744 0.8505747126436781 0.3674418604651163 0.8754789272030651 0.39069767441860465 0.8946360153256705 0.4116279069767442 0.8850574712643678 0.42093023255813955 0.8946360153256705 0.44883720930232557 0.8773946360153256 0.4511627906976744 0.8524904214559387 0.4558139534883721 0.8218390804597702 0.4604651162790698 0.7758620689655172 0.4744186046511628 0.7337164750957854 0.4813953488372093 0.7030651340996169 0.48604651162790696 0.6551724137931034 0.49534883720930234 0.6302681992337165 0.45813953488372094 0.5957854406130269 0.4325581395348837 0.5555555555555556 0.42790697674418604 0.5210727969348659 0.4255813953488372 0.49233716475095785 0.4
0 0.8946360153256705 0.40930232558139534 0.9233716475095786 0.43953488372093025 0.9233716475095786 0.4720930232558139 0.921455938697318 0.49534883720930234 0.9003831417624522 0.4604651162790698 0.896551724137931 0.43023255813953487
3 0.867816091954023 0.5906976744186047 0.8850574712643678 0.5744186046511628 0.8946360153256705 0.5558139534883721 0.9118773946360154 0.5674418604651162 0.896551724137931 0.5813953488372093 0.8773946360153256 0.5930232558139535