6 0.3713646532438479 0.31458966565349544 0.3814317673378076 0.30547112462006076 0.39485458612975394 0.30243161094224924 0.4172259507829978 0.30547112462006076 0.42953020134228187 0.3069908814589666 0.44966442953020136 0.3161094224924012 0.436241610738255 0.32370820668693007 0.42841163310961966 0.32674772036474165 0.4217002237136465 0.32066869300911854 0.4105145413870246 0.3191489361702128 0.3926174496644295 0.31762917933130697 0.3769574944071588 0.3191489361702128 0.3859060402684564 0.32066869300911854
6 0.5234899328859061 0.3951367781155015 0.5391498881431768 0.39969604863221886 0.5525727069351231 0.41033434650455924 0.5626398210290827 0.42401215805471126 0.5626398210290827 0.43617021276595747 0.5458612975391499 0.4270516717325228 0.529082774049217 0.41033434650455924
6 0.4541387024608501 0.5303951367781155 0.4563758389261745 0.5167173252279635 0.465324384787472 0.5091185410334347 0.47762863534675615 0.5 0.4843400447427293 0.4969604863221885 0.4798657718120805 0.506079027355623 0.47651006711409394 0.513677811550152 0.46420581655480986 0.5227963525835866
8 0.34675615212527966 0.5881458966565349 0.36577181208053694 0.5881458966565349 0.3724832214765101 0.5942249240121581 0.36465324384787473 0.5972644376899696 0.3512304250559284 0.5942249240121581
8 0.33109619686800895 0.49544072948328266 0.3378076062639821 0.4969604863221885 0.34451901565995524 0.4908814589665654 0.33557046979865773 0.48328267477203646
6 0.4865771812080537 0.3252279635258359 0.5033557046979866 0.33282674772036475 0.5156599552572707 0.34194528875379937 0.5156599552572707 0.32674772036474165 0.5078299776286354 0.3191489361702128 0.49217002237136465 0.31762917933130697 0.49105145413870244 0.32978723404255317
6 0.41834451901565994 0.5015197568389058 0.40939597315436244 0.5091185410334347 0.407158836689038 0.5227963525835866 0.41834451901565994 0.5182370820668692
3 0.3534675615212528 0.46656534954407297 0.3434004474272931 0.41185410334346506 0.3579418344519016 0.3799392097264438 0.3859060402684564 0.33586626139817627 0.4105145413870246 0.32370820668693007 0.4608501118568233 0.32066869300911854 0.4809843400447427 0.32066869300911854 0.5201342281879194 0.3465045592705167 0.540268456375839 0.41641337386018235 0.5570469798657718 0.44832826747720367 0.5480984340044742 0.46808510638297873 0.5011185682326622 0.48024316109422494 0.470917225950783 0.5121580547112462 0.4395973154362416 0.5440729483282675 0.3870246085011186 0.5273556231003039 0.36577181208053694 0.5091185410334347
0 0.30648769574944074 0.7325227963525835 0.3344519015659955 0.7340425531914894 0.3568232662192394 0.7401215805471124 0.36129753914988816 0.7613981762917933 0.3579418344519016 0.7857142857142857 0.33557046979865773 0.776595744680851 0.31655480984340045 0.7492401215805471
8 0.5078299776286354 0.6610942249240122 0.5022371364653244 0.6398176291793313 0.49440715883668906 0.6306990881458967 0.49105145413870244 0.6474164133738601 0.49776286353467564 0.6550151975683891
8 0.4988814317673378 0.6246200607902735 0.5 0.6352583586626139 0.5078299776286354 0.6246200607902735 0.5111856823266219 0.6185410334346505
8 0.5469798657718121 0.5911854103343465 0.5514541387024608 0.6003039513677811 0.5548098434004475 0.5881458966565349 0.5570469798657718 0.5790273556231003
8 0.6890380313199105 0.6033434650455927 0.674496644295302 0.6170212765957447 0.6700223713646533 0.6322188449848024 0.674496644295302 0.6276595744680851
8 0.7259507829977628 0.6671732522796353 0.7192393736017897 0.6778115501519757 0.7181208053691275 0.6899696048632219 0.7248322147651006 0.6960486322188449 0.7304250559284117 0.6960486322188449 0.7293064876957495 0.682370820668693
8 0.7002237136465325 0.7401215805471124 0.7136465324384788 0.7249240121580547 0.7259507829977628 0.7249240121580547 0.7293064876957495 0.7386018237082067 0.727069351230425 0.7462006079027356 0.7158836689038032 0.7492401215805471 0.7058165548098434 0.7477203647416414
8 0.6655480984340044 0.7978723404255319 0.6666666666666666 0.8145896656534954 0.6767337807606264 0.8221884498480243 0.6868008948545862 0.8237082066869301 0.6935123042505593 0.817629179331307 0.6789709172259508 0.8024316109422492 0.6722595078299777 0.7978723404255319
8 0.6342281879194631 0.8449848024316109 0.6319910514541387 0.8525835866261399 0.6364653243847874 0.8662613981762918 0.6420581655480985 0.8662613981762918 0.6387024608501118 0.8556231003039514
8 0.5760626398210291 0.8586626139817629 0.5715883668903803 0.8723404255319149 0.5682326621923938 0.8844984802431611 0.5727069351230425 0.8799392097264438 0.5760626398210291 0.8708206686930091 0.5782997762863534 0.8632218844984803
8 0.5212527964205816 0.8708206686930091 0.5246085011185683 0.8601823708206687 0.5302013422818792 0.8465045592705167 0.5246085011185683 0.851063829787234 0.5212527964205816 0.8571428571428571 0.5167785234899329 0.8601823708206687 0.5167785234899329 0.8662613981762918
8 0.46308724832214765 0.7492401215805471 0.4664429530201342 0.7401215805471124 0.47874720357941836 0.7355623100303952 0.4753914988814318 0.7264437689969605 0.465324384787472 0.7264437689969605 0.46196868008948544 0.7370820668693009
8 0.4697986577181208 0.7082066869300911 0.4720357941834452 0.6945288753799392 0.47762863534675615 0.682370820668693 0.48210290827740493 0.668693009118541 0.4888143176733781 0.6550151975683891 0.4888143176733781 0.648936170212766 0.48322147651006714 0.6565349544072948 0.47762863534675615 0.6656534954407295 0.4742729306487696 0.6762917933130699 0.470917225950783 0.6854103343465046 0.46756152125279643 0.6960486322188449 0.465324384787472 0.7036474164133738
8 0.5570469798657718 0.8860182370820668 0.5592841163310962 0.878419452887538 0.5604026845637584 0.8708206686930091 0.5548098434004475 0.8738601823708206 0.5536912751677853 0.8799392097264438
8 0.5749440715883669 0.5729483282674772 0.5805369127516778 0.574468085106383 0.587248322147651 0.574468085106383 0.5917225950782998 0.5699088145896657 0.5850111856823266 0.5683890577507599 0.5794183445190156 0.5699088145896657
8 0.703579418344519 0.6170212765957447 0.7024608501118568 0.6276595744680851 0.7080536912751678 0.6306990881458967 0.7114093959731543 0.6276595744680851 0.7080536912751678 0.6200607902735562
8 0.7192393736017897 0.6732522796352584 0.7102908277404921 0.6762917933130699 0.7058165548098434 0.682370820668693 0.7125279642058165 0.6808510638297872
8 0.7002237136465325 0.723404255319149 0.6935123042505593 0.7249240121580547 0.6923937360178971 0.7325227963525835 0.6968680089485458 0.7340425531914894 0.7002237136465325 0.729483282674772
3 0.3053691275167785 0.3677811550151976 0.30313199105145416 0.3951367781155015 0.319910514541387 0.4072948328267477 0.33109619686800895 0.4012158054711246 0.3344519015659955 0.37537993920972645 0.32997762863534674 0.3601823708206687