3 0.08095238095238096 0.45473684210526316 0.06825396825396825 0.4421052631578947 0.06349206349206349 0.42105263157894735 0.05873015873015873 0.4 0.05714285714285714 0.3873684210526316 0.06190476190476191 0.38105263157894737 0.06349206349206349 0.37473684210526315 0.07142857142857142 0.3726315789473684 0.08095238095238096 0.3726315789473684 0.0873015873015873 0.37473684210526315 0.09206349206349207 0.3726315789473684 0.09841269841269841 0.3936842105263158 0.10952380952380952 0.3936842105263158 0.11904761904761904 0.4105263157894737 0.1111111111111111 0.4378947368421053 0.09841269841269841 0.4168421052631579 0.08888888888888889 0.4189473684210526 0.0873015873015873 0.4442105263157895 0.08412698412698413 0.4568421052631579
3 0.4746031746031746 0.5094736842105263 0.48412698412698413 0.49473684210526314 0.4650793650793651 0.4842105263157895 0.48412698412698413 0.4568421052631579 0.5285714285714286 0.4357894736842105 0.5222222222222223 0.47157894736842104 0.5333333333333333 0.49894736842105264 0.5333333333333333 0.5178947368421053 0.5412698412698412 0.5242105263157895 0.5333333333333333 0.5368421052631579 0.5111111111111111 0.511578947368421
3 0.6460317460317461 0.5936842105263158 0.5603174603174603 0.5747368421052632 0.5333333333333333 0.5389473684210526 0.5428571428571428 0.5157894736842106 0.5603174603174603 0.5010526315789474 0.6158730158730159 0.4926315789473684 0.6523809523809524 0.49473684210526314 0.6968253968253968 0.4926315789473684 0.7158730158730159 0.5052631578947369 0.7507936507936508 0.5094736842105263 0.7634920634920634 0.5178947368421053 0.680952380952381 0.5410526315789473 0.6619047619047619 0.5621052631578948 0.653968253968254 0.5705263157894737
6 0.6412698412698413 0.6652631578947369 0.6365079365079365 0.6652631578947369 0.6333333333333333 0.6568421052631579 0.6333333333333333 0.6484210526315789 0.626984126984127 0.6463157894736842 0.6285714285714286 0.64 0.6396825396825396 0.6378947368421053 0.6444444444444445 0.64 0.6492063492063492 0.6378947368421053 0.6492063492063492 0.6505263157894737
6 0.6190476190476191 0.728421052631579 0.6142857142857143 0.72 0.6158730158730159 0.7136842105263158 0.6190476190476191 0.7094736842105264 0.6238095238095238 0.7157894736842105 0.6222222222222222 0.7242105263157895
6 0.2126984126984127 0.5347368421052632 0.2126984126984127 0.5284210526315789 0.21587301587301588 0.5284210526315789 0.21746031746031746 0.5305263157894737 0.21904761904761905 0.5305263157894737 0.21746031746031746 0.5347368421052632
0 0.5634920634920635 0.6126315789473684 0.6523809523809524 0.6126315789473684 0.6587301587301587 0.6189473684210526 0.680952380952381 0.6168421052631579 0.7619047619047619 0.5978947368421053 0.7603174603174603 0.5831578947368421 0.6714285714285714 0.6042105263157894 0.6555555555555556 0.5978947368421053 0.6492063492063492 0.5873684210526315 0.6111111111111112 0.5789473684210527 0.5619047619047619 0.5705263157894737
5 0.8063492063492064 0.56 0.8269841269841269 0.5157894736842106 0.873015873015873 0.4884210526315789 0.8936507936507937 0.47578947368421054 0.9079365079365079 0.4694736842105263 0.8984126984126984 0.4863157894736842 0.8825396825396825 0.5136842105263157 0.8666666666666667 0.5284210526315789 0.8412698412698413 0.5494736842105263 0.8142857142857143 0.5642105263157895
5 0.29365079365079366 0.37894736842105264 0.33015873015873015 0.3873684210526316 0.32857142857142857 0.37684210526315787 0.3253968253968254 0.36210526315789476 0.319047619047619 0.35157894736842105 0.3111111111111111 0.33473684210526317 0.30317460317460315 0.32 0.2968253968253968 0.3094736842105263 0.2920634920634921 0.3368421052631579
3 0.626984126984127 0.7768421052631579 0.6285714285714286 0.791578947368421 0.6603174603174603 0.7957894736842105 0.6412698412698413 0.7768421052631579
3 0.11746031746031746 0.4357894736842105 0.11746031746031746 0.44842105263157894 0.12857142857142856 0.48 0.1349206349206349 0.47578947368421054 0.1365079365079365 0.47368421052631576 0.12698412698412698 0.4610526315789474 0.12698412698412698 0.4421052631578947
3 0.6571428571428571 0.608421052631579 0.6238095238095238 0.6778947368421052 0.5888888888888889 0.6105263157894737
5 0.9142857142857143 0.6 0.946031746031746 0.5663157894736842 0.946031746031746 0.6210526315789474 0.9079365079365079 0.6568421052631579
0 0.680952380952381 0.5010526315789474 0.6619047619047619 0.4905263157894737 0.6333333333333333 0.47789473684210526 0.6142857142857143 0.4673684210526316 0.5920634920634921 0.4568421052631579 0.5682539682539682 0.4463157894736842 0.5444444444444444 0.4357894736842105 0.5253968253968254 0.43157894736842106 0.5380952380952381 0.42736842105263156 0.5666666666666667 0.4378947368421053 0.5952380952380952 0.4463157894736842 0.6206349206349207 0.4568421052631579 0.6444444444444445 0.4673684210526316 0.665079365079365 0.47789473684210526 0.6841269841269841 0.4905263157894737 0.6936507936507936 0.49894736842105264 0.7031746031746032 0.5052631578947369 0.7111111111111111 0.5136842105263157 0.7174603174603175 0.5221052631578947 0.7174603174603175 0.5284210526315789 0.7111111111111111 0.5284210526315789 0.7063492063492064 0.5221052631578947