0 0.22776280323450135 0.5971014492753624 0.23045822102425875 0.563768115942029 0.2371967654986523 0.5217391304347826 0.24528301886792453 0.49130434782608695 0.25471698113207547 0.4623188405797101 0.32075471698113206 0.4420289855072464 0.3261455525606469 0.4144927536231884 0.3221024258760108 0.3782608695652174 0.29514824797843664 0.34347826086956523 0.24528301886792453 0.39565217391304347 0.19811320754716982 0.4072463768115942 0.16442048517520216 0.4115942028985507 0.12533692722371967 0.41594202898550725 0.09973045822102426 0.43768115942028984 0.09164420485175202 0.47101449275362317 0.09029649595687332 0.5144927536231884 0.08490566037735849 0.5550724637681159 0.09164420485175202 0.5956521739130435 0.10646900269541779 0.6246376811594203 0.13746630727762804 0.6420289855072464 0.1792452830188679 0.644927536231884 0.21159029649595687 0.6304347826086957 0.22776280323450135 0.5971014492753624
8 0.45956873315363883 0.6811594202898551 0.44339622641509435 0.7072463768115942 0.4299191374663073 0.7434782608695653 0.444743935309973 0.7391304347826086 0.48247978436657685 0.7260869565217392 0.48921832884097033 0.6971014492753623 0.4865229110512129 0.6565217391304348 0.5013477088948787 0.6057971014492753 0.5417789757412399 0.5521739130434783 0.5619946091644205 0.508695652173913 0.6172506738544474 0.4391304347826087 0.6428571428571429 0.41304347826086957 0.683288409703504 0.3739130434782609 0.7142857142857143 0.34782608695652173 0.7479784366576819 0.3144927536231884 0.7776280323450134 0.2768115942028985 0.7452830188679245 0.2782608695652174 0.7425876010781671 0.24347826086956523 0.7237196765498652 0.2565217391304348 0.706199460916442 0.26666666666666666 0.6846361185983828 0.29130434782608694 0.6630727762803235 0.3115942028985507 0.6293800539083558 0.34492753623188405 0.6091644204851752 0.36666666666666664 0.5862533692722371 0.3855072463768116 0.5619946091644205 0.4115942028985507 0.5539083557951483 0.43478260869565216 0.5444743935309974 0.4608695652173913 0.5350404312668463 0.48405797101449277 0.5202156334231806 0.508695652173913 0.5 0.5260869565217391 0.4865229110512129 0.5608695652173913 0.47304582210242585 0.5826086956521739 0.4609164420485175 0.6101449275362318 0.45417789757412397 0.6333333333333333 0.4393530997304582 0.6478260869565218 0.444743935309973 0.663768115942029 0.4339622641509434 0.6811594202898551 0.45956873315363883 0.6811594202898551
8 0.33153638814016173 0.4855072463768116 0.3328840970350404 0.47391304347826085 0.35175202156334234 0.45072463768115945 0.3638814016172507 0.40869565217391307 0.37331536388140163 0.3869565217391304 0.3665768194070081 0.35507246376811596 0.3881401617250674 0.33043478260869563 0.3948787061994609 0.30869565217391304 0.40431266846361186 0.2855072463768116 0.38409703504043125 0.2927536231884058 0.3692722371967655 0.3144927536231884 0.3611859838274933 0.336231884057971 0.35444743935309975 0.37681159420289856 0.3436657681940701 0.4072463768115942 0.34097035040431267 0.43478260869565216 0.316711590296496 0.4681159420289855 0.3045822102425876 0.49130434782608695 0.32345013477088946 0.4927536231884058 0.33153638814016173 0.4855072463768116
8 0.6792452830188679 0.28840579710144926 0.6778975741239892 0.2594202898550725 0.6522911051212938 0.23768115942028986 0.6091644204851752 0.2246376811594203 0.5741239892183289 0.21304347826086956 0.545822102425876 0.2289855072463768 0.5296495956873315 0.26521739130434785 0.5161725067385444 0.3 0.5377358490566038 0.30144927536231886 0.5673854447439353 0.28840579710144926 0.6037735849056604 0.2898550724637681 0.637466307277628 0.28695652173913044 0.6630727762803235 0.2956521739130435 0.6792452830188679 0.28840579710144926
8 0.3584905660377358 0.32608695652173914 0.37870619946091644 0.29130434782608694 0.40161725067385445 0.2710144927536232 0.42857142857142855 0.24057971014492754 0.45417789757412397 0.22318840579710145 0.477088948787062 0.21884057971014492 0.5067385444743935 0.21014492753623187 0.5188679245283019 0.19130434782608696 0.5013477088948787 0.1753623188405797 0.47035040431266845 0.16666666666666666 0.4393530997304582 0.16376811594202897 0.40700808625336926 0.1927536231884058 0.38140161725067384 0.21594202898550724 0.36253369272237196 0.2608695652173913 0.35444743935309975 0.2855072463768116 0.3328840970350404 0.3855072463768116 0.3463611859838275 0.3565217391304348 0.3584905660377358 0.32608695652173914
8 0.46900269541778977 0.46956521739130436 0.4973045822102426 0.4246376811594203 0.5134770889487871 0.3855072463768116 0.5309973045822103 0.3492753623188406 0.5377358490566038 0.3115942028985507 0.5134770889487871 0.3101449275362319 0.49056603773584906 0.34492753623188405 0.4743935309973046 0.39855072463768115 0.444743935309973 0.4652173913043478 0.4272237196765499 0.5159420289855072 0.44339622641509435 0.5246376811594203 0.4568733153638814 0.4956521739130435 0.46900269541778977 0.46956521739130436
8 0.4029649595687331 0.4 0.4137466307277628 0.3710144927536232 0.431266846361186 0.3507246376811594 0.44339622641509435 0.2985507246376812 0.44878706199460916 0.26666666666666666 0.4501347708894879 0.23623188405797102 0.42857142857142855 0.2579710144927536 0.40970350404312667 0.3130434782608696 0.38544474393531 0.3739130434782609 0.3746630727762803 0.4115942028985507 0.36522911051212936 0.45072463768115945 0.37331536388140163 0.46956521739130436 0.3921832884097035 0.43043478260869567 0.4029649595687331 0.4
8 0.5215633423180593 0.6811594202898551 0.5269541778975741 0.6710144927536232 0.532345013477089 0.6521739130434783 0.5363881401617251 0.6376811594202898 0.5202156334231806 0.6318840579710145 0.5121293800539084 0.6478260869565218 0.5121293800539084 0.6666666666666666 0.5107816711590296 0.6869565217391305 0.5215633423180593 0.6811594202898551
8 0.568733153638814 0.6507246376811594 0.5795148247978437 0.6333333333333333 0.5943396226415094 0.6159420289855072 0.6064690026954178 0.591304347826087 0.6037735849056604 0.5710144927536231 0.5862533692722371 0.5768115942028985 0.5714285714285714 0.5768115942028985 0.5660377358490566 0.6 0.5741239892183289 0.618840579710145 0.5673854447439353 0.6391304347826087 0.5566037735849056 0.6594202898550725 0.568733153638814 0.6507246376811594
1 0.2816711590296496 0.4463768115942029 0.2884097035040431 0.4405797101449275 0.28706199460916443 0.4289855072463768 0.29245283018867924 0.41884057971014493 0.2991913746630728 0.4101449275362319 0.3032345013477089 0.42318840579710143 0.30997304582210244 0.427536231884058 0.31266846361185985 0.41739130434782606 0.31266846361185985 0.40869565217391307 0.3113207547169811 0.39710144927536234 0.30997304582210244 0.3826086956521739 0.3059299191374663 0.37971014492753624 0.29514824797843664 0.3884057971014493 0.284366576819407 0.3782608695652174 0.2803234501347709 0.36376811594202896 0.27088948787061995 0.3695652173913043 0.26819407008086255 0.3782608695652174 0.2749326145552561 0.39710144927536234 0.27628032345013476 0.41739130434782606 0.27897574123989216 0.4318840579710145 0.27358490566037735 0.4434782608695652 0.2816711590296496 0.4463768115942029
1 0.4380053908355795 0.591304347826087 0.4353099730458221 0.5855072463768116 0.4272237196765499 0.5826086956521739 0.4191374663072776 0.5855072463768116 0.42183288409703507 0.5956521739130435 0.4326145552560647 0.5971014492753624 0.4380053908355795 0.591304347826087
1 0.6253369272237197 0.5420289855072464 0.628032345013477 0.5304347826086957 0.6253369272237197 0.518840579710145 0.6199460916442049 0.508695652173913 0.6159029649595688 0.5130434782608696 0.610512129380054 0.5217391304347826 0.6118598382749326 0.5333333333333333 0.6159029649595688 0.5420289855072464 0.6253369272237197 0.5420289855072464
1 0.6590296495956873 0.47391304347826085 0.6576819407008087 0.4652173913043478 0.6536388140161725 0.4492753623188406 0.6495956873315364 0.43478260869565216 0.637466307277628 0.43478260869565216 0.6253369272237197 0.45072463768115945 0.6293800539083558 0.45942028985507244 0.6361185983827493 0.46956521739130436 0.6509433962264151 0.4782608695652174 0.6590296495956873 0.47391304347826085
1 0.6752021563342318 0.5681159420289855 0.6805929919137467 0.5623188405797102 0.6805929919137467 0.5492753623188406 0.6725067385444744 0.5492753623188406 0.6671159029649596 0.5492753623188406 0.6630727762803235 0.5565217391304348 0.6657681940700808 0.5652173913043478 0.6752021563342318 0.5681159420289855
1 0.6226415094339622 0.6115942028985507 0.6145552560646901 0.6101449275362318 0.605121293800539 0.6130434782608696 0.6064690026954178 0.618840579710145 0.6159029649595688 0.6173913043478261 0.6226415094339622 0.6115942028985507
1 0.6536388140161725 0.553623188405797 0.6469002695417789 0.5521739130434783 0.6442048517520216 0.5594202898550724 0.6509433962264151 0.5608695652173913 0.6536388140161725 0.553623188405797
1 0.6725067385444744 0.5855072463768116 0.6711590296495957 0.5797101449275363 0.6657681940700808 0.5753623188405798 0.660377358490566 0.5797101449275363 0.6657681940700808 0.5855072463768116 0.6725067385444744 0.5855072463768116
1 0.6226415094339622 0.5695652173913044 0.6266846361185984 0.5623188405797102 0.6199460916442049 0.5594202898550724 0.6159029649595688 0.5623188405797102 0.6159029649595688 0.5710144927536231 0.6226415094339622 0.5695652173913044
1 0.6293800539083558 0.5956521739130435 0.628032345013477 0.5884057971014492 0.623989218328841 0.5884057971014492 0.6185983827493261 0.591304347826087 0.6185983827493261 0.5971014492753624 0.6212938005390836 0.6 0.6266846361185984 0.6014492753623188 0.6293800539083558 0.5956521739130435
8 0.46226415094339623 0.3492753623188406 0.4501347708894879 0.3521739130434783 0.4568733153638814 0.36376811594202896 0.4701578746630728 0.36376811594202896 0.48517520215633425 0.35507246376811596 0.48247978436657685 0.34492753623188405 0.47035040431266845 0.3463768115942029 0.46226415094339623 0.3492753623188406
8 0.4716981132075472 0.40144927536231884 0.4743935309973046 0.38405797101449274 0.47304582210242585 0.3681159420289855 0.4636118598382749 0.36666666666666664 0.4528301886792453 0.3681159420289855 0.444743935309973 0.3753623188405797 0.42857142857142855 0.3826086956521739 0.4123989218328841 0.37971014492753624 0.408355795148248 0.4028985507246377 0.4110512129380054 0.42028985507246375 0.4299191374663073 0.4246376811594203 0.4609164420485175 0.4246376811594203 0.4716981132075472 0.40144927536231884
8 0.48787061994609165 0.5594202898550724 0.4757412398921833 0.5478260869565217 0.46630727762803237 0.5405797101449276 0.4555256064690027 0.5362318840579711 0.44878706199460916 0.5405797101449276 0.44339622641509435 0.5565217391304348 0.4609164420485175 0.5623188405797102 0.4784366576819407 0.5652173913043478 0.48787061994609165 0.5594202898550724
3 0.24528301886792453 0.663768115942029 0.24932614555256064 0.6956521739130435 0.24528301886792453 0.7275362318840579 0.2574123989218329 0.7478260869565218 0.26819407008086255 0.7724637681159421 0.2816711590296496 0.8043478260869565 0.3045822102425876 0.7985507246376812 0.31805929919137466 0.7956521739130434 0.3261455525606469 0.7971014492753623 0.3328840970350404 0.7985507246376812 0.3463611859838275 0.7956521739130434 0.353099730458221 0.7942028985507247 0.3692722371967655 0.7971014492753623 0.3975741239892183 0.8043478260869565 0.41778975741239893 0.8130434782608695 0.44339622641509435 0.8420289855072464 0.5094339622641509 0.7956521739130434 0.5377358490566038 0.6956521739130435 0.5539083557951483 0.6710144927536232 0.5741239892183289 0.6536231884057971 0.5997304582210242 0.6086956521739131 0.633423180592992 0.5681159420289855 0.6590296495956873 0.5173913043478261 0.6819407008086253 0.4782608695652174 0.7142857142857143 0.427536231884058 0.738544474393531 0.3855072463768116 0.7628032345013477 0.3492753623188406 0.7857142857142857 0.3115942028985507 0.807277628032345 0.26956521739130435 0.7897574123989218 0.25507246376811593 0.7547169811320755 0.26521739130434785 0.7358490566037735 0.24492753623188407 0.6819407008086253 0.2927536231884058 0.6805929919137467 0.2768115942028985 0.6590296495956873 0.24057971014492754 0.6361185983827493 0.2318840579710145 0.5835579514824798 0.21739130434782608 0.555256064690027 0.20579710144927535 0.5134770889487871 0.18695652173913044 0.5013477088948787 0.18405797101449275 0.4811320754716981 0.16956521739130434 0.44339622641509435 0.16666666666666666 0.431266846361186 0.17971014492753623 0.408355795148248 0.19855072463768117 0.38544474393531 0.21594202898550724 0.3719676549865229 0.23478260869565218 0.35983827493261455 0.27246376811594203 0.3436657681940701 0.30579710144927535 0.33153638814016173 0.36231884057971014 0.3274932614555256 0.37971014492753624 0.3274932614555256 0.4057971014492754 0.33153638814016173 0.4260869565217391 0.32075471698113206 0.43768115942028984 0.3140161725067385 0.4579710144927536 0.3032345013477089 0.4797101449275362 0.2884097035040431 0.4956521739130435 0.2722371967654987 0.5144927536231884 0.2560646900269542 0.5318840579710145 0.2358490566037736 0.5362318840579711 0.23180592991913745 0.553623188405797 0.2560646900269542 0.5826086956521739 0.22641509433962265 0.5956521739130435 0.2210242587601078 0.6130434782608696 0.21293800539083557 0.6260869565217392 0.2223719676549865 0.6521739130434783 0.24528301886792453 0.663768115942029
5 0.18194070080862534 0.644927536231884 0.14555256064690028 0.6420289855072464 0.10646900269541779 0.6275362318840579 0.0862533692722372 0.5855072463768116 0.0862533692722372 0.5594202898550724 0.08490566037735849 0.518840579710145 0.0876010781671159 0.46956521739130436 0.10242587601078167 0.43478260869565216 0.12264150943396226 0.41739130434782606 0.13881401617250674 0.41304347826086957 0.16307277628032346 0.41304347826086957 0.18598382749326145 0.4057971014492754 0.21024258760107817 0.40144927536231884 0.21293800539083557 0.3753623188405797 0.18328840970350405 0.38115942028985506 0.16037735849056603 0.3826086956521739 0.1293800539083558 0.38405797101449274 0.09164420485175202 0.391304347826087 0.05390835579514825 0.391304347826087 0.03504043126684636 0.391304347826087 0.03504043126684636 0.45217391304347826 0.03504043126684636 0.5 0.03504043126684636 0.5565217391304348 0.03504043126684636 0.6014492753623188 0.03504043126684636 0.6536231884057971 0.03504043126684636 0.7202898550724638 0.05929919137466307 0.7260869565217392 0.12129380053908356 0.7289855072463768 0.16981132075471697 0.7333333333333333 0.18194070080862534 0.644927536231884
0 0.4539187223719676 0 0.4582210242587601 0.0014492753623188406 0.5849056603773585 0.03333333333333333 0.6981132075471698 0.05217391304347826 0.7776280323450134 0.0536231884057971 0.8517520215633423 0.05652173913043478 0.9231805929919138 0.0536231884057971 0.9501347708894878 0.04057971014492753 0.9514824797843666 0.02318840579710145 0.7293800539083558 0 0.4539187223719676 0
0 0.31805929919137466 0.8188405797101449 0.3557951482479784 0.8115942028985508 0.38140161725067384 0.8028985507246377 0.41778975741239893 0.7840579710144927 0.45956873315363883 0.7623188405797101 0.5040431266846361 0.736231884057971 0.532345013477089 0.7072463768115942 0.4865229110512129 0.7202898550724638 0.4636118598382749 0.7231884057971014 0.4420485175202156 0.7347826086956522 0.41778975741239893 0.755072463768116 0.3894878706199461 0.7739130434782608 0.353099730458221 0.7942028985507247 0.32075471698113206 0.8028985507246377 0.31805929919137466 0.8188405797101449
2 0.24067243530997304 0 0.03638814016172507 0.1826086956521739 0.03504043126684636 0.3782608695652174 0.10107816711590296 0.372463768115942 0.22641509433962265 0.35797101449275365 0.23450134770889489 0.33768115942028987 0.238544474393531 0.28405797101449276 0.25336927223719674 0.16231884057971013 0.25471698113207547 0.10289855072463767 0.25226345956873314 0 0.24067243530997304 0