3 0.7223880597014926 0.3080357142857143 0.7149253731343284 0.30357142857142855 0.7059701492537314 0.30357142857142855 0.7014925373134329 0.3080357142857143 0.7014925373134329 0.328125 0.7029850746268657 0.33482142857142855 0.7164179104477612 0.33482142857142855 0.7253731343283583 0.3236607142857143 0.7223880597014926 0.3080357142857143
3 0.7283582089552239 0.36160714285714285 0.7194029850746269 0.359375 0.7104477611940299 0.3638392857142857 0.7029850746268657 0.37276785714285715 0.7029850746268657 0.38392857142857145 0.7074626865671642 0.39285714285714285 0.7134328358208956 0.3950892857142857 0.7238805970149254 0.3950892857142857 0.7283582089552239 0.390625 0.7313432835820896 0.38169642857142855 0.7328358208955223 0.37276785714285715 0.7283582089552239 0.36160714285714285
3 0.7402985074626866 0.43973214285714285 0.735820895522388 0.43973214285714285 0.7373134328358208 0.4486607142857143 0.7417910447761195 0.4575892857142857 0.7417910447761195 0.44642857142857145 0.7402985074626866 0.43973214285714285
3 0.41194029850746267 0.23660714285714285 0.4343283582089552 0.2544642857142857 0.4417910447761194 0.25 0.4417910447761194 0.22544642857142858 0.44328358208955226 0.203125 0.44477611940298506 0.13616071428571427 0.43283582089552236 0.08035714285714286 0.4134328358208955 0.046875 0.3940298507462687 0.033482142857142856 0.3835820895522388 0.03794642857142857 0.36716417910447763 0.06473214285714286 0.3611940298507463 0.13169642857142858 0.3656716417910448 0.19642857142857142 0.41194029850746267 0.23660714285714285
8 0.5238805970149254 0.31473214285714285 0.5208955223880597 0.3236607142857143 0.5328358208955224 0.32142857142857145 0.5388059701492537 0.31026785714285715 0.5238805970149254 0.31473214285714285
8 0.5029850746268657 0.5758928571428571 0.4955223880597015 0.5758928571428571 0.491044776119403 0.5825892857142857 0.48656716417910445 0.59375 0.4955223880597015 0.5870535714285714 0.5044776119402985 0.5848214285714286 0.5029850746268657 0.5758928571428571
8 0.5029850746268657 0.6004464285714286 0.5029850746268657 0.6071428571428571 0.5104477611940299 0.6071428571428571 0.5104477611940299 0.59375 0.5029850746268657 0.6004464285714286
8 0.49701492537313435 0.5982142857142857 0.4955223880597015 0.609375 0.5014925373134328 0.6071428571428571 0.49701492537313435 0.5982142857142857
8 0.48656716417910445 0.5111607142857143 0.48656716417910445 0.515625 0.491044776119403 0.5267857142857143 0.4925373134328358 0.5424107142857143 0.49701492537313435 0.5401785714285714 0.4955223880597015 0.53125 0.49850746268656715 0.53125 0.49701492537313435 0.5178571428571429 0.4925373134328358 0.515625 0.4880597014925373 0.5044642857142857 0.48656716417910445 0.5111607142857143
8 0.5432835820895522 0.5044642857142857 0.5373134328358209 0.5111607142857143 0.5343283582089552 0.5290178571428571 0.5432835820895522 0.5357142857142857 0.5447761194029851 0.5200892857142857 0.5462686567164179 0.5066964285714286 0.5432835820895522 0.5044642857142857
8 0.5059701492537313 0.48214285714285715 0.5029850746268657 0.4799107142857143 0.49701492537313435 0.4732142857142857 0.491044776119403 0.48214285714285715 0.491044776119403 0.49107142857142855 0.5 0.49107142857142855 0.5059701492537313 0.48214285714285715
8 0.47761194029850745 0.33482142857142855 0.48507462686567165 0.359375 0.49402985074626865 0.35267857142857145 0.491044776119403 0.3325892857142857 0.48208955223880595 0.3169642857142857 0.47761194029850745 0.33482142857142855
8 0.46417910447761196 0.47544642857142855 0.4626865671641791 0.4888392857142857 0.46567164179104475 0.4955357142857143 0.47761194029850745 0.48214285714285715 0.4925373134328358 0.46875 0.491044776119403 0.4575892857142857 0.48507462686567165 0.46205357142857145 0.46417910447761196 0.47544642857142855
8 0.5477611940298508 0.40401785714285715 0.5388059701492537 0.40401785714285715 0.5238805970149254 0.41964285714285715 0.5134328358208955 0.4330357142857143 0.5283582089552239 0.43080357142857145 0.5388059701492537 0.41964285714285715 0.5492537313432836 0.41517857142857145 0.5567164179104478 0.40625 0.5477611940298508 0.40401785714285715
3 0.5119402985074627 0.26339285714285715 0.491044776119403 0.28348214285714285 0.48656716417910445 0.31026785714285715 0.4671641791044776 0.3482142857142857 0.4701492537313433 0.3794642857142857 0.4701492537313433 0.390625 0.4626865671641791 0.43526785714285715 0.44328358208955226 0.47767857142857145 0.4253731343283582 0.48660714285714285 0.41940298507462687 0.49330357142857145 0.4253731343283582 0.5022321428571429 0.44925373134328356 0.5111607142857143 0.4626865671641791 0.4955357142857143 0.48208955223880595 0.47544642857142855 0.49402985074626865 0.45089285714285715 0.5238805970149254 0.4330357142857143 0.5582089552238806 0.43080357142857145 0.5537313432835821 0.4017857142857143 0.5537313432835821 0.37723214285714285 0.5597014925373134 0.33035714285714285 0.5507462686567164 0.296875 0.5462686567164179 0.2611607142857143 0.5313432835820896 0.2544642857142857 0.5119402985074627 0.26339285714285715
3 0.5552238805970149 0.43080357142857145 0.5373134328358209 0.42857142857142855 0.5238805970149254 0.44642857142857145 0.5253731343283582 0.4799107142857143 0.5373134328358209 0.5044642857142857 0.5611940298507463 0.5022321428571429 0.5746268656716418 0.46651785714285715 0.5552238805970149 0.43080357142857145
3 0.47313432835820896 0.5089285714285714 0.45671641791044776 0.5178571428571429 0.4388059701492537 0.5379464285714286 0.42388059701492536 0.5647321428571429 0.42686567164179107 0.6116071428571429 0.4373134328358209 0.65625 0.4373134328358209 0.7120535714285714 0.44477611940298506 0.7433035714285714 0.46417910447761196 0.7455357142857143 0.49402985074626865 0.7477678571428571 0.5417910447761194 0.7455357142857143 0.5686567164179105 0.7366071428571429 0.5761194029850746 0.7008928571428571 0.5791044776119403 0.6339285714285714 0.5761194029850746 0.5825892857142857 0.5656716417910448 0.5647321428571429 0.5552238805970149 0.5357142857142857 0.5313432835820896 0.4888392857142857 0.49850746268656715 0.47767857142857145 0.47313432835820896 0.5089285714285714
3 0.41044776119402987 0.6026785714285714 0.41194029850746267 0.625 0.4164179104477612 0.6428571428571429 0.4208955223880597 0.6383928571428571 0.4208955223880597 0.6026785714285714 0.4134328358208955 0.5870535714285714 0.41044776119402987 0.6026785714285714
0 0.573134328358209 0.41517857142857145 0.5432835820895522 0.41517857142857145 0.5223880597014925 0.4375 0.49850746268656715 0.4486607142857143 0.46567164179104475 0.484375 0.44776119402985076 0.49776785714285715 0.39552238805970147 0.5 0.3895522388059702 0.53125 0.408955223880597 0.609375 0.4134328358208955 0.6272321428571429 0.4164179104477612 0.6361607142857143 0.41940298507462687 0.6808035714285714 0.42835820895522386 0.7410714285714286 0.45223880597014926 0.7433035714285714 0.48955223880597015 0.75 0.5194029850746269 0.7544642857142857 0.5701492537313433 0.7544642857142857 0.6044776119402985 0.7321428571428571 0.6059701492537314 0.578125 0.6149253731343284 0.41517857142857145 0.573134328358209 0.41517857142857145
0 0.4746268656716418 0.21651785714285715 0.43582089552238806 0.265625 0.44776119402985076 0.29464285714285715 0.4507462686567164 0.30357142857142855 0.4626865671641791 0.34598214285714285 0.46567164179104475 0.43080357142857145 0.4343283582089552 0.47544642857142855 0.4134328358208955 0.4888392857142857 0.3940298507462687 0.47767857142857145 0.3686567164179104 0.49330357142857145 0.373134328358209 0.5089285714285714 0.3835820895522388 0.5066964285714286 0.41940298507462687 0.5022321428571429 0.44477611940298506 0.5066964285714286 0.4626865671641791 0.5 0.48059701492537316 0.47767857142857145 0.517910447761194 0.43973214285714285 0.5343283582089552 0.43080357142857145 0.5522388059701493 0.43080357142857145 0.5582089552238806 0.3638392857142857 0.5597014925373134 0.3325892857142857 0.5447761194029851 0.2857142857142857 0.5402985074626866 0.24107142857142858 0.5343283582089552 0.20089285714285715 0.5208955223880597 0.20982142857142858 0.5194029850746269 0.2544642857142857 0.5194029850746269 0.24553571428571427 0.5074626865671642 0.17857142857142858 0.4746268656716418 0.21651785714285715
1 0.417910447761194 0.31473214285714285 0.4164179104477612 0.3080357142857143 0.41044776119402987 0.31026785714285715 0.408955223880597 0.31026785714285715 0.40298507462686567 0.3125 0.39552238805970147 0.32142857142857145 0.40298507462686567 0.328125 0.40746268656716417 0.328125 0.41194029850746267 0.3236607142857143 0.41940298507462687 0.3236607142857143 0.417910447761194 0.31473214285714285
8 0.3761194029850746 0.026785714285714284 0.3746268656716418 0.03794642857142857 0.3805970149253731 0.04241071428571429 0.382089552238806 0.033482142857142856 0.3805970149253731 0.024553571428571428 0.3761194029850746 0.026785714285714284
8 0.3716417910447761 0.026785714285714284 0.3701492537313433 0.033482142857142856 0.373134328358209 0.03125 0.3746268656716418 0.026785714285714284 0.3716417910447761 0.026785714285714284
8 0.3582089552238806 0.07142857142857142 0.3597014925373134 0.08705357142857142 0.36268656716417913 0.09821428571428571 0.3641791044776119 0.078125 0.3597014925373134 0.0625 0.3582089552238806 0.07142857142857142
0 0.5492537313432836 0.060267857142857144 0.5343283582089552 0.044642857142857144 0.5074626865671642 0.05803571428571429 0.491044776119403 0.06473214285714286 0.49850746268656715 0.10267857142857142 0.5044776119402985 0.14508928571428573 0.5074626865671642 0.16741071428571427 0.5164179104477612 0.20982142857142858 0.5238805970149254 0.24776785714285715 0.5358208955223881 0.2544642857142857 0.5462686567164179 0.26785714285714285 0.5522388059701493 0.27901785714285715 0.5567164179104478 0.2767857142857143 0.573134328358209 0.25223214285714285 0.5791044776119403 0.21205357142857142 0.5805970149253732 0.18303571428571427 0.5761194029850746 0.140625 0.5701492537313433 0.10044642857142858 0.5492537313432836 0.060267857142857144
3 0.4164179104477612 0.6986607142857143 0.39850746268656717 0.5714285714285714 0.4014925373134328 0.5379464285714286 0.40746268656716417 0.5022321428571429 0.39850746268656717 0.48660714285714285 0.382089552238806 0.484375 0.36716417910447763 0.49330357142857145 0.3746268656716418 0.5245535714285714 0.408955223880597 0.7232142857142857 0.4164179104477612 0.6986607142857143
5 0.39850746268656717 0.03794642857142857 0.4044776119402985 0.03794642857142857 0.40298507462686567 0.029017857142857144 0.3970149253731343 0.029017857142857144 0.39850746268656717 0.03794642857142857
5 0.48059701492537316 0.453125 0.48955223880597015 0.41517857142857145 0.48955223880597015 0.38392857142857145 0.48507462686567165 0.33705357142857145 0.4716417910447761 0.296875 0.4597014925373134 0.2544642857142857 0.4507462686567164 0.23214285714285715 0.4373134328358209 0.25223214285714285 0.44477611940298506 0.27901785714285715 0.4552238805970149 0.3125 0.4626865671641791 0.3482142857142857 0.4671641791044776 0.375 0.4701492537313433 0.40401785714285715 0.4671641791044776 0.4263392857142857 0.45671641791044776 0.45535714285714285 0.44477611940298506 0.47544642857142855 0.4298507462686567 0.48660714285714285 0.4223880597014925 0.48660714285714285 0.42686567164179107 0.5066964285714286 0.4626865671641791 0.48660714285714285 0.48059701492537316 0.453125