0 0.3726993865030675 0 0.3565950920245399 0.05580865603644647 0.3412576687116564 0.13553530751708429 0.3320552147239264 0.1970387243735763 0.3243865030674847 0.25626423690205014 0.3351226993865031 0.28132118451025057 0.3473926380368098 0.3223234624145786 0.3565950920245399 0.37699316628701596 0.3642638036809816 0.4407744874715262 0.37346625766871167 0.5 0.37346625766871167 0.5182232346241458 0.38880368098159507 0.5068337129840547 0.40567484662576686 0.48405466970387245 0.4317484662576687 0.3428246013667426 0.44401840490797545 0.28132118451025057 0.4578220858895706 0.24715261958997722 0.46855828220858897 0.1947608200455581 0.46855828220858897 0.1492027334851936 0.473159509202454 0.11731207289293849 0.47162576687116564 0.05808656036446469 0.4513462852760736 0 0.3726993865030675 0
0 0.49931246012269936 0 0.5038343558282209 0.010250569476082005 0.5207055214723927 0.0489749430523918 0.5253067484662577 0.11047835990888383 0.5299079754601227 0.1674259681093394 0.531441717791411 0.1970387243735763 0.522239263803681 0.24259681093394078 0.4946319018404908 0.26765375854214124 0.4915644171779141 0.32687927107061504 0.4976993865030675 0.3678815489749431 0.5283742331288344 0.3451025056947608 0.5452453987730062 0.30637813211845105 0.5912576687116564 0.26765375854214124 0.6219325153374233 0.265375854214123 0.6572085889570553 0.2608200455580866 0.6694785276073619 0.2539863325740319 0.6710122699386503 0.1788154897494305 0.6495398773006135 0.09225512528473805 0.6288343558282209 0 0.49931246012269936 0
0 0.47929447852760737 0.2767653758542141 0.4976993865030675 0.265375854214123 0.5115030674846626 0.2608200455580866 0.5253067484662577 0.2266514806378132 0.531441717791411 0.19248291571753987 0.5253067484662577 0.13325740318906606 0.5253067484662577 0.09681093394077449 0.5191717791411042 0.06492027334851937 0.4946319018404908 0.03986332574031891 0.47776073619631904 0.06264236902050115 0.473159509202454 0.08314350797266515 0.46702453987730064 0.13553530751708429 0.46702453987730064 0.21298405466970388 0.47162576687116564 0.26765375854214124 0.47929447852760737 0.2767653758542141
3 0.49923312883435583 0.2767653758542141 0.47162576687116564 0.28132118451025057 0.4746932515337423 0.3428246013667426 0.49309815950920244 0.35193621867881547 0.5038343558282209 0.30182232346241455 0.49923312883435583 0.2767653758542141
8 0.4976993865030675 0.6867881548974943 0.4854294478527607 0.7437357630979499 0.48236196319018404 0.7687927107061503 0.49309815950920244 0.7619589977220956 0.5069018404907976 0.7323462414578588 0.5176380368098159 0.6708428246013668 0.5283742331288344 0.623006833712984 0.5329754601226994 0.5888382687927107 0.5329754601226994 0.5615034168564921 0.5237730061349694 0.5546697038724373 0.5130368098159509 0.5523917995444191 0.5099693251533742 0.5933940774487472 0.5053680981595092 0.6047835990888383 0.5023006134969326 0.6503416856492027 0.4976993865030675 0.6867881548974943
8 0.5099693251533742 0.7733485193621867 0.5099693251533742 0.7437357630979499 0.5038343558282209 0.7482915717539863 0.4976993865030675 0.7574031890660592 0.4946319018404908 0.7892938496583144 0.49309815950920244 0.8189066059225513 0.5084355828220859 0.8097949886104784 0.5099693251533742 0.7733485193621867
8 0.5590490797546013 0.6890660592255126 0.566717791411043 0.6457858769931663 0.5728527607361963 0.6138952164009112 0.575920245398773 0.5865603644646925 0.5452453987730062 0.5615034168564921 0.536042944785276 0.5933940774487472 0.526840490797546 0.6389521640091116 0.526840490797546 0.6981776765375854 0.5590490797546013 0.6890660592255126
8 0.5069018404907976 0.8462414578587699 0.5176380368098159 0.8553530751708428 0.5176380368098159 0.8439635535307517 0.522239263803681 0.7687927107061503 0.5253067484662577 0.7414578587699316 0.5253067484662577 0.7255125284738041 0.5176380368098159 0.7232346241457859 0.5161042944785276 0.7369020501138952 0.5099693251533742 0.7574031890660592 0.5069018404907976 0.8234624145785877 0.5069018404907976 0.8462414578587699
8 0.5207055214723927 0.8530751708428246 0.5237730061349694 0.8804100227790432 0.5299079754601227 0.8553530751708428 0.5345092024539877 0.7984054669703873 0.5391104294478528 0.755125284738041 0.5345092024539877 0.7414578587699316 0.5253067484662577 0.7687927107061503 0.522239263803681 0.8052391799544419 0.522239263803681 0.8348519362186788 0.5207055214723927 0.8530751708428246
8 0.5084355828220859 0.9783599088838268 0.5145705521472392 0.9419134396355353 0.5145705521472392 0.9305239179954442 0.5069018404907976 0.9305239179954442 0.4946319018404908 0.9646924829157175 0.49309815950920244 0.9851936218678815 0.49616564417177916 0.9988610478359908 0.5084355828220859 0.9783599088838268
8 0.4348159509202454 0.35193621867881547 0.4424846625766871 0.33826879271070615 0.4516871165644172 0.3086560364464693 0.4624233128834356 0.2972665148063781 0.46549079754601225 0.29043280182232345 0.46088957055214724 0.2835990888382688 0.45475460122699385 0.29043280182232345 0.4424846625766871 0.31548974943052394 0.4363496932515337 0.3451025056947608 0.4348159509202454 0.35193621867881547
8 0.46088957055214724 0.9168564920273349 0.46088957055214724 0.9031890660592256 0.45475460122699385 0.9031890660592256 0.4486196319018405 0.9328018223234624 0.4455521472392638 0.9943052391799544 0.4562883435582822 0.9760820045558086 0.46088957055214724 0.9168564920273349
8 0.5084355828220859 0.8530751708428246 0.5023006134969326 0.8507972665148064 0.5023006134969326 0.9054669703872438 0.5099693251533742 0.9100227790432802 0.5115030674846626 0.8667425968109339 0.5084355828220859 0.8530751708428246
6 0.5025881901840491 1 0.5145705521472392 0.9715261958997722 0.526840490797546 0.8849658314350797 0.536042944785276 0.7482915717539863 0.5452453987730062 0.6845102505694761 0.5299079754601227 0.643507972665148 0.5176380368098159 0.664009111617312 0.5084355828220859 0.7369020501138952 0.5069018404907976 0.784738041002278 0.5007668711656442 0.857630979498861 0.49309815950920244 0.907744874715262 0.49003067484662577 0.9419134396355353 0.473159509202454 0.9943052391799544 0.47437953220858897 1 0.5025881901840491 1
5 0.4488832438650307 0 0.46549079754601225 0.07175398633257403 0.5145705521472392 0.05580865603644647 0.5069018404907976 0.023917995444191344 0.49784317484662577 0 0.4488832438650307 0