0 0.3076923076923077 0.3130630630630631 0.3108320251177394 0.32882882882882886 0.32339089481946626 0.3355855855855856 0.3328100470957614 0.34459459459459457 0.3516483516483517 0.3536036036036036 0.37362637362637363 0.3490990990990991 0.3642072213500785 0.34459459459459457 0.34850863422291994 0.34234234234234234 0.33437990580847726 0.3333333333333333 0.315541601255887 0.31756756756756754
3 0.3029827315541601 0.3153153153153153 0.28885400313971743 0.3310810810810811 0.304552590266876 0.36261261261261263 0.3218210361067504 0.3963963963963964 0.34222919937205654 0.3963963963963964 0.3751962323390895 0.40315315315315314 0.36577708006279436 0.3761261261261261 0.3532182103610675 0.3490990990990991 0.3751962323390895 0.35585585585585583 0.3751962323390895 0.34684684684684686 0.34065934065934067 0.3400900900900901 0.32967032967032966 0.32882882882882886 0.3202511773940345 0.32207207207207206 0.30612244897959184 0.3130630630630631
8 0.423861852433281 0.5675675675675675 0.4301412872841444 0.545045045045045 0.43328100470957615 0.5585585585585585 0.434850863422292 0.5675675675675675 0.4411302982731554 0.5765765765765766 0.4474097331240188 0.581081081081081 0.4427001569858713 0.5833333333333334 0.4317111459968603 0.5743243243243243
8 0.5117739403453689 0.6261261261261262 0.5259026687598116 0.6238738738738738 0.5416012558869702 0.6238738738738738 0.5447409733124019 0.6306306306306306 0.5290423861852434 0.6306306306306306 0.5196232339089482 0.6306306306306306
8 0.4976452119309262 0.6509009009009009 0.5039246467817896 0.6644144144144144 0.5086342229199372 0.6644144144144144 0.5102040816326531 0.668918918918919 0.5086342229199372 0.6734234234234234 0.5039246467817896 0.6711711711711712 0.5007849293563579 0.6644144144144144 0.49607535321821034 0.6554054054054054
8 0.4897959183673469 0.5923423423423423 0.4976452119309262 0.5878378378378378 0.5054945054945055 0.5900900900900901 0.5180533751962323 0.5878378378378378 0.5133437990580848 0.5945945945945946 0.5039246467817896 0.5945945945945946 0.49607535321821034 0.5945945945945946
8 0.5196232339089482 0.6418918918918919 0.5290423861852434 0.6373873873873874 0.5353218210361067 0.6396396396396397 0.5353218210361067 0.6463963963963963 0.533751962323391 0.6531531531531531 0.5321821036106751 0.6554054054054054 0.5353218210361067 0.6644144144144144 0.5384615384615384 0.6711711711711712 0.543171114599686 0.6756756756756757 0.5463108320251178 0.6779279279279279 0.5478806907378336 0.6869369369369369 0.5510204081632653 0.6981981981981982 0.5494505494505495 0.7072072072072072 0.5494505494505495 0.713963963963964 0.5463108320251178 0.7184684684684685 0.5384615384615384 0.6959459459459459 0.5274725274725275 0.6711711711711712 0.521193092621664 0.6509009009009009
8 0.543171114599686 0.6621621621621622 0.5525902668759811 0.6554054054054054 0.5604395604395604 0.6554054054054054 0.5604395604395604 0.6599099099099099 0.5510204081632653 0.6644144144144144 0.5463108320251178 0.6666666666666666
8 0.5525902668759811 0.722972972972973 0.5588697017268446 0.7274774774774775 0.5572998430141287 0.740990990990991 0.5525902668759811 0.7364864864864865
8 0.43328100470957615 0.7342342342342343 0.4364207221350079 0.7297297297297297 0.43956043956043955 0.7364864864864865 0.4364207221350079 0.7364864864864865
8 0.44583987441130296 0.7274774774774775 0.45054945054945056 0.7274774774774775 0.45054945054945056 0.713963963963964 0.4489795918367347 0.6981981981981982 0.44583987441130296 0.7027027027027027
8 0.46153846153846156 0.5608108108108109 0.47095761381475665 0.5698198198198198 0.4772370486656201 0.581081081081081 0.48665620094191525 0.5923423423423423 0.4897959183673469 0.5878378378378378 0.48194662480376765 0.5765765765765766 0.47095761381475665 0.5653153153153153 0.4662480376766091 0.5608108108108109
8 0.6813186813186813 0.7342342342342343 0.6703296703296703 0.7274774774774775 0.6593406593406593 0.7297297297297297 0.6656200941915228 0.740990990990991
3 0.14285714285714285 0.41216216216216217 0.1726844583987441 0.42567567567567566 0.22919937205651492 0.42342342342342343 0.28100470957613816 0.44594594594594594 0.30141287284144425 0.45495495495495497 0.3390894819466248 0.45045045045045046 0.3563579277864992 0.47297297297297297 0.36891679748822603 0.44819819819819817 0.3814756671899529 0.47297297297297297 0.3532182103610675 0.5045045045045045 0.3516483516483517 0.536036036036036 0.3328100470957614 0.5495495495495496 0.2778649921507064 0.509009009009009 0.24803767660910517 0.49099099099099097 0.21664050235478807 0.48873873873873874 0.18524332810047095 0.48873873873873874 0.13657770800627944 0.46621621621621623 0.12401883830455258 0.4369369369369369
0 0.8712715855572999 0.44144144144144143 0.8602825745682888 0.4864864864864865 0.8320251177394035 0.48873873873873874 0.8037676609105181 0.5022522522522522 0.7692307692307693 0.5045045045045045 0.728414442700157 0.49099099099099097 0.706436420722135 0.47297297297297297 0.7158555729984302 0.4572072072072072 0.7519623233908949 0.4594594594594595 0.7880690737833596 0.47072072072072074 0.8131868131868132 0.4617117117117117 0.8445839874411303 0.4617117117117117
8 0.7912087912087912 0.6261261261261262 0.7692307692307693 0.6238738738738738 0.7472527472527473 0.6509009009009009 0.7660910518053375 0.6554054054054054 0.783359497645212 0.6396396396396397
8 0.5180533751962323 0.35135135135135137 0.5007849293563579 0.3536036036036036 0.5086342229199372 0.3761261261261261 0.5259026687598116 0.38063063063063063 0.5321821036106751 0.36261261261261263