3 0.4392230576441103 0.245393634840871 0.4016290726817043 0.19514237855946398 0.37656641604010027 0.15326633165829145 0.34022556390977443 0.20351758793969849 0.33270676691729323 0.25879396984924624 0.35902255639097747 0.27889447236180903 0.37531328320802004 0.30569514237855944 0.45551378446115287 0.30067001675041877 0.4392230576441103 0.245393634840871
3 0.4492481203007519 0.3492462311557789 0.4642857142857143 0.3073701842546064 0.3865914786967419 0.31072026800670016 0.4041353383458647 0.3576214405360134 0.4492481203007519 0.3492462311557789
3 0.5733082706766918 0.3877721943048576 0.5357142857142857 0.3710217755443886 0.5068922305764411 0.4296482412060301 0.5357142857142857 0.4581239530988275 0.5607769423558897 0.4715242881072027 0.5971177944862155 0.4463986599664992 0.5733082706766918 0.3877721943048576
8 0.5752589022556391 1 0.5545112781954887 0.8366834170854272 0.5281954887218046 0.6742043551088778 0.4993734335839599 0.5954773869346733 0.5068922305764411 0.6507537688442211 0.5269423558897243 0.7646566164154104 0.5357142857142857 0.873534338358459 0.5552890852130327 1 0.5752589022556391 1
8 0.6169493496240601 1 0.6134085213032582 0.9773869346733668 0.5983709273182958 0.9639865996649917 0.6052885588972431 1 0.6169493496240601 1
8 0.5921052631578947 0.8534338358458962 0.5808270676691729 0.8015075376884422 0.5620300751879699 0.7830820770519263 0.5745614035087719 0.838358458961474 0.5895989974937343 0.8969849246231156 0.5921052631578947 0.8534338358458962
8 0.5632832080200502 0.6876046901172529 0.5419799498746867 0.5904522613065326 0.5144110275689223 0.4899497487437186 0.5043859649122807 0.518425460636516 0.5332080200501254 0.6239530988274706 0.5570175438596491 0.7278056951423786 0.5632832080200502 0.6876046901172529
8 0.4830827067669173 0.4028475711892797 0.4718045112781955 0.3525963149078727 0.45300751879699247 0.3274706867671692 0.45551378446115287 0.3659966499162479 0.4667919799498747 0.43299832495812396 0.4830827067669173 0.4028475711892797
8 0.4931077694235589 0.3592964824120603 0.4968671679197995 0.3257956448911223 0.4793233082706767 0.3224455611390285 0.4805764411027569 0.347571189279732 0.4880952380952381 0.3860971524288107 0.4931077694235589 0.3592964824120603
3 0.2901002506265664 0.3257956448911223 0.27130325814536344 0.3710217755443886 0.287593984962406 0.41624790619765495 0.2951127819548872 0.3844221105527638 0.31140350877192985 0.3793969849246231 0.3201754385964912 0.38944723618090454 0.34147869674185466 0.3793969849246231 0.325187969924812 0.32077051926298156 0.2901002506265664 0.3257956448911223
6 0.37781954887218044 0.20854271356783918 0.37781954887218044 0.1884422110552764 0.36403508771929827 0.17671691792294808 0.35902255639097747 0.20351758793969849 0.37781954887218044 0.20854271356783918
8 0.38032581453634084 0.15996649916247907 0.37781954887218044 0.12814070351758794 0.36152882205513787 0.12646566164154105 0.36528822055137844 0.16164154103852596 0.38032581453634084 0.15996649916247907
8 0.43796992481203006 0.1800670016750419 0.4317042606516291 0.16666666666666666 0.42042606516290726 0.17671691792294808 0.43045112781954886 0.19514237855946398 0.43796992481203006 0.1800670016750419
8 0.4855889724310777 0.5753768844221105 0.4855889724310777 0.6038525963149078 0.4931077694235589 0.6323283082077052 0.5031328320802005 0.6490787269681743 0.4993734335839599 0.6072026800670016 0.4855889724310777 0.5753768844221105
8 0.4880952380952381 0.550251256281407 0.4830827067669173 0.5368509212730318 0.4805764411027569 0.5217755443886097 0.4768170426065163 0.5234505862646566 0.4805764411027569 0.5469011725293133 0.4855889724310777 0.5619765494137353 0.4880952380952381 0.550251256281407
3 0.4830827067669173 0.30569514237855944 0.4843358395989975 0.29731993299832493 0.4755639097744361 0.29731993299832493 0.4730576441102757 0.30402010050251255 0.4830827067669173 0.30569514237855944
3 0.4893483709273183 0.3224455611390285 0.4880952380952381 0.3157453936348409 0.4830827067669173 0.31072026800670016 0.4793233082706767 0.3224455611390285 0.4893483709273183 0.3224455611390285
4 0.6121553884711779 0.7345058626465661 0.6021303258145363 0.7428810720268006 0.6134085213032582 0.7462311557788944 0.6121553884711779 0.7345058626465661
8 0.4667919799498747 0.6507537688442211 0.4655388471177945 0.635678391959799 0.4605263157894737 0.6273031825795645 0.4617794486215539 0.6591289782244556 0.4667919799498747 0.6507537688442211
8 0.45551378446115287 0.567001675041876 0.45050125313283207 0.5385259631490787 0.4442355889724311 0.518425460636516 0.4417293233082707 0.5418760469011725 0.4467418546365915 0.5636515912897823 0.45050125313283207 0.5820770519262981 0.45551378446115287 0.567001675041876
4 0.34523809523809523 0.4396984924623116 0.35651629072681706 0.45309882747068675 0.36403508771929827 0.4748743718592965 0.37030075187969924 0.4631490787269682 0.36904761904761907 0.4380234505862647 0.36654135338345867 0.40954773869346733 0.35025062656641603 0.39112227805695143 0.325187969924812 0.40619765494137355 0.33521303258145363 0.43467336683417085 0.34523809523809523 0.4396984924623116