2 0.6621438263229308 0.5285714285714286 0.6811397557666214 0.5204081632653061 0.7096336499321574 0.5204081632653061 0.7354138398914518 0.5204081632653061 0.751696065128901 0.5306122448979592 0.7584803256445047 0.5510204081632653 0.757123473541384 0.5673469387755102 0.7489823609226595 0.5755102040816327 0.757123473541384 0.5918367346938775 0.7584803256445047 0.6040816326530613 0.7544097693351425 0.6204081632653061 0.7381275440976933 0.6224489795918368 0.7191316146540027 0.6244897959183674 0.7001356852103121 0.6224489795918368 0.6906377204884667 0.6183673469387755 0.6797829036635007 0.5959183673469388 0.6716417910447762 0.5653061224489796
8 0.35956580732700133 0.610204081632653 0.3622795115332429 0.6326530612244898 0.37177747625508817 0.6408163265306123 0.3758480325644505 0.6265306122448979 0.373134328358209 0.6142857142857143 0.36635006784260515 0.6061224489795919
0 0.5291723202170964 0.6306122448979592 0.5481682496607869 0.6081632653061224 0.5685210312075983 0.5938775510204082 0.5970149253731343 0.5979591836734693 0.6363636363636364 0.6081632653061224 0.66078697421981 0.6081632653061224 0.6797829036635007 0.6224489795918368 0.694708276797829 0.6285714285714286 0.7204884667571235 0.6346938775510204 0.7408412483039348 0.6326530612244898 0.757123473541384 0.6244897959183674 0.7652645861601085 0.6183673469387755 0.7734056987788331 0.6408163265306123 0.7788331071913162 0.6632653061224489 0.7829036635006784 0.6877551020408164 0.8032564450474898 0.6714285714285714 0.8168249660786974 0.6510204081632653 0.8344640434192673 0.6224489795918368 0.8548168249660787 0.5897959183673469 0.8697421981004071 0.563265306122449 0.8765264586160109 0.5469387755102041 0.8805970149253731 0.5244897959183673 0.8873812754409769 0.5346938775510204 0.8914518317503393 0.5591836734693878 0.8955223880597015 0.5755102040816327 0.8995929443690638 0.5897959183673469 0.8955223880597015 0.6204081632653061 0.8873812754409769 0.6265306122448979 0.8833107191316146 0.6122448979591837 0.8819538670284939 0.5979591836734693 0.8724559023066486 0.6122448979591837 0.8561736770691994 0.636734693877551 0.841248303934871 0.6653061224489796 0.8290366350067843 0.6795918367346939 0.8222523744911805 0.6959183673469388 0.8236092265943012 0.7183673469387755 0.8236092265943012 0.7326530612244898 0.7978290366350068 0.7653061224489796 0.751696065128901 0.8163265306122449 0.7204884667571235 0.8408163265306122 0.689280868385346 0.8551020408163266 0.6635006784260515 0.8653061224489796 0.6431478968792401 0.8673469387755102 0.621438263229308 0.8591836734693877 0.6078697421981004 0.8163265306122449 0.592944369063772 0.7714285714285715
3 0.7055630936227951 0.373469387755102 0.6987788331071914 0.4326530612244898 0.7327001356852103 0.4714285714285714 0.7530529172320217 0.49795918367346936 0.76797829036635 0.5020408163265306 0.8005427408412483 0.4857142857142857 0.8263229308005428 0.47551020408163264 0.8466757123473542 0.46122448979591835 0.8575305291723202 0.4387755102040816 0.8371777476255088 0.41020408163265304 0.8113975576662144 0.38571428571428573 0.7842605156037992 0.3795918367346939 0.757123473541384 0.37755102040816324 0.7299864314789688 0.37755102040816324
8 0.2510176390773406 0.4489795918367347 0.2727272727272727 0.45714285714285713 0.29850746268656714 0.47346938775510206 0.3256445047489824 0.49183673469387756 0.3487109905020353 0.5081632653061224 0.36092265943012214 0.5387755102040817 0.33649932157394846 0.5469387755102041 0.3012211668928087 0.5204081632653061 0.276797829036635 0.5040816326530613 0.2618724559023066 0.49795918367346936 0.25237449118046135 0.4897959183673469
8 0.21845318860244234 0.4448979591836735 0.2225237449118046 0.463265306122449 0.23609226594301222 0.47959183673469385 0.24423337856173677 0.49387755102040815 0.25237449118046135 0.49795918367346936 0.2496607869742198 0.46938775510204084 0.24559023066485752 0.44693877551020406
8 0.22930800542740842 0.5244897959183673 0.23066485753052918 0.5387755102040817 0.23744911804613297 0.5469387755102041 0.24559023066485752 0.5469387755102041 0.24151967435549526 0.5265306122448979 0.23609226594301222 0.5204081632653061
3 0.25237449118046135 0.4387755102040816 0.2971506105834464 0.45510204081632655 0.3242876526458616 0.4775510204081633 0.3568521031207598 0.5040816326530613 0.36092265943012214 0.5530612244897959 0.3337856173677069 0.5755102040816327 0.3310719131614654 0.6040816326530613 0.310719131614654 0.5938775510204082 0.2835820895522388 0.5775510204081633 0.26322930800542743 0.563265306122449 0.2564450474898236 0.5265306122448979
3 0.2198100407055631 0.5244897959183673 0.2265943012211669 0.5 0.23880597014925373 0.49795918367346936 0.2510176390773406 0.5122448979591837 0.2537313432835821 0.5346938775510204 0.25780189959294436 0.5530612244897959 0.24423337856173677 0.5489795918367347 0.22795115332428764 0.5387755102040817
3 0.4233378561736771 0.4959183673469388 0.4043419267299864 0.5020408163265306 0.40298507462686567 0.5306122448979592 0.40027137042062416 0.5795918367346938 0.40027137042062416 0.6265306122448979 0.4056987788331072 0.6408163265306123 0.41383989145183175 0.6285714285714286 0.4206241519674355 0.5877551020408164 0.4260515603799186 0.5551020408163265 0.42469470827679784 0.5244897959183673
8 0.4084124830393487 0.5142857142857142 0.41383989145183175 0.5387755102040817 0.41112618724559025 0.5693877551020409 0.40705563093622793 0.5897959183673469 0.4084124830393487 0.5959183673469388 0.4151967435549525 0.5775510204081633 0.4206241519674355 0.5591836734693878 0.41926729986431477 0.536734693877551 0.417910447761194 0.5224489795918368 0.41383989145183175 0.5142857142857142
0 0.7476255088195387 0.5102040816326531 0.7910447761194029 0.49183673469387756 0.8371777476255088 0.46938775510204084 0.8521031207598372 0.463265306122449 0.8561736770691994 0.4673469387755102 0.8616010854816825 0.46122448979591835 0.8697421981004071 0.47346938775510206 0.8710990502035278 0.49387755102040815 0.8697421981004071 0.5224489795918368 0.8738127544097694 0.5387755102040817 0.8738127544097694 0.5510204081632653 0.8683853459972863 0.5653061224489796 0.8561736770691994 0.5877551020408164 0.8453188602442334 0.6040816326530613 0.8236092265943012 0.636734693877551 0.8018995929443691 0.6714285714285714 0.7842605156037992 0.6836734693877551 0.7761194029850746 0.6204081632653061 0.762550881953867 0.5918367346938775 0.7489823609226595 0.5795918367346938 0.7639077340569878 0.563265306122449 0.7503392130257802 0.5265306122448979
3 0.5033921302578019 0.5653061224489796 0.514246947082768 0.5265306122448979 0.5210312075983717 0.4897959183673469 0.5359565807327001 0.46938775510204084 0.5549525101763908 0.45918367346938777 0.5780189959294437 0.4714285714285714 0.6037991858887382 0.4897959183673469 0.6472184531886025 0.5040816326530613 0.6635006784260515 0.5163265306122449 0.6648575305291723 0.5306122448979592 0.6689280868385346 0.5612244897959183 0.6797829036635007 0.6 0.6811397557666214 0.6408163265306123 0.6729986431478969 0.6836734693877551 0.6567164179104478 0.6938775510204082 0.6282225237449118 0.6959183673469388 0.5943012211668928 0.7020408163265306 0.5725915875169606 0.710204081632653 0.5617367706919946 0.6918367346938775 0.5522388059701493 0.6612244897959184 0.5345997286295794 0.6326530612244898 0.519674355495251 0.6 0.5074626865671642 0.5795918367346938
0 0.46404341926729986 0.37755102040816324 0.4843962008141113 0.35918367346938773 0.5739484396200815 0.34285714285714286 0.6350067842605156 0.32653061224489793 0.6594301221166893 0.3224489795918367 0.6770691994572592 0.32040816326530613 0.7055630936227951 0.32448979591836735 0.7408412483039348 0.3326530612244898 0.7761194029850746 0.3448979591836735 0.8113975576662144 0.36122448979591837 0.835820895522388 0.373469387755102 0.8521031207598372 0.38979591836734695 0.864314789687924 0.4061224489795918 0.8751696065128901 0.4306122448979592 0.8629579375848032 0.45714285714285713 0.751696065128901 0.5142857142857142 0.6702849389416553 0.5204081632653061 0.6648575305291723 0.5265306122448979 0.6540027137042063 0.5122448979591837 0.6350067842605156 0.49387755102040815 0.5983717774762551 0.46938775510204084 0.5590230664857531 0.44285714285714284 0.5223880597014925 0.42448979591836733 0.48846675712347354 0.40408163265306124 0.47218453188602444 0.3877551020408163