8 0.20728643216080403 0.4154103852596315 0.23366834170854273 0.4120603015075377 0.25753768844221103 0.4120603015075377 0.2864321608040201 0.4154103852596315 0.33542713567839194 0.4020100502512563 0.3278894472361809 0.3852596314907873 0.2952261306532663 0.3852596314907873 0.23618090452261306 0.3852596314907873 0.19472361809045227 0.3969849246231156 0.17336683417085427 0.4103852596314908 0.18341708542713567 0.4204355108877722 0.20728643216080403 0.4154103852596315
8 0.18592964824120603 0.4472361809045226 0.2135678391959799 0.4472361809045226 0.22613065326633167 0.44221105527638194 0.24623115577889448 0.423785594639866 0.23241206030150754 0.4187604690117253 0.20854271356783918 0.4204355108877722 0.18467336683417085 0.4371859296482412 0.18592964824120603 0.4472361809045226
8 0.11809045226130653 0.5209380234505863 0.1407035175879397 0.5192629815745393 0.15829145728643215 0.5159128978224455 0.17462311557788945 0.5142378559463987 0.17964824120603015 0.49748743718592964 0.1658291457286432 0.49413735343383586 0.1444723618090452 0.4991624790619765 0.12688442211055276 0.5025125628140703 0.11809045226130653 0.5209380234505863
8 0.17587939698492464 0.5209380234505863 0.1708542713567839 0.5376884422110553 0.18216080402010051 0.5376884422110553 0.20100502512562815 0.5309882747068677 0.22613065326633167 0.52428810720268 0.24120603015075376 0.509212730318258 0.22613065326633167 0.5025125628140703 0.20603015075376885 0.509212730318258 0.18969849246231155 0.5125628140703518 0.17587939698492464 0.5209380234505863
8 0.157035175879397 0.46901172529313234 0.17839195979899497 0.474036850921273 0.20351758793969849 0.47738693467336685 0.2185929648241206 0.46063651591289784 0.19597989949748743 0.4539363484087102 0.18467336683417085 0.45226130653266333 0.16834170854271358 0.45058626465661644 0.15452261306532664 0.4472361809045226 0.1407035175879397 0.46063651591289784 0.157035175879397 0.46901172529313234
8 0.3630653266331658 0.4338358458961474 0.38190954773869346 0.4187604690117253 0.3630653266331658 0.4137353433835846 0.3492462311557789 0.4137353433835846 0.33542713567839194 0.41708542713567837 0.32663316582914576 0.4338358458961474 0.3479899497487437 0.4338358458961474 0.3630653266331658 0.4338358458961474
8 0.32914572864321606 0.457286432160804 0.35175879396984927 0.45896147403685095 0.3655778894472362 0.46063651591289784 0.3793969849246231 0.4539363484087102 0.37185929648241206 0.440536013400335 0.35804020100502515 0.440536013400335 0.3391959798994975 0.440536013400335 0.32663316582914576 0.440536013400335 0.3165829145728643 0.4489112227805695 0.32914572864321606 0.457286432160804
8 0.24748743718592964 0.5108877721943048 0.2562814070351759 0.5108877721943048 0.27386934673366836 0.5041876046901173 0.2613065326633166 0.5008375209380235 0.2537688442211055 0.5008375209380235 0.24371859296482412 0.5025125628140703 0.23743718592964824 0.49748743718592964 0.2399497487437186 0.509212730318258 0.24748743718592964 0.5108877721943048
8 0.3128140703517588 0.48576214405360135 0.32537688442211055 0.48743718592964824 0.33542713567839194 0.48743718592964824 0.3479899497487437 0.4807370184254606 0.3391959798994975 0.474036850921273 0.32537688442211055 0.474036850921273 0.3165829145728643 0.474036850921273 0.30778894472361806 0.4723618090452261 0.3027638190954774 0.48408710217755446 0.3128140703517588 0.48576214405360135
8 0.47361809045226133 0.6817420435510888 0.478643216080402 0.6750418760469011 0.4635678391959799 0.6800670016750419 0.4547738693467337 0.6968174204355109 0.46608040201005024 0.6917922948073701 0.47361809045226133 0.6817420435510888
8 0.49246231155778897 0.7051926298157454 0.5062814070351759 0.6917922948073701 0.5 0.6867671691792295 0.4899497487437186 0.6917922948073701 0.4798994974874372 0.6984924623115578 0.478643216080402 0.711892797319933 0.4849246231155779 0.7102177554438861 0.49246231155778897 0.7051926298157454
8 0.592964824120603 0.6298157453936348 0.6005025125628141 0.6231155778894473 0.6168341708542714 0.6130653266331658 0.6482412060301508 0.5946398659966499 0.6582914572864321 0.5829145728643216 0.657035175879397 0.5711892797319933 0.6444723618090452 0.5728643216080402 0.635678391959799 0.5812395309882747 0.628140703517588 0.5912897822445561 0.6092964824120602 0.5963149078726968 0.5979899497487438 0.5979899497487438 0.5866834170854272 0.6063651591289783 0.5829145728643216 0.6130653266331658 0.5791457286432161 0.628140703517588 0.592964824120603 0.6298157453936348
8 0.657035175879397 0.5879396984924623 0.6494974874371859 0.592964824120603 0.6432160804020101 0.6113902847571189 0.6520100502512562 0.6030150753768844 0.6620603015075377 0.5996649916247906 0.6733668341708543 0.5946398659966499 0.6758793969849246 0.5829145728643216 0.678391959798995 0.576214405360134 0.6620603015075377 0.5812395309882747 0.657035175879397 0.5879396984924623
8 0.7097989949748744 0.5711892797319933 0.6934673366834171 0.5711892797319933 0.6871859296482412 0.5879396984924623 0.6947236180904522 0.592964824120603 0.7211055276381909 0.5845896147403685 0.7273869346733668 0.5812395309882747 0.7399497487437185 0.5711892797319933 0.7412060301507538 0.5577889447236181 0.7286432160804021 0.5561139028475712 0.7198492462311558 0.5661641541038526 0.7097989949748744 0.5711892797319933
8 0.5188442211055276 0.5494137353433836 0.5251256281407035 0.541038525963149 0.5213567839195979 0.525963149078727 0.5175879396984925 0.5360134003350083 0.5138190954773869 0.5460636515912898 0.5188442211055276 0.5494137353433836
8 0.5753768844221105 0.4304857621440536 0.5841708542713567 0.4271356783919598 0.5992462311557789 0.4221105527638191 0.6055276381909548 0.41708542713567837 0.6005025125628141 0.4103852596314908 0.5917085427135679 0.4120603015075377 0.5804020100502513 0.4120603015075377 0.571608040201005 0.4204355108877722 0.5640703517587939 0.42546063651591287 0.5753768844221105 0.4304857621440536
8 0.5829145728643216 0.47906197654941374 0.5829145728643216 0.47571189279731996 0.5753768844221105 0.47571189279731996 0.5690954773869347 0.4807370184254606 0.5712849962311558 0.4858458961474037 0.5829145728643216 0.47906197654941374
8 0.5712849962311558 0.4858458961474037 0.5628140703517588 0.490787269681742 0.5741206030150754 0.49246231155778897 0.5712849962311558 0.4858458961474037
8 0.39195979899497485 0.7788944723618091 0.39195979899497485 0.7638190954773869 0.3706030150753769 0.7705192629815746 0.36180904522613067 0.7939698492462312 0.37185929648241206 0.7889447236180904 0.39195979899497485 0.7788944723618091
8 0.44974874371859297 0.38358458961474035 0.435929648241206 0.3852596314907873 0.4334170854271357 0.39865996649916247 0.44095477386934673 0.40033500837520936 0.45226130653266333 0.3969849246231156 0.4648241206030151 0.39028475711892796 0.47613065326633164 0.38358458961474035 0.4824120603015075 0.36348408710217756 0.4849246231155779 0.34003350083752093 0.4748743718592965 0.34673366834170855 0.4723618090452261 0.3601340033500838 0.4635678391959799 0.3785594639865997 0.44974874371859297 0.38358458961474035
8 0.4371859296482412 0.4556113902847571 0.44597989949748745 0.4556113902847571 0.457286432160804 0.45896147403685095 0.4585427135678392 0.46901172529313234 0.4585427135678392 0.4824120603015075 0.45603015075376885 0.49413735343383586 0.4585427135678392 0.509212730318258 0.47110552763819097 0.48576214405360135 0.47361809045226133 0.45058626465661644 0.478643216080402 0.4187604690117253 0.478643216080402 0.3969849246231156 0.4623115577889447 0.40703517587939697 0.4472361809045226 0.423785594639866 0.435929648241206 0.4321608040201005 0.4271356783919598 0.4539363484087102 0.4371859296482412 0.4556113902847571
8 0.49120603015075376 0.644891122278057 0.5062814070351759 0.6214405360134003 0.49120603015075376 0.6231155778894473 0.478643216080402 0.6247906197654941 0.4685929648241206 0.628140703517588 0.45603015075376885 0.6398659966499163 0.45226130653266333 0.6532663316582915 0.46984924623115576 0.6515912897822446 0.49120603015075376 0.644891122278057
3 0.5791457286432161 0.16917922948073702 0.5 0.20603015075376885 0.49120603015075376 0.24120603015075376 0.5753768844221105 0.24120603015075376 0.7110552763819096 0.22613065326633167 0.8190954773869347 0.18425460636515914 0.914572864321608 0.16080402010050251 0.9886934673366834 0.1323283082077052 0.9974874371859297 0.07537688442211055 0.9899497487437185 0.07035175879396985 0.864321608040201 0.10217755443886097 0.7713567839195979 0.12227805695142378 0.6871859296482412 0.16415410385259632 0.5791457286432161 0.16917922948073702