3 0.4128787878787879 0.7711864406779662 0.49873737373737376 0.9593220338983051 0.5871212121212122 0.9813559322033898 0.6515151515151515 0.9610169491525423 0.6111111111111112 0.8593220338983051 0.577020202020202 0.8050847457627118 0.49242424242424243 0.7745762711864407 0.4128787878787879 0.7711864406779662
3 0.6543726742424242 1 0.6464646464646465 0.9711864406779661 0.5997474747474747 0.9796610169491525 0.5782828282828283 0.9966101694915255 0.6167929292929293 1 0.6543726742424242 1
8 0.19570707070707072 0.14915254237288136 0.26515151515151514 0.11864406779661017 0.26515151515151514 0.09322033898305085 0.22601010101010102 0.1135593220338983 0.19823232323232323 0.12203389830508475 0.19570707070707072 0.14915254237288136
8 0.369949494949495 0.09661016949152543 0.369949494949495 0.05084745762711865 0.3345959595959596 0.06440677966101695 0.33080808080808083 0.1288135593220339 0.369949494949495 0.09661016949152543
5 0.6616161616161617 0.7627118644067796 0.6022727272727273 0.7593220338983051 0.6174242424242424 0.8355932203389831 0.6426767676767676 0.9186440677966101 0.6515151515151515 0.9559322033898305 0.7853535353535354 0.9491525423728814 0.7777777777777778 0.9033898305084745 0.7626262626262627 0.8559322033898306 0.6944444444444444 0.7864406779661017 0.6616161616161617 0.7627118644067796
2 0.6590909090909091 0.21864406779661016 0.6022727272727273 0.39661016949152544 0.5871212121212122 0.5542372881355933 0.6123737373737373 0.6406779661016949 0.7765151515151515 0.8084745762711865 0.7929292929292929 0.7169491525423729 0.7941919191919192 0.4559322033898305 0.7550505050505051 0.3610169491525424 0.6590909090909091 0.21864406779661016
8 0.3838383838383838 0.020338983050847456 0.3421717171717172 0 0.32702020202020204 0.006779661016949152 0.3611111111111111 0.01864406779661017 0.3838383838383838 0.020338983050847456
5 0.5909090909090909 0.7796610169491526 0.6073232323232324 0.8169491525423729 0.6287878787878788 0.8406779661016949 0.6603535353535354 0.8322033898305085 0.6830808080808081 0.8220338983050848 0.6742424242424242 0.7864406779661017 0.6654040404040404 0.7627118644067796 0.6338383838383839 0.7338983050847457 0.6047979797979798 0.7338983050847457 0.571969696969697 0.7423728813559322 0.5909090909090909 0.7796610169491526
0 0.23878066414141413 0 0.21338383838383837 0.05423728813559322 0.20833333333333334 0.0847457627118644 0.19444444444444445 0.1440677966101695 0.17424242424242425 0.20847457627118643 0.16792929292929293 0.28135593220338984 0.17045454545454544 0.33220338983050846 0.17803030303030304 0.39322033898305087 0.1893939393939394 0.43728813559322033 0.2222222222222222 0.4491525423728814 0.2676767676767677 0.4610169491525424 0.3042929292929293 0.4847457627118644 0.35984848484848486 0.5322033898305085 0.3648989898989899 0.5050847457627119 0.37626262626262624 0.45932203389830506 0.3926767676767677 0.4016949152542373 0.3926767676767677 0.3694915254237288 0.3787878787878788 0.3440677966101695 0.37626262626262624 0.30847457627118646 0.37247474747474746 0.26949152542372884 0.3712121212121212 0.23389830508474577 0.37247474747474746 0.18983050847457628 0.38257575757575757 0.12033898305084746 0.38636363636363635 0.023728813559322035 0.39198806186868684 0 0.23878066414141413 0
3 0.8106060606060606 0.8779661016949153 0.8005050505050505 0.847457627118644 0.7815656565656566 0.8593220338983051 0.7891414141414141 0.8847457627118644 0.797979797979798 0.9152542372881356 0.8017676767676768 0.9508474576271186 0.8156565656565656 0.9457627118644067 0.8143939393939394 0.9152542372881356 0.8106060606060606 0.8779661016949153
3 0.7007575757575758 0.976271186440678 0.7904040404040404 0.9694915254237289 0.7891414141414141 0.9491525423728814 0.6502525252525253 0.9559322033898305 0.6553030303030303 0.9728813559322034 0.7007575757575758 0.976271186440678
8 0.7840909090909091 0.9271186440677966 0.7891414141414141 0.9593220338983051 0.7941919191919192 0.9474576271186441 0.7941919191919192 0.9305084745762712 0.7878787878787878 0.9016949152542373 0.7777777777777778 0.8796610169491526 0.7689393939393939 0.8711864406779661 0.7777777777777778 0.8966101694915254 0.7840909090909091 0.9271186440677966
0 0.5707070707070707 0.9813559322033898 0.5972222222222222 0.9898305084745763 0.6123737373737373 0.988135593220339 0.6338383838383839 0.9847457627118644 0.6553030303030303 0.9728813559322034 0.6477272727272727 0.9593220338983051 0.6237373737373737 0.9593220338983051 0.6035353535353535 0.9627118644067797 0.5871212121212122 0.9711864406779661 0.5707070707070707 0.9813559322033898