3 0.329246935201401 0.20374707259953162 0.29422066549912435 0.20140515222482436 0.39404553415061294 0.2693208430913349 0.425569176882662 0.2903981264637002 0.4273204903677758 0.2505854800936768 0.425569176882662 0.24824355971896955 0.4028021015761821 0.25526932084309134 0.329246935201401 0.20374707259953162
3 0.4938704028021016 0.3840749414519906 0.5166374781085814 0.477751756440281 0.5411558669001751 0.4918032786885246 0.5726795096322241 0.5105386416861827 0.5989492119089317 0.4613583138173302 0.574430823117338 0.4379391100702576 0.542907180385289 0.40046838407494145 0.5306479859894921 0.3770491803278688 0.5166374781085814 0.30679156908665106 0.542907180385289 0.27634660421545665 0.5306479859894921 0.2693208430913349 0.47810858143607704 0.2576112412177986 0.47285464098073554 0.27400468384074944 0.4798598949211909 0.32084309133489464 0.4938704028021016 0.3840749414519906
3 0.4658493870402802 0.2388758782201405 0.4851138353765324 0.24824355971896955 0.5236427320490368 0.26229508196721313 0.5884413309982487 0.26229508196721313 0.5814360770577933 0.24824355971896955 0.5691768826619965 0.23653395784543327 0.5411558669001751 0.18501170960187355 0.4991243432574431 0.18501170960187355 0.44308231173380036 0.18501170960187355 0.4658493870402802 0.2388758782201405
5 0.4028021015761821 0.22950819672131148 0.4185639229422067 0.24824355971896955 0.44658493870402804 0.24121779859484777 0.44658493870402804 0.20140515222482436 0.4168126094570928 0.17798594847775176 0.4028021015761821 0.22950819672131148
6 0.4921190893169877 0.15456674473067916 0.5043782837127846 0.16393442622950818 0.5131348511383538 0.1592505854800937 0.5078809106830122 0.1522248243559719 0.4921190893169877 0.15456674473067916
8 0.6094570928196147 0.4519906323185012 0.6094570928196147 0.44028103044496486 0.5726795096322241 0.4262295081967213 0.5446584938704028 0.39344262295081966 0.5288966725043783 0.3583138173302108 0.5201401050788091 0.3442622950819672 0.521891418563923 0.31381733021077285 0.5306479859894921 0.2857142857142857 0.51138353765324 0.32084309133489464 0.5166374781085814 0.36533957845433257 0.5499124343257443 0.4168618266978923 0.5761821366024519 0.4379391100702576 0.6094570928196147 0.4519906323185012
8 0.5499124343257443 0.2716627634660422 0.5779334500875657 0.26229508196721313 0.5849387040280211 0.25995316159250587 0.5779334500875657 0.2505854800936768 0.5306479859894921 0.2388758782201405 0.4886164623467601 0.234192037470726 0.4886164623467601 0.2459016393442623 0.5499124343257443 0.2716627634660422
8 0.5359019264448336 0.18266978922716628 0.553415061295972 0.2388758782201405 0.5621716287215411 0.2388758782201405 0.542907180385289 0.18969555035128804 0.5359019264448336 0.18266978922716628
8 0.4028021015761821 0.25995316159250587 0.4115586690017513 0.24824355971896955 0.35901926444833626 0.22482435597189696 0.30823117338003503 0.1920374707259953 0.29071803852889666 0.14988290398126464 0.28546409807355516 0.14754098360655737 0.28546409807355516 0.18266978922716628 0.3327495621716287 0.22716627634660422 0.3712784588441331 0.2459016393442623 0.4028021015761821 0.25995316159250587
0 0.7267950963222417 0.5690866510538641 0.7110332749562172 0.5831381733021077 0.7005253940455342 0.5971896955503513 0.6987740805604203 0.6276346604215457 0.7005253940455342 0.702576112412178 0.6987740805604203 0.7962529274004684 0.7215411558669002 0.8243559718969555 0.7302977232924693 0.819672131147541 0.7373029772329247 0.7189695550351288 0.7355516637478109 0.6346604215456675 0.7355516637478109 0.5831381733021077 0.7267950963222417 0.5690866510538641
0 0.5814360770577933 0.2693208430913349 0.6147110332749562 0.27400468384074944 0.637478108581436 0.27400468384074944 0.6217162872154116 0.25995316159250587 0.5674255691768827 0.24824355971896955 0.521891418563923 0.24355971896955503 0.46234676007005254 0.24355971896955503 0.45709281961471104 0.2529274004683841 0.4956217162872154 0.25995316159250587 0.5253940455341506 0.26697892271662765 0.5569176882661997 0.2693208430913349 0.5814360770577933 0.2693208430913349