3 0.49701492537313435 0.5428571428571428 0.5253731343283582 0.5098901098901099 0.5597014925373134 0.49230769230769234 0.5492537313432836 0.45274725274725275 0.5417910447761194 0.4043956043956044 0.491044776119403 0.3978021978021978 0.4462686567164179 0.41098901098901097 0.4253731343283582 0.4461538461538462 0.41492537313432837 0.4967032967032967 0.41194029850746267 0.5406593406593406 0.4223880597014925 0.5428571428571428 0.45223880597014926 0.5340659340659341 0.49701492537313435 0.5428571428571428
6 0.3850746268656716 0.5516483516483517 0.3835820895522388 0.545054945054945 0.37910447761194027 0.545054945054945 0.3776119402985075 0.5406593406593406 0.37910447761194027 0.5340659340659341 0.3746268656716418 0.5252747252747253 0.3686567164179104 0.5208791208791209 0.3611940298507463 0.5186813186813187 0.35522388059701493 0.5186813186813187 0.3537313432835821 0.5230769230769231 0.36268656716417913 0.5274725274725275 0.3686567164179104 0.5318681318681319 0.3716417910447761 0.5494505494505495 0.37910447761194027 0.5648351648351648 0.38656716417910447 0.5582417582417583 0.3970149253731343 0.5582417582417583 0.39850746268656717 0.545054945054945 0.3850746268656716 0.5516483516483517
8 0.33432835820895523 0.5868131868131868 0.33134328358208953 0.5846153846153846 0.3253731343283582 0.5824175824175825 0.32238805970149254 0.578021978021978 0.31791044776119404 0.5714285714285714 0.3119402985074627 0.567032967032967 0.3074626865671642 0.5648351648351648 0.3029850746268657 0.5626373626373626 0.30149253731343284 0.567032967032967 0.31044776119402984 0.5736263736263736 0.3208955223880597 0.5846153846153846 0.33134328358208953 0.5934065934065934 0.3417910447761194 0.6087912087912087 0.34626865671641793 0.6043956043956044 0.3417910447761194 0.5978021978021978 0.33880597014925373 0.5934065934065934 0.33432835820895523 0.5868131868131868
0 0.7014925373134329 0.5956043956043956 0.6970149253731344 0.5516483516483517 0.6895522388059702 0.5076923076923077 0.6791044776119403 0.4725274725274725 0.6522388059701493 0.45714285714285713 0.5805970149253732 0.4351648351648352 0.5537313432835821 0.42857142857142855 0.5552238805970149 0.44835164835164837 0.564179104477612 0.4967032967032967 0.5835820895522388 0.5516483516483517 0.608955223880597 0.5934065934065934 0.6223880597014926 0.6043956043956044 0.6582089552238806 0.6065934065934065 0.691044776119403 0.6021978021978022 0.7014925373134329 0.5956043956043956
0 0.43283582089552236 0.9538461538461539 0.43283582089552236 0.9648351648351648 0.44328358208955226 0.9648351648351648 0.4552238805970149 0.9384615384615385 0.44328358208955226 0.945054945054945 0.43134328358208956 0.945054945054945 0.43283582089552236 0.9538461538461539
3 0.5507462686567164 0.4945054945054945 0.5373134328358209 0.4967032967032967 0.5238805970149254 0.5142857142857142 0.5074626865671642 0.5296703296703297 0.5283582089552239 0.5472527472527473 0.5507462686567164 0.5714285714285714 0.5761194029850746 0.5472527472527473 0.5671641791044776 0.5142857142857142 0.5507462686567164 0.4945054945054945
3 0.31044776119402984 0.5186813186813187 0.3253731343283582 0.5362637362637362 0.34626865671641793 0.5560439560439561 0.3746268656716418 0.5648351648351648 0.41044776119402987 0.5472527472527473 0.408955223880597 0.4989010989010989 0.373134328358209 0.45494505494505494 0.3373134328358209 0.4725274725274725 0.31343283582089554 0.4989010989010989 0.31044776119402984 0.5186813186813187
8 0.673134328358209 0.6659340659340659 0.6776119402985075 0.6659340659340659 0.6850746268656717 0.6615384615384615 0.6850746268656717 0.6571428571428571 0.6805970149253732 0.6571428571428571 0.682089552238806 0.6505494505494506 0.6761194029850747 0.6461538461538462 0.673134328358209 0.6373626373626373 0.6686567164179105 0.6329670329670329 0.6716417910447762 0.6461538461538462 0.6761194029850747 0.6527472527472528 0.673134328358209 0.6659340659340659
0 0.5432835820895522 0.701098901098901 0.5776119402985075 0.6857142857142857 0.5925373134328358 0.6747252747252748 0.5970149253731343 0.6681318681318681 0.6104477611940299 0.6505494505494506 0.6567164179104478 0.610989010989011 0.6059701492537314 0.5956043956043956 0.5850746268656717 0.5516483516483517 0.5701492537313433 0.5186813186813187 0.5522388059701493 0.5318681318681319 0.5373134328358209 0.5318681318681319 0.5268656716417911 0.5516483516483517 0.5149253731343284 0.5472527472527473 0.48656716417910445 0.5340659340659341 0.44925373134328356 0.5296703296703297 0.41044776119402987 0.5384615384615384 0.3746268656716418 0.567032967032967 0.34776119402985073 0.6087912087912087 0.3402985074626866 0.6659340659340659 0.3447761194029851 0.7274725274725274 0.3492537313432836 0.7384615384615385 0.35522388059701493 0.6923076923076923 0.3656716417910448 0.6461538461538462 0.382089552238806 0.6263736263736264 0.3940298507462687 0.621978021978022 0.42686567164179107 0.643956043956044 0.4462686567164179 0.6571428571428571 0.4746268656716418 0.7054945054945055 0.48208955223880595 0.701098901098901 0.5029850746268657 0.6989010989010989 0.5104477611940299 0.701098901098901 0.5268656716417911 0.7032967032967034 0.5432835820895522 0.701098901098901
8 0.6044776119402985 0.6659340659340659 0.6 0.6725274725274726 0.6149253731343284 0.6725274725274726 0.6283582089552239 0.654945054945055 0.6253731343283582 0.6505494505494506 0.6164179104477612 0.6615384615384615 0.6044776119402985 0.6659340659340659
8 0.4835820895522388 0.7164835164835165 0.5194029850746269 0.756043956043956 0.5507462686567164 0.8395604395604396 0.5985074626865672 0.8417582417582418 0.6701492537313433 0.832967032967033 0.6850746268656717 0.8021978021978022 0.7029850746268657 0.7692307692307693 0.6716417910447762 0.7362637362637363 0.6522388059701493 0.7208791208791209 0.6074626865671642 0.701098901098901 0.5776119402985075 0.6901098901098901 0.5507462686567164 0.6901098901098901 0.4791044776119403 0.6791208791208792 0.4835820895522388 0.7164835164835165
3 0.6492537313432836 0.9384615384615385 0.7089552238805971 0.9208791208791208 0.7164179104477612 0.8989010989010989 0.7119402985074627 0.8703296703296703 0.7044776119402985 0.8527472527472527 0.6716417910447762 0.8373626373626374 0.6373134328358209 0.8395604395604396 0.6059701492537314 0.8593406593406593 0.591044776119403 0.8769230769230769 0.5985074626865672 0.9032967032967033 0.6119402985074627 0.9340659340659341 0.6492537313432836 0.9384615384615385
0 0.5567164179104478 0.8219780219780219 0.5388059701492537 0.8 0.5313432835820896 0.8065934065934066 0.517910447761194 0.8087912087912088 0.491044776119403 0.8 0.46417910447761196 0.7912087912087912 0.44328358208955226 0.8065934065934066 0.46567164179104475 0.8153846153846154 0.49850746268656715 0.8263736263736263 0.5283582089552239 0.8395604395604396 0.5567164179104478 0.8747252747252747 0.5850746268656717 0.9274725274725275 0.5835820895522388 0.9098901098901099 0.5701492537313433 0.8725274725274725 0.5567164179104478 0.8219780219780219