8 0.8092848180677541 0.8163606010016694 0.8193224592220828 0.8363939899833055 0.8268506900878294 0.8514190317195326 0.8368883312421581 0.8714524207011686 0.848180677540778 0.8998330550918197 0.8531994981179423 0.9348914858096828 0.8607277289836889 0.9565943238731218 0.875784190715182 0.9799666110183639 0.8933500627352572 0.9749582637729549 0.8870765370138017 0.9449081803005008 0.8808030112923463 0.9131886477462438 0.8720200752823086 0.8747913188647746 0.863237139272271 0.8397328881469115 0.8519447929736512 0.8163606010016694 0.8331242158092849 0.7963272120200334 0.8268506900878294 0.7946577629382304 0.8193224592220828 0.7946577629382304 0.8117942283563363 0.7946577629382304 0.8067754077791719 0.8046744574290484
8 0.8782936010037641 0.6193656093489148 0.863237139272271 0.6343906510851419 0.8506900878293601 0.6510851419031719 0.8444165621079046 0.67779632721202 0.8306148055207027 0.7011686143572621 0.8255959849435383 0.7195325542570952 0.823086574654956 0.7362270450751253 0.8168130489335006 0.7479131886477463 0.8168130489335006 0.7612687813021702 0.8180677540777918 0.7712854757929883 0.8331242158092849 0.7762938230383973 0.8368883312421581 0.7595993322203672 0.8381430363864492 0.7395659432387313 0.8469259723964868 0.7245409015025042 0.8506900878293601 0.7011686143572621 0.8594730238393977 0.679465776293823 0.8695106649937264 0.664440734557596 0.8745294855708908 0.656093489148581 0.8833124215809285 0.6444073455759599 0.8870765370138017 0.6293823038397329
8 0.6687578419071518 0.5826377295492488 0.6687578419071518 0.5943238731218697 0.6775407779171895 0.6060100166944908 0.6863237139272271 0.6110183639398998 0.6963613550815558 0.6210350584307178 0.7013801756587202 0.6260434056761269 0.7101631116687579 0.6193656093489148 0.7101631116687579 0.6126878130217028 0.6925972396486826 0.5959933222036727 0.6825595984943539 0.5859766277128547 0.6750313676286073 0.5843071786310517
8 0.6298619824341279 0.5525876460767947 0.6323713927227101 0.5609348914858097 0.6398996235884568 0.5676126878130217 0.64366373902133 0.5709515859766278 0.644918444165621 0.5676126878130217 0.6424090338770388 0.5609348914858097 0.6398996235884568 0.5559265442404007 0.6348808030112923 0.5525876460767947
8 0.6047678795483061 0.6293823038397329 0.616060225846926 0.6343906510851419 0.6235884567126725 0.6410684474123539 0.6235884567126725 0.6510851419031719 0.617314930991217 0.6527545909849749 0.6085319949811794 0.6444073455759599 0.6060225846925973 0.6377295492487479
8 0.7816813048933501 0.7712854757929883 0.7829360100376411 0.7796327212020033 0.794228356336261 0.7813021702838063 0.7917189460476788 0.7729549248747913
8 0.8569636135508155 0.5659432387312187 0.8569636135508155 0.5809682804674458 0.8569636135508155 0.5926544240400667 0.863237139272271 0.5976627712854758 0.8644918444165621 0.5909849749582637 0.8657465495608532 0.5859766277128547 0.8695106649937264 0.5759599332220368 0.8670012547051443 0.5676126878130217 0.863237139272271 0.5642737896494157
8 0.25094102885821834 0.4507512520868113 0.24968632371392724 0.48247078464106846 0.2547051442910916 0.5041736227045075 0.2547051442910916 0.5258764607679466 0.2547051442910916 0.5425709515859767 0.25972396486825594 0.5676126878130217 0.26223337515683814 0.5826377295492488 0.2697616060225847 0.5742904841402338 0.2697616060225847 0.5509181969949917 0.2722710163111669 0.5225375626043406 0.2697616060225847 0.49248747913188645 0.26348808030112925 0.4741235392320534 0.2559598494353827 0.4590984974958264
3 0.24466750313676286 0.2287145242070117 0.29109159347553326 0.27378964941569284 0.3224592220828105 0.34557595993322204 0.36511919698870765 0.35058430717863104 0.39021329987452946 0.3572621035058431 0.40526976160602257 0.3989983305509182 0.36386449184441655 0.4023372287145242 0.3337515683814304 0.4023372287145242 0.3099121706398996 0.41903171953255425 0.30614805520702637 0.4791318864774624 0.2797992471769134 0.5425709515859767 0.26474278544542035 0.5742904841402338 0.24968632371392724 0.5792988313856428 0.24843161856963614 0.4941569282136895
8 0.23337515683814303 0.32554257095158595 0.2233375156838143 0.32053422370617696 0.2258469259723965 0.337228714524207 0.22835633626097868 0.34390651085141904 0.2120451693851945 0.333889816360601 0.2120451693851945 0.327212020033389 0.21455457967377667 0.31552587646076796 0.21831869510664995 0.3071786310517529 0.23086574654956085 0.3071786310517529 0.2383939774153074 0.3105175292153589 0.2396486825595985 0.333889816360601 0.24090338770388958 0.35058430717863104 0.24215809284818068 0.3672787979966611 0.24215809284818068 0.3756260434056761 0.23588456712672523 0.3739565943238731 0.2383939774153074 0.3589315525876461 0.23588456712672523 0.34390651085141904
8 0.2383939774153074 0.48247078464106846 0.2107904642409034 0.46243739565943237 0.19573400250941028 0.44741235392320533 0.18569636135508155 0.4524207011686144 0.20451693851944794 0.4674457429048414 0.20828105395232122 0.48747913188647746 0.21580928481806774 0.5025041736227045 0.22961104140526975 0.5358931552587646 0.24090338770388958 0.5559265442404007 0.24592220828105396 0.5759599332220368 0.24717691342534504 0.5859766277128547 0.2534504391468005 0.5525876460767947 0.25094102885821834 0.5292153589315526 0.24466750313676286 0.4974958263772955
3 0.2848180677540778 0.4056761268781302 0.2835633626097867 0.41903171953255425 0.2835633626097867 0.4373956594323873 0.2860727728983689 0.4607679465776294 0.29234629861982436 0.4774624373956594 0.30489335006273527 0.48080133555926546 0.3111668757841907 0.46410684474123537 0.3174404015056462 0.4540901502504174 0.3212045169385194 0.44407345575959933 0.3161856963613551 0.4290484140233723 0.30614805520702637 0.4090150250417362 0.2973651191969887 0.4040066777963272
8 0.19573400250941028 0.43906510851419034 0.18946047678795483 0.44240400667779634 0.04140526976160602 0.3105175292153589 0.04642409033877039 0.3038397328881469 0.09410288582183186 0.34390651085141904 0.12421580928481807 0.3672787979966611 0.14052697616060225 0.3823038397328882
3 0.32496863237139273 0.3789649415692821 0.34002509410288584 0.3672787979966611 0.3613550815558344 0.3572621035058431 0.383939774153074 0.3589315525876461 0.397741530740276 0.3722871452420701 0.4127979924717691 0.38731218697829717 0.411543287327478 0.3973288814691152 0.4015056461731493 0.4040066777963272 0.38268506900878296 0.4073455759599332 0.3588456712672522 0.4073455759599332 0.34002509410288584 0.3973288814691152 0.32747804265997493 0.38898163606010017
8 0.09786700125470514 0.2370617696160267 0.07653701380175659 0.2270450751252087 0.06775407779171895 0.21702838063439064 0.05897114178168131 0.21535893155258765 0.060225846925972396 0.20868113522537562 0.07026348808030113 0.21535893155258765 0.07904642409033877 0.22370617696160267 0.08531994981179424 0.2270450751252087 0.09410288582183186 0.2287145242070117 0.09912170639899624 0.2303839732888147
3 0.6336260978670013 0.5592654424040067 0.6210790464240903 0.5392320534223706 0.616060225846926 0.5292153589315526 0.6122961104140527 0.5041736227045075 0.6198243412797992 0.48580968280467446 0.6361355081555834 0.4757929883138564 0.6675031367628608 0.4757929883138564 0.7101631116687579 0.48914858096828046 0.7603513174404015 0.4974958263772955 0.8042659974905897 0.5041736227045075 0.8456712672521958 0.5275459098497496 0.8682559598494354 0.5575959933222037 0.8845671267252195 0.5976627712854758 0.8845671267252195 0.6343906510851419 0.875784190715182 0.657762938230384 0.8619824341279799 0.6811352253756261 0.8506900878293601 0.7095158597662772 0.8393977415307403 0.7429048414023373 0.8343789209535759 0.7746243739565943 0.8281053952321205 0.7829716193656093 0.795483061480552 0.7679465776293823 0.7553324968632371 0.7412353923205343 0.7465495608531995 0.7395659432387313 0.7252195734002509 0.6944908180300501 0.6976160602258469 0.6460767946577629 0.6624843161856964 0.5959933222036727
8 0.24341279799247176 0.4240400667779633 0.22710163111668757 0.41235392320534225 0.2107904642409034 0.4040066777963272 0.20075282308657466 0.4056761268781302 0.22082810539523212 0.4240400667779633 0.23212045169385195 0.4323873121869783 0.24341279799247176 0.44073455759599334 0.24717691342534504 0.4340567612687813
8 0.6097867001254705 0.6327212020033389 0.6235884567126725 0.6427378964941569 0.6273525721455459 0.654424040066778 0.6198243412797992 0.659432387312187 0.6047678795483061 0.6444073455759599 0.5972396486825596 0.6243739565943238 0.5696361355081556 0.6010016694490818 0.5470514429109159 0.5809682804674458 0.5357590966122961 0.5626043405676127 0.5470514429109159 0.5575959933222037 0.5633626097867002 0.5692821368948247 0.5734002509410289 0.5843071786310517 0.5834378920953576 0.5993322203672788 0.5934755332496863 0.6076794657762938 0.6010037641154329 0.6143572621035058 0.6085319949811794 0.6210350584307178
8 0.8732747804265998 0.8263772954924875 0.8820577164366374 0.8247078464106845 0.8870765370138017 0.8263772954924875 0.8858218318695107 0.8330550918196995 0.8782936010037641 0.8347245409015025 0.8707653701380176 0.8313856427378965
6 0.36888331242158096 0.4574290484140234 0.36888331242158096 0.4524207011686144 0.36762860727728985 0.4507512520868113 0.36637390213299875 0.4557595993322204 0.36637390213299875 0.4590984974958264 0.36888331242158096 0.46243739565943237 0.3713927227101631 0.4657762938230384 0.3726474278544542 0.4657762938230384 0.3726474278544542 0.4607679465776294 0.3713927227101631 0.4590984974958264
8 0.44040150564617314 0.48747913188647746 0.4592220828105395 0.5008347245409015 0.48431618569636137 0.5191986644407346 0.5106649937264742 0.5358931552587646 0.5282308657465495 0.5559265442404007 0.5395232120451694 0.5609348914858097 0.5244667503136763 0.5375626043405676 0.506900878293601 0.5242070116861436 0.4905897114178168 0.5108514190317195 0.4767879548306148 0.4991652754590985 0.4617314930991217 0.48580968280467446 0.4491844416562108 0.48414023372287146