3 0.37109375 0.571764705882353 0.396484375 0.5623529411764706 0.4140625 0.56 0.419921875 0.5741176470588235 0.421875 0.5952941176470589 0.419921875 0.611764705882353 0.41015625 0.611764705882353 0.412109375 0.5882352941176471 0.408203125 0.5764705882352941 0.384765625 0.5788235294117647
3 0.4453125 0.548235294117647 0.45703125 0.5435294117647059 0.46875 0.5458823529411765 0.470703125 0.5694117647058824 0.466796875 0.5788235294117647 0.4453125 0.5811764705882353 0.439453125 0.5647058823529412
3 0.48828125 0.5176470588235295 0.5 0.5294117647058824 0.505859375 0.5435294117647059 0.49609375 0.5670588235294117 0.486328125 0.571764705882353 0.486328125 0.5388235294117647
3 0.392578125 0.5929411764705882 0.400390625 0.5882352941176471 0.404296875 0.5952941176470589 0.40234375 0.6023529411764705 0.39453125 0.6
3 0.388671875 0.611764705882353 0.390625 0.6047058823529412 0.400390625 0.6047058823529412 0.404296875 0.611764705882353
6 0.25 0.7294117647058823 0.25390625 0.7152941176470589 0.259765625 0.72 0.259765625 0.7364705882352941 0.25390625 0.7435294117647059
6 0.265625 0.7929411764705883 0.267578125 0.7835294117647059 0.265625 0.7670588235294118 0.26171875 0.76 0.259765625 0.7694117647058824 0.26171875 0.7811764705882352
8 0.2421875 0.7058823529411765 0.255859375 0.7082352941176471 0.26953125 0.7105882352941176 0.283203125 0.7082352941176471 0.287109375 0.7129411764705882 0.27734375 0.7176470588235294 0.26171875 0.7176470588235294 0.25 0.7152941176470589 0.244140625 0.7129411764705882
0 0.2265625 0.6094117647058823 0.240234375 0.6235294117647059 0.267578125 0.6282352941176471 0.26953125 0.6611764705882353 0.28515625 0.7082352941176471 0.30078125 0.7247058823529412 0.328125 0.7341176470588235 0.380859375 0.7458823529411764 0.431640625 0.7505882352941177 0.5 0.7458823529411764 0.54296875 0.7388235294117647 0.583984375 0.731764705882353 0.60546875 0.7223529411764706 0.611328125 0.7035294117647058 0.62109375 0.6658823529411765 0.626953125 0.6282352941176471 0.66796875 0.6141176470588235 0.654296875 0.6705882352941176 0.642578125 0.7270588235294118 0.6328125 0.7835294117647059 0.62890625 0.8258823529411765 0.5859375 0.8282352941176471 0.5234375 0.8376470588235294 0.427734375 0.8423529411764706 0.3828125 0.8447058823529412 0.365234375 0.8423529411764706 0.333984375 0.8352941176470589 0.296875 0.8329411764705882 0.275390625 0.8258823529411765 0.267578125 0.8117647058823529 0.24609375 0.7129411764705882
6 0.58203125 0.7694117647058824 0.587890625 0.7647058823529411 0.591796875 0.7694117647058824 0.58984375 0.7835294117647059 0.587890625 0.7952941176470588 0.583984375 0.7905882352941176
3 0.26171875 0.5976470588235294 0.25390625 0.5929411764705882 0.24609375 0.6 0.2578125 0.6047058823529412