8 0.5394160583941606 0.4720447284345048 0.5277372262773723 0.4784345047923323 0.5262773722627737 0.49121405750798725 0.535036496350365 0.4976038338658147 0.5496350364963504 0.5247603833865815 0.57007299270073 0.5950479233226837 0.5875912408759124 0.6413738019169329 0.589051094890511 0.6381789137380192 0.5598540145985401 0.542332268370607 0.5394160583941606 0.4720447284345048
8 0.6051094890510949 0.7260383386581469 0.6065693430656934 0.7388178913738019 0.6051094890510949 0.7531948881789138 0.6153284671532847 0.7531948881789138 0.6124087591240875 0.7388178913738019 0.6094890510948905 0.7228434504792333 0.6051094890510949 0.7260383386581469
3 0.3437956204379562 0.39217252396166136 0.35985401459854016 0.3282747603833866 0.37737226277372266 0.26757188498402557 0.35255474452554747 0.23242811501597443 0.335036496350365 0.213258785942492 0.3072992700729927 0.21645367412140576 0.29124087591240877 0.2755591054313099 0.2708029197080292 0.3586261980830671 0.2664233576642336 0.4305111821086262 0.2635036496350365 0.5039936102236422 0.2708029197080292 0.5407348242811502 0.2854014598540146 0.5886581469648562 0.3 0.615814696485623 0.2941605839416058 0.5934504792332268 0.3014598540145985 0.5934504792332268 0.28978102189781024 0.5726837060702875 0.2839416058394161 0.5455271565495208 0.28686131386861313 0.5231629392971247 0.3014598540145985 0.5199680511182109 0.3043795620437956 0.5071884984025559 0.3116788321167883 0.5007987220447284 0.32335766423357665 0.4960063897763578 0.3262773722627737 0.4928115015974441 0.3277372262773723 0.46405750798722045 0.3437956204379562 0.39217252396166136
4 0.28102189781021897 0.2819488817891374 0.2854014598540146 0.2595846645367412 0.2664233576642336 0.25 0.2416058394160584 0.2979233226837061 0.2021897810218978 0.3490415335463259 0.18905109489051095 0.38258785942492013 0.22554744525547446 0.3793929712460064 0.2489051094890511 0.39057507987220447 0.23868613138686132 0.41293929712460065 0.2124087591240876 0.43370607028753994 0.19635036496350364 0.4784345047923323 0.2124087591240876 0.5583067092651757 0.22554744525547446 0.5630990415335463 0.24306569343065693 0.5247603833865815 0.24344652554744528 0.5236491182108626 0.23576642335766423 0.5343450479233227 0.24554109781021896 0.5175371581469648 0.24744525547445256 0.5119808306709265 0.24927007299270074 0.5119808306709265 0.2503649635036496 0.5103833865814696 0.2591240875912409 0.505591054313099 0.25328467153284673 0.4416932907348243 0.2576642335766423 0.4145367412140575 0.26204379562043795 0.3937699680511182 0.2737226277372263 0.3282747603833866 0.2751824817518248 0.3011182108626198 0.28102189781021897 0.2819488817891374
8 0.6343065693430657 0.9400958466453674 0.6211678832116788 0.9353035143769968 0.6065693430656934 0.9305111821086262 0.6255474452554745 0.944888178913738 0.6416058394160584 0.9528753993610224 0.6518248175182482 0.9640575079872205 0.6562043795620438 0.9672523961661342 0.6664233576642336 0.9672523961661342 0.6751824817518248 0.9672523961661342 0.6795620437956205 0.9688498402555911 0.6781021897810219 0.9608626198083067 0.6620437956204379 0.9624600638977636 0.6343065693430657 0.9400958466453674
8 0.17007299270072992 0.4560702875399361 0.16569343065693432 0.45926517571884984 0.1583941605839416 0.45926517571884984 0.1554744525547445 0.46405750798722045 0.15401459854014599 0.4784345047923323 0.14817518248175182 0.4784345047923323 0.1364963503649635 0.4704472843450479 0.13941605839416057 0.48642172523961663 0.14525547445255474 0.49121405750798725 0.14525547445255474 0.505591054313099 0.1510948905109489 0.5071884984025559 0.15255474452554746 0.49440894568690097 0.16131386861313868 0.48801916932907347 0.16423357664233576 0.4784345047923323 0.1686131386861314 0.46565495207667734 0.172992700729927 0.46884984025559107 0.1802919708029197 0.5071884984025559 0.18759124087591242 0.5151757188498403 0.18467153284671534 0.5023961661341853 0.18613138686131386 0.4928115015974441 0.19343065693430658 0.48801916932907347 0.18175182481751825 0.4736421725239617 0.18175182481751825 0.4544728434504792 0.18175182481751825 0.44009584664536744 0.18175182481751825 0.4225239616613419 0.17445255474452553 0.4145367412140575 0.17007299270072992 0.4560702875399361
4 0.20364963503649636 0.48801916932907347 0.21386861313868613 0.5343450479233227 0.22262773722627738 0.5247603833865815 0.227007299270073 0.5391373801916933 0.22554744525547446 0.5535143769968051 0.22262773722627738 0.5599041533546326 0.24306569343065693 0.6110223642172524 0.2605839416058394 0.6509584664536742 0.2635036496350365 0.6509584664536742 0.2678832116788321 0.6605431309904153 0.27664233576642333 0.6813099041533547 0.2824817518248175 0.6797124600638977 0.28102189781021897 0.6701277955271565 0.2751824817518248 0.6621405750798722 0.2708029197080292 0.6557507987220448 0.2678832116788321 0.6509584664536742 0.2635036496350365 0.6429712460063898 0.2635036496350365 0.6301916932907349 0.25474452554744526 0.6174121405750799 0.26934306569343064 0.6174121405750799 0.28978102189781024 0.6605431309904153 0.2941605839416058 0.6637380191693291 0.29854014598540146 0.6653354632587859 0.3014598540145985 0.6717252396166135 0.3072992700729927 0.6685303514376997 0.3102189781021898 0.6621405750798722 0.3043795620437956 0.6493610223642172 0.29854014598540146 0.6509584664536742 0.2956204379562044 0.6477635782747604 0.3014598540145985 0.6461661341853036 0.2927007299270073 0.6269968051118211 0.28686131386861313 0.6285942492012779 0.29124087591240877 0.6206070287539937 0.2839416058394161 0.6078274760383386 0.27956204379562044 0.6078274760383386 0.2781021897810219 0.5966453674121406 0.2751824817518248 0.5886581469648562 0.2839416058394161 0.59185303514377 0.28102189781021897 0.5774760383386581 0.27226277372262775 0.579073482428115 0.26204379562043795 0.555111821086262 0.2562043795620438 0.555111821086262 0.2518248175182482 0.5391373801916933 0.2576642335766423 0.5375399361022364 0.2591240875912409 0.5503194888178914 0.2635036496350365 0.5503194888178914 0.2664233576642336 0.555111821086262 0.27664233576642333 0.5583067092651757 0.2751824817518248 0.5519169329073482 0.2708029197080292 0.5391373801916933 0.2591240875912409 0.49440894568690097 0.25328467153284673 0.505591054313099 0.25328467153284673 0.5119808306709265 0.2518248175182482 0.518370607028754 0.24744525547445256 0.5199680511182109 0.245985401459854 0.5071884984025559 0.23868613138686132 0.4928115015974441 0.24306569343065693 0.48801916932907347 0.23868613138686132 0.4768370607028754 0.23284671532846715 0.48482428115015974 0.23284671532846715 0.46884984025559107 0.24014598540145984 0.4672523961661342 0.2503649635036496 0.46884984025559107 0.2503649635036496 0.46086261980830673 0.24744525547445256 0.4560702875399361 0.23868613138686132 0.45926517571884984 0.23284671532846715 0.4560702875399361 0.22554744525547446 0.4496805111821086 0.2240875912408759 0.43210862619808305 0.2197080291970803 0.43370607028753994 0.2197080291970803 0.4480830670926518 0.2167883211678832 0.444888178913738 0.2124087591240876 0.4544728434504792 0.20802919708029197 0.4496805111821086 0.20072992700729927 0.46565495207667734 0.20364963503649636 0.48801916932907347
4 0.23284671532846715 0.4305111821086262 0.22992700729927007 0.43210862619808305 0.22846715328467154 0.43849840255591055 0.23284671532846715 0.444888178913738 0.23576642335766423 0.444888178913738 0.23722627737226276 0.4464856230031949 0.24014598540145984 0.444888178913738 0.24306569343065693 0.44329073482428116 0.2416058394160584 0.43210862619808305 0.23868613138686132 0.43370607028753994 0.23868613138686132 0.4305111821086262 0.24306569343065693 0.4289137380191693 0.2416058394160584 0.4225239616613419 0.23868613138686132 0.4225239616613419 0.23722627737226276 0.4289137380191693 0.23284671532846715 0.4305111821086262
4 0.32043795620437954 0.6861022364217252 0.31605839416058396 0.6861022364217252 0.3102189781021898 0.6749201277955271 0.30583941605839415 0.6749201277955271 0.30583941605839415 0.6781150159744409 0.3029197080291971 0.6797124600638977 0.3029197080291971 0.6765175718849841 0.29854014598540146 0.6749201277955271 0.2956204379562044 0.6781150159744409 0.2824817518248175 0.6845047923322684 0.27956204379562044 0.6813099041533547 0.2781021897810219 0.6829073482428115 0.2824817518248175 0.6988817891373802 0.28832116788321166 0.6972843450479234 0.29124087591240877 0.6908945686900958 0.2941605839416058 0.6924920127795527 0.2941605839416058 0.6988817891373802 0.3 0.6972843450479234 0.3029197080291971 0.6940894568690096 0.3043795620437956 0.6924920127795527 0.3072992700729927 0.6924920127795527 0.30875912408759126 0.6940894568690096 0.3102189781021898 0.6956869009584664 0.31459854014598543 0.6972843450479234 0.3175182481751825 0.6924920127795527 0.32043795620437954 0.6924920127795527 0.3218978102189781 0.700479233226837 0.33065693430656934 0.7068690095846646 0.33357664233576645 0.7084664536741214 0.3364963503649635 0.7068690095846646 0.32335766423357665 0.6813099041533547 0.32043795620437954 0.6813099041533547 0.32043795620437954 0.6861022364217252
4 0.3 0.7196485623003195 0.3 0.7228434504792333 0.3102189781021898 0.7356230031948882 0.32043795620437954 0.75 0.3248175182481752 0.75 0.3248175182481752 0.7468051118210862 0.3218978102189781 0.7436102236421726 0.3248175182481752 0.7420127795527156 0.3291970802919708 0.7404153354632588 0.3291970802919708 0.7388178913738019 0.33357664233576645 0.7388178913738019 0.33357664233576645 0.7436102236421726 0.33795620437956203 0.7452076677316294 0.3437956204379562 0.7531948881789138 0.34817518248175183 0.7531948881789138 0.354014598540146 0.7659744408945687 0.35985401459854016 0.7643769968051118 0.35255474452554747 0.75 0.3583941605839416 0.7484025559105432 0.3583941605839416 0.7452076677316294 0.35985401459854016 0.7436102236421726 0.3583941605839416 0.7388178913738019 0.3554744525547445 0.7436102236421726 0.3510948905109489 0.7436102236421726 0.34963503649635036 0.7468051118210862 0.3437956204379562 0.7388178913738019 0.3467153284671533 0.7356230031948882 0.33941605839416056 0.7212460063897763 0.33795620437956203 0.7164536741214057 0.33941605839416056 0.7180511182108626 0.34233576642335767 0.7180511182108626 0.33941605839416056 0.7116613418530351 0.3364963503649635 0.7116613418530351 0.3364963503649635 0.7148562300319489 0.33357664233576645 0.713258785942492 0.33065693430656934 0.7084664536741214 0.3277372262773723 0.7052715654952076 0.32335766423357665 0.7036741214057508 0.3218978102189781 0.7036741214057508 0.32043795620437954 0.702076677316294 0.31605839416058396 0.7036741214057508 0.31605839416058396 0.7068690095846646 0.3175182481751825 0.7084664536741214 0.318978102189781 0.7100638977635783 0.3218978102189781 0.713258785942492 0.3248175182481752 0.7148562300319489 0.3248175182481752 0.7164536741214057 0.3218978102189781 0.7180511182108626 0.32043795620437954 0.7228434504792333 0.32335766423357665 0.7244408945686901 0.32043795620437954 0.7260383386581469 0.32043795620437954 0.7292332268370607 0.32043795620437954 0.7324281150159745 0.3218978102189781 0.7356230031948882 0.3248175182481752 0.737220447284345 0.3218978102189781 0.7388178913738019 0.318978102189781 0.7388178913738019 0.31605839416058396 0.7356230031948882 0.30583941605839415 0.7196485623003195 0.3 0.7196485623003195
4 0.3656934306569343 0.7739616613418531 0.3627737226277372 0.7739616613418531 0.3627737226277372 0.7771565495207667 0.3656934306569343 0.7835463258785943 0.3686131386861314 0.7851437699680511 0.3686131386861314 0.7819488817891374 0.372992700729927 0.7803514376996805 0.3715328467153285 0.7755591054313099 0.36715328467153285 0.7755591054313099 0.3656934306569343 0.7739616613418531
4 0.3715328467153285 0.7851437699680511 0.36715328467153285 0.7851437699680511 0.36715328467153285 0.7899361022364217 0.3700729927007299 0.7899361022364217 0.3700729927007299 0.7883386581469649 0.37445255474452555 0.7883386581469649 0.37445255474452555 0.7835463258785943 0.3715328467153285 0.7835463258785943 0.3715328467153285 0.7851437699680511
4 0.35985401459854016 0.75 0.354014598540146 0.7515974440894568 0.3554744525547445 0.7547923322683706 0.3583941605839416 0.7547923322683706 0.35985401459854016 0.7531948881789138 0.3613138686131387 0.7547923322683706 0.3627737226277372 0.7547923322683706 0.3627737226277372 0.7484025559105432 0.35985401459854016 0.7484025559105432 0.35985401459854016 0.75
4 0.3043795620437956 0.7388178913738019 0.33357664233576645 0.786741214057508 0.3437956204379562 0.7947284345047924 0.33065693430656934 0.762779552715655 0.3277372262773723 0.762779552715655 0.3218978102189781 0.7547923322683706 0.30875912408759126 0.7356230031948882 0.3043795620437956 0.7388178913738019
4 0.4065693430656934 0.9033546325878594 0.42700729927007297 0.9177316293929713 0.4313868613138686 0.9129392971246006 0.40948905109489053 0.896964856230032 0.4065693430656934 0.9033546325878594
4 0.41094890510948906 0.9097444089456869 0.4021897810218978 0.8921725239616614 0.3978102189781022 0.8921725239616614 0.4065693430656934 0.9161341853035144 0.41094890510948906 0.9097444089456869
4 0.27664233576642333 0.689297124600639 0.2737226277372263 0.6908945686900958 0.2737226277372263 0.6956869009584664 0.26934306569343064 0.6988817891373802 0.27664233576642333 0.700479233226837 0.2854014598540146 0.7036741214057508 0.27664233576642333 0.689297124600639
4 0.23284671532846715 0.36501597444089456 0.23722627737226276 0.347444089456869 0.23576642335766423 0.3330670926517572 0.22992700729927007 0.3506389776357827 0.227007299270073 0.36022364217252395 0.22116788321167882 0.36501597444089456 0.23284671532846715 0.36501597444089456
4 0.227007299270073 0.3730031948881789 0.22262773722627738 0.3746006389776358 0.21094890510948905 0.3730031948881789 0.20510948905109488 0.3746006389776358 0.20510948905109488 0.3777955271565495 0.2124087591240876 0.3761980830670926 0.23138686131386862 0.3761980830670926 0.23138686131386862 0.37140575079872207 0.22846715328467154 0.37140575079872207 0.227007299270073 0.3730031948881789
4 0.3510948905109489 0.21964856230031948 0.3583941605839416 0.21805111821086262 0.35255474452554747 0.19728434504792333 0.3467153284671533 0.20207667731629392 0.3510948905109489 0.21964856230031948
4 0.3437956204379562 0.20047923322683706 0.3510948905109489 0.19089456869009586 0.3510948905109489 0.18610223642172524 0.3452554744525547 0.18929712460063897 0.34087591240875914 0.19568690095846644 0.33941605839416056 0.213258785942492 0.3437956204379562 0.21166134185303515 0.3437956204379562 0.20047923322683706
4 0.3043795620437956 0.4193290734824281 0.28978102189781024 0.41773162939297126 0.26934306569343064 0.41613418530351437 0.26496350364963506 0.420926517571885 0.3 0.4257188498402556 0.30875912408759126 0.4289137380191693 0.33941605839416056 0.4416932907348243 0.3437956204379562 0.43370607028753994 0.32335766423357665 0.43210862619808305 0.3043795620437956 0.4193290734824281
8 0.2854014598540146 0.44329073482428116 0.2927007299270073 0.5103833865814696 0.28832116788321166 0.5119808306709265 0.2824817518248175 0.5167731629392971 0.27956204379562044 0.505591054313099 0.27664233576642333 0.5119808306709265 0.2839416058394161 0.5247603833865815 0.28832116788321166 0.5199680511182109 0.2941605839416058 0.5199680511182109 0.3014598540145985 0.5167731629392971 0.28978102189781024 0.4416932907348243 0.2854014598540146 0.44329073482428116
8 0.26934306569343064 0.4704472843450479 0.26934306569343064 0.46086261980830673 0.2678832116788321 0.44329073482428116 0.2605839416058394 0.444888178913738 0.25328467153284673 0.4496805111821086 0.2518248175182482 0.46884984025559107 0.25474452554744526 0.5007987220447284 0.2576642335766423 0.4960063897763578 0.26204379562043795 0.4960063897763578 0.2678832116788321 0.5119808306709265 0.2678832116788321 0.5199680511182109 0.2708029197080292 0.5343450479233227 0.27664233576642333 0.5311501597444089 0.27226277372262775 0.5103833865814696 0.26496350364963506 0.49121405750798725 0.26496350364963506 0.48003194888178913 0.2751824817518248 0.4784345047923323 0.28102189781021897 0.48642172523961663 0.2854014598540146 0.48961661341853036 0.28832116788321166 0.48482428115015974 0.28832116788321166 0.4752396166134185 0.27664233576642333 0.4736421725239617 0.26934306569343064 0.4704472843450479
0 0.3554744525547445 0.33626198083067094 0.3248175182481752 0.46086261980830673 0.33211678832116787 0.5199680511182109 0.33795620437956203 0.5343450479233227 0.354014598540146 0.5758785942492013 0.41824817518248175 0.7084664536741214 0.46058394160583943 0.6365814696485623 0.516058394160584 0.5103833865814696 0.5569343065693431 0.3506389776357827 0.47956204379562045 0.3027156549520767 0.37737226277372266 0.26757188498402557 0.3554744525547445 0.33626198083067094
1 0.4313868613138686 0.8218849840255591 0.43576642335766425 0.8266773162939297 0.4416058394160584 0.8202875399361023 0.4386861313868613 0.810702875399361 0.4299270072992701 0.8027156549520766 0.42554744525547444 0.8011182108626198 0.42700729927007297 0.7963258785942492 0.43284671532846714 0.7963258785942492 0.42554744525547444 0.786741214057508 0.4226277372262774 0.7835463258785943 0.4138686131386861 0.7835463258785943 0.4211678832116788 0.7723642172523961 0.41824817518248175 0.7675718849840255 0.4065693430656934 0.7739616613418531 0.40072992700729926 0.7739616613418531 0.39343065693430657 0.7723642172523961 0.3905109489051095 0.7675718849840255 0.3875912408759124 0.7691693290734825 0.4167883211678832 0.8346645367412141 0.4313868613138686 0.8218849840255591
1 0.3802919708029197 0.7436102236421726 0.38175182481751824 0.7388178913738019 0.3759124087591241 0.7340255591054313 0.36715328467153285 0.7340255591054313 0.38175182481751824 0.7579872204472844 0.3802919708029197 0.7436102236421726
0 0.46204379562043796 0.9384984025559105 0.4226277372262774 0.847444089456869 0.39343065693430657 0.7755591054313099 0.3656934306569343 0.7340255591054313 0.3 0.6062300319488818 0.2635036496350365 0.5023961661341853 0.2605839416058394 0.420926517571885 0.2664233576642336 0.384185303514377 0.23868613138686132 0.3698083067092652 0.227007299270073 0.3793929712460064 0.2240875912408759 0.41293929712460065 0.22846715328467154 0.4672523961661342 0.2416058394160584 0.5343450479233227 0.2781021897810219 0.6142172523961661 0.3102189781021898 0.6765175718849841 0.3437956204379562 0.7308306709265175 0.3802919708029197 0.8027156549520766 0.4343065693430657 0.920926517571885 0.46204379562043796 0.9384984025559105