3 0.17247386759581881 0.5944055944055944 0.16550522648083624 0.5687645687645687 0.16376306620209058 0.4825174825174825 0.16550522648083624 0.43123543123543123 0.17421602787456447 0.4125874125874126 0.1951219512195122 0.40792540792540793 0.22822299651567945 0.3986013986013986 0.23693379790940766 0.40093240093240096 0.24041811846689895 0.4125874125874126 0.2787456445993031 0.4125874125874126 0.28222996515679444 0.40326340326340326 0.2961672473867596 0.3962703962703963 0.3310104529616725 0.40093240093240096 0.34843205574912894 0.3962703962703963 0.35365853658536583 0.4149184149184149 0.35365853658536583 0.43356643356643354 0.35365853658536583 0.46386946386946387 0.3693379790940767 0.4965034965034965 0.39547038327526135 0.48951048951048953 0.39547038327526135 0.46386946386946387 0.3902439024390244 0.4172494172494173 0.47038327526132406 0.42424242424242425 0.5278745644599303 0.44522144522144524 0.5087108013937283 0.46853146853146854 0.5104529616724739 0.4965034965034965 0.5452961672473867 0.5268065268065268 0.4912891986062718 0.5664335664335665 0.4547038327526132 0.5268065268065268 0.40069686411149824 0.5128205128205128 0.3693379790940767 0.5384615384615384 0.3501742160278746 0.578088578088578 0.34668989547038326 0.634032634032634 0.34494773519163763 0.668997668997669 0.32229965156794427 0.655011655011655 0.3048780487804878 0.6363636363636364 0.30662020905923343 0.6107226107226107 0.2979094076655052 0.578088578088578 0.2787456445993031 0.5664335664335665 0.2613240418118467 0.5617715617715617 0.23867595818815332 0.5594405594405595 0.22473867595818817 0.5594405594405595 0.22125435540069685 0.585081585081585 0.2073170731707317 0.6247086247086248 0.1794425087108014 0.6107226107226107
0 0.3397212543554007 0.38927738927738925 0.3310104529616725 0.40559440559440557 0.32578397212543553 0.4149184149184149 0.3240418118466899 0.44522144522144524 0.32752613240418116 0.4988344988344988 0.34146341463414637 0.46853146853146854 0.3501742160278746 0.44522144522144524 0.3501742160278746 0.4289044289044289 0.34668989547038326 0.41025641025641024
5 0.3588850174216028 0.3916083916083916 0.34668989547038326 0.3706293706293706 0.3362369337979094 0.3543123543123543 0.3240418118466899 0.36363636363636365 0.3153310104529617 0.37995337995337997 0.313588850174216 0.3939393939393939 0.3327526132404181 0.40559440559440557 0.3501742160278746 0.3986013986013986
8 0.43902439024390244 0.4662004662004662 0.43205574912891986 0.4662004662004662 0.42334494773519166 0.46853146853146854 0.4163763066202091 0.4755244755244755 0.41289198606271776 0.48717948717948717 0.4094076655052265 0.49417249417249415 0.41114982578397213 0.4965034965034965 0.4146341463414634 0.49184149184149184 0.4250871080139373 0.4801864801864802 0.43205574912891986 0.4755244755244755 0.43902439024390244 0.4731934731934732
8 0.4529616724738676 0.46853146853146854 0.4425087108013937 0.4731934731934732 0.4337979094076655 0.4801864801864802 0.4337979094076655 0.48717948717948717 0.44076655052264807 0.4825174825174825 0.44947735191637633 0.4755244755244755 0.45818815331010454 0.4731934731934732 0.4651567944250871 0.4731934731934732 0.47038327526132406 0.46853146853146854 0.4721254355400697 0.46386946386946387 0.4686411149825784 0.46153846153846156 0.4634146341463415 0.4662004662004662 0.45993031358885017 0.46853146853146854
8 0.4686411149825784 0.44988344988344986 0.4686411149825784 0.44522144522144524 0.4721254355400697 0.4428904428904429 0.47560975609756095 0.4358974358974359 0.47560975609756095 0.43123543123543123 0.47038327526132406 0.4289044289044289 0.4686411149825784 0.42424242424242425 0.47560975609756095 0.42424242424242425 0.4808362369337979 0.4289044289044289 0.48257839721254353 0.4358974358974359 0.47909407665505227 0.4405594405594406 0.47560975609756095 0.44755244755244755 0.4738675958188153 0.4522144522144522
8 0.5017421602787456 0.4358974358974359 0.49477351916376305 0.4358974358974359 0.4895470383275261 0.4358974358974359 0.48257839721254353 0.4358974358974359 0.4808362369337979 0.4405594405594406 0.4808362369337979 0.44522144522144524 0.48606271777003485 0.44988344988344986 0.4895470383275261 0.44755244755244755 0.4912891986062718 0.44522144522144524 0.4965156794425087 0.44755244755244755 0.5017421602787456 0.44755244755244755 0.5034843205574913 0.4405594405594406
8 0.3623693379790941 0.5454545454545454 0.3588850174216028 0.5407925407925408 0.35365853658536583 0.5431235431235432 0.3588850174216028 0.5501165501165501 0.3623693379790941 0.5547785547785548
8 0.3397212543554007 0.5664335664335665 0.3310104529616725 0.5571095571095571 0.32926829268292684 0.5547785547785548 0.32752613240418116 0.5571095571095571 0.3310104529616725 0.5687645687645687 0.3344947735191638 0.5734265734265734 0.343205574912892 0.5734265734265734
8 0.3362369337979094 0.5967365967365967 0.3310104529616725 0.5897435897435898 0.32926829268292684 0.5920745920745921 0.32752613240418116 0.6037296037296037 0.32752613240418116 0.6083916083916084 0.3327526132404181 0.6107226107226107 0.3362369337979094 0.6083916083916084 0.3362369337979094 0.6037296037296037
8 0.3048780487804878 0.5011655011655012 0.30139372822299654 0.49417249417249415 0.30139372822299654 0.48951048951048953 0.30662020905923343 0.4801864801864802 0.3048780487804878 0.4731934731934732 0.29965156794425085 0.4731934731934732 0.2979094076655052 0.4801864801864802 0.29442508710801396 0.4988344988344988 0.29965156794425085 0.5128205128205128 0.2979094076655052 0.5268065268065268 0.29442508710801396 0.5337995337995338 0.29442508710801396 0.5384615384615384 0.2979094076655052 0.5384615384615384 0.3048780487804878 0.5291375291375291 0.3083623693379791 0.5291375291375291 0.3118466898954704 0.5314685314685315 0.313588850174216 0.5244755244755245 0.3083623693379791 0.5128205128205128
8 0.20034843205574912 0.5734265734265734 0.1916376306620209 0.5710955710955711 0.1759581881533101 0.5641025641025641 0.17421602787456447 0.5524475524475524 0.1759581881533101 0.5384615384615384 0.17770034843205576 0.5268065268065268 0.1759581881533101 0.5221445221445221 0.17247386759581881 0.5244755244755245 0.17247386759581881 0.5314685314685315 0.17073170731707318 0.5454545454545454 0.17073170731707318 0.5501165501165501 0.17073170731707318 0.5594405594405595 0.17073170731707318 0.5664335664335665 0.17770034843205576 0.5757575757575758 0.1916376306620209 0.5757575757575758 0.19686411149825783 0.5804195804195804
8 0.17770034843205576 0.4965034965034965 0.17421602787456447 0.48717948717948717 0.17073170731707318 0.47785547785547783 0.16898954703832753 0.47086247086247085 0.16376306620209058 0.4662004662004662 0.16376306620209058 0.4731934731934732 0.16550522648083624 0.4825174825174825 0.17073170731707318 0.49184149184149184 0.17421602787456447 0.4988344988344988 0.17770034843205576 0.5034965034965035
8 0.38153310104529614 0.40792540792540793 0.37456445993031356 0.40792540792540793 0.37282229965156793 0.40093240093240096 0.36585365853658536 0.40093240093240096 0.36585365853658536 0.40559440559440557 0.3693379790940767 0.41025641025641024 0.3780487804878049 0.4125874125874126 0.3797909407665505 0.4125874125874126
8 0.343205574912892 0.45454545454545453 0.3397212543554007 0.4522144522144522 0.3362369337979094 0.4568764568764569 0.3344947735191638 0.46853146853146854 0.3344947735191638 0.4755244755244755 0.3344947735191638 0.4801864801864802 0.3397212543554007 0.4801864801864802 0.343205574912892 0.47086247086247085 0.34668989547038326 0.46386946386946387 0.34668989547038326 0.4568764568764569
8 0.34494773519163763 0.48484848484848486 0.34146341463414637 0.48717948717948717 0.3397212543554007 0.48717948717948717 0.3344947735191638 0.48951048951048953 0.3362369337979094 0.4965034965034965 0.3397212543554007 0.4988344988344988 0.343205574912892 0.49184149184149184 0.34843205574912894 0.48717948717948717
8 0.34843205574912894 0.5920745920745921 0.3397212543554007 0.5897435897435898 0.3362369337979094 0.5874125874125874 0.3344947735191638 0.585081585081585 0.3344947735191638 0.5804195804195804 0.3397212543554007 0.578088578088578 0.34494773519163763 0.5757575757575758 0.34843205574912894 0.5757575757575758 0.3519163763066202 0.578088578088578 0.35365853658536583 0.578088578088578
5 0.8519163763066202 0.6293706293706294 0.8902439024390244 0.6107226107226107 0.8885017421602788 0.6806526806526807 0.8519163763066202 0.7062937062937062
0 0.32229965156794427 0.6433566433566433 0.32926829268292684 0.5874125874125874 0.3310104529616725 0.5524475524475524 0.3310104529616725 0.5268065268065268 0.3240418118466899 0.5011655011655012 0.3170731707317073 0.5547785547785548 0.3170731707317073 0.6130536130536131