6 0.6684118673647469 0.6939252336448598 0.6823734729493892 0.6869158878504673 0.6841186736474695 0.705607476635514 0.680628272251309 0.7219626168224299 0.6684118673647469 0.7383177570093458 0.6614310645724258 0.7149532710280374 0.6614310645724258 0.7032710280373832
6 0.41361256544502617 0.5911214953271028 0.42757417102966844 0.6004672897196262 0.418848167539267 0.6144859813084113 0.4083769633507853 0.6214953271028038 0.40663176265270506 0.6098130841121495
6 0.3944153577661431 0.5911214953271028 0.40663176265270506 0.5911214953271028 0.4013961605584642 0.6074766355140186 0.39092495636998253 0.6074766355140186
6 0.43804537521815007 0.5841121495327103 0.4467713787085515 0.5841121495327103 0.44153577661431065 0.5934579439252337
6 0.42408376963350786 0.6448598130841121 0.42408376963350786 0.6542056074766355 0.41710296684118675 0.647196261682243
6 0.4118673647469459 0.6705607476635514 0.4083769633507853 0.6892523364485982 0.3961605584642234 0.677570093457944
6 0.45200698080279234 0.6915887850467289 0.4572425828970332 0.6892523364485982 0.4572425828970332 0.7032710280373832
6 0.5078534031413613 0.7850467289719626 0.5148342059336823 0.7873831775700935 0.5095986038394416 0.794392523364486
6 0.36649214659685864 0.6822429906542056 0.37347294938917974 0.6822429906542056 0.37521815008726006 0.6915887850467289 0.36649214659685864 0.6915887850467289
6 0.2705061082024433 0.6588785046728972 0.2757417102966841 0.6565420560747663 0.2844677137870855 0.6565420560747663 0.2914485165794066 0.6658878504672897 0.28272251308900526 0.677570093457944 0.27399650959860383 0.6799065420560748 0.26352530541012215 0.6752336448598131 0.26352530541012215 0.6682242990654206
6 0.2024432809773124 0.6448598130841121 0.2111692844677138 0.6448598130841121 0.21465968586387435 0.6542056074766355 0.2111692844677138 0.6635514018691588 0.20593368237347295 0.6635514018691588 0.19895287958115182 0.6588785046728972
6 0.24607329842931938 0.7079439252336449 0.2530541012216405 0.705607476635514 0.2530541012216405 0.7149532710280374 0.24607329842931938 0.719626168224299
6 0.3019197207678883 0.7219626168224299 0.3089005235602094 0.7172897196261683 0.3106457242582897 0.7289719626168224 0.3019197207678883 0.7336448598130841
6 0.27399650959860383 0.7313084112149533 0.28272251308900526 0.735981308411215 0.2757417102966841 0.7429906542056075
6 0.32460732984293195 0.705607476635514 0.3298429319371728 0.705607476635514 0.3263525305410122 0.7149532710280374
6 0.3089005235602094 0.7429906542056075 0.3158813263525305 0.7476635514018691 0.3089005235602094 0.7546728971962616
6 0.2949389179755672 0.75 0.30017452006980805 0.7523364485981309 0.29668411867364747 0.7593457943925234
6 0.21291448516579406 0.677570093457944 0.2181500872600349 0.6845794392523364 0.2111692844677138 0.6845794392523364
6 0.4328097731239092 0.6682242990654206 0.43804537521815007 0.6705607476635514 0.4397905759162304 0.6799065420560748 0.4293193717277487 0.6799065420560748
6 0.3507853403141361 0.8387850467289719 0.35951134380453753 0.8387850467289719 0.3699825479930192 0.8457943925233645 0.387434554973822 0.8481308411214953 0.39092495636998253 0.8598130841121495 0.39965095986038396 0.8598130841121495 0.40663176265270506 0.8644859813084113 0.41535776614310643 0.8691588785046729 0.4293193717277487 0.8691588785046729 0.44502617801047123 0.8761682242990654 0.4572425828970332 0.8738317757009346 0.4677137870855148 0.8761682242990654 0.47294938917975565 0.8738317757009346 0.4851657940663176 0.8691588785046729 0.4956369982547993 0.8644859813084113 0.5078534031413613 0.8598130841121495 0.5148342059336823 0.8644859813084113 0.525305410122164 0.8621495327102804 0.5113438045375218 0.8761682242990654 0.4973821989528796 0.8785046728971962 0.4886561954624782 0.8785046728971962 0.45898778359511344 0.883177570093458 0.4223385689354276 0.8738317757009346 0.40663176265270506 0.8738317757009346 0.39267015706806285 0.8691588785046729 0.3699825479930192 0.8621495327102804 0.35776614310645727 0.8504672897196262 0.34205933682373474 0.8387850467289719 0.3403141361256545 0.8317757009345794 0.3298429319371728 0.8294392523364486
6 0.2844677137870855 0.7967289719626168 0.2914485165794066 0.8014018691588785 0.30017452006980805 0.8060747663551402 0.30715532286212915 0.8107476635514018 0.31413612565445026 0.8154205607476636 0.3158813263525305 0.8294392523364486 0.3036649214659686 0.8271028037383178 0.2931937172774869 0.8177570093457944 0.2844677137870855 0.8084112149532711
6 0.10645724258289703 0.544392523364486 0.11867364746945899 0.544392523364486 0.1343804537521815 0.5607476635514018 0.1431064572425829 0.5794392523364486 0.14485165794066318 0.6004672897196262 0.13961605584642234 0.6098130841121495 0.13089005235602094 0.6098130841121495 0.11867364746945899 0.5911214953271028 0.1099476439790576 0.5700934579439252 0.1082024432809773 0.5560747663551402
6 0.0924956369982548 0.5537383177570093 0.09947643979057591 0.5607476635514018 0.10645724258289703 0.5700934579439252 0.10296684118673648 0.5864485981308412 0.0924956369982548 0.5794392523364486 0.08726003490401396 0.5654205607476636
6 0.10645724258289703 0.4205607476635514 0.1082024432809773 0.43457943925233644 0.1099476439790576 0.45560747663551404 0.10645724258289703 0.4672897196261682 0.10645724258289703 0.47897196261682246 0.10645724258289703 0.4953271028037383 0.10645724258289703 0.5046728971962616 0.10645724258289703 0.5163551401869159 0.10296684118673648 0.530373831775701 0.09075043630017451 0.5257009345794392 0.08551483420593368 0.5070093457943925 0.08726003490401396 0.49065420560747663 0.09075043630017451 0.48130841121495327 0.09424083769633508 0.4649532710280374 0.09598603839441536 0.45093457943925236
6 0.13612565445026178 0.6308411214953271 0.1431064572425829 0.6308411214953271 0.14485165794066318 0.6425233644859814 0.1431064572425829 0.6518691588785047 0.1343804537521815 0.6425233644859814
6 0.18150087260034903 0.677570093457944 0.19197207678883071 0.6799065420560748 0.17975567190226877 0.6892523364485982 0.18673647469458987 0.6915887850467289
6 0.4031413612565445 0.822429906542056 0.41710296684118675 0.8294392523364486 0.42408376963350786 0.8481308411214953 0.42757417102966844 0.866822429906542 0.4031413612565445 0.8574766355140186 0.39267015706806285 0.8387850467289719
6 0.41535776614310643 0.719626168224299 0.42408376963350786 0.7242990654205608 0.41535776614310643 0.7313084112149533
6 0.7015706806282722 0.5420560747663551 0.7120418848167539 0.5420560747663551 0.7085514834205934 0.5537383177570093
6 0.643979057591623 0.7289719626168224 0.6544502617801047 0.7383177570093458 0.6474694589877836 0.7476635514018691
6 0.5514834205933682 0.8060747663551402 0.5602094240837696 0.8154205607476636 0.5410122164048866 0.8014018691588785 0.5445026178010471 0.8200934579439252
6 0.3944153577661431 0.7570093457943925 0.4083769633507853 0.7616822429906542 0.4083769633507853 0.7780373831775701 0.3961605584642234 0.7873831775700935 0.3856893542757417 0.7710280373831776
6 0.3699825479930192 0.8177570093457944 0.38045375218150085 0.8200934579439252 0.3856893542757417 0.8341121495327103 0.3787085514834206 0.8387850467289719 0.3699825479930192 0.8317757009345794
6 0.33158813263525305 0.8037383177570093 0.34904013961605584 0.8060747663551402 0.3525305410122164 0.8200934579439252 0.34205933682373474 0.8271028037383178 0.3298429319371728 0.8177570093457944
6 0.2670157068062827 0.7663551401869159 0.28097731239092494 0.7663551401869159 0.29668411867364747 0.7757009345794392 0.3054101221640489 0.7990654205607477 0.29842931937172773 0.7990654205607477 0.2862129144851658 0.7920560747663551 0.2757417102966841 0.7827102803738317 0.26352530541012215 0.780373831775701
8 0.7294938917975567 0.5887850467289719 0.7207678883071553 0.6074766355140186 0.7207678883071553 0.5957943925233645