6 0.3723776223776224 0.5243619489559165 0.3811188811188811 0.5150812064965197 0.39335664335664333 0.5104408352668214 0.4143356643356643 0.5127610208816705 0.4160839160839161 0.5266821345707656 0.4125874125874126 0.531322505800464 0.38986013986013984 0.5382830626450116 0.38636363636363635 0.5522041763341067 0.3776223776223776 0.5545243619489559 0.3688811188811189 0.5498839907192575 0.3688811188811189 0.5406032482598608 0.3688811188811189 0.5336426914153132
6 0.36363636363636365 0.6264501160092807 0.36713286713286714 0.6218097447795824 0.3706293706293706 0.6241299303944315 0.3758741258741259 0.62877030162413 0.3793706293706294 0.6380510440835266 0.3811188811188811 0.6473317865429234 0.3758741258741259 0.642691415313225 0.3741258741258741 0.6380510440835266 0.3688811188811189 0.6334106728538283 0.36538461538461536 0.6310904872389791
6 0.40034965034965037 0.6473317865429234 0.40559440559440557 0.6496519721577726 0.4125874125874126 0.654292343387471 0.4178321678321678 0.6612529002320185 0.42132867132867136 0.6682134570765661 0.4160839160839161 0.6728538283062645 0.40734265734265734 0.6682134570765661 0.40384615384615385 0.6589327146171694 0.4020979020979021 0.6519721577726219 0.40034965034965037 0.6519721577726219
6 0.39335664335664333 0.6821345707656613 0.3986013986013986 0.6844547563805105 0.40384615384615385 0.691415313225058 0.40034965034965037 0.6983758700696056 0.3951048951048951 0.6937354988399071 0.39335664335664333 0.6890951276102089
6 0.3583916083916084 0.7308584686774942 0.36538461538461536 0.728538283062645 0.3706293706293706 0.7331786542923434 0.3741258741258741 0.7378190255220418 0.3811188811188811 0.7424593967517401 0.3811188811188811 0.7494199535962877 0.3758741258741259 0.7517401392111369 0.3706293706293706 0.7470997679814385 0.36713286713286714 0.740139211136891 0.3583916083916084 0.7378190255220418
6 0.4755244755244755 0.5127610208816705 0.4755244755244755 0.5011600928074246 0.479020979020979 0.494199535962877 0.479020979020979 0.4802784222737819 0.4755244755244755 0.46635730858468677 0.4755244755244755 0.45243619489559167 0.4807692307692308 0.4431554524361949 0.48951048951048953 0.44779582366589327 0.48776223776223776 0.46403712296983757 0.48776223776223776 0.4756380510440835 0.49125874125874125 0.4779582366589327 0.4965034965034965 0.48491879350348027 0.4965034965034965 0.494199535962877 0.493006993006993 0.5034802784222738 0.48951048951048953 0.5081206496519721 0.4825174825174825 0.5127610208816705
6 0.5402097902097902 0.40835266821345706 0.541958041958042 0.3665893271461717 0.5524475524475524 0.3642691415313225 0.5506993006993007 0.4060324825986079
6 0.6188811188811189 0.46403712296983757 0.6258741258741258 0.46635730858468677 0.6258741258741258 0.5243619489559165 0.6136363636363636 0.5220417633410673
6 0.6066433566433567 0.5220417633410673 0.6188811188811189 0.5266821345707656 0.6188811188811189 0.568445475638051 0.5996503496503497 0.5870069605568445 0.6013986013986014 0.5220417633410673
6 0.6398601398601399 0.4385150812064965 0.6503496503496503 0.4431554524361949 0.6293706293706294 0.5266821345707656 0.6276223776223776 0.5081206496519721
6 0.666083916083916 0.4037122969837587 0.6730769230769231 0.4060324825986079 0.6713286713286714 0.45707656612529 0.6608391608391608 0.4547563805104408
6 0.7255244755244755 0.4431554524361949 0.7342657342657343 0.44547563805104406 0.7307692307692307 0.4617169373549884 0.7202797202797203 0.4593967517401392
6 0.6293706293706294 0.3805104408352668 0.6363636363636364 0.3805104408352668 0.6398601398601399 0.4385150812064965 0.6328671328671329 0.4361948955916473
6 0.7622377622377622 0.3642691415313225 0.7709790209790209 0.3619489559164733 0.7622377622377622 0.4431554524361949 0.7534965034965035 0.44547563805104406
3 0.36013986013986016 0.5034802784222738 0.3758741258741259 0.4988399071925754 0.39335664335664333 0.494199535962877 0.4143356643356643 0.494199535962877 0.4353146853146853 0.4802784222737819 0.4527972027972028 0.4709976798143852 0.4597902097902098 0.46635730858468677 0.4807692307692308 0.4779582366589327 0.4982517482517482 0.4895591647331787 0.5052447552447552 0.494199535962877 0.5017482517482518 0.5127610208816705 0.49475524475524474 0.531322505800464 0.48776223776223776 0.5568445475638051 0.4807692307692308 0.5823665893271461 0.4755244755244755 0.6102088167053364 0.46853146853146854 0.642691415313225 0.46153846153846156 0.6821345707656613 0.46153846153846156 0.7122969837587007 0.45454545454545453 0.7262180974477959 0.4370629370629371 0.7308584686774942 0.4178321678321678 0.7378190255220418 0.4020979020979021 0.7447795823665894 0.38636363636363635 0.7517401392111369 0.3723776223776224 0.7470997679814385 0.36538461538461536 0.7378190255220418 0.36538461538461536 0.7215777262180975 0.3723776223776224 0.7076566125290024 0.3776223776223776 0.703016241299304 0.38636363636363635 0.7006960556844548 0.3968531468531469 0.6983758700696056 0.3881118881118881 0.6821345707656613 0.38286713286713286 0.6682134570765661 0.3793706293706294 0.6566125290023201 0.3706293706293706 0.6403712296983759 0.36363636363636365 0.6264501160092807 0.3531468531468531 0.617169373549884
0 0.506993006993007 0.4965197215777262 0.493006993006993 0.4918793503480278 0.479020979020979 0.4802784222737819 0.4527972027972028 0.4709976798143852 0.46678321678321677 0.44547563805104406 0.4772727272727273 0.42923433874709976 0.4825174825174825 0.41531322505800466 0.4737762237762238 0.40835266821345706 0.4527972027972028 0.41531322505800466 0.4423076923076923 0.419953596287703 0.42132867132867136 0.4176334106728538 0.4090909090909091 0.41531322505800466 0.4160839160839161 0.39675174013921116 0.42657342657342656 0.382830626450116 0.4405594405594406 0.37122969837587005 0.46153846153846156 0.3619489559164733 0.493006993006993 0.345707656612529 0.5104895104895105 0.33874709976798145 0.5297202797202797 0.33178654292343385 0.5454545454545454 0.3248259860788863 0.5716783216783217 0.30162412993039445 0.5909090909090909 0.29930394431554525 0.6048951048951049 0.3109048723897912 0.6118881118881119 0.3225058004640371 0.6206293706293706 0.345707656612529 0.6241258741258742 0.37819025522041766 0.6258741258741258 0.4013921113689095 0.6276223776223776 0.42691415313225056 0.6258741258741258 0.45011600928074247 0.6293706293706294 0.4779582366589327 0.6293706293706294 0.4965197215777262 0.6293706293706294 0.5290023201856149 0.6328671328671329 0.5730858468677494 0.6241258741258742 0.580046403712297 0.6171328671328671 0.5754060324825986 0.6048951048951049 0.5823665893271461 0.5979020979020979 0.580046403712297 0.5996503496503497 0.5568445475638051 0.5996503496503497 0.5406032482598608 0.6013986013986014 0.5220417633410673 0.6013986013986014 0.505800464037123 0.6031468531468531 0.4872389791183295 0.5996503496503497 0.46867749419953597 0.5926573426573427 0.4593967517401392 0.5821678321678322 0.44779582366589327 0.5734265734265734 0.4408352668213457 0.5611888111888111 0.4408352668213457 0.548951048951049 0.44547563805104406 0.5367132867132867 0.4593967517401392 0.527972027972028 0.4709976798143852
3 0.6276223776223776 0.37354988399071926 0.6538461538461539 0.3689095127610209 0.6765734265734266 0.35962877030162416 0.6975524475524476 0.35498839907192575 0.7115384615384616 0.35266821345707655 0.7325174825174825 0.3480278422273782 0.7534965034965035 0.33642691415313225 0.7674825174825175 0.33410672853828305 0.791958041958042 0.33178654292343385 0.8111888111888111 0.3271461716937355 0.8251748251748252 0.33874709976798145 0.8321678321678322 0.35266821345707655 0.8304195804195804 0.3665893271461717 0.8251748251748252 0.382830626450116 0.8181818181818182 0.4013921113689095 0.8094405594405595 0.42691415313225056 0.8041958041958042 0.44779582366589327 0.8024475524475524 0.4617169373549884 0.8006993006993007 0.46867749419953597 0.7884615384615384 0.4756380510440835 0.777972027972028 0.48491879350348027 0.7622377622377622 0.4918793503480278 0.743006993006993 0.5034802784222738 0.7185314685314685 0.5150812064965197 0.701048951048951 0.5266821345707656 0.6783216783216783 0.5382830626450116 0.6451048951048951 0.5545243619489559 0.6363636363636364 0.5591647331786543 0.6276223776223776 0.5614849187935035
0 0.6048951048951049 0.5754060324825986 0.6206293706293706 0.5661252900232019 0.6311188811188811 0.5591647331786543 0.6503496503496503 0.5522041763341067 0.6608391608391608 0.5498839907192575 0.6783216783216783 0.5406032482598608 0.722027972027972 0.5150812064965197 0.7552447552447552 0.4965197215777262 0.7814685314685315 0.4802784222737819 0.8006993006993007 0.4709976798143852 0.8024475524475524 0.4918793503480278 0.7814685314685315 0.5127610208816705 0.7534965034965035 0.5290023201856149 0.6608391608391608 0.5846867749419954 0.6398601398601399 0.5962877030162413 0.6188811188811189 0.605568445475638 0.6031468531468531 0.6194895591647331 0.5979020979020979 0.6009280742459396
0 0.08916083916083917 0.3665893271461717 0.11363636363636363 0.37587006960556846 0.15384615384615385 0.38979118329466356 0.19055944055944055 0.39675174013921116 0.23426573426573427 0.4013921113689095 0.26048951048951047 0.40835266821345706 0.27972027972027974 0.40835266821345706 0.291958041958042 0.41531322505800466 0.41083916083916083 0.40835266821345706 0.4195804195804196 0.41531322505800466 0.4370629370629371 0.4176334106728538 0.4370629370629371 0.43155452436194897 0.3986013986013986 0.4361948955916473 0.3531468531468531 0.4361948955916473 0.31643356643356646 0.4361948955916473 0.2867132867132867 0.43387470997679817 0.26048951048951047 0.4245939675174014 0.21678321678321677 0.419953596287703 0.17307692307692307 0.41067285382830626 0.14160839160839161 0.4037122969837587 0.11013986013986014 0.3874709976798144 0.08916083916083917 0.37587006960556846
5 0.050699300699300696 0.5174013921113689 0.0979020979020979 0.5452436194895591 0.0979020979020979 0.6194895591647331 0.050699300699300696 0.580046403712297