3 0.335676625659051 0.4929906542056075 0.3427065026362039 0.48598130841121495 0.3532513181019332 0.48364485981308414 0.36731107205623903 0.49065420560747663 0.37961335676625657 0.5093457943925234 0.3954305799648506 0.5350467289719626 0.4024604569420035 0.5677570093457944 0.4077328646748682 0.5934579439252337 0.3936731107205624 0.5794392523364486 0.38312829525483305 0.5537383177570093 0.37434094903339193 0.5373831775700935 0.36379613356766255 0.5210280373831776 0.35500878734622143 0.5093457943925234 0.3427065026362039 0.5046728971962616 0.3374340949033392 0.5023364485981309
3 0.8769771528998243 0.6728971962616822 0.8857644991212654 0.6799065420560748 0.8980667838312829 0.677570093457944 0.8945518453427065 0.6892523364485982 0.8963093145869947 0.7032710280373832 0.8910369068541301 0.7102803738317757 0.8822495606326889 0.7079439252336449 0.8804920913884007 0.7172897196261683 0.8734622144112478 0.7242990654205608 0.8664323374340949 0.7219626168224299 0.8541300527240774 0.7242990654205608 0.8506151142355008 0.7336448598130841 0.843585237258348 0.7289719626168224 0.8453427065026362 0.7126168224299065 0.8488576449912126 0.7009345794392523 0.8471001757469244 0.6822429906542056 0.8558875219683656 0.6799065420560748 0.8629173989455184 0.6752336448598131 0.8717047451669596 0.6682242990654206
8 0.8260105448154658 0.6752336448598131 0.8260105448154658 0.6822429906542056 0.8312829525483304 0.6869158878504673 0.8295254833040422 0.6915887850467289 0.8260105448154658 0.6892523364485982 0.820738137082601 0.6845794392523364 0.820738137082601 0.677570093457944
8 0.8910369068541301 0.6915887850467289 0.8945518453427065 0.7009345794392523 0.8945518453427065 0.7102803738317757 0.8892794376098418 0.7079439252336449 0.8892794376098418 0.7032710280373832 0.8875219683655536 0.6962616822429907 0.8875219683655536 0.6892523364485982
8 0.8523725834797891 0.6939252336448598 0.8506151142355008 0.7079439252336449 0.8488576449912126 0.7172897196261683 0.843585237258348 0.7242990654205608 0.8453427065026362 0.7149532710280374 0.8471001757469244 0.705607476635514 0.8488576449912126 0.6962616822429907 0.8488576449912126 0.6892523364485982
8 0.8892794376098418 0.6822429906542056 0.8840070298769771 0.6822429906542056 0.8840070298769771 0.6915887850467289 0.8910369068541301 0.6892523364485982 0.8963093145869947 0.6822429906542056 0.8945518453427065 0.677570093457944
8 0.8453427065026362 0.6495327102803738 0.8383128295254832 0.6542056074766355 0.8330404217926186 0.6635514018691588 0.8383128295254832 0.6728971962616822 0.8453427065026362 0.6822429906542056 0.8488576449912126 0.6915887850467289 0.8488576449912126 0.7032710280373832 0.8453427065026362 0.7102803738317757 0.843585237258348 0.7219626168224299 0.843585237258348 0.7313084112149533 0.843585237258348 0.7453271028037384 0.8488576449912126 0.7383177570093458 0.8488576449912126 0.7289719626168224 0.8488576449912126 0.7172897196261683 0.8488576449912126 0.7102803738317757 0.8506151142355008 0.7079439252336449 0.8506151142355008 0.7032710280373832 0.8523725834797891 0.6962616822429907 0.8506151142355008 0.6892523364485982 0.8488576449912126 0.6845794392523364 0.8383128295254832 0.6682242990654206 0.836555360281195 0.6635514018691588
0 0.3866432337434095 0.5911214953271028 0.4270650263620387 0.6308411214953271 0.45518453427065025 0.6495327102803738 0.46572934973637964 0.6425233644859814 0.4956063268892794 0.677570093457944 0.523725834797891 0.7009345794392523 0.5430579964850615 0.7172897196261683 0.5711775043936731 0.7219626168224299 0.5922671353251318 0.7266355140186916 0.6133567662565905 0.719626168224299 0.6344463971880492 0.705607476635514 0.648506151142355 0.7009345794392523 0.6906854130052724 0.705607476635514 0.7275922671353251 0.7032710280373832 0.7293497363796133 0.6939252336448598 0.7047451669595782 0.6658878504672897 0.6731107205623902 0.6308411214953271 0.671353251318102 0.616822429906542 0.6924428822495606 0.6355140186915887 0.7240773286467487 0.6612149532710281 0.7627416520210897 0.6542056074766355 0.8084358523725835 0.6425233644859814 0.8488576449912126 0.633177570093458 0.8629173989455184 0.6285046728971962 0.875219683655536 0.6121495327102804 0.8927943760984183 0.5864485981308412 0.9050966608084359 0.5630841121495327 0.9050966608084359 0.5397196261682243 0.9121265377855887 0.5233644859813084 0.9086115992970123 0.5 0.9209138840070299 0.4766355140186916 0.9209138840070299 0.45794392523364486 0.9332161687170475 0.4976635514018692 0.9420035149384886 0.5233644859813084 0.9507908611599297 0.5584112149532711 0.9525483304042179 0.6238317757009346 0.9472759226713533 0.6495327102803738 0.9367311072056239 0.6728971962616822 0.9314586994727593 0.6962616822429907 0.9121265377855887 0.7406542056074766 0.8611599297012302 0.8060747663551402 0.7539543057996485 0.8714953271028038 0.6502636203866432 0.8995327102803738 0.5922671353251318 0.9018691588785047 0.5553602811950791 0.9322429906542056 0.4938488576449912 0.8995327102803738 0.45694200351493847 0.8598130841121495 0.44639718804920914 0.8177570093457944 0.4446397188049209 0.7873831775700935 0.4200351493848858 0.7079439252336449 0.3866432337434095 0.6285046728971962
2 0.4305799648506151 0.5560747663551402 0.4446397188049209 0.5537383177570093 0.47627416520210897 0.5654205607476636 0.5096660808435852 0.5794392523364486 0.5430579964850615 0.5911214953271028 0.5694200351493849 0.5981308411214953 0.6151142355008787 0.6121495327102804 0.6695957820738138 0.6238317757009346 0.7293497363796133 0.6939252336448598 0.7275922671353251 0.705607476635514 0.648506151142355 0.7009345794392523 0.5975395430579965 0.7289719626168224 0.5448154657293497 0.7172897196261683 0.4973637961335677 0.6799065420560748 0.4727592267135325 0.6495327102803738 0.44112478031634444 0.6004672897196262
0 0.40421792618629176 0.352803738317757 0.4305799648506151 0.36682242990654207 0.44991212653778556 0.3691588785046729 0.48857644991212656 0.397196261682243 0.539543057996485 0.4392523364485981 0.562390158172232 0.46261682242990654 0.5940246045694201 0.4883177570093458 0.6309314586994728 0.530373831775701 0.6115992970123023 0.5327102803738317 0.6590509666080844 0.5911214953271028 0.6449912126537786 0.5981308411214953 0.6010544815465729 0.5630841121495327 0.5518453427065027 0.5093457943925234 0.5166959578207382 0.48364485981308414 0.48154657293497366 0.45794392523364486 0.43409490333919154 0.4205607476635514 0.38488576449912126 0.37850467289719625 0.3866432337434095 0.3598130841121495
0 0.648506151142355 0.5911214953271028 0.70298769771529 0.5817757009345794 0.7416520210896309 0.5677570093457944 0.8471001757469244 0.5257009345794392 0.8576449912126538 0.5397196261682243 0.8523725834797891 0.5677570093457944 0.7328646748681898 0.6051401869158879 0.6977152899824253 0.6121495327102804 0.6695957820738138 0.6191588785046729 0.6572934973637962 0.6074766355140186