0 0.3239929947460595 0.5199063231850117 0.3467600700525394 0.477751756440281 0.3712784588441331 0.45433255269320844 0.521891418563923 0.5058548009367682 0.6409807355516638 0.5058548009367682 0.7845884413309983 0.47540983606557374 0.8633975481611208 0.4332552693208431 0.8739054290718039 0.4098360655737705 0.8984238178633975 0.3957845433255269 0.9176882661996497 0.41920374707259955 0.9176882661996497 0.49882903981264637 0.9281961471103327 0.5339578454332553 0.9176882661996497 0.5737704918032787 0.9141856392294221 0.594847775175644 0.9141856392294221 0.6229508196721312 0.861646234676007 0.6861826697892272 0.8248686514886164 0.7213114754098361 0.6900175131348512 0.7892271662763466 0.5761821366024519 0.810304449648712 0.5148861646234676 0.8243559718969555 0.47285464098073554 0.8220140515222483 0.4553415061295972 0.8149882903981265 0.43257443082311736 0.7353629976580797 0.4203152364273205 0.7096018735362998 0.4063047285464098 0.6978922716627635 0.3660245183887916 0.5971896955503513 0.3467600700525394 0.5690866510538641
6 0.5796847635726795 0.6416861826697893 0.5919439579684763 0.639344262295082 0.5954465849387041 0.6510538641686182 0.5884413309982487 0.6557377049180327
8 0.8809106830122592 0.4566744730679157 0.8879159369527145 0.4566744730679157 0.8914185639229422 0.4847775175644028 0.882661996497373 0.4847775175644028
1 0.43782837127845886 0.6252927400468384 0.46935201401050786 0.6088992974238876 0.51138353765324 0.5971896955503513 0.5271453590192644 0.5925058548009368 0.5183887915936952 0.6276346604215457 0.5201401050788091 0.6416861826697893 0.5253940455341506 0.6885245901639344 0.5096322241681261 0.7447306791569087 0.4991243432574431 0.7587822014051522 0.48336252189141854 0.7283372365339579 0.4851138353765324 0.6768149882903981 0.4658493870402802 0.667447306791569 0.44658493870402804 0.6838407494145199 0.4448336252189142 0.7166276346604216 0.4711033274956217 0.7634660421545667 0.46409807355516636 0.7915690866510539 0.4448336252189142 0.7587822014051522 0.4290718038528897 0.6955503512880562
6 0.6882661996497373 0.531615925058548 0.7285464098073555 0.5245901639344263 0.7863397548161121 0.5081967213114754 0.7758318739054291 0.5292740046838408 0.7565674255691769 0.5526932084309133 0.7145359019264448 0.550351288056206 0.6935201401050788 0.5339578454332553
6 0.6444833625218914 0.550351288056206 0.6619964973730298 0.5831381733021077 0.7338003502626971 0.5901639344262295 0.7443082311733801 0.5737704918032787 0.6760070052539404 0.5690866510538641
3 0.51138353765324 0.8173302107728337 0.4798598949211909 0.8243559718969555 0.425569176882662 0.7072599531615925 0.45359019264448336 0.5971896955503513 0.5849387040280211 0.531615925058548 0.7162872154115587 0.5292740046838408 0.702276707530648 0.6346604215456675 0.553415061295972 0.7096018735362998
3 0.6234676007005254 0.4964871194379391 0.6112084063047285 0.45901639344262296 0.6234676007005254 0.43559718969555034 0.6567425569176882 0.4168618266978923 0.7985989492119089 0.38173302107728335 0.8073555166374781 0.42857142857142855 0.7968476357267951 0.46604215456674475 0.6462346760070052 0.5035128805620609
6 0.6199649737302977 0.4566744730679157 0.6234676007005254 0.44028103044496486 0.6287215411558669 0.44028103044496486 0.6252189141856392 0.45433255269320844 0.626970227670753 0.477751756440281
5 0.6690017513134852 0.585480093676815 0.6847635726795096 0.5433255269320844 0.7670753064798599 0.5269320843091335 0.8126094570928196 0.5058548009367682 0.8423817863397548 0.5105386416861827 0.8318739054290718 0.5433255269320844 0.8056042031523643 0.5597189695550351 0.7740805604203153 0.5644028103044496 0.7180385288966725 0.5761124121779859
0 0.4798598949211909 0.22716627634660422 0.4746059544658494 0.23653395784543327 0.5779334500875657 0.3161592505854801 0.5796847635726795 0.33489461358313816 0.5919439579684763 0.33021077283372363 0.5936952714535902 0.3114754098360656 0.5796847635726795 0.297423887587822 0.5569176882661997 0.2786885245901639 0.5359019264448336 0.26229508196721313 0.5131348511383538 0.2459016393442623