3 0.6600846262341326 0.524074074074074 0.6685472496473907 0.48518518518518516 0.689703808180536 0.4888888888888889 0.7475317348377997 0.5259259259259259 0.7503526093088858 0.5333333333333333 0.7023977433004231 0.5314814814814814 0.6755994358251057 0.524074074074074
3 0.6488011283497884 0.4648148148148148 0.7009873060648801 0.4759259259259259 0.7320169252468265 0.4666666666666667 0.7545839210155149 0.45 0.764456981664316 0.4351851851851852 0.7475317348377997 0.4203703703703704 0.7165021156558533 0.412962962962963 0.6784203102961918 0.43333333333333335 0.6459802538787024 0.45185185185185184
3 0.771509167842031 0.45925925925925926 0.764456981664316 0.49444444444444446 0.7926657263751763 0.512962962962963 0.8124118476727785 0.5111111111111111 0.8194640338504936 0.5055555555555555 0.8180535966149506 0.49074074074074076 0.7926657263751763 0.4666666666666667
3 0.7193229901269393 0.6203703703703703 0.7447108603667136 0.6333333333333333 0.7475317348377997 0.6407407407407407 0.7320169252468265 0.6425925925925926 0.7207334273624824 0.6407407407407407 0.7165021156558533 0.6277777777777778
3 0.7009873060648801 0.6129629629629629 0.7150916784203103 0.6314814814814815 0.7193229901269393 0.6407407407407407 0.7108603667136812 0.6425925925925926 0.7023977433004231 0.6370370370370371 0.6953455571227081 0.6259259259259259 0.691114245416079 0.6148148148148148
3 0.6671368124118476 0.6166666666666667 0.685472496473907 0.6240740740740741 0.7009873060648801 0.6407407407407407 0.689703808180536 0.6425925925925926 0.6727785613540197 0.6407407407407407 0.6657263751763046 0.6203703703703703
3 0.6304654442877292 0.6148148148148148 0.6502115655853314 0.6333333333333333 0.6643159379407616 0.6388888888888888 0.6685472496473907 0.6333333333333333 0.6600846262341326 0.6222222222222222 0.6417489421720733 0.6148148148148148
3 0.8222849083215797 0.48148148148148145 0.8279266572637518 0.49444444444444446 0.8377997179125529 0.48333333333333334 0.840620592383639 0.4703703703703704 0.8321579689703809 0.4648148148148148 0.8236953455571228 0.4722222222222222
3 0.7771509167842031 0.39814814814814814 0.8025387870239774 0.42777777777777776 0.8307475317348378 0.45740740740740743 0.843441466854725 0.4648148148148148 0.846262341325811 0.4537037037037037 0.8307475317348378 0.43148148148148147 0.7997179125528914 0.40185185185185185 0.7842031029619182 0.3925925925925926
3 0.6064880112834978 0.5592592592592592 0.6290550070521862 0.6111111111111112 0.6022566995768688 0.6074074074074074 0.5811001410437235 0.6018518518518519 0.5796897038081805 0.5814814814814815 0.5966149506346967 0.5592592592592592
3 0.764456981664316 0.5092592592592593 0.763046544428773 0.5370370370370371 0.7813822284908322 0.5351851851851852 0.7926657263751763 0.5277777777777778 0.7856135401974612 0.5111111111111111 0.768688293370945 0.5018518518518519
3 0.7235543018335684 0.737037037037037 0.7799717912552891 0.7481481481481481 0.8025387870239774 0.7407407407407407 0.8321579689703809 0.687037037037037 0.8293370944992948 0.674074074074074 0.7884344146685472 0.7148148148148148 0.7235543018335684 0.725925925925926
0 0.7136812411847673 0.5481481481481482 0.7404795486600846 0.5481481481481482 0.7602256699576869 0.55 0.7729196050775741 0.5722222222222222 0.7926657263751763 0.6111111111111112 0.7898448519040903 0.6129629629629629 0.7616361071932299 0.6055555555555555 0.7447108603667136 0.5925925925925926
3 0.45557122708039494 0.47962962962962963 0.46262341325811 0.49444444444444446 0.44851904090267986 0.5259259259259259 0.45557122708039494 0.5351851851851852 0.4781382228490832 0.5351851851851852 0.5035260930888575 0.5425925925925926 0.5148095909732017 0.5462962962962963 0.5331452750352609 0.5314814814814814 0.538787023977433 0.5166666666666667 0.5049365303244006 0.4962962962962963
3 0.5528913963328632 0.5259259259259259 0.5712270803949224 0.524074074074074 0.5867418899858956 0.5370370370370371 0.5782792665726375 0.5611111111111111 0.5627644569816643 0.5685185185185185 0.5430183356840621 0.5685185185185185 0.5190409026798307 0.5518518518518518 0.5401974612129761 0.5296296296296297
3 0.5543018335684062 0.5814814814814815 0.5768688293370945 0.5685185185185185 0.5811001410437235 0.5777777777777777 0.5782792665726375 0.5888888888888889 0.5641748942172073 0.5944444444444444
3 0.7503526093088858 0.412962962962963 0.7602256699576869 0.43148148148148147 0.7771509167842031 0.43148148148148147 0.7799717912552891 0.42407407407407405 0.771509167842031 0.4148148148148148 0.7559943582510579 0.4111111111111111
0 0.4527503526093089 0.4444444444444444 0.44287729196050774 0.4185185185185185 0.44569816643159377 0.40555555555555556 0.461212976022567 0.40555555555555556 0.4823695345557123 0.40185185185185185 0.5021156558533145 0.39814814814814814 0.5275035260930888 0.3907407407407407 0.5585331452750353 0.3814814814814815 0.614950634696756 0.362962962962963 0.6346967559943583 0.35 0.6488011283497884 0.34444444444444444 0.6657263751763046 0.34814814814814815 0.691114245416079 0.3611111111111111 0.7291960507757405 0.37222222222222223 0.7489421720733427 0.38333333333333336 0.771509167842031 0.3907407407407407 0.7827926657263752 0.3925925925925926 0.7997179125528914 0.40185185185185185 0.8194640338504936 0.4203703703703704 0.8335684062059239 0.4351851851851852 0.844851904090268 0.45185185185185184 0.842031029619182 0.4703703703703704 0.8335684062059239 0.49444444444444446 0.8095909732016925 0.5203703703703704 0.7771509167842031 0.5333333333333333 0.767277856135402 0.5444444444444444 0.765867418899859 0.5555555555555556 0.7602256699576869 0.55 0.7475317348377997 0.5481481481481482 0.7150916784203103 0.5481481481481482 0.692524682651622 0.5481481481481482 0.616361071932299 0.5462962962962963 0.48801128349788436 0.4777777777777778 0.46544428772919605 0.4666666666666667