0 0.4729559748427673 0.24874791318864775 0.48050314465408805 0.31886477462437396 0.48427672955974843 0.3823038397328882 0.4880503144654088 0.4307178631051753 0.4918238993710692 0.4574290484140234 0.5044025157232704 0.48414023372287146 0.5157232704402516 0.4724540901502504 0.5333333333333333 0.4507512520868113 0.5522012578616352 0.4290484140233723 0.5710691823899371 0.4006677796327212 0.5786163522012578 0.3772954924874791 0.579874213836478 0.3589315525876461 0.5761006289308176 0.32053422370617696 0.5710691823899371 0.2637729549248748 0.5622641509433962 0.21702838063439064 0.5572327044025157 0.18196994991652754 0.5484276729559748 0.15191986644407346 0.5408805031446541 0.12520868113522537 0.5182389937106918 0.11686143572621036 0.4968553459119497 0.10684474123539232 0.47924528301886793 0.10684474123539232 0.46540880503144655 0.10350584307178631 0.4528301886792453 0.11185308848080133 0.45534591194968554 0.12520868113522537 0.4578616352201258 0.15025041736227046 0.4628930817610063 0.19198664440734559 0.4729559748427673 0.24874791318864775
3 0.3069182389937107 0.2020033388981636 0.32452830188679244 0.1669449081803005 0.3433962264150943 0.1285475792988314 0.3559748427672956 0.08681135225375626 0.3660377358490566 0.05509181969949917 0.3534591194968553 0.05342237061769616 0.3320754716981132 0.05676126878130217 0.30943396226415093 0.07011686143572621 0.3018867924528302 0.10517529215358931 0.29559748427672955 0.1686143572621035 0.29559748427672955 0.2003338898163606 0.3069182389937107 0.2020033388981636
8 0.3421383647798742 0.12520868113522537 0.3471698113207547 0.1302170283806344 0.3559748427672956 0.1302170283806344 0.3635220125786163 0.1318864774624374 0.36477987421383645 0.1285475792988314 0.35974842767295595 0.12520868113522537 0.3522012578616352 0.12520868113522537 0.34591194968553457 0.12353923205342238 0.3421383647798742 0.12520868113522537
3 0.33584905660377357 0.3656093489148581 0.3522012578616352 0.4240400667779633 0.3710691823899371 0.44574290484140233 0.3937106918238994 0.41903171953255425 0.4025157232704403 0.32554257095158595 0.4088050314465409 0.25208681135225375 0.410062893081761 0.1986644407345576 0.38616352201257864 0.18363939899833054 0.3559748427672956 0.22370617696160267 0.34465408805031444 0.28046744574290483 0.33584905660377357 0.3656093489148581
8 0.40628930817610065 0.1302170283806344 0.4088050314465409 0.1285475792988314 0.410062893081761 0.12520868113522537 0.40125786163522015 0.12520868113522537 0.3949685534591195 0.1285475792988314 0.4 0.1302170283806344 0.40628930817610065 0.1302170283806344
3 0.4226415094339623 0.14524207011686144 0.43647798742138366 0.11352253756260434 0.44025157232704404 0.10851419031719532 0.4427672955974843 0.10517529215358931 0.4188679245283019 0.07679465776293823 0.4088050314465409 0.05676126878130217 0.4050314465408805 0.06176961602671119 0.3849056603773585 0.09348914858096828 0.38238993710691827 0.12020033388981637 0.3937106918238994 0.14524207011686144 0.4226415094339623 0.14524207011686144
8 0.36477987421383645 0.05843071786310518 0.3635220125786163 0.05342237061769616 0.3635220125786163 0.04674457429048414 0.3610062893081761 0.05175292153589316 0.3622641509433962 0.06010016694490818 0.36477987421383645 0.05843071786310518
3 0.34465408805031444 0.008347245409015025 0.34088050314465407 0.00667779632721202 0.33584905660377357 0.00667779632721202 0.32955974842767294 0.01001669449081803 0.33081761006289306 0.01669449081803005 0.3383647798742138 0.01669449081803005 0.34968553459119495 0.01335559265442404 0.34465408805031444 0.008347245409015025
2 0.3935309974842767 0 0.39119496855345914 0.001669449081803005 0.3610062893081761 0.008347245409015025 0.3622641509433962 0.015025041736227046 0.38238993710691827 0.0333889816360601 0.41132075471698115 0.06343906510851419 0.4289308176100629 0.06343906510851419 0.5094339622641509 0.07846410684474124 0.5006289308176101 0.05342237061769616 0.46891557106918236 0 0.3935309974842767 0
5 0.5685534591194968 0.08347245409015025 0.620125786163522 0.41235392320534225 0.6792452830188679 0.41736227045075125 0.6213836477987421 0.09515859766277128 0.5685534591194968 0.08347245409015025
0 0.3447798742138365 0 0.3333333333333333 0.011686143572621035 0.36855345911949683 0.03005008347245409 0.40628930817610065 0.07011686143572621 0.43522012578616354 0.11519198664440734 0.4427672955974843 0.17362270450751252 0.4641509433962264 0.4307178631051753 0.4679245283018868 0.4791318864774624 0.41509433962264153 0.7612687813021702 0.3672955974842767 0.8347245409015025 0.2918238993710692 0.9515859766277128 0.2981132075471698 0.9682804674457429 0.3484276729559748 0.9131886477462438 0.43018867924528303 0.8146911519198664 0.4528301886792453 0.7662771285475793 0.49559748427672956 0.5659432387312187 0.5106918238993711 0.4791318864774624 0.49937106918238994 0.43906510851419034 0.4729559748427673 0.1636060100166945 0.46037735849056605 0.09682804674457429 0.43647798742138366 0.0667779632721202 0.4037735849056604 0.03005008347245409 0.379874213836478 0.005008347245409015 0.36477987421383645 0 0.3447798742138365 0