3 0.6260217983651226 0.5673952641165756 0.6410081743869209 0.6001821493624773 0.6532697547683923 0.6129326047358834 0.6900544959128065 0.6238615664845173 0.7077656675749319 0.5983606557377049 0.7295640326975477 0.5218579234972678 0.7241144414168937 0.4726775956284153 0.6900544959128065 0.43806921675774135 0.6410081743869209 0.4435336976320583 0.6328337874659401 0.4763205828779599 0.6246594005449592 0.5109289617486339 0.6260217983651226 0.5673952641165756
3 0.6328337874659401 0.7404371584699454 0.6369209809264306 0.7877959927140255 0.6423705722070845 0.8132969034608379 0.6559945504087193 0.8442622950819673 0.6818801089918256 0.8406193078324226 0.702316076294278 0.8132969034608379 0.7200272479564033 0.7695810564663024 0.7200272479564033 0.7021857923497268 0.7173024523160763 0.6366120218579235 0.6655313351498637 0.6384335154826958 0.6410081743869209 0.6657559198542805 0.6301089918256131 0.7040072859744991 0.6328337874659401 0.7404371584699454
3 0.760899182561308 0.7950819672131147 0.7431880108991825 0.7805100182149363 0.7173024523160763 0.7914389799635702 0.7295640326975477 0.8770491803278688 0.7568119891008175 0.8697632058287796 0.7649863760217984 0.8187613843351548 0.760899182561308 0.7950819672131147
8 0.6314713896457765 0.8916211293260473 0.6137602179836512 0.9462659380692168 0.6042234332425068 0.9790528233151184 0.6192098092643051 0.982695810564663 0.6410081743869209 0.9462659380692168 0.6573569482288828 0.8879781420765027 0.6641689373297003 0.8479052823315119 0.6491825613079019 0.836976320582878 0.6559945504087193 0.7950819672131147 0.6559945504087193 0.7568306010928961 0.638283378746594 0.7513661202185792 0.638283378746594 0.7877959927140255 0.6369209809264306 0.836976320582878 0.6314713896457765 0.8916211293260473
8 0.6437329700272479 0.674863387978142 0.6546321525885559 0.6930783242258652 0.6600817438692098 0.6621129326047359 0.6668937329700273 0.6165755919854281 0.6478201634877384 0.6092896174863388 0.6450953678474114 0.6220400728597449 0.6437329700272479 0.6475409836065574 0.6437329700272479 0.674863387978142
8 0.6641689373297003 0.27595628415300544 0.6491825613079019 0.25591985428051 0.6410081743869209 0.2395264116575592 0.6458544182561308 0.31727816757741345 0.6450953678474114 0.3761384335154827 0.6587193460490464 0.412568306010929 0.6750681198910081 0.40710382513661203 0.6655313351498637 0.33060109289617484 0.6641689373297003 0.27595628415300544
8 0.6559945504087193 0.5036429872495446 0.6791553133514986 0.49453551912568305 0.696866485013624 0.49271402550091076 0.7118528610354223 0.470856102003643 0.6832425068119891 0.4726775956284153 0.6600817438692098 0.4690346083788707 0.6273841961852861 0.5 0.6260217983651226 0.5200364298724954 0.638283378746594 0.5127504553734062 0.6559945504087193 0.5036429872495446
3 0.6614441416893733 0.4143897996357013 0.6777929155313351 0.4198542805100182 0.6955040871934605 0.4180327868852459 0.7132152588555858 0.38524590163934425 0.7118528610354223 0.348816029143898 0.6955040871934605 0.31785063752276865 0.6600817438692098 0.3324225865209472 0.6478201634877384 0.3761384335154827 0.6505449591280654 0.39617486338797814 0.6614441416893733 0.4143897996357013
8 0.6205722070844687 0.1721311475409836 0.6273841961852861 0.19763205828779598 0.6314713896457765 0.2103825136612022 0.6423705722070845 0.226775956284153 0.6587193460490464 0.22131147540983606 0.6587193460490464 0.19581056466302368 0.6491825613079019 0.15391621129326047 0.6423705722070845 0.11748633879781421 0.6328337874659401 0.07377049180327869 0.6151226158038147 0.05919854280510018 0.6110354223433242 0.08287795992714025 0.6137602179836512 0.11384335154826958 0.6205722070844687 0.1721311475409836
0 0.7663487738419619 0.6056466302367942 0.7568119891008175 0.6967213114754098 0.7581743869209809 0.7695810564663024 0.7786103542234333 0.7604735883424408 0.7881471389645777 0.6275045537340619 0.7908719346049047 0.465391621129326 0.7867847411444142 0.3251366120218579 0.7772479564032697 0.23041894353369763 0.7704359673024523 0.16848816029143898 0.7513623978201635 0.16484517304189436 0.7568119891008175 0.25045537340619306 0.7704359673024523 0.35792349726775957 0.7677111716621253 0.49271402550091076 0.7663487738419619 0.6056466302367942
6 0.4952316076294278 0.7131147540983607 0.5088555858310627 0.7167577413479053 0.5088555858310627 0.6985428051001822 0.5034059945504087 0.6894353369763205 0.48978201634877383 0.674863387978142 0.4829700272479564 0.6876138433515483 0.4884196185286104 0.7003642987249544 0.4952316076294278 0.7131147540983607
6 0.37942779291553136 0.7714025500910747 0.38896457765667575 0.7659380692167578 0.40667574931880107 0.7513661202185792 0.42166212534059944 0.7349726775956285 0.44482288828337874 0.7185792349726776 0.4652588555858311 0.7003642987249544 0.46389645776566757 0.674863387978142 0.43392370572207084 0.674863387978142 0.3944141689373297 0.6785063752276868 0.3726158038147139 0.6857923497267759 0.364441416893733 0.7094717668488161 0.3698910081743869 0.7331511839708561 0.37942779291553136 0.7714025500910747
3 0.3603542234332425 0.6475409836065574 0.3739782016348774 0.7950819672131147 0.42302452316076294 0.8515482695810564 0.45572207084468663 0.8661202185792349 0.473433242506812 0.8096539162112932 0.48978201634877383 0.6985428051001822 0.49659400544959126 0.6129326047358834 0.49659400544959126 0.4854280510018215 0.4925068119891008 0.3870673952641166 0.48978201634877383 0.30327868852459017 0.4843324250681199 0.24681238615664844 0.46662125340599453 0.21402550091074682 0.44482288828337874 0.1830601092896175 0.420299727520436 0.16120218579234974 0.39032697547683926 0.17577413479052822 0.3685286103542234 0.24134790528233152 0.3576294277929155 0.34153005464480873 0.35354223433242504 0.48360655737704916 0.3603542234332425 0.6475409836065574
4 0.46934604904632155 0.49271402550091076 0.4884196185286104 0.4854280510018215 0.49114441416893734 0.42714025500910746 0.48978201634877383 0.3360655737704918 0.4829700272479564 0.24499089253187614 0.45572207084468663 0.30510018214936246 0.45572207084468663 0.38342440801457195 0.4598092643051771 0.43806921675774135 0.46934604904632155 0.49271402550091076
5 0.6737057220708447 0.39435336976320584 0.6791553133514986 0.39617486338797814 0.6846049046321526 0.39435336976320584 0.6886920980926431 0.3925318761384335 0.6900544959128065 0.38160291438979965 0.6873297002724795 0.37249544626593806 0.6791553133514986 0.37067395264116576 0.6696185286103542 0.3761384335154827 0.6682561307901907 0.38160291438979965 0.6696185286103542 0.3870673952641166 0.6737057220708447 0.39435336976320584
5 0.6846049046321526 0.3670309653916211 0.6886920980926431 0.35792349726775957 0.6818801089918256 0.3451730418943534 0.6696185286103542 0.3542805100182149 0.6696185286103542 0.36156648451730417 0.6737057220708447 0.37067395264116576 0.6846049046321526 0.3670309653916211
5 0.6709809264305178 0.5783242258652095 0.6846049046321526 0.5892531876138434 0.69141689373297 0.5673952641165756 0.6900544959128065 0.5364298724954463 0.6723433242506812 0.5327868852459017 0.6641689373297003 0.5491803278688525 0.6655313351498637 0.5655737704918032 0.6709809264305178 0.5783242258652095
5 0.521117166212534 0.4672131147540984 0.521117166212534 0.5072859744990893 0.523841961852861 0.5327868852459017 0.5374659400544959 0.5309653916211293 0.5538147138964578 0.52367941712204 0.5756130790190735 0.5145719489981785 0.5919618528610354 0.4981785063752277 0.6001362397820164 0.4781420765027322 0.5987738419618529 0.45081967213114754 0.5919618528610354 0.43624772313296906 0.5728882833787466 0.4216757741347905 0.5510899182561307 0.4089253187613843 0.5306539509536785 0.4016393442622951 0.521117166212534 0.4089253187613843 0.521117166212534 0.4307832422586521 0.521117166212534 0.4672131147540984
2 0.5810626702997275 1 0.590599455040872 0.9681238615664846 0.6014986376021798 0.9298724954462659 0.6096730245231607 0.8989071038251366 0.6137602179836512 0.8642987249544627 0.6192098092643051 0.8387978142076503 0.6192098092643051 0.8187613843351548 0.6164850136239782 0.8060109289617486 0.5933242506811989 0.7932604735883424 0.5701634877384196 0.7859744990892532 0.5483651226158038 0.7841530054644809 0.5115803814713896 0.8005464480874317 0.4843324250681199 0.8151183970856102 0.470708446866485 0.8242258652094717 0.45844686648501365 0.900728597449909 0.4529972752043597 0.9717668488160291 0.4582765667574932 1 0.5810626702997275 1
0 0.369058431880109 0 0.358991825613079 0.006375227686703097 0.3167574931880109 0.04644808743169399 0.30313351498637603 0.08287795992714025 0.29223433242506813 0.12477231329690346 0.2935967302452316 0.19216757741347906 0.2963215258855586 0.25956284153005466 0.29768392370572205 0.3451730418943534 0.2963215258855586 0.4198542805100182 0.2963215258855586 0.5018214936247724 0.29768392370572205 0.5983606557377049 0.29768392370572205 0.6766848816029144 0.2949591280653951 0.7586520947176685 0.2935967302452316 0.8169398907103825 0.28678474114441416 0.8351548269581056 0.29904632152588556 0.8879781420765027 0.31130790190735697 0.9280510018214936 0.3467302452316076 0.9608378870673953 0.3957765667574932 0.9918032786885246 0.420299727520436 1 0.45969573160762944 1 0.45708446866485014 0.9790528233151184 0.45844686648501365 0.9499089253187614 0.46253405994550406 0.9043715846994536 0.4652588555858311 0.8624772313296903 0.47479564032697547 0.8187613843351548 0.4816076294277929 0.802367941712204 0.48705722070844687 0.7695810564663024 0.49114441416893734 0.7331511839708561 0.48978201634877383 0.7276867030965392 0.48978201634877383 0.7040072859744991 0.5020435967302452 0.6457194899817851 0.5047683923705722 0.5783242258652095 0.5034059945504087 0.505464480874317 0.5020435967302452 0.3542805100182149 0.4993188010899183 0.2941712204007286 0.4938692098092643 0.22313296903460839 0.4884196185286104 0.1703096539162113 0.47888283378746593 0.11202185792349727 0.4829700272479564 0.1029143897996357 0.47479564032697547 0.05555555555555555 0.46662125340599453 0.00819672131147541 0.4650885558583106 0 0.369058431880109 0
0 0.571033908719346 0 0.5810626702997275 0.0482695810564663 0.5892370572207084 0.09744990892531877 0.5933242506811989 0.13387978142076504 0.6069482288828338 0.13570127504553733 0.6192098092643051 0.1320582877959927 0.6028610354223434 0.04644808743169399 0.5881628583106268 0 0.571033908719346 0
0 0.5769754768392371 0.4107468123861566 0.5974114441416893 0.43989071038251365 0.5987738419618529 0.4690346083788707 0.587874659400545 0.5036429872495446 0.5728882833787466 0.5255009107468124 0.5633514986376021 0.7604735883424408 0.6341961852861036 0.8096539162112932 0.6410081743869209 0.14116575591985428 0.5633514986376021 0.1703096539162113 0.5769754768392371 0.4107468123861566