3 0.4673076923076923 0.7832980972515856 0.48012820512820514 0.7769556025369979 0.48012820512820514 0.7473572938689218 0.47115384615384615 0.7325581395348837 0.4583333333333333 0.741014799154334 0.4442307692307692 0.7346723044397463 0.433974358974359 0.741014799154334 0.425 0.7367864693446089 0.4173076923076923 0.7241014799154334 0.4083333333333333 0.726215644820296 0.3955128205128205 0.726215644820296 0.3814102564102564 0.7241014799154334 0.3814102564102564 0.8150105708245243 0.38782051282051283 0.8530655391120507 0.40192307692307694 0.857293868921776 0.4173076923076923 0.8530655391120507 0.4326923076923077 0.8403805496828752 0.4442307692307692 0.8319238900634249 0.4519230769230769 0.806553911205074 0.4583333333333333 0.7938689217758985 0.4673076923076923 0.7832980972515856
8 0.492948717948718 0.6437632135306554 0.492948717948718 0.6543340380549683 0.49423076923076925 0.6775898520084567 0.49551282051282053 0.6881606765327696 0.49551282051282053 0.6627906976744186 0.4967948717948718 0.6479915433403806 0.49551282051282053 0.6437632135306554 0.492948717948718 0.6437632135306554
8 0.48525641025641025 0.6797040169133193 0.48653846153846153 0.6691331923890064 0.483974358974359 0.6627906976744186 0.48525641025641025 0.6522198731501057 0.4878205128205128 0.6501057082452432 0.483974358974359 0.6437632135306554 0.4826923076923077 0.6543340380549683 0.4814102564102564 0.6754756871035941 0.4814102564102564 0.7135306553911205 0.4826923076923077 0.7219873150105708 0.4826923076923077 0.7008456659619451 0.483974358974359 0.6945031712473573 0.48653846153846153 0.6881606765327696 0.48525641025641025 0.6797040169133193
3 0.5775641025641025 0.595137420718816 0.5865384615384616 0.595137420718816 0.5980769230769231 0.5972515856236786 0.610897435897436 0.595137420718816 0.639102564102564 0.5972515856236786 0.6557692307692308 0.5824524312896406 0.6647435897435897 0.5634249471458774 0.6583333333333333 0.5317124735729387 0.6506410256410257 0.5211416490486258 0.6301282051282051 0.5211416490486258 0.6147435897435898 0.5169133192389006 0.5942307692307692 0.5084566596194503 0.5775641025641025 0.4978858350951374 0.5737179487179487 0.4788583509513742 0.5698717948717948 0.4682875264270613 0.5608974358974359 0.4450317124735729 0.5583333333333333 0.4281183932346723 0.5532051282051282 0.40063424947145876 0.5429487179487179 0.39217758985200846 0.5301282051282051 0.3879492600422833 0.5121794871794871 0.3773784355179704 0.5019230769230769 0.3858350951374207 0.4967948717948718 0.40063424947145876 0.492948717948718 0.43023255813953487 0.4891025641025641 0.4492600422832981 0.4775641025641026 0.47463002114164904 0.47115384615384615 0.4915433403805497 0.46089743589743587 0.5105708245243129 0.4519230769230769 0.5338266384778013 0.4544871794871795 0.5528541226215645 0.4634615384615385 0.5739957716701902 0.4737179487179487 0.5887949260042283 0.48653846153846153 0.5930232558139535 0.49935897435897436 0.6057082452431289 0.5096153846153846 0.6099365750528541 0.5237179487179487 0.6141649048625792 0.5378205128205128 0.6162790697674418 0.5544871794871795 0.6057082452431289 0.5621794871794872 0.6035940803382663 0.5711538461538461 0.5993657505285412 0.5775641025641025 0.595137420718816
8 0.4378205128205128 0.5634249471458774 0.433974358974359 0.5634249471458774 0.4326923076923077 0.6162790697674418 0.4326923076923077 0.635306553911205 0.433974358974359 0.6437632135306554 0.433974358974359 0.620507399577167 0.43525641025641026 0.595137420718816 0.43653846153846154 0.5782241014799154 0.4378205128205128 0.5634249471458774
6 0.4403846153846154 0.5465116279069767 0.433974358974359 0.5486257928118393 0.44294871794871793 0.5570824524312896 0.4467948717948718 0.5655391120507399 0.4685897435897436 0.6120507399577167 0.4596153846153846 0.5887949260042283 0.4519230769230769 0.5718816067653277 0.4442307692307692 0.5507399577167019 0.4403846153846154 0.5465116279069767
6 0.425 0.5739957716701902 0.41346153846153844 0.580338266384778 0.40192307692307694 0.5866807610993657 0.3942307692307692 0.5930232558139535 0.40705128205128205 0.5866807610993657 0.4173076923076923 0.580338266384778 0.42756410256410254 0.5739957716701902 0.4378205128205128 0.5655391120507399 0.4442307692307692 0.5591966173361522 0.44294871794871793 0.5570824524312896 0.43525641025641026 0.5634249471458774 0.425 0.5739957716701902
4 0.4467948717948718 0.7367864693446089 0.44294871794871793 0.7367864693446089 0.44294871794871793 0.7431289640591966 0.4378205128205128 0.7452431289640592 0.4326923076923077 0.7494714587737844 0.43141025641025643 0.7600422832980972 0.433974358974359 0.7642706131078224 0.4391025641025641 0.7684989429175476 0.44551282051282054 0.7642706131078224 0.45064102564102565 0.7600422832980972 0.4519230769230769 0.7515856236786469 0.4493589743589744 0.7431289640591966 0.4467948717948718 0.7367864693446089
6 0.5262820512820513 0.4788583509513742 0.5198717948717949 0.4788583509513742 0.5160256410256411 0.4788583509513742 0.5134615384615384 0.47674418604651164 0.5108974358974359 0.47674418604651164 0.507051282051282 0.4809725158562368 0.5044871794871795 0.48520084566596194 0.5044871794871795 0.4894291754756871 0.5057692307692307 0.49365750528541225 0.5083333333333333 0.49577167019027485 0.5147435897435897 0.5 0.5185897435897436 0.5042283298097252 0.5237179487179487 0.5063424947145877 0.5275641025641026 0.5063424947145877 0.5314102564102564 0.5063424947145877 0.5314102564102564 0.4915433403805497 0.5314102564102564 0.48731501057082455 0.5288461538461539 0.4809725158562368 0.5262820512820513 0.4788583509513742
6 0.5147435897435897 0.41331923890063427 0.5108974358974359 0.4154334038054968 0.5096153846153846 0.4175475687103594 0.507051282051282 0.41966173361522197 0.5044871794871795 0.42177589852008457 0.5006410256410256 0.4260042283298097 0.5019230769230769 0.43023255813953487 0.5057692307692307 0.4323467230443975 0.5083333333333333 0.43023255813953487 0.5096153846153846 0.4281183932346723 0.5173076923076924 0.42177589852008457 0.5211538461538462 0.42177589852008457 0.5198717948717949 0.41331923890063427 0.5173076923076924 0.41331923890063427 0.5147435897435897 0.41331923890063427
6 0.4878205128205128 0.4788583509513742 0.49166666666666664 0.47674418604651164 0.492948717948718 0.4725158562367865 0.49423076923076925 0.46617336152219874 0.4878205128205128 0.46617336152219874 0.48525641025641025 0.4682875264270613 0.48525641025641025 0.4788583509513742 0.4878205128205128 0.4788583509513742
6 0.5006410256410256 0.4429175475687104 0.49423076923076925 0.459830866807611 0.5057692307692307 0.4492600422832981 0.5044871794871795 0.4429175475687104 0.5006410256410256 0.4429175475687104
8 0.43525641025641026 0.8255813953488372 0.42628205128205127 0.8023255813953488 0.41346153846153844 0.7959830866807611 0.40192307692307694 0.8044397463002114 0.38653846153846155 0.8150105708245243 0.37115384615384617 0.8234672304439746 0.36217948717948717 0.8340380549682875 0.36730769230769234 0.8403805496828752 0.38269230769230766 0.8424947145877378 0.39807692307692305 0.8361522198731501 0.4185897435897436 0.8403805496828752 0.433974358974359 0.8403805496828752 0.4493589743589744 0.8340380549682875 0.44551282051282054 0.8234672304439746 0.43525641025641026 0.8255813953488372
0 0.48012820512820514 0.6395348837209303 0.492948717948718 0.645877378435518 0.49551282051282053 0.6374207188160677 0.48653846153846153 0.6268498942917548 0.4775641025641026 0.6078224101479915 0.4673076923076923 0.5761099365750528 0.45064102564102565 0.5295983086680761 0.433974358974359 0.5507399577167019 0.46474358974358976 0.6183932346723044 0.48012820512820514 0.6395348837209303
0 0.39294871794871794 0.6374207188160677 0.3942307692307692 0.5993657505285412 0.3942307692307692 0.580338266384778 0.38653846153846155 0.5930232558139535 0.3852564102564103 0.6183932346723044 0.37884615384615383 0.7071881606765328 0.3762820512820513 0.7536997885835095 0.37884615384615383 0.8023255813953488 0.38269230769230766 0.8255813953488372 0.38653846153846155 0.8446088794926004 0.39166666666666666 0.8446088794926004 0.3942307692307692 0.8128964059196617 0.3903846153846154 0.7769556025369979 0.3891025641025641 0.7304439746300211 0.3891025641025641 0.6839323467230444 0.39294871794871794 0.6374207188160677