5 0.16376306620209058 0.5664335664335665 0.14634146341463414 0.5477855477855478 0.13588850174216027 0.5407925407925408 0.12717770034843207 0.5314685314685315 0.11846689895470383 0.5244755244755245 0.1132404181184669 0.5384615384615384 0.11846689895470383 0.5617715617715617 0.12369337979094076 0.5827505827505828 0.13414634146341464 0.6037296037296037 0.1480836236933798 0.62004662004662 0.16898954703832753 0.634032634032634
6 0.5087108013937283 0.9114219114219114 0.5104529616724739 0.8997668997668997 0.5104529616724739 0.8881118881118881 0.5052264808362369 0.8787878787878788 0.4878048780487805 0.8717948717948718 0.4686411149825784 0.8787878787878788 0.4616724738675958 0.8857808857808858 0.4564459930313589 0.8997668997668997 0.4425087108013937 0.9020979020979021 0.4355400696864111 0.9044289044289044 0.4337979094076655 0.9137529137529138 0.5 0.916083916083916
8 0.5644599303135889 0.8694638694638694 0.5609756097560976 0.8414918414918415 0.5574912891986062 0.8251748251748252 0.5452961672473867 0.8111888111888111 0.5348432055749129 0.7972027972027972 0.5296167247386759 0.7855477855477856 0.5296167247386759 0.7715617715617715 0.5278745644599303 0.7552447552447552 0.5296167247386759 0.7319347319347319 0.5418118466898955 0.703962703962704 0.5609756097560976 0.6806526806526807 0.573170731707317 0.6596736596736597 0.5871080139372822 0.6317016317016317 0.5993031358885017 0.6107226107226107 0.6114982578397212 0.5990675990675991 0.6289198606271778 0.5967365967365967 0.6341463414634146 0.6013986013986014 0.60801393728223 0.6899766899766899 0.5871080139372822 0.7668997668997669
8 0.4965156794425087 0.8298368298368298 0.4930313588850174 0.8158508158508159 0.4808362369337979 0.8065268065268065 0.4547038327526132 0.7995337995337995 0.43902439024390244 0.7948717948717948 0.4076655052264808 0.7925407925407926 0.397212543554007 0.7902097902097902 0.37630662020905925 0.7832167832167832 0.3501742160278746 0.7738927738927739 0.33797909407665505 0.7668997668997669 0.34494773519163763 0.752913752913753 0.3641114982578397 0.7482517482517482 0.4024390243902439 0.745920745920746 0.4337979094076655 0.7412587412587412 0.445993031358885 0.7365967365967366 0.4529616724738676 0.7342657342657343 0.45121951219512196 0.7715617715617715 0.45121951219512196 0.7902097902097902 0.4721254355400697 0.7948717948717948 0.4808362369337979 0.7995337995337995 0.49477351916376305 0.8088578088578089 0.5 0.8205128205128205 0.5017421602787456 0.8321678321678322
8 0.1759581881533101 0.5361305361305362 0.1672473867595819 0.5221445221445221 0.1602787456445993 0.5198135198135199 0.14982578397212543 0.5151515151515151 0.13588850174216027 0.5128205128205128 0.11498257839721254 0.5034965034965035 0.10801393728222997 0.5011655011655012 0.10975609756097561 0.5104895104895105 0.11672473867595819 0.5221445221445221 0.1254355400696864 0.5291375291375291 0.13240418118466898 0.5361305361305362 0.1445993031358885 0.5501165501165501 0.156794425087108 0.5617715617715617 0.16376306620209058 0.5687645687645687 0.17073170731707318 0.5804195804195804 0.1794425087108014 0.578088578088578
8 0.3641114982578397 0.7296037296037297 0.35365853658536583 0.7319347319347319 0.34494773519163763 0.7249417249417249 0.343205574912892 0.7202797202797203 0.3327526132404181 0.7202797202797203 0.3327526132404181 0.7272727272727273 0.34146341463414637 0.7389277389277389 0.3344947735191638 0.7575757575757576 0.3501742160278746 0.745920745920746 0.3641114982578397 0.7435897435897436 0.37456445993031356 0.7296037296037297 0.3693379790940767 0.7272727272727273 0.367595818815331 0.7272727272727273
8 0.5017421602787456 0.5151515151515151 0.4965156794425087 0.5104895104895105 0.4912891986062718 0.5104895104895105 0.4843205574912892 0.5151515151515151 0.4808362369337979 0.5198135198135199 0.47735191637630664 0.5244755244755245 0.47560975609756095 0.5268065268065268 0.47560975609756095 0.5314685314685315 0.47560975609756095 0.5361305361305362 0.48257839721254353 0.5361305361305362 0.48606271777003485 0.5314685314685315 0.4930313588850174 0.5384615384615384 0.4965156794425087 0.5384615384615384 0.49825783972125437 0.5337995337995338 0.5 0.5291375291375291 0.5017421602787456 0.5244755244755245 0.5034843205574913 0.5198135198135199
8 0.3362369337979094 0.44988344988344986 0.3310104529616725 0.45454545454545453 0.32752613240418116 0.46153846153846156 0.32752613240418116 0.46853146853146854 0.3310104529616725 0.4755244755244755 0.3397212543554007 0.47785547785547783 0.34494773519163763 0.4755244755244755 0.3519163763066202 0.47785547785547783 0.35365853658536583 0.47785547785547783 0.3588850174216028 0.4755244755244755 0.3606271777003484 0.4731934731934732 0.35714285714285715 0.46386946386946387 0.3519163763066202 0.4662004662004662 0.343205574912892 0.46853146853146854 0.33797909407665505 0.46853146853146854 0.3362369337979094 0.46386946386946387 0.3344947735191638 0.4568764568764569 0.33797909407665505 0.45454545454545453 0.3397212543554007 0.44988344988344986
8 0.5034843205574913 0.46386946386946387 0.4965156794425087 0.46386946386946387 0.47909407665505227 0.46853146853146854 0.4686411149825784 0.47086247086247085 0.45993031358885017 0.4755244755244755 0.4564459930313589 0.48484848484848486 0.4529616724738676 0.48717948717948717 0.4425087108013937 0.48717948717948717 0.4355400696864111 0.4801864801864802 0.43031358885017423 0.4755244755244755 0.43031358885017423 0.47086247086247085 0.43031358885017423 0.4662004662004662 0.43205574912891986 0.46153846153846156 0.4355400696864111 0.4568764568764569 0.4372822299651568 0.45454545454545453 0.43902439024390244 0.44755244755244755 0.4355400696864111 0.44755244755244755 0.42857142857142855 0.4522144522144522 0.4250871080139373 0.46153846153846156 0.4250871080139373 0.46386946386946387 0.4250871080139373 0.46853146853146854 0.4268292682926829 0.47785547785547783 0.4337979094076655 0.4825174825174825 0.44076655052264807 0.48951048951048953 0.44773519163763065 0.49184149184149184 0.4547038327526132 0.49184149184149184 0.4616724738675958 0.48951048951048953 0.4634146341463415 0.49417249417249415 0.4721254355400697 0.4988344988344988 0.4878048780487805 0.48951048951048953 0.4930313588850174 0.49184149184149184 0.4930313588850174 0.4988344988344988 0.49825783972125437 0.4988344988344988 0.5034843205574913 0.49417249417249415 0.5104529616724739 0.49417249417249415 0.5087108013937283 0.48717948717948717 0.5034843205574913 0.4801864801864802 0.5034843205574913 0.4731934731934732
8 0.578397212543554 0.42657342657342656 0.5714285714285714 0.42657342657342656 0.5644599303135889 0.4358974358974359 0.5592334494773519 0.44522144522144524 0.5627177700348432 0.4568764568764569 0.5644599303135889 0.46153846153846156 0.5644599303135889 0.4592074592074592 0.5644599303135889 0.44988344988344986 0.5679442508710801 0.4405594405594406 0.5714285714285714 0.4358974358974359 0.578397212543554 0.43356643356643354
8 0.2038327526132404 0.7226107226107226 0.20905923344947736 0.717948717948718 0.21254355400696864 0.710955710955711 0.21254355400696864 0.7062937062937062 0.1986062717770035 0.7016317016317016 0.18641114982578397 0.6946386946386947 0.17770034843205576 0.6899766899766899 0.1794425087108014 0.6853146853146853 0.18815331010452963 0.6853146853146853 0.2038327526132404 0.6946386946386947 0.21777003484320556 0.7016317016317016 0.2229965156794425 0.7016317016317016 0.2229965156794425 0.710955710955711 0.22125435540069685 0.7202797202797203 0.21602787456445993 0.7272727272727273 0.2073170731707317 0.7296037296037297
8 0.29094076655052264 0.6783216783216783 0.2926829268292683 0.6736596736596736 0.3048780487804878 0.6736596736596736 0.31010452961672474 0.6736596736596736 0.3205574912891986 0.6736596736596736 0.3344947735191638 0.675990675990676 0.33797909407665505 0.6783216783216783 0.33797909407665505 0.682983682983683 0.3397212543554007 0.6899766899766899 0.33797909407665505 0.696969696969697 0.32926829268292684 0.696969696969697 0.3205574912891986 0.703962703962704 0.31010452961672474 0.7062937062937062 0.30139372822299654 0.703962703962704 0.29442508710801396 0.7062937062937062 0.29094076655052264 0.710955710955711 0.2926829268292683 0.703962703962704 0.29965156794425085 0.6993006993006993 0.3118466898954704 0.6993006993006993 0.3170731707317073 0.6946386946386947 0.31881533101045295 0.6923076923076923 0.3153310104529617 0.6853146853146853 0.3083623693379791 0.682983682983683 0.2979094076655052 0.682983682983683
8 0.2979094076655052 0.5710955710955711 0.2874564459930314 0.5757575757575758 0.27177700348432055 0.5757575757575758 0.25261324041811845 0.5734265734265734 0.24390243902439024 0.5687645687645687 0.22822299651567945 0.5641025641025641 0.21602787456445993 0.5617715617715617 0.22822299651567945 0.5734265734265734 0.259581881533101 0.5827505827505828 0.2770034843205575 0.5944055944055944 0.28397212543554007 0.5967365967365967 0.2961672473867596 0.5990675990675991 0.3048780487804878 0.6013986013986014 0.3170731707317073 0.5967365967365967 0.313588850174216 0.5874125874125874 0.3083623693379791 0.578088578088578
8 0.11498257839721254 0.7296037296037297 0.11846689895470383 0.7319347319347319 0.12195121951219512 0.7296037296037297 0.12195121951219512 0.7249417249417249 0.12020905923344948 0.7226107226107226 0.11672473867595819 0.7202797202797203 0.11149825783972125 0.7226107226107226
8 0.18989547038327526 0.8018648018648019 0.18466898954703834 0.7972027972027972 0.1794425087108014 0.7925407925407926 0.17421602787456447 0.7902097902097902 0.17247386759581881 0.7925407925407926 0.17421602787456447 0.7972027972027972 0.1794425087108014 0.8041958041958042 0.18466898954703834 0.8065268065268065 0.18989547038327526 0.8065268065268065
0 0.7142857142857143 0.3706293706293706 0.6898954703832753 0.38927738927738925 0.6550522648083623 0.4219114219114219 0.6202090592334495 0.45454545454545453 0.5836236933797909 0.48717948717948717 0.5557491289198606 0.5128205128205128 0.5209059233449478 0.5594405594405595 0.5034843205574913 0.5734265734265734 0.4616724738675958 0.585081585081585 0.40418118466898956 0.5710955710955711 0.37456445993031356 0.5617715617715617 0.3118466898954704 0.5431235431235432 0.25435540069686413 0.5221445221445221 0.21602787456445993 0.5034965034965035 0.1794425087108014 0.48951048951048953 0.14982578397212543 0.47086247086247085 0.13066202090592335 0.4568764568764569 0.11672473867595819 0.4405594405594406 0.10627177700348432 0.4358974358974359 0.10627177700348432 0.4568764568764569 0.13763066202090593 0.48717948717948717 0.17247386759581881 0.5081585081585082 0.20905923344947736 0.5291375291375291 0.2456445993031359 0.5454545454545454 0.3170731707317073 0.5710955710955711 0.37456445993031356 0.5920745920745921 0.42334494773519166 0.6060606060606061 0.4564459930313589 0.6107226107226107 0.48606271777003485 0.6107226107226107 0.5156794425087108 0.6037296037296037 0.5383275261324042 0.5804195804195804 0.710801393728223 0.38694638694638694 0.7229965156794426 0.372960372960373 0.7229965156794426 0.3543123543123543
0 0.3710801393728223 0.6876456876456877 0.35365853658536583 0.668997668997669 0.343205574912892 0.655011655011655 0.34494773519163763 0.627039627039627 0.29965156794425085 0.6223776223776224 0.29965156794425085 0.6433566433566433 0.29442508710801396 0.6783216783216783 0.2926829268292683 0.6993006993006993 0.367595818815331 0.696969696969697
0 0.5557491289198606 0.6573426573426573 0.573170731707317 0.6223776223776224 0.5818815331010453 0.6037296037296037 0.5905923344947736 0.5827505827505828 0.6097560975609756 0.5827505827505828 0.632404181184669 0.585081585081585 0.6445993031358885 0.5897435897435898 0.6376306620209059 0.6083916083916084 0.6114982578397212 0.6083916083916084 0.5871080139372822 0.6433566433566433 0.5679442508710801 0.6713286713286714 0.5522648083623694 0.6783216783216783