2 0.5434192672998643 0.24183673469387756 0.5637720488466758 0.22959183673469388 0.578697421981004 0.21326530612244898 0.5814111261872456 0.1989795918367347 0.5827679782903663 0.1704081632653061 0.5814111261872456 0.14183673469387756 0.5800542740841248 0.11734693877551021 0.5691994572591588 0.11122448979591837 0.5610583446404342 0.11326530612244898 0.5502035278154681 0.12551020408163266 0.5447761194029851 0.11326530612244898 0.533921302578019 0.11122448979591837 0.5203527815468114 0.12142857142857143 0.5135685210312076 0.14591836734693878 0.5135685210312076 0.1846938775510204 0.5135685210312076 0.22755102040816327 0.5189959294436907 0.25612244897959185 0.5434192672998643 0.24183673469387756
8 0.5936227951153324 0.6928571428571428 0.5841248303934871 0.686734693877551 0.5759837177747625 0.6908163265306122 0.5705563093622795 0.7010204081632653 0.573270013568521 0.7112244897959183 0.5881953867028494 0.7071428571428572 0.5936227951153324 0.6928571428571428
0 0.5836029647218454 0 0.6004070556309362 0.02346938775510204 0.6139755766621439 0.04387755102040816 0.6248303934871099 0.07448979591836735 0.6085481682496607 0.08061224489795918 0.5936227951153324 0.08877551020408163 0.578697421981004 0.10102040816326531 0.5827679782903663 0.11326530612244898 0.5881953867028494 0.1377551020408163 0.5895522388059702 0.1683673469387755 0.5854816824966079 0.20714285714285716 0.5814111261872456 0.22959183673469388 0.5719131614654003 0.25816326530612244 0.5719131614654003 0.29489795918367345 0.5651289009497965 0.35408163265306125 0.562415196743555 0.39693877551020407 0.5719131614654003 0.4275510204081633 0.5868385345997287 0.4561224489795918 0.680461329715061 0.36020408163265305 0.7103120759837178 0.3377551020408163 0.7388059701492538 0.3173469387755102 0.7442333785617368 0.28469387755102044 0.742876526458616 0.2540816326530612 0.7360922659430122 0.2153061224489796 0.7265943012211669 0.1683673469387755 0.7103120759837178 0.12142857142857143 0.6763907734056988 0.05204081632653061 0.6546811397557666 0.013265306122448979 0.6451831750339213 0.013265306122448979 0.6302578018995929 0.015306122448979591 0.6194029850746269 0.00510204081632653 0.6167646621438263 0 0.5836029647218454 0
3 0.43729915061058344 0 0.42401628222523746 0.03163265306122449 0.41994572591587515 0.07244897959183673 0.4185888738127544 0.11326530612244898 0.4185888738127544 0.1540816326530612 0.4158751696065129 0.19081632653061226 0.4552238805970149 0.2010204081632653 0.48100407055630934 0.15 0.49864314789687925 0.11938775510204082 0.5013568521031208 0.09693877551020408 0.49050203527815467 0.04795918367346939 0.4837177747625509 0.009183673469387756 0.48086838534599724 0 0.43729915061058344 0
8 0.4932157394843962 0.8724489795918368 0.49864314789687925 0.8581632653061224 0.5027137042062415 0.8357142857142857 0.5135685210312076 0.7989795918367347 0.5312075983717774 0.7459183673469387 0.5257801899592944 0.7091836734693877 0.505427408412483 0.7275510204081632 0.494572591587517 0.7622448979591837 0.48236092265943015 0.8030612244897959 0.47150610583446406 0.8418367346938775 0.466078697421981 0.8744897959183674 0.4932157394843962 0.8724489795918368
8 0.4864314789687924 0.8969387755102041 0.49592944369063774 0.8846938775510204 0.49864314789687925 0.8724489795918368 0.4796472184531886 0.8765306122448979 0.46472184531886024 0.8826530612244898 0.4633649932157395 0.923469387755102 0.4755766621438263 0.9173469387755102 0.4864314789687924 0.8969387755102041
8 0.5312075983717774 0.8948979591836734 0.5312075983717774 0.8826530612244898 0.5176390773405699 0.8887755102040816 0.5135685210312076 0.8969387755102041 0.5162822252374492 0.9071428571428571 0.5257801899592944 0.9051020408163265 0.5312075983717774 0.8948979591836734
3 0.5176390773405699 0.8663265306122448 0.5420624151967436 0.8561224489795919 0.5515603799185889 0.8255102040816327 0.562415196743555 0.7846938775510204 0.5691994572591588 0.7540816326530613 0.5502035278154681 0.75 0.5352781546811397 0.7091836734693877 0.5027137042062415 0.7153061224489796 0.48507462686567165 0.7642857142857142 0.4701492537313433 0.8051020408163265 0.4592944369063772 0.8724489795918368 0.5176390773405699 0.8663265306122448
3 0.5257801899592944 0.9091836734693878 0.5325644504748982 0.8846938775510204 0.5352781546811397 0.8642857142857143 0.5230664857530529 0.8704081632653061 0.5081411126187245 0.8744897959183674 0.49864314789687925 0.8928571428571429 0.5 0.9112244897959184 0.5162822252374492 0.9214285714285714 0.5257801899592944 0.9091836734693878
3 0.5203527815468114 0.6459183673469387 0.5529172320217096 0.65 0.5841248303934871 0.65 0.5936227951153324 0.6418367346938776 0.5854816824966079 0.6295918367346939 0.5583446404341926 0.6193877551020408 0.5366350067842606 0.6112244897959184 0.5162822252374492 0.613265306122449 0.4972862957937585 0.6153061224489796 0.5013568521031208 0.6438775510204081 0.5203527815468114 0.6459183673469387
8 0.5461329715061058 0.6336734693877552 0.5597014925373134 0.639795918367347 0.5637720488466758 0.6377551020408163 0.5515603799185889 0.6275510204081632 0.5393487109905021 0.6193877551020408 0.5244233378561737 0.6214285714285714 0.5149253731343284 0.6234693877551021 0.5094979647218453 0.6295918367346939 0.5094979647218453 0.6377551020408163 0.5257801899592944 0.6295918367346939 0.5461329715061058 0.6336734693877552
0 0.48118365400271373 0 0.494572591587517 0.06224489795918367 0.5067842605156038 0.12755102040816327 0.5176390773405699 0.12346938775510204 0.5420624151967436 0.10306122448979592 0.5529172320217096 0.12551020408163266 0.5610583446404342 0.10510204081632653 0.5800542740841248 0.08469387755102041 0.6221166892808684 0.07244897959183673 0.6139755766621439 0.04591836734693878 0.5909090909090909 0.013265306122448979 0.582089552238806 0 0.48118365400271373 0
3 0.5529172320217096 0.4887755102040816 0.5664857530529173 0.4704081632653061 0.5881953867028494 0.4479591836734694 0.60719131614654 0.42142857142857143 0.6275440976933514 0.40714285714285714 0.6397557666214383 0.39081632653061227 0.6343283582089553 0.35816326530612247 0.6302578018995929 0.30714285714285716 0.6289009497964722 0.2642857142857143 0.6221166892808684 0.23979591836734693 0.5936227951153324 0.22755102040816327 0.5664857530529173 0.22959183673469388 0.5407055630936228 0.24591836734693878 0.5203527815468114 0.25204081632653064 0.510854816824966 0.2540816326530612 0.5027137042062415 0.2785714285714286 0.4932157394843962 0.3438775510204082 0.48100407055630934 0.3826530612244898 0.4728629579375848 0.4173469387755102 0.4796472184531886 0.4459183673469388 0.4932157394843962 0.4683673469387755 0.5176390773405699 0.4785714285714286 0.5434192672998643 0.49489795918367346 0.5529172320217096 0.4887755102040816
0 0.41474445997286297 0 0.4077340569877883 0.03163265306122449 0.3968792401628223 0.08469387755102041 0.3887381275440977 0.1377551020408163 0.38331071913161463 0.19081632653061226 0.3805970149253731 0.2336734693877551 0.3819538670284939 0.2602040816326531 0.38466757123473544 0.2969387755102041 0.39552238805970147 0.38877551020408163 0.40637720488466755 0.523469387755102 0.4185888738127544 0.5540816326530612 0.4253731343283582 0.5418367346938775 0.4362279511533243 0.5173469387755102 0.4497964721845319 0.4663265306122449 0.46200814111261873 0.41122448979591836 0.4796472184531886 0.3520408163265306 0.49592944369063774 0.2969387755102041 0.5081411126187245 0.2683673469387755 0.5176390773405699 0.25204081632653064 0.5135685210312076 0.24387755102040817 0.5094979647218453 0.12142857142857143 0.4819307014925373 0 0.41474445997286297 0