8 0.3375959079283887 0.42971887550200805 0.3248081841432225 0.42771084337349397 0.3171355498721228 0.43172690763052207 0.309462915601023 0.44176706827309237 0.30562659846547313 0.4497991967871486 0.30562659846547313 0.463855421686747 0.3069053708439898 0.46987951807228917 0.309462915601023 0.4799196787148594 0.3132992327365729 0.4839357429718876 0.3171355498721228 0.4879518072289157 0.3248081841432225 0.4759036144578313 0.3337595907928389 0.46987951807228917 0.33631713554987214 0.4738955823293173 0.3452685421994885 0.4718875502008032 0.35421994884910485 0.4779116465863454 0.3567774936061381 0.4819277108433735 0.3657289002557545 0.4839357429718876 0.3772378516624041 0.4879518072289157 0.38107416879795397 0.4919678714859438 0.38618925831202044 0.4919678714859438 0.3900255754475703 0.4879518072289157 0.38491048593350385 0.4839357429718876 0.37468030690537085 0.4799196787148594 0.36445012787723785 0.4779116465863454 0.3721227621483376 0.4738955823293173 0.38491048593350385 0.4738955823293173 0.3938618925831202 0.4779116465863454 0.3976982097186701 0.4819277108433735 0.40153452685422 0.4759036144578313 0.39514066496163686 0.46987951807228917 0.3874680306905371 0.463855421686747 0.3734015345268542 0.46184738955823296 0.35421994884910485 0.463855421686747 0.34398976982097185 0.463855421686747 0.3273657289002558 0.46987951807228917 0.3209718670076726 0.4718875502008032 0.3145780051150895 0.4779116465863454 0.309462915601023 0.4738955823293173 0.3069053708439898 0.4578313253012048 0.309462915601023 0.44779116465863456 0.3145780051150895 0.43775100401606426 0.3209718670076726 0.43373493975903615 0.32864450127877237 0.43172690763052207
8 0.3938618925831202 0.4959839357429719 0.39514066496163686 0.4859437751004016 0.40025575447570333 0.4799196787148594 0.4040920716112532 0.4779116465863454 0.4053708439897698 0.4879518072289157 0.40025575447570333 0.4899598393574297 0.3989769820971867 0.4979919678714859 0.40025575447570333 0.5080321285140562 0.40153452685422 0.5180722891566265 0.4040920716112532 0.5261044176706827 0.4040920716112532 0.5341365461847389 0.40153452685422 0.5481927710843374 0.40025575447570333 0.5321285140562249 0.3976982097186701 0.5220883534136547 0.39514066496163686 0.5080321285140562
8 0.3797953964194373 0.5642570281124498 0.3874680306905371 0.5602409638554217 0.391304347826087 0.5622489959839357 0.391304347826087 0.5662650602409639 0.39514066496163686 0.5662650602409639 0.3976982097186701 0.5642570281124498 0.40025575447570333 0.5562248995983936 0.4040920716112532 0.5522088353413654 0.40153452685422 0.5622489959839357 0.40281329923273657 0.570281124497992 0.40664961636828645 0.570281124497992 0.41048593350383633 0.572289156626506 0.41304347826086957 0.570281124497992 0.4194373401534527 0.5662650602409639 0.4194373401534527 0.5742971887550201 0.42455242966751916 0.5783132530120482 0.4309462915601023 0.5803212851405622 0.43350383631713557 0.5823293172690763 0.43861892583120204 0.5843373493975904 0.4462915601023018 0.5883534136546185 0.44884910485933505 0.5903614457831325 0.45652173913043476 0.5943775100401606 0.45907928388746805 0.6024096385542169 0.4539641943734015 0.6024096385542169 0.45012787723785164 0.6004016064257028 0.44884910485933505 0.5963855421686747 0.4424552429667519 0.5883534136546185 0.4194373401534527 0.5783132530120482 0.4143222506393862 0.5783132530120482 0.3874680306905371 0.5682730923694779 0.3836317135549872 0.5662650602409639
8 0.3593350383631714 0.5923694779116466 0.3593350383631714 0.5863453815261044 0.36061381074168797 0.5763052208835341 0.3631713554987212 0.572289156626506 0.37084398976982097 0.570281124497992 0.3797953964194373 0.572289156626506 0.3836317135549872 0.572289156626506 0.3887468030690537 0.5763052208835341 0.39514066496163686 0.5803212851405622 0.40664961636828645 0.5843373493975904 0.4156010230179028 0.5903614457831325 0.4258312020460358 0.5943775100401606 0.43350383631713557 0.5963855421686747 0.4398976982097187 0.6004016064257028 0.44884910485933505 0.6024096385542169 0.4539641943734015 0.606425702811245 0.45652173913043476 0.606425702811245 0.46035805626598464 0.6104417670682731 0.46035805626598464 0.6184738955823293 0.45907928388746805 0.6224899598393574 0.4539641943734015 0.6204819277108434 0.45268542199488493 0.6144578313253012 0.45012787723785164 0.6104417670682731 0.44501278772378516 0.606425702811245 0.4398976982097187 0.606425702811245 0.4398976982097187 0.6104417670682731 0.4360613810741688 0.6044176706827309 0.4309462915601023 0.606425702811245 0.42710997442455245 0.6044176706827309 0.41815856777493604 0.6024096385542169 0.41304347826086957 0.5963855421686747 0.4079283887468031 0.5903614457831325 0.3989769820971867 0.5883534136546185 0.39258312020460356 0.5843373493975904 0.38491048593350385 0.5823293172690763 0.3772378516624041 0.5803212851405622 0.37084398976982097 0.5783132530120482 0.3657289002557545 0.5803212851405622 0.37084398976982097 0.5823293172690763 0.37595907928388744 0.5863453815261044 0.3836317135549872 0.5883534136546185 0.3887468030690537 0.5903614457831325 0.39514066496163686 0.5903614457831325 0.40281329923273657 0.5923694779116466 0.4079283887468031 0.5963855421686747 0.4117647058823529 0.6004016064257028 0.4156010230179028 0.6044176706827309 0.40664961636828645 0.608433734939759 0.39641943734015345 0.6004016064257028 0.3874680306905371 0.5963855421686747 0.37851662404092073 0.5923694779116466 0.3695652173913043 0.5883534136546185 0.36445012787723785 0.5863453815261044
8 0.44501278772378516 0.6104417670682731 0.44884910485933505 0.6204819277108434 0.4539641943734015 0.6265060240963856 0.45524296675191817 0.6325301204819277 0.4578005115089514 0.6405622489959839 0.45907928388746805 0.6445783132530121 0.4539641943734015 0.6445783132530121 0.45268542199488493 0.6365461847389559 0.44884910485933505 0.6285140562248996 0.44501278772378516 0.6204819277108434
8 0.4514066496163683 0.6445783132530121 0.44501278772378516 0.642570281124498 0.4411764705882353 0.642570281124498 0.4360613810741688 0.6405622489959839 0.4322250639386189 0.6405622489959839 0.4296675191815857 0.6365461847389559 0.42710997442455245 0.6385542168674698 0.4219948849104859 0.6345381526104418 0.41815856777493604 0.6365461847389559 0.42327365728900257 0.6405622489959839 0.4296675191815857 0.642570281124498 0.4373401534526854 0.6445783132530121 0.4437340153452685 0.6485943775100401 0.45012787723785164 0.6485943775100401
8 0.40281329923273657 0.6445783132530121 0.4053708439897698 0.6465863453815262 0.4092071611253197 0.6485943775100401 0.40664961636828645 0.6506024096385542 0.40281329923273657 0.6465863453815262
8 0.3989769820971867 0.6526104417670683 0.4040920716112532 0.6546184738955824 0.4079283887468031 0.6566265060240963 0.4040920716112532 0.6586345381526104 0.40025575447570333 0.6586345381526104 0.3989769820971867 0.6546184738955824
8 0.45012787723785164 0.6666666666666666 0.45652173913043476 0.6686746987951807 0.4578005115089514 0.6726907630522089 0.4539641943734015 0.6706827309236948 0.45268542199488493 0.6686746987951807
8 0.42838874680306904 0.6686746987951807 0.4322250639386189 0.6706827309236948 0.4373401534526854 0.6706827309236948 0.4437340153452685 0.6726907630522089 0.4462915601023018 0.6767068273092369 0.4514066496163683 0.6807228915662651 0.4539641943734015 0.6827309236947792 0.45652173913043476 0.6907630522088354 0.45524296675191817 0.6927710843373494 0.45268542199488493 0.6967871485943775 0.45012787723785164 0.7008032128514057 0.4462915601023018 0.7088353413654619 0.4437340153452685 0.7088353413654619 0.4462915601023018 0.6987951807228916 0.4424552429667519 0.6947791164658634 0.43861892583120204 0.6907630522088354 0.4373401534526854 0.6867469879518072 0.4437340153452685 0.6887550200803213 0.4475703324808184 0.6907630522088354 0.45012787723785164 0.6887550200803213 0.45012787723785164 0.6847389558232931 0.4462915601023018 0.6827309236947792 0.4424552429667519 0.6847389558232931 0.4411764705882353 0.6807228915662651 0.43861892583120204 0.6767068273092369 0.43478260869565216 0.678714859437751 0.4296675191815857 0.678714859437751 0.42838874680306904 0.6746987951807228
8 0.37468030690537085 0.6526104417670683 0.37851662404092073 0.6566265060240963 0.38235294117647056 0.6586345381526104 0.3874680306905371 0.6626506024096386 0.39258312020460356 0.6626506024096386 0.3976982097186701 0.6626506024096386 0.40281329923273657 0.6646586345381527 0.4053708439897698 0.6666666666666666 0.4053708439897698 0.6706827309236948 0.40153452685422 0.6706827309236948 0.40025575447570333 0.6726907630522089 0.4040920716112532 0.6746987951807228 0.4079283887468031 0.6746987951807228 0.4092071611253197 0.6746987951807228 0.4053708439897698 0.6767068273092369 0.40025575447570333 0.6767068273092369 0.39641943734015345 0.6726907630522089 0.3976982097186701 0.6686746987951807 0.40025575447570333 0.6666666666666666 0.39514066496163686 0.6646586345381527 0.3900255754475703 0.6666666666666666 0.38618925831202044 0.6666666666666666 0.391304347826087 0.6726907630522089 0.3938618925831202 0.6767068273092369 0.39641943734015345 0.6807228915662651 0.40025575447570333 0.6827309236947792 0.4053708439897698 0.6867469879518072 0.4079283887468031 0.6887550200803213 0.41304347826086957 0.6907630522088354 0.41687979539641945 0.6927710843373494 0.4143222506393862 0.6867469879518072 0.4117647058823529 0.6847389558232931 0.4117647058823529 0.6807228915662651 0.4143222506393862 0.6767068273092369 0.4194373401534527 0.6807228915662651 0.42327365728900257 0.6847389558232931 0.42710997442455245 0.6847389558232931 0.4322250639386189 0.6847389558232931 0.43350383631713557 0.6867469879518072 0.4360613810741688 0.6907630522088354 0.43861892583120204 0.6927710843373494 0.4411764705882353 0.6967871485943775 0.43861892583120204 0.6987951807228916 0.43478260869565216 0.7008032128514057 0.4309462915601023 0.6987951807228916 0.4258312020460358 0.6987951807228916 0.4219948849104859 0.6987951807228916 0.4143222506393862 0.6987951807228916 0.4092071611253197 0.6987951807228916 0.4040920716112532 0.6947791164658634 0.3989769820971867 0.6907630522088354 0.39641943734015345 0.6867469879518072 0.39258312020460356 0.6867469879518072 0.3887468030690537 0.6827309236947792 0.38618925831202044 0.6746987951807228 0.38235294117647056 0.6686746987951807 0.37851662404092073 0.6646586345381527 0.37468030690537085 0.6586345381526104
8 0.41048593350383633 0.7048192771084337 0.42327365728900257 0.7048192771084337 0.43861892583120204 0.7088353413654619 0.42838874680306904 0.7108433734939759 0.4156010230179028 0.7108433734939759 0.41048593350383633 0.7088353413654619
6 0.3209718670076726 0.5461847389558233 0.3248081841432225 0.5421686746987951 0.329923273657289 0.5421686746987951 0.3273657289002558 0.5461847389558233 0.3235294117647059 0.5502008032128514 0.32225063938618925 0.5542168674698795
8 0.3797953964194373 0.7128514056224899 0.38235294117647056 0.7088353413654619 0.38491048593350385 0.7028112449799196 0.391304347826087 0.7068273092369478 0.38618925831202044 0.7128514056224899 0.38618925831202044 0.7208835341365462 0.3900255754475703 0.7228915662650602 0.39258312020460356 0.7269076305220884 0.3874680306905371 0.7269076305220884 0.38235294117647056 0.7188755020080321
8 0.37595907928388744 0.7208835341365462 0.37851662404092073 0.7228915662650602 0.38107416879795397 0.7289156626506024 0.37851662404092073 0.7289156626506024
3 0.30818414322250637 0.4779116465863454 0.3030690537084399 0.45180722891566266 0.3069053708439898 0.43172690763052207 0.3273657289002558 0.42369477911646586 0.3516624040920716 0.41967871485943775 0.37084398976982097 0.42369477911646586 0.3874680306905371 0.42771084337349397 0.39641943734015345 0.43172690763052207 0.3989769820971867 0.4497991967871486 0.4040920716112532 0.46586345381526106 0.41048593350383633 0.4819277108433735 0.4194373401534527 0.4899598393574297 0.42455242966751916 0.5020080321285141 0.43350383631713557 0.5160642570281124 0.41815856777493604 0.5421686746987951 0.40281329923273657 0.5602409638554217 0.36828644501278773 0.5662650602409639 0.3414322250639386 0.5562248995983936 0.3209718670076726 0.5301204819277109
0 0.30818414322250637 0.29116465863453816 0.3375959079283887 0.3132530120481928 0.3734015345268542 0.3413654618473896 0.3976982097186701 0.3614457831325301 0.42071611253196933 0.38755020080321284 0.43350383631713557 0.40963855421686746 0.42455242966751916 0.41164658634538154 0.41815856777493604 0.4036144578313253 0.4079283887468031 0.39156626506024095 0.39514066496163686 0.3795180722891566 0.38107416879795397 0.3634538152610442 0.37084398976982097 0.3534136546184739 0.35805626598465473 0.3413654618473896 0.3388746803069054 0.3232931726907631 0.31841432225063937 0.30522088353413657
0 0.6368286445012787 0.4939759036144578 0.6508951406649617 0.5100401606425703 0.6624040920716112 0.5220883534136547 0.6726342710997443 0.5281124497991968 0.6994884910485933 0.5321285140562249 0.7340153452685422 0.5321285140562249 0.7519181585677749 0.5301204819277109 0.7672634271099744 0.5240963855421686 0.7838874680306905 0.5160642570281124 0.7992327365728901 0.5080321285140562 0.8132992327365729 0.4899598393574297 0.829923273657289 0.4859437751004016 0.8248081841432225 0.4919678714859438 0.8158567774936062 0.4979919678714859 0.8107416879795396 0.5080321285140562 0.80306905370844 0.5200803212851406 0.7787723785166241 0.5341365461847389 0.7557544757033248 0.5421686746987951 0.7301790281329923 0.5441767068273092 0.7046035805626598 0.5461847389558233 0.680306905370844 0.5421686746987951 0.6649616368286445 0.5401606425702812 0.6547314578005116 0.5341365461847389 0.6483375959079284 0.5240963855421686
4 0.6739130434782609 0.5963855421686747 0.6713554987212276 0.5923694779116466 0.6713554987212276 0.5903614457831325 0.6739130434782609 0.5883534136546185 0.6777493606138107 0.5883534136546185 0.6777493606138107 0.5903614457831325 0.6777493606138107 0.5923694779116466 0.6777493606138107 0.5943775100401606 0.6764705882352942 0.5963855421686747
4 0.7071611253196931 0.5923694779116466 0.7058823529411765 0.5903614457831325 0.7058823529411765 0.5883534136546185 0.7071611253196931 0.5863453815261044 0.7084398976982097 0.5843373493975904 0.7097186700767263 0.5843373493975904 0.710997442455243 0.5863453815261044 0.710997442455243 0.5883534136546185 0.710997442455243 0.5903614457831325 0.710997442455243 0.5923694779116466
4 0.69693094629156 0.608433734939759 0.6956521739130435 0.6044176706827309 0.69693094629156 0.6024096385542169 0.6982097186700768 0.6004016064257028 0.6994884910485933 0.6004016064257028 0.6994884910485933 0.6024096385542169 0.6994884910485933 0.6044176706827309 0.6994884910485933 0.606425702811245
5 0.670076726342711 0.5903614457831325 0.7352941176470589 0.5843373493975904 0.7672634271099744 0.5823293172690763 0.8312020460358056 0.5542168674698795 0.8324808184143222 0.5983935742971888 0.7621483375959079 0.6224899598393574 0.6687979539641944 0.6385542168674698