0 0.5443478260869565 0.5163551401869159 0.5860869565217391 0.5280373831775701 0.6295652173913043 0.5397196261682243 0.671304347826087 0.5420560747663551 0.7026086956521739 0.5467289719626168 0.7286956521739131 0.5537383177570093 0.7843478260869565 0.5911214953271028 0.7565217391304347 0.5841121495327103 0.7408695652173913 0.5864485981308412 0.7008695652173913 0.602803738317757 0.6434782608695652 0.6004672897196262 0.6156521739130435 0.5934579439252337 0.5930434782608696 0.5841121495327103 0.577391304347826 0.5747663551401869 0.5652173913043478 0.5607476635514018 0.551304347826087 0.5350467289719626
0 0.7304347826086957 0.6355140186915887 0.782608695652174 0.5934579439252337 0.8608695652173913 0.572429906542056 0.8939130434782608 0.5420560747663551 0.9043478260869565 0.5046728971962616 0.9113043478260869 0.5327102803738317 0.9130434782608695 0.5794392523364486 0.9095652173913044 0.6074766355140186 0.9043478260869565 0.6378504672897196 0.8973913043478261 0.6612149532710281 0.8765217391304347 0.6962616822429907 0.8434782608695652 0.7126168224299065 0.8156521739130435 0.7242990654205608 0.7860869565217391 0.7313084112149533 0.7773913043478261 0.7126168224299065 0.7582608695652174 0.6939252336448598 0.7460869565217392 0.6752336448598131 0.7373913043478261 0.6588785046728972 0.7321739130434782 0.6495327102803738
8 0.6086956521739131 0.5911214953271028 0.6069565217391304 0.602803738317757 0.6086956521739131 0.616822429906542 0.6104347826086957 0.6004672897196262
8 0.5582608695652174 0.6004672897196262 0.5756521739130435 0.6098130841121495 0.5895652173913043 0.6261682242990654 0.568695652173913 0.6098130841121495
8 0.5791304347826087 0.6074766355140186 0.5791304347826087 0.6261682242990654 0.5826086956521739 0.6518691588785047 0.5826086956521739 0.6378504672897196 0.5826086956521739 0.6191588785046729
8 0.5582608695652174 0.6308411214953271 0.5756521739130435 0.6378504672897196 0.591304347826087 0.6542056074766355 0.5826086956521739 0.6518691588785047 0.5669565217391305 0.6378504672897196
8 0.5756521739130435 0.6915887850467289 0.5843478260869566 0.6915887850467289 0.5930434782608696 0.6869158878504673 0.5895652173913043 0.6985981308411215 0.5808695652173913 0.7009345794392523
8 0.5356521739130434 0.5934579439252337 0.5408695652173913 0.5841121495327103 0.5530434782608695 0.5841121495327103 0.5460869565217391 0.5911214953271028 0.5408695652173913 0.5934579439252337
8 0.5339130434782609 0.6285046728971962 0.5391304347826087 0.6191588785046729 0.5408695652173913 0.6285046728971962 0.5460869565217391 0.6285046728971962 0.5530434782608695 0.6261682242990654 0.5460869565217391 0.6355140186915887 0.5373913043478261 0.6378504672897196
3 0.44173913043478263 0.5116822429906542 0.44 0.4766355140186916 0.4591304347826087 0.4672897196261682 0.47304347826086957 0.4719626168224299 0.4834782608695652 0.4883177570093458 0.4852173913043478 0.5023364485981309 0.48695652173913045 0.5163551401869159 0.49217391304347824 0.5280373831775701 0.5043478260869565 0.5373831775700935 0.5130434782608696 0.5373831775700935 0.528695652173913 0.5350467289719626 0.5408695652173913 0.5467289719626168 0.5443478260869565 0.5630841121495327 0.5495652173913044 0.572429906542056 0.5182608695652174 0.5934579439252337 0.5078260869565218 0.5771028037383178 0.49391304347826087 0.5514018691588785 0.4817391304347826 0.5373831775700935 0.4678260869565217 0.5233644859813084 0.4539130434782609 0.514018691588785
3 0.5113043478260869 0.5350467289719626 0.5095652173913043 0.4953271028037383 0.5391304347826087 0.4976635514018692 0.542608695652174 0.5116822429906542 0.5460869565217391 0.5257009345794392 0.5530434782608695 0.5420560747663551 0.5443478260869565 0.5607476635514018 0.5391304347826087 0.5467289719626168 0.5321739130434783 0.5350467289719626 0.5217391304347826 0.5350467289719626
3 0.5165217391304348 0.5934579439252337 0.5634782608695652 0.5607476635514018 0.5878260869565217 0.5817757009345794 0.5895652173913043 0.6214953271028038 0.5930434782608696 0.6565420560747663 0.5947826086956521 0.6915887850467289 0.5704347826086956 0.7102803738317757 0.5530434782608695 0.719626168224299 0.5530434782608695 0.7383177570093458 0.5391304347826087 0.7406542056074766 0.5373913043478261 0.7102803738317757 0.5356521739130434 0.6799065420560748 0.5321739130434783 0.6495327102803738 0.5252173913043479 0.6238317757009346
3 0.6991304347826087 0.616822429906542 0.7165217391304348 0.6214953271028038 0.7304347826086957 0.6355140186915887 0.7339130434782609 0.6682242990654206 0.7304347826086957 0.6915887850467289 0.7217391304347827 0.6985981308411215 0.7130434782608696 0.6939252336448598 0.697391304347826 0.6822429906542056 0.711304347826087 0.6822429906542056 0.7217391304347827 0.677570093457944 0.7217391304347827 0.6588785046728972 0.7182608695652174 0.6425233644859814 0.7095652173913043 0.6285046728971962
3 0.7565217391304347 0.6915887850467289 0.7634782608695653 0.7009345794392523 0.7634782608695653 0.719626168224299 0.7652173913043478 0.7383177570093458 0.7513043478260869 0.7383177570093458 0.7408695652173913 0.7383177570093458 0.7373913043478261 0.7313084112149533 0.7460869565217392 0.7149532710280374 0.7495652173913043 0.705607476635514
0 0.3634782608695652 0.338785046728972 0.3634782608695652 0.35046728971962615 0.3617391304347826 0.35514018691588783 0.3617391304347826 0.3598130841121495 0.35478260869565215 0.3598130841121495 0.35130434782608694 0.3598130841121495 0.3443478260869565 0.34813084112149534 0.3426086956521739 0.34345794392523366 0.3391304347826087 0.3411214953271028 0.3339130434782609 0.3411214953271028 0.33043478260869563 0.3411214953271028 0.3234782608695652 0.3411214953271028 0.30782608695652175 0.34345794392523366 0.2991304347826087 0.34579439252336447 0.29391304347826086 0.35046728971962615 0.29043478260869565 0.352803738317757 0.288695652173913 0.3574766355140187 0.288695652173913 0.3621495327102804 0.288695652173913 0.36682242990654207 0.2921739130434783 0.37383177570093457 0.29391304347826086 0.37850467289719625 0.29739130434782607 0.3808411214953271 0.2991304347826087 0.38317757009345793 0.3026086956521739 0.3855140186915888 0.3095652173913043 0.3878504672897196 0.3217391304347826 0.3901869158878505 0.3269565217391304 0.3901869158878505 0.3339130434782609 0.3901869158878505 0.3426086956521739 0.3901869158878505 0.34956521739130436 0.3855140186915888 0.35304347826086957 0.38317757009345793 0.3565217391304348 0.38317757009345793 0.36 0.3855140186915888 0.3634782608695652 0.3855140186915888 0.36869565217391304 0.3878504672897196 0.37217391304347824 0.3925233644859813 0.3791304347826087 0.39485981308411217 0.38782608695652177 0.39953271028037385 0.391304347826087 0.39953271028037385 0.3947826086956522 0.40186915887850466 0.38956521739130434 0.3878504672897196 0.3843478260869565 0.37616822429906543 0.3808695652173913 0.36682242990654207 0.3773913043478261 0.3574766355140187 0.3739130434782609 0.34813084112149534 0.36695652173913046 0.3341121495327103
0 0.15304347826086956 0.3598130841121495 0.1634782608695652 0.40186915887850466 0.16521739130434782 0.4158878504672897 0.16869565217391305 0.4182242990654206 0.17217391304347826 0.42289719626168226 0.17217391304347826 0.42757009345794394 0.17217391304347826 0.43457943925233644 0.17217391304347826 0.441588785046729 0.17043478260869566 0.4485981308411215 0.17043478260869566 0.45794392523364486 0.17043478260869566 0.4649532710280374 0.17043478260869566 0.4719626168224299 0.17043478260869566 0.48130841121495327 0.17043478260869566 0.4883177570093458 0.17217391304347826 0.4953271028037383 0.17565217391304347 0.5023364485981309 0.17217391304347826 0.5116822429906542 0.16521739130434782 0.5186915887850467 0.1617391304347826 0.5163551401869159 0.1617391304347826 0.5116822429906542 0.16 0.5046728971962616 0.1582608695652174 0.5 0.1582608695652174 0.4929906542056075 0.1582608695652174 0.48130841121495327 0.1582608695652174 0.4742990654205608 0.1582608695652174 0.4672897196261682 0.16 0.45560747663551404 0.1617391304347826 0.4462616822429907 0.1582608695652174 0.4322429906542056 0.1565217391304348 0.4135514018691589 0.1565217391304348 0.4088785046728972 0.1565217391304348 0.40420560747663553 0.15478260869565216 0.39953271028037385 0.15478260869565216 0.39485981308411217 0.15478260869565216 0.3855140186915888 0.15304347826086956 0.37850467289719625 0.15304347826086956 0.37383177570093457