8 0.5368063420158551 0.6910714285714286 0.5605889014722537 0.7053571428571429 0.565118912797282 0.7089285714285715 0.565118912797282 0.7035714285714286 0.5594563986409966 0.6964285714285714 0.535673839184598 0.6839285714285714
8 0.5605889014722537 0.7875 0.5685164212910532 0.7910714285714285 0.5696489241223103 0.7857142857142857 0.5741789354473387 0.7821428571428571 0.5719139297848245 0.775 0.5639864099660249 0.775 0.565118912797282 0.7821428571428571 0.5673839184597962 0.7839285714285714 0.5673839184597962 0.7875
8 0.5198187995469988 0.6357142857142857 0.5254813137032842 0.6303571428571428 0.5334088335220838 0.6321428571428571 0.5311438278595696 0.625 0.5277463193657984 0.6232142857142857 0.5209513023782559 0.6321428571428571
8 0.420158550396376 0.5125 0.434881087202718 0.5232142857142857 0.4450736126840317 0.5321428571428571 0.45186862967157415 0.5321428571428571 0.43827859569648925 0.5214285714285715
8 0.347678369195923 0.6267857142857143 0.34428086070215175 0.6214285714285714 0.3408833522083805 0.6178571428571429 0.33975084937712347 0.6053571428571428 0.33861834654586637 0.5982142857142857 0.33408833522083803 0.5946428571428571 0.3318233295583239 0.5857142857142857 0.3318233295583239 0.5785714285714286 0.33069082672706684 0.5714285714285714 0.33069082672706684 0.5642857142857143 0.3352208380520951 0.5642857142857143 0.3352208380520951 0.5625 0.33748584371460927 0.5589285714285714 0.33861834654586637 0.5625 0.33748584371460927 0.5678571428571428 0.33408833522083803 0.5696428571428571 0.3352208380520951 0.5732142857142857 0.33748584371460927 0.575 0.33861834654586637 0.5803571428571429 0.3363533408833522 0.5857142857142857 0.33861834654586637 0.5892857142857143 0.3408833522083805 0.5982142857142857 0.3431483578708947 0.6053571428571428 0.34428086070215175 0.6125
8 0.318233295583239 0.5196428571428572 0.34541336353340885 0.5178571428571429 0.3488108720271801 0.5160714285714286 0.32163080407701017 0.5178571428571429
8 0.36126840317100795 0.6214285714285714 0.35334088335220837 0.6107142857142858 0.34994337485843713 0.6017857142857143 0.3488108720271801 0.5964285714285714 0.347678369195923 0.5821428571428572 0.347678369195923 0.5714285714285714 0.3510758776896942 0.5732142857142857 0.3556058890147225 0.5875 0.35900339750849375 0.6
8 0.35900339750849375 0.5660714285714286 0.3567383918459796 0.5589285714285714 0.3556058890147225 0.5535714285714286 0.3522083805209513 0.5482142857142858 0.34994337485843713 0.5482142857142858 0.34994337485843713 0.5535714285714286 0.3522083805209513 0.5589285714285714 0.3522083805209513 0.5642857142857143 0.3556058890147225 0.5660714285714286 0.35900339750849375 0.5767857142857142 0.36126840317100795 0.5732142857142857
6 0.42129105322763305 0.3732142857142857 0.4190260475651189 0.3625 0.41223103057757643 0.35714285714285715 0.40090600226500567 0.35892857142857143 0.3986409966024915 0.3625 0.4043035107587769 0.3625 0.41223103057757643 0.36428571428571427 0.41676104190260477 0.37142857142857144
6 0.36919592298980747 0.45535714285714285 0.38505096262740657 0.41785714285714287 0.39184597961494905 0.4142857142857143 0.39071347678369195 0.4107142857142857 0.38165345413363533 0.4125 0.3737259343148358 0.4303571428571429 0.36579841449603623 0.44642857142857145 0.36579841449603623 0.45714285714285713
6 0.3420158550396376 0.5482142857142858 0.3408833522083805 0.5428571428571428 0.33975084937712347 0.5410714285714285 0.33975084937712347 0.5321428571428571 0.3408833522083805 0.5321428571428571 0.3408833522083805 0.5410714285714285 0.3431483578708947 0.5446428571428571 0.3431483578708947 0.5482142857142858
6 0.3556058890147225 0.5017857142857143 0.347678369195923 0.5017857142857143 0.34428086070215175 0.5035714285714286 0.33861834654586637 0.5 0.33408833522083803 0.49464285714285716 0.33408833522083803 0.48928571428571427 0.3420158550396376 0.48928571428571427 0.3431483578708947 0.4928571428571429 0.3465458663646659 0.49642857142857144 0.3556058890147225 0.49642857142857144 0.3567383918459796 0.5
3 0.3669309173272933 0.45714285714285713 0.34428086070215175 0.44285714285714284 0.34428086070215175 0.4767857142857143 0.3363533408833522 0.4857142857142857 0.3159682899207248 0.46785714285714286 0.3001132502831257 0.4642857142857143 0.3023782559456399 0.49464285714285716 0.318233295583239 0.5017857142857143 0.3352208380520951 0.5089285714285714 0.3431483578708947 0.5160714285714286 0.3420158550396376 0.5303571428571429 0.34428086070215175 0.5428571428571428 0.3567383918459796 0.5571428571428572 0.36013590033975085 0.5642857142857143 0.3635334088335221 0.5660714285714286 0.36919592298980747 0.5053571428571428
3 0.38391845979614947 0.4107142857142857 0.38391845979614947 0.3982142857142857 0.3873159682899207 0.38035714285714284 0.3952434881087203 0.3625 0.4099660249150623 0.35535714285714287 0.420158550396376 0.36428571428571427 0.4292185730464326 0.375 0.45186862967157415 0.3982142857142857 0.46998867497168745 0.42142857142857143 0.4722536806342016 0.4357142857142857 0.48924122310305773 0.4642857142857143 0.49943374858437145 0.4875 0.5028312570781427 0.5107142857142857 0.5039637599093998 0.5375 0.5096262740656852 0.575 0.5141562853907135 0.5839285714285715 0.5186862967157417 0.5964285714285714 0.5141562853907135 0.6089285714285714 0.49490373725934317 0.5696428571428571 0.47904869762174407 0.5553571428571429 0.4563986409966025 0.5410714285714285 0.4507361268403171 0.5392857142857143 0.43261608154020387 0.5410714285714285 0.42355605889014725 0.5232142857142857 0.39977349943374857 0.4857142857142857 0.3895809739524349 0.4732142857142857 0.36579841449603623 0.45357142857142857 0.3737259343148358 0.42678571428571427
3 0.39184597961494905 0.5821428571428572 0.4043035107587769 0.5660714285714286 0.4099660249150623 0.55 0.420158550396376 0.5410714285714285 0.43148357870894677 0.5410714285714285 0.420158550396376 0.5142857142857142 0.39184597961494905 0.4732142857142857 0.36579841449603623 0.4517857142857143 0.36919592298980747 0.49107142857142855 0.36806342015855037 0.5303571428571429 0.37485843714609285 0.5517857142857143 0.3793884484711212 0.5678571428571428
3 0.36806342015855037 0.6839285714285714 0.36579841449603623 0.7017857142857142 0.37485843714609285 0.7142857142857143 0.3793884484711212 0.7142857142857143 0.38505096262740657 0.7160714285714286 0.3873159682899207 0.6982142857142857 0.3873159682899207 0.6821428571428572 0.38618346545866367 0.675 0.37712344280860705 0.6785714285714286
8 0.14949037372593432 0.4660714285714286 0.18912797281993204 0.4875 0.18799546998867497 0.48392857142857143 0.17440543601359004 0.4732142857142857 0.16987542468856173 0.4732142857142857 0.15288788221970556 0.4642857142857143
8 0.3035107587768969 0.5089285714285714 0.3001132502831257 0.5107142857142857 0.3012457531143828 0.5160714285714286 0.304643261608154 0.5142857142857142 0.30690826727066817 0.5125
8 0.3408833522083805 0.6571428571428571 0.34541336353340885 0.65 0.3488108720271801 0.6482142857142857 0.35447338618346547 0.6482142857142857 0.35334088335220837 0.6446428571428572 0.3522083805209513 0.6410714285714286 0.3488108720271801 0.6339285714285714 0.347678369195923 0.6357142857142857 0.34994337485843713 0.6428571428571429 0.34994337485843713 0.6446428571428572 0.3420158550396376 0.65 0.33975084937712347 0.6553571428571429
0 0.6024915062287656 0.5839285714285715 0.5605889014722537 0.5142857142857142 0.5322763306908267 0.45714285714285713 0.5232163080407701 0.43392857142857144 0.4292185730464326 0.3464285714285714 0.4110985277463194 0.34285714285714286 0.362400906002265 0.36428571428571427 0.3646659116647792 0.41964285714285715 0.3635334088335221 0.48035714285714287 0.36013590033975085 0.5482142857142858 0.3567383918459796 0.5910714285714286 0.35900339750849375 0.675 0.36806342015855037 0.7071428571428572 0.38052095130237823 0.7107142857142857 0.3884484711211778 0.7035714285714286 0.3884484711211778 0.6589285714285714 0.3941109852774632 0.6160714285714286 0.39977349943374857 0.5785714285714286 0.41676104190260477 0.5482142857142858 0.4405436013590034 0.5375 0.46772366930917325 0.5428571428571428 0.4869762174405436 0.5625 0.507361268403171 0.5892857142857143 0.5130237825594564 0.6178571428571429
3 0.38165345413363533 0.6464285714285715 0.38052095130237823 0.6642857142857143 0.38618346545866367 0.6714285714285714 0.3895809739524349 0.6535714285714286 0.3884484711211778 0.6446428571428572
3 0.37485843714609285 0.5875 0.38505096262740657 0.6 0.38391845979614947 0.6125 0.38052095130237823 0.6178571428571429 0.3725934314835787 0.6035714285714285