3 0.3597315436241611 0.43058823529411766 0.3395973154362416 0.4541176470588235 0.35838926174496644 0.4682352941176471 0.3731543624161074 0.48470588235294115 0.3946308724832215 0.5176470588235295 0.40268456375838924 0.5552941176470588 0.41879194630872485 0.5458823529411765 0.4134228187919463 0.4894117647058824 0.4080536912751678 0.44 0.40939597315436244 0.3811764705882353 0.40939597315436244 0.34823529411764703 0.40939597315436244 0.32 0.3959731543624161 0.3388235294117647 0.3865771812080537 0.3764705882352941 0.3704697986577181 0.4 0.3597315436241611 0.43058823529411766
2 0.19328859060402684 0.39294117647058824 0.174496644295302 0.3905882352941176 0.15033557046979865 0.39294117647058824 0.12885906040268458 0.3976470588235294 0.12348993288590604 0.4188235294117647 0.11812080536912752 0.4423529411764706 0.11409395973154363 0.46588235294117647 0.11409395973154363 0.48 0.13020134228187918 0.48 0.15302013422818792 0.4823529411764706 0.17181208053691274 0.48705882352941177 0.18791946308724833 0.48 0.19865771812080538 0.4470588235294118 0.20939597315436242 0.4211764705882353 0.21073825503355706 0.3976470588235294 0.19328859060402684 0.39294117647058824
8 0.2536912751677852 0.45176470588235296 0.2563758389261745 0.4588235294117647 0.26308724832214764 0.4588235294117647 0.2697986577181208 0.4611764705882353 0.2751677852348993 0.46352941176470586 0.2791946308724832 0.4588235294117647 0.2738255033557047 0.45176470588235296 0.2657718120805369 0.44941176470588234 0.25771812080536916 0.44941176470588234 0.2536912751677852 0.45176470588235296
8 0.17852348993288591 0.5129411764705882 0.17583892617449665 0.5176470588235295 0.18120805369127516 0.5270588235294118 0.1919463087248322 0.5364705882352941 0.2040268456375839 0.5364705882352941 0.20536912751677852 0.5317647058823529 0.2 0.5223529411764706 0.1906040268456376 0.5129411764705882 0.18389261744966443 0.5011764705882353 0.17986577181208055 0.4964705882352941 0.17718120805369128 0.5035294117647059 0.17852348993288591 0.5129411764705882
8 0.22416107382550335 0.4776470588235294 0.22818791946308725 0.48470588235294115 0.21879194630872484 0.48 0.21610738255033557 0.4894117647058824 0.21610738255033557 0.5011764705882353 0.22281879194630871 0.5058823529411764 0.23221476510067113 0.5105882352941177 0.2442953020134228 0.5058823529411764 0.24697986577181208 0.49176470588235294 0.24161073825503357 0.4894117647058824 0.2389261744966443 0.48 0.23758389261744967 0.4611764705882353 0.22818791946308725 0.45647058823529413 0.22013422818791947 0.4611764705882353 0.22416107382550335 0.4776470588235294
8 0.2040268456375839 0.4541176470588235 0.2 0.46588235294117647 0.20134228187919462 0.4776470588235294 0.20536912751677852 0.48470588235294115 0.2134228187919463 0.4894117647058824 0.2134228187919463 0.4823529411764706 0.2080536912751678 0.4776470588235294 0.2080536912751678 0.4682352941176471 0.21208053691275167 0.46588235294117647 0.21476510067114093 0.4541176470588235 0.2174496644295302 0.44 0.2134228187919463 0.4376470588235294 0.2080536912751678 0.4470588235294118 0.2040268456375839 0.4541176470588235
8 0.21476510067114093 0.5552941176470588 0.2080536912751678 0.5529411764705883 0.2040268456375839 0.5552941176470588 0.2 0.5647058823529412 0.20939597315436242 0.5670588235294117 0.20536912751677852 0.5741176470588235 0.2 0.5835294117647059 0.2040268456375839 0.5952941176470589 0.21073825503355706 0.5811764705882353 0.2134228187919463 0.5670588235294117 0.2174496644295302 0.5670588235294117 0.22013422818791947 0.5529411764705883 0.22013422818791947 0.5458823529411765 0.22013422818791947 0.5388235294117647 0.22416107382550335 0.5317647058823529 0.21610738255033557 0.5317647058823529 0.21073825503355706 0.5388235294117647 0.21610738255033557 0.548235294117647 0.21476510067114093 0.5552941176470588
8 0.20939597315436242 0.6211764705882353 0.20671140939597316 0.6282352941176471 0.20671140939597316 0.6376470588235295 0.21073825503355706 0.6282352941176471 0.21610738255033557 0.6211764705882353 0.2134228187919463 0.611764705882353 0.20536912751677852 0.6094117647058823 0.20134228187919462 0.6164705882352941 0.20536912751677852 0.6211764705882353 0.20939597315436242 0.6211764705882353
8 0.17315436241610738 0.5952941176470589 0.17852348993288591 0.5835294117647059 0.17181208053691274 0.5811764705882353 0.16644295302013423 0.5835294117647059 0.16778523489932887 0.5952941176470589 0.17315436241610738 0.5952941176470589
8 0.1959731543624161 0.49176470588235294 0.18791946308724833 0.48705882352941177 0.18926174496644296 0.4964705882352941 0.19463087248322147 0.5011764705882353 0.19865771812080538 0.508235294117647 0.20671140939597316 0.5152941176470588 0.21476510067114093 0.52 0.2134228187919463 0.5105882352941177 0.20268456375838925 0.5011764705882353 0.1959731543624161 0.49176470588235294
8 0.25100671140939596 0.3952941176470588 0.2483221476510067 0.3905882352941176 0.2442953020134228 0.38588235294117645 0.23221476510067113 0.37176470588235294 0.22550335570469798 0.3764705882352941 0.23221476510067113 0.3811764705882353 0.23624161073825503 0.3811764705882353 0.24161073825503357 0.3905882352941176 0.2442953020134228 0.4023529411764706 0.24563758389261744 0.41411764705882353 0.24563758389261744 0.4258823529411765 0.24966442953020135 0.4329411764705882 0.25100671140939596 0.4188235294117647 0.2523489932885906 0.40941176470588236 0.2550335570469799 0.4 0.26174496644295303 0.3905882352941176 0.25771812080536916 0.38588235294117645 0.2536912751677852 0.3905882352941176 0.25100671140939596 0.3952941176470588
8 0.4818791946308725 0.5741176470588235 0.4697986577181208 0.5694117647058824 0.4604026845637584 0.5764705882352941 0.4469798657718121 0.5835294117647059 0.44966442953020136 0.5952941176470589 0.4577181208053691 0.5929411764705882 0.47114093959731546 0.5905882352941176 0.4818791946308725 0.5858823529411765 0.4885906040268456 0.5858823529411765 0.5006711409395973 0.5811764705882353 0.5114093959731544 0.5764705882352941 0.5181208053691275 0.5788235294117647 0.5275167785234899 0.5741176470588235 0.5194630872483221 0.5647058823529412 0.5073825503355704 0.5623529411764706 0.4966442953020134 0.5694117647058824 0.4818791946308725 0.5741176470588235
8 0.4053691275167785 0.5623529411764706 0.4053691275167785 0.571764705882353 0.4120805369127517 0.5741176470588235 0.41879194630872485 0.5670588235294117 0.41879194630872485 0.5529411764705883 0.41073825503355704 0.5529411764705883 0.4053691275167785 0.5623529411764706
3 0.25906040268456376 0.4117647058823529 0.26174496644295303 0.3788235294117647 0.23758389261744967 0.3552941176470588 0.22550335570469798 0.3552941176470588 0.21073825503355706 0.36941176470588233 0.19731543624161074 0.3835294117647059 0.21073825503355706 0.3952941176470588 0.2174496644295302 0.40705882352941175 0.21073825503355706 0.43058823529411766 0.2 0.45647058823529413 0.19328859060402684 0.4752941176470588 0.19731543624161074 0.49176470588235294 0.21208053691275167 0.5105882352941177 0.22550335570469798 0.5341176470588235 0.2389261744966443 0.5505882352941176 0.24697986577181208 0.5623529411764706 0.26711409395973157 0.5317647058823529 0.2859060402684564 0.5105882352941177 0.3087248322147651 0.4776470588235294 0.3167785234899329 0.4611764705882353 0.3167785234899329 0.4447058823529412 0.30201342281879195 0.4258823529411765 0.2791946308724832 0.4164705882352941 0.25906040268456376 0.4117647058823529
3 0.1919463087248322 0.48705882352941177 0.17852348993288591 0.4894117647058824 0.1597315436241611 0.48705882352941177 0.15436241610738255 0.5011764705882353 0.15167785234899328 0.52 0.13691275167785236 0.5341176470588235 0.13691275167785236 0.56 0.1436241610738255 0.5858823529411765 0.14496644295302014 0.611764705882353 0.15436241610738255 0.6329411764705882 0.15838926174496645 0.6494117647058824 0.1610738255033557 0.6658823529411765 0.18389261744966443 0.668235294117647 0.19865771812080538 0.6705882352941176 0.2040268456375839 0.64 0.21208053691275167 0.6141176470588235 0.22281879194630871 0.5976470588235294 0.23758389261744967 0.5788235294117647 0.24295302013422818 0.5647058823529412 0.23221476510067113 0.5458823529411765 0.21879194630872484 0.5294117647058824 0.19865771812080538 0.49411764705882355 0.1919463087248322 0.48705882352941177
8 0.1221476510067114 0.5835294117647059 0.13020134228187918 0.5835294117647059 0.13557046979865772 0.5811764705882353 0.138255033557047 0.571764705882353 0.13154362416107382 0.56 0.12348993288590604 0.5576470588235294 0.12080536912751678 0.5741176470588235 0.1221476510067114 0.5835294117647059
0 0.38791946308724834 0.27294117647058824 0.3516778523489933 0.2917647058823529 0.3302013422818792 0.2847058823529412 0.28187919463087246 0.3129411764705882 0.2389261744966443 0.33176470588235296 0.2 0.3552941176470588 0.15704697986577182 0.38823529411764707 0.20536912751677852 0.3952941176470588 0.2134228187919463 0.40941176470588236 0.20268456375838925 0.43529411764705883 0.18926174496644296 0.47058823529411764 0.1865771812080537 0.48 0.2442953020134228 0.5647058823529412 0.26308724832214764 0.5411764705882353 0.29261744966442954 0.5035294117647059 0.3194630872483222 0.47058823529411764 0.3436241610738255 0.47058823529411764 0.374496644295302 0.4894117647058824 0.39865771812080536 0.5223529411764706 0.40268456375838924 0.56 0.41879194630872485 0.5505882352941176 0.4174496644295302 0.4235294117647059 0.40939597315436244 0.2541176470588235 0.38791946308724834 0.27294117647058824