8 0.31417624521072796 0.5753968253968254 0.3205619412515964 0.5753968253968254 0.34099616858237547 0.5773809523809523 0.3563218390804598 0.5833333333333334 0.3614303959131545 0.5813492063492064 0.3665389527458493 0.5793650793650794 0.37037037037037035 0.5793650793650794 0.37547892720306514 0.5714285714285714 0.3767560664112388 0.5634920634920635 0.38058748403575987 0.5575396825396826 0.388250319284802 0.5595238095238095 0.39208173690932313 0.5654761904761905 0.3933588761174968 0.5734126984126984 0.39208173690932313 0.5833333333333334 0.3895274584929757 0.5932539682539683 0.388250319284802 0.5972222222222222 0.38569604086845466 0.6051587301587301 0.38058748403575987 0.6071428571428571 0.37547892720306514 0.6091269841269841 0.37547892720306514 0.5952380952380952 0.3818646232439336 0.5892857142857143 0.3831417624521073 0.5793650793650794 0.3818646232439336 0.5674603174603174 0.3767560664112388 0.5793650793650794 0.37420178799489145 0.5853174603174603 0.384418901660281 0.5873015873015873 0.3831417624521073 0.5972222222222222 0.36909323116219667 0.5912698412698413 0.367816091954023 0.5992063492063492 0.3614303959131545 0.5952380952380952 0.351213282247765 0.5932539682539683 0.3397190293742018 0.5873015873015873 0.3269476372924649 0.5873015873015873 0.31545338441890164 0.5833333333333334
8 0.34099616858237547 0.5952380952380952 0.3550446998722861 0.5932539682539683 0.36398467432950193 0.6011904761904762 0.3652618135376756 0.6091269841269841 0.37037037037037035 0.6111111111111112 0.37547892720306514 0.6031746031746031 0.38058748403575987 0.6051587301587301 0.37547892720306514 0.6150793650793651 0.37037037037037035 0.623015873015873 0.367816091954023 0.6329365079365079 0.36270753512132825 0.6428571428571429 0.36015325670498083 0.6369047619047619 0.3537675606641124 0.626984126984127 0.36015325670498083 0.625 0.3563218390804598 0.6150793650793651 0.3499361430395913 0.6150793650793651 0.34227330779054915 0.6071428571428571 0.3486590038314176 0.6071428571428571 0.3563218390804598 0.6051587301587301 0.351213282247765 0.5992063492063492
8 0.3499361430395913 0.6388888888888888 0.3550446998722861 0.6388888888888888 0.36015325670498083 0.6448412698412699 0.3550446998722861 0.6468253968253969 0.351213282247765 0.6448412698412699
8 0.3716475095785441 0.6567460317460317 0.37292464878671777 0.6488095238095238 0.3767560664112388 0.6329365079365079 0.38058748403575987 0.6190476190476191 0.39080459770114945 0.5972222222222222 0.39719029374201786 0.5873015873015873 0.3959131545338442 0.5972222222222222 0.39208173690932313 0.6031746031746031 0.3895274584929757 0.6111111111111112 0.3946360153256705 0.6130952380952381 0.3946360153256705 0.621031746031746 0.39080459770114945 0.6190476190476191 0.38569604086845466 0.6170634920634921 0.38569604086845466 0.621031746031746 0.39080459770114945 0.621031746031746 0.3946360153256705 0.625 0.3946360153256705 0.628968253968254 0.388250319284802 0.628968253968254 0.384418901660281 0.628968253968254 0.38697318007662834 0.6329365079365079 0.3946360153256705 0.6349206349206349 0.3946360153256705 0.6408730158730159 0.38697318007662834 0.6408730158730159 0.38569604086845466 0.6468253968253969 0.3818646232439336 0.6468253968253969 0.3818646232439336 0.6309523809523809 0.3767560664112388 0.6448412698412699 0.37547892720306514 0.6507936507936508
8 0.41890166028097064 0.5773809523809523 0.4240102171136654 0.5753968253968254 0.42911877394636017 0.5793650793650794 0.4355044699872286 0.5813492063492064 0.44316730523627074 0.5833333333333334 0.4444444444444444 0.5853174603174603 0.4393358876117497 0.5873015873015873 0.4355044699872286 0.5912698412698413 0.43167305236270753 0.5873015873015873 0.42656449553001274 0.5853174603174603 0.421455938697318 0.5813492063492064 0.41890166028097064 0.5793650793650794
8 0.44061302681992337 0.5734126984126984 0.4444444444444444 0.5714285714285714 0.4521072796934866 0.5734126984126984 0.4559386973180077 0.5714285714285714 0.4610472541507024 0.5734126984126984 0.45977011494252873 0.5773809523809523 0.4508301404853129 0.5813492063492064 0.44572158365261816 0.5773809523809523 0.4393358876117497 0.5773809523809523
8 0.46871008939974457 0.5337301587301587 0.47381864623243936 0.5297619047619048 0.4789272030651341 0.5257936507936508 0.48659003831417624 0.5277777777777778 0.49808429118773945 0.5317460317460317 0.508301404853129 0.5357142857142857 0.5236270753512133 0.5416666666666666 0.5376756066411239 0.5476190476190477 0.5517241379310345 0.5515873015873016 0.5644955300127714 0.5575396825396826 0.5836526181353767 0.5634920634920635 0.5977011494252874 0.5674603174603174 0.578544061302682 0.5634920634920635 0.5670498084291188 0.5615079365079365 0.5542784163473818 0.5555555555555556 0.5351213282247765 0.5515873015873016 0.5478927203065134 0.5575396825396826 0.558109833971903 0.5615079365079365 0.5683269476372924 0.5654761904761905 0.5772669220945083 0.5674603174603174 0.5874840357598978 0.5714285714285714 0.5964240102171137 0.5753968253968254 0.5810983397190294 0.5734126984126984 0.5632183908045977 0.5674603174603174 0.5376756066411239 0.5575396825396826 0.524904214559387 0.5515873015873016 0.5185185185185185 0.5456349206349206 0.5019157088122606 0.5396825396825397 0.4827586206896552 0.5337301587301587 0.4789272030651341 0.5337301587301587 0.47509578544061304 0.5357142857142857 0.46998722860791825 0.5376984126984127
8 0.454661558109834 0.5257936507936508 0.45977011494252873 0.5257936507936508 0.4610472541507024 0.5277777777777778 0.4661558109833972 0.5277777777777778 0.4674329501915709 0.5257936507936508 0.46998722860791825 0.5238095238095238 0.47381864623243936 0.5238095238095238 0.47509578544061304 0.5218253968253969 0.4789272030651341 0.5218253968253969 0.4763729246487867 0.5257936507936508 0.4725415070242657 0.5297619047619048 0.46871008939974457 0.5317460317460317 0.46360153256704983 0.5317460317460317 0.45977011494252873 0.5317460317460317 0.4559386973180077 0.5297619047619048
8 0.4444444444444444 0.5535714285714286 0.4508301404853129 0.5535714285714286 0.45977011494252873 0.5575396825396826 0.4674329501915709 0.5595238095238095 0.47509578544061304 0.5615079365079365 0.4827586206896552 0.5634920634920635 0.4942528735632184 0.5674603174603174 0.49936143039591313 0.5634920634920635 0.5031928480204342 0.5575396825396826 0.5057471264367817 0.5634920634920635 0.5057471264367817 0.5694444444444444 0.4827586206896552 0.5714285714285714 0.46871008939974457 0.5734126984126984 0.4610472541507024 0.5753968253968254 0.45721583652618136 0.5734126984126984 0.4495530012771392 0.5694444444444444 0.44699872286079184 0.5634920634920635 0.454661558109834 0.5634920634920635 0.4610472541507024 0.5674603174603174 0.46998722860791825 0.5694444444444444 0.46360153256704983 0.5634920634920635 0.4508301404853129 0.5575396825396826
8 0.5172413793103449 0.5575396825396826 0.5197956577266922 0.5555555555555556 0.5274584929757343 0.5575396825396826 0.5325670498084292 0.5615079365079365 0.5402298850574713 0.5654761904761905 0.5568326947637292 0.5714285714285714 0.565772669220945 0.5773809523809523 0.5747126436781609 0.5813492063492064 0.5874840357598978 0.5873015873015873 0.5925925925925926 0.5912698412698413 0.5977011494252874 0.5952380952380952 0.6079182630906769 0.5992063492063492 0.6130268199233716 0.6051587301587301 0.6091954022988506 0.6071428571428571 0.6002554278416348 0.6011904761904762 0.5900383141762452 0.5952380952380952 0.5810983397190294 0.5912698412698413 0.5721583652618135 0.5853174603174603 0.5542784163473818 0.5753968253968254 0.5402298850574713 0.5734126984126984 0.5274584929757343 0.5734126984126984 0.5223499361430396 0.5694444444444444 0.5134099616858238 0.5694444444444444 0.5095785440613027 0.5694444444444444 0.51213282247765 0.5634920634920635 0.5159642401021711 0.5634920634920635
8 0.6385696040868455 0.5555555555555556 0.6385696040868455 0.5496031746031746 0.6398467432950191 0.5476190476190477 0.644955300127714 0.5476190476190477 0.648786717752235 0.5496031746031746 0.6526181353767561 0.5555555555555556 0.6526181353767561 0.5634920634920635 0.6513409961685823 0.5714285714285714 0.648786717752235 0.5674603174603174 0.6462324393358876 0.5615079365079365 0.644955300127714 0.5575396825396826 0.6424010217113666 0.5535714285714286
8 0.6360153256704981 0.5873015873015873 0.6398467432950191 0.5873015873015873 0.6475095785440613 0.5892857142857143 0.6526181353767561 0.5892857142857143 0.6526181353767561 0.5932539682539683 0.6500638569604087 0.5972222222222222 0.644955300127714 0.5952380952380952 0.644955300127714 0.5992063492063492 0.644955300127714 0.6051587301587301 0.648786717752235 0.6051587301587301 0.644955300127714 0.6111111111111112 0.6500638569604087 0.6130952380952381 0.6513409961685823 0.6150793650793651 0.6551724137931034 0.6091269841269841 0.6564495530012772 0.6111111111111112 0.6564495530012772 0.6150793650793651 0.6538952745849298 0.621031746031746 0.6500638569604087 0.626984126984127 0.644955300127714 0.621031746031746 0.6411238825031929 0.621031746031746 0.6436781609195402 0.626984126984127 0.6475095785440613 0.6309523809523809 0.6462324393358876 0.6349206349206349 0.6398467432950191 0.628968253968254 0.6360153256704981 0.625 0.6347381864623244 0.6190476190476191 0.632183908045977 0.6130952380952381 0.632183908045977 0.6091269841269841 0.6372924648786717 0.6091269841269841 0.6385696040868455 0.6031746031746031 0.6385696040868455 0.5932539682539683 0.6360153256704981 0.5912698412698413
8 0.6577266922094508 0.6031746031746031 0.6551724137931034 0.5992063492063492 0.6577266922094508 0.5912698412698413 0.6628352490421456 0.5892857142857143 0.669220945083014 0.5853174603174603 0.6717752234993615 0.5753968253968254 0.6743295019157088 0.5714285714285714 0.6807151979565773 0.5714285714285714 0.6871008939974457 0.5773809523809523 0.685823754789272 0.5833333333333334 0.685823754789272 0.5873015873015873 0.6922094508301405 0.5892857142857143 0.7049808429118773 0.5912698412698413 0.7113665389527458 0.5932539682539683 0.7139208173690932 0.5873015873015873 0.7139208173690932 0.5813492063492064 0.7164750957854407 0.5734126984126984 0.719029374201788 0.5674603174603174 0.7241379310344828 0.5634920634920635 0.7292464878671775 0.5654761904761905 0.7330779054916986 0.5714285714285714 0.7330779054916986 0.5773809523809523 0.7305236270753512 0.5813492063492064 0.7279693486590039 0.5853174603174603 0.7318007662835249 0.5853174603174603 0.7330779054916986 0.5873015873015873 0.7369093231162197 0.5912698412698413 0.7394636015325671 0.5932539682539683 0.7420178799489144 0.5952380952380952 0.7471264367816092 0.5952380952380952 0.7407407407407407 0.5992063492063492 0.7343550446998723 0.5992063492063492 0.7292464878671775 0.6011904761904762 0.7203065134099617 0.6051587301587301 0.7164750957854407 0.6071428571428571 0.7215836526181354 0.6130952380952381 0.7164750957854407 0.6150793650793651 0.7113665389527458 0.6170634920634921 0.7113665389527458 0.6190476190476191 0.7177522349936143 0.623015873015873 0.722860791826309 0.625 0.7279693486590039 0.626984126984127 0.722860791826309 0.628968253968254 0.7177522349936143 0.628968253968254 0.7254150702426565 0.6329365079365079 0.7318007662835249 0.6329365079365079 0.735632183908046 0.6349206349206349 0.7318007662835249 0.6369047619047619 0.7254150702426565 0.6388888888888888 0.7203065134099617 0.6369047619047619 0.7164750957854407 0.6349206349206349 0.7113665389527458 0.6329365079365079 0.7100893997445722 0.626984126984127 0.7075351213282248 0.623015873015873 0.7037037037037037 0.6190476190476191 0.6998722860791826 0.6150793650793651 0.6960408684546615 0.6150793650793651 0.7037037037037037 0.621031746031746 0.6998722860791826 0.625 0.70242656449553 0.626984126984127 0.70242656449553 0.6329365079365079 0.6960408684546615 0.6329365079365079 0.6883780332056194 0.6329365079365079 0.6845466155810983 0.6309523809523809 0.6794380587484036 0.626984126984127 0.6756066411238825 0.625 0.6679438058748404 0.625 0.6666666666666666 0.6190476190476191 0.6730523627075351 0.6190476190476191 0.6819923371647509 0.6190476190476191 0.6883780332056194 0.6190476190476191 0.6871008939974457 0.6130952380952381 0.6871008939974457 0.6091269841269841 0.6909323116219668 0.6071428571428571 0.6896551724137931 0.6051587301587301 0.6973180076628352 0.6011904761904762 0.7062579821200511 0.6031746031746031 0.7062579821200511 0.5992063492063492 0.7011494252873564 0.5972222222222222 0.6947637292464879 0.5952380952380952 0.6973180076628352 0.6051587301587301 0.6922094508301405 0.6091269841269841 0.6871008939974457 0.5992063492063492 0.6845466155810983 0.5952380952380952 0.6768837803320562 0.5952380952380952 0.6717752234993615 0.5952380952380952 0.6704980842911877 0.6011904761904762 0.6679438058748404 0.6051587301587301 0.665389527458493 0.6091269841269841 0.665389527458493 0.6150793650793651 0.6615581098339719 0.6170634920634921 0.6602809706257982 0.621031746031746 0.6577266922094508 0.626984126984127 0.6538952745849298 0.626984126984127 0.6526181353767561 0.623015873015873 0.6577266922094508 0.6130952380952381 0.6615581098339719 0.6051587301587301
8 0.6794380587484036 0.5714285714285714 0.6883780332056194 0.5714285714285714 0.6973180076628352 0.5734126984126984 0.7062579821200511 0.5734126984126984 0.7164750957854407 0.5753968253968254 0.7381864623243933 0.5793650793650794 0.7547892720306514 0.5813492063492064 0.7662835249042146 0.5833333333333334 0.7611749680715197 0.5873015873015873 0.7432950191570882 0.5873015873015873 0.7305236270753512 0.5833333333333334 0.7049808429118773 0.5793650793650794 0.6871008939974457 0.5753968253968254
8 0.6845466155810983 0.5793650793650794 0.7049808429118773 0.5813492063492064 0.719029374201788 0.5853174603174603 0.7369093231162197 0.5873015873015873 0.7458492975734355 0.5912698412698413 0.7598978288633461 0.5932539682539683 0.7650063856960408 0.5952380952380952 0.768837803320562 0.5992063492063492 0.7726692209450831 0.6011904761904762 0.7739463601532567 0.6071428571428571 0.7701149425287356 0.6091269841269841 0.7662835249042146 0.6051587301587301 0.7598978288633461 0.6051587301587301 0.7547892720306514 0.6031746031746031 0.7547892720306514 0.5972222222222222 0.7420178799489144 0.5952380952380952 0.7088122605363985 0.5873015873015873 0.6960408684546615 0.5833333333333334 0.6871008939974457 0.5853174603174603
8 0.669220945083014 0.5992063492063492 0.6794380587484036 0.5992063492063492 0.6883780332056194 0.5992063492063492 0.7164750957854407 0.5992063492063492 0.7432950191570882 0.5992063492063492 0.7509578544061303 0.6051587301587301 0.756066411238825 0.6111111111111112 0.7573435504469987 0.6150793650793651 0.7484035759897829 0.6111111111111112 0.7394636015325671 0.6071428571428571 0.7254150702426565 0.6051587301587301 0.7126436781609196 0.6031746031746031 0.6871008939974457 0.6071428571428571 0.665389527458493 0.6071428571428571
8 0.6998722860791826 0.5674603174603174 0.7037037037037037 0.5575396825396826 0.7075351213282248 0.5496031746031746 0.7126436781609196 0.5436507936507936 0.7203065134099617 0.5436507936507936 0.7241379310344828 0.5456349206349206 0.7254150702426565 0.5496031746031746 0.7343550446998723 0.5496031746031746 0.7445721583652618 0.5496031746031746 0.7484035759897829 0.5555555555555556 0.7535121328224776 0.5615079365079365 0.7471264367816092 0.5634920634920635 0.7420178799489144 0.5615079365079365 0.735632183908046 0.5595238095238095 0.7266922094508301 0.5595238095238095 0.7215836526181354 0.5575396825396826 0.722860791826309 0.5535714285714286 0.7177522349936143 0.5555555555555556 0.7139208173690932 0.5555555555555556 0.7100893997445722 0.5575396825396826 0.7049808429118773 0.5634920634920635
8 0.722860791826309 0.5396825396825397 0.7254150702426565 0.5357142857142857 0.7292464878671775 0.5357142857142857 0.7330779054916986 0.5396825396825397 0.7343550446998723 0.5357142857142857 0.7369093231162197 0.5376984126984127 0.7407407407407407 0.5416666666666666 0.7369093231162197 0.5436507936507936 0.7318007662835249 0.5436507936507936 0.7279693486590039 0.5416666666666666
8 0.7445721583652618 0.5674603174603174 0.7496807151979565 0.5654761904761905 0.756066411238825 0.5654761904761905 0.7573435504469987 0.5674603174603174 0.7598978288633461 0.5714285714285714 0.7611749680715197 0.5753968253968254 0.7611749680715197 0.5773809523809523 0.7598978288633461 0.5813492063492064 0.7547892720306514 0.5813492063492064 0.756066411238825 0.5753968253968254 0.756066411238825 0.5734126984126984 0.7484035759897829 0.5734126984126984 0.7471264367816092 0.5714285714285714 0.7458492975734355 0.5694444444444444
8 0.7458492975734355 0.626984126984127 0.7496807151979565 0.625 0.7535121328224776 0.623015873015873 0.756066411238825 0.626984126984127 0.7547892720306514 0.6309523809523809 0.7522349936143039 0.628968253968254 0.7496807151979565 0.6309523809523809 0.7458492975734355 0.6309523809523809
8 0.7471264367816092 0.6349206349206349 0.756066411238825 0.6369047619047619 0.7637292464878672 0.6369047619047619 0.7662835249042146 0.6369047619047619 0.7662835249042146 0.6329365079365079 0.7675606641123882 0.628968253968254 0.7726692209450831 0.628968253968254 0.7752234993614304 0.6329365079365079 0.7713920817369093 0.6349206349206349 0.7726692209450831 0.6388888888888888 0.7777777777777778 0.6408730158730159 0.7790549169859514 0.6428571428571429 0.776500638569604 0.6448412698412699 0.768837803320562 0.6448412698412699 0.7586206896551724 0.6428571428571429 0.7471264367816092 0.6388888888888888
8 0.7713920817369093 0.6587301587301587 0.7726692209450831 0.6567460317460317 0.7777777777777778 0.6567460317460317 0.7790549169859514 0.6587301587301587 0.7752234993614304 0.6626984126984127 0.7726692209450831 0.6626984126984127
8 0.7547892720306514 0.6746031746031746 0.7701149425287356 0.6746031746031746 0.7816091954022989 0.6746031746031746 0.7841634738186463 0.6785714285714286 0.7828863346104725 0.6845238095238095 0.7790549169859514 0.6865079365079365 0.7777777777777778 0.6825396825396826 0.7726692209450831 0.6825396825396826 0.7650063856960408 0.6805555555555556 0.756066411238825 0.6785714285714286
8 0.7611749680715197 0.6984126984126984 0.7713920817369093 0.6964285714285714 0.7777777777777778 0.6984126984126984 0.7777777777777778 0.7043650793650794 0.7752234993614304 0.7043650793650794 0.7650063856960408 0.7023809523809523
8 0.7407407407407407 0.7182539682539683 0.7535121328224776 0.7182539682539683 0.7675606641123882 0.7182539682539683 0.7739463601532567 0.7182539682539683 0.7739463601532567 0.7222222222222222 0.7662835249042146 0.7242063492063492 0.7598978288633461 0.7242063492063492 0.7522349936143039 0.7242063492063492
8 0.7458492975734355 0.6944444444444444 0.7484035759897829 0.6944444444444444 0.7496807151979565 0.7003968253968254 0.7484035759897829 0.7003968253968254 0.7458492975734355 0.6984126984126984
8 0.7522349936143039 0.7063492063492064 0.756066411238825 0.7162698412698413 0.7611749680715197 0.7301587301587301 0.7624521072796935 0.7361111111111112 0.7586206896551724 0.7361111111111112 0.7573435504469987 0.7321428571428571 0.756066411238825 0.7281746031746031 0.7509578544061303 0.7123015873015873
8 0.7547892720306514 0.7420634920634921 0.7598978288633461 0.7420634920634921 0.7637292464878672 0.7420634920634921 0.7650063856960408 0.7380952380952381 0.7675606641123882 0.7380952380952381 0.7701149425287356 0.7400793650793651 0.7713920817369093 0.7440476190476191 0.768837803320562 0.748015873015873 0.7701149425287356 0.75 0.768837803320562 0.7559523809523809 0.7662835249042146 0.7559523809523809 0.7637292464878672 0.7559523809523809 0.7624521072796935 0.751984126984127 0.7611749680715197 0.748015873015873 0.7586206896551724 0.746031746031746 0.756066411238825 0.746031746031746
8 0.7100893997445722 0.7321428571428571 0.7203065134099617 0.7341269841269841 0.7330779054916986 0.7361111111111112 0.7471264367816092 0.7420634920634921 0.7522349936143039 0.7440476190476191 0.7420178799489144 0.7440476190476191 0.7330779054916986 0.7420634920634921 0.7215836526181354 0.7420634920634921 0.7139208173690932 0.7420634920634921
8 0.7164750957854407 0.748015873015873 0.7292464878671775 0.748015873015873 0.7407407407407407 0.75 0.7598978288633461 0.753968253968254 0.7535121328224776 0.7559523809523809 0.735632183908046 0.753968253968254 0.7254150702426565 0.753968253968254 0.7177522349936143 0.751984126984127
8 0.7241379310344828 0.7718253968253969 0.735632183908046 0.7718253968253969 0.7509578544061303 0.7757936507936508 0.7573435504469987 0.7777777777777778 0.7522349936143039 0.7817460317460317 0.7496807151979565 0.7837301587301587 0.7407407407407407 0.7857142857142857 0.7394636015325671 0.7876984126984127 0.7330779054916986 0.7876984126984127 0.7305236270753512 0.7837301587301587 0.7266922094508301 0.7817460317460317
8 0.6973180076628352 0.7003968253968254 0.6998722860791826 0.7043650793650794 0.7037037037037037 0.7063492063492064 0.7037037037037037 0.7103174603174603 0.7177522349936143 0.7142857142857143 0.7279693486590039 0.7142857142857143 0.7343550446998723 0.7182539682539683 0.7215836526181354 0.7182539682539683 0.7100893997445722 0.7162698412698413 0.7037037037037037 0.7202380952380952 0.6960408684546615 0.7043650793650794 0.6909323116219668 0.6964285714285714 0.6871008939974457 0.6884920634920635 0.6819923371647509 0.6805555555555556 0.6730523627075351 0.6686507936507936 0.665389527458493 0.6547619047619048 0.6590038314176245 0.6468253968253969 0.6538952745849298 0.6408730158730159 0.6577266922094508 0.6388888888888888 0.6641123882503193 0.6388888888888888 0.6666666666666666 0.6408730158730159 0.6704980842911877 0.6388888888888888 0.6781609195402298 0.6388888888888888 0.6845466155810983 0.6408730158730159 0.6819923371647509 0.6448412698412699 0.6896551724137931 0.6468253968253969 0.6934865900383141 0.6468253968253969 0.6922094508301405 0.6428571428571429 0.6973180076628352 0.6428571428571429 0.6998722860791826 0.6448412698412699 0.6973180076628352 0.6488095238095238 0.7011494252873564 0.6507936507936508 0.7062579821200511 0.6507936507936508 0.7062579821200511 0.6468253968253969 0.7126436781609196 0.6468253968253969 0.7177522349936143 0.6527777777777778 0.7151979565772669 0.6567460317460317 0.7062579821200511 0.6567460317460317 0.70242656449553 0.6547619047619048 0.6934865900383141 0.6527777777777778 0.6832694763729247 0.6507936507936508 0.6756066411238825 0.6488095238095238 0.6704980842911877 0.6507936507936508 0.6717752234993615 0.6547619047619048 0.6781609195402298 0.6567460317460317 0.685823754789272 0.6587301587301587 0.6934865900383141 0.6607142857142857 0.6998722860791826 0.6607142857142857 0.7062579821200511 0.6646825396825397 0.7100893997445722 0.6666666666666666 0.7139208173690932 0.6666666666666666 0.7164750957854407 0.6666666666666666 0.7177522349936143 0.6686507936507936 0.719029374201788 0.6706349206349206 0.7151979565772669 0.6706349206349206 0.722860791826309 0.6746031746031746 0.7330779054916986 0.6726190476190477 0.7394636015325671 0.6746031746031746 0.7445721583652618 0.6785714285714286 0.7381864623243933 0.6825396825396826 0.7343550446998723 0.6785714285714286 0.7254150702426565 0.6785714285714286 0.7151979565772669 0.6765873015873016 0.7088122605363985 0.6765873015873016 0.70242656449553 0.6746031746031746 0.6934865900383141 0.6726190476190477 0.685823754789272 0.6706349206349206 0.6845466155810983 0.6686507936507936 0.6845466155810983 0.6785714285714286 0.6909323116219668 0.6825396825396826 0.6947637292464879 0.6865079365079365 0.6973180076628352 0.6825396825396826 0.70242656449553 0.6825396825396826 0.7011494252873564 0.6884920634920635 0.7203065134099617 0.6924603174603174 0.7126436781609196 0.6944444444444444 0.6998722860791826 0.6924603174603174 0.6960408684546615 0.6944444444444444
1 0.4763729246487867 0.8551587301587301 0.4661558109833972 0.8313492063492064 0.45977011494252873 0.8095238095238095 0.454661558109834 0.7857142857142857 0.454661558109834 0.7619047619047619 0.45849297573435505 0.7341269841269841 0.46871008939974457 0.7023809523809523 0.48020434227330777 0.6785714285714286 0.5044699872286079 0.6646825396825397 0.541507024265645 0.6587301587301587 0.5683269476372924 0.6626984126984127 0.6002554278416348 0.6845238095238095 0.6181353767560664 0.7123015873015873 0.6334610472541508 0.7380952380952381 0.6385696040868455 0.7380952380952381 0.6436781609195402 0.746031746031746 0.6500638569604087 0.7619047619047619 0.6526181353767561 0.7718253968253969 0.6538952745849298 0.7797619047619048 0.6538952745849298 0.7936507936507936 0.6551724137931034 0.8134920634920635 0.6551724137931034 0.8273809523809523 0.6551724137931034 0.8412698412698413 0.6551724137931034 0.8571428571428571 0.6513409961685823 0.8690476190476191 0.6475095785440613 0.8829365079365079 0.644955300127714 0.8948412698412699 0.6398467432950191 0.9047619047619048 0.632183908045977 0.9166666666666666 0.6066411238825032 0.9285714285714286 0.5964240102171137 0.9305555555555556 0.5721583652618135 0.9325396825396826 0.5491698595146871 0.9226190476190477 0.5312899106002554 0.9186507936507936 0.5172413793103449 0.9126984126984127 0.5057471264367817 0.9047619047619048 0.4904214559386973 0.8829365079365079