0 0.2813588850174216 0.5675990675990676 0.2778745644599303 0.6398601398601399 0.2761324041811847 0.7004662004662005 0.27961672473867594 0.7680652680652681 0.2935540069686411 0.8263403263403264 0.3127177700348432 0.8333333333333334 0.3144599303135889 0.7937062937062938 0.4259581881533101 0.8916083916083916 0.4381533101045296 0.8916083916083916 0.4573170731707317 0.8566433566433567 0.4764808362369338 0.8193473193473193 0.4834494773519164 0.7331002331002331 0.49390243902439024 0.6468531468531469 0.5113240418118467 0.541958041958042 0.5270034843205574 0.4813519813519814 0.5357142857142857 0.47202797202797203 0.5165505226480837 0.3951048951048951 0.5060975609756098 0.39044289044289043 0.4729965156794425 0.4114219114219114 0.44860627177700346 0.4254079254079254 0.4137630662020906 0.4393939393939394 0.382404181184669 0.4417249417249417 0.3475609756097561 0.44405594405594406 0.31097560975609756 0.4417249417249417 0.2935540069686411 0.5303030303030303 0.2813588850174216 0.5675990675990676
6 0.5304878048780488 0.44871794871794873 0.5270034843205574 0.4557109557109557 0.5357142857142857 0.45104895104895104 0.539198606271777 0.44405594405594406 0.5339721254355401 0.4393939393939394 0.5304878048780488 0.44871794871794873
6 0.5026132404181185 0.45104895104895104 0.5078397212543554 0.4557109557109557 0.5113240418118467 0.4557109557109557 0.5165505226480837 0.46503496503496505 0.5200348432055749 0.458041958041958 0.5165505226480837 0.44871794871794873 0.509581881533101 0.44638694638694637 0.5026132404181185 0.45104895104895104
6 0.47473867595818814 0.5209790209790209 0.4799651567944251 0.5233100233100233 0.4817073170731707 0.5163170163170163 0.4799651567944251 0.5116550116550117 0.47473867595818814 0.513986013986014 0.47473867595818814 0.5209790209790209
6 0.5026132404181185 0.5256410256410257 0.5043554006968641 0.5303030303030303 0.509581881533101 0.527972027972028 0.509581881533101 0.5233100233100233 0.5060975609756098 0.5233100233100233 0.5026132404181185 0.5256410256410257
6 0.4642857142857143 0.5186480186480187 0.460801393728223 0.5209790209790209 0.460801393728223 0.5303030303030303 0.460801393728223 0.534965034965035 0.4573170731707317 0.5442890442890443 0.4625435540069686 0.5442890442890443 0.4695121951219512 0.5396270396270396 0.4695121951219512 0.5326340326340326 0.4695121951219512 0.5233100233100233 0.4695121951219512 0.513986013986014 0.4642857142857143 0.5186480186480187
6 0.4259581881533101 0.534965034965035 0.42073170731707316 0.541958041958042 0.42247386759581884 0.5442890442890443 0.4329268292682927 0.5466200466200466 0.436411149825784 0.5466200466200466 0.4416376306620209 0.5396270396270396 0.43989547038327526 0.534965034965035 0.43118466898954705 0.5303030303030303 0.4259581881533101 0.534965034965035
6 0.46777003484320556 0.548951048951049 0.4573170731707317 0.5536130536130536 0.4520905923344948 0.5582750582750583 0.4520905923344948 0.5675990675990676 0.4538327526132404 0.5745920745920746 0.4451219512195122 0.5745920745920746 0.44337979094076657 0.5862470862470862 0.44686411149825783 0.5885780885780886 0.4642857142857143 0.5885780885780886 0.46777003484320556 0.5955710955710956 0.4729965156794425 0.5815850815850816 0.47822299651567945 0.5792540792540792 0.47822299651567945 0.5722610722610723 0.4729965156794425 0.5582750582750583 0.46777003484320556 0.548951048951049
6 0.48519163763066203 0.5396270396270396 0.4799651567944251 0.5559440559440559 0.47822299651567945 0.5629370629370629 0.4834494773519164 0.5699300699300699 0.4886759581881533 0.5536130536130536 0.4921602787456446 0.548951048951049 0.49390243902439024 0.541958041958042 0.490418118466899 0.5303030303030303 0.48519163763066203 0.5396270396270396
6 0.45034843205574915 0.6235431235431236 0.44860627177700346 0.6305361305361306 0.45034843205574915 0.6375291375291375 0.4573170731707317 0.6351981351981352 0.45905923344947736 0.6351981351981352 0.45905923344947736 0.6538461538461539 0.45557491289198604 0.6585081585081585 0.4520905923344948 0.6515151515151515 0.4451219512195122 0.6468531468531469 0.44860627177700346 0.6608391608391608 0.45034843205574915 0.6678321678321678 0.4538327526132404 0.6701631701631702 0.45557491289198604 0.6911421911421911 0.45557491289198604 0.7097902097902098 0.4538327526132404 0.7191142191142191 0.4520905923344948 0.7261072261072261 0.4538327526132404 0.7307692307692307 0.45557491289198604 0.7307692307692307 0.4573170731707317 0.7214452214452215 0.45905923344947736 0.7097902097902098 0.45905923344947736 0.6958041958041958 0.460801393728223 0.6701631701631702 0.4625435540069686 0.6398601398601399 0.4642857142857143 0.6305361305361306 0.4642857142857143 0.6258741258741258 0.4573170731707317 0.6212121212121212 0.45034843205574915 0.6235431235431236
6 0.49564459930313587 0.5582750582750583 0.49390243902439024 0.5582750582750583 0.4921602787456446 0.5606060606060606 0.490418118466899 0.5629370629370629 0.490418118466899 0.5675990675990676 0.490418118466899 0.5699300699300699 0.49390243902439024 0.5699300699300699 0.49564459930313587 0.5699300699300699 0.49738675958188155 0.5652680652680653 0.49738675958188155 0.5629370629370629 0.49564459930313587 0.5582750582750583
6 0.4294425087108014 0.6515151515151515 0.42247386759581884 0.6585081585081585 0.42073170731707316 0.6655011655011654 0.42073170731707316 0.6724941724941725 0.42421602787456447 0.6748251748251748 0.4294425087108014 0.6748251748251748 0.4346689895470383 0.6771561771561772 0.436411149825784 0.6794871794871795 0.436411149825784 0.6841491841491841 0.4329268292682927 0.6934731934731935 0.4294425087108014 0.7004662004662005 0.42770034843205573 0.7051282051282052 0.4259581881533101 0.7074592074592074 0.42421602787456447 0.6958041958041958 0.42247386759581884 0.6911421911421911 0.42247386759581884 0.6888111888111889 0.42247386759581884 0.6818181818181818 0.4172473867595819 0.6678321678321678 0.4172473867595819 0.6608391608391608 0.4137630662020906 0.6538461538461539 0.41202090592334495 0.6445221445221445 0.40853658536585363 0.6375291375291375 0.406794425087108 0.6305361305361306 0.40331010452961674 0.6282051282051282 0.4137630662020906 0.6701631701631702 0.4155052264808362 0.6748251748251748 0.4172473867595819 0.6794871794871795 0.4189895470383275 0.6841491841491841 0.4189895470383275 0.6911421911421911 0.4189895470383275 0.6958041958041958 0.4189895470383275 0.7004662004662005 0.4172473867595819 0.7027972027972028 0.4172473867595819 0.7167832167832168 0.4189895470383275 0.7237762237762237 0.42073170731707316 0.7284382284382285 0.42247386759581884 0.7354312354312355 0.42247386759581884 0.7424242424242424 0.42247386759581884 0.7517482517482518 0.42421602787456447 0.7587412587412588 0.42421602787456447 0.7680652680652681 0.4259581881533101 0.7703962703962703 0.4259581881533101 0.7750582750582751 0.42770034843205573 0.7750582750582751 0.43118466898954705 0.7727272727272727 0.4329268292682927 0.7680652680652681 0.436411149825784 0.7657342657342657 0.43989547038327526 0.7610722610722611 0.44337979094076657 0.7564102564102564 0.4451219512195122 0.7517482517482518 0.44686411149825783 0.747086247086247 0.44686411149825783 0.7447552447552448 0.44686411149825783 0.7400932400932401 0.44337979094076657 0.7377622377622378 0.4416376306620209 0.7447552447552448 0.43989547038327526 0.7494172494172494 0.4381533101045296 0.7517482517482518 0.436411149825784 0.7517482517482518 0.4329268292682927 0.7517482517482518 0.43118466898954705 0.7494172494172494 0.43118466898954705 0.747086247086247 0.4346689895470383 0.7447552447552448 0.4381533101045296 0.7424242424242424 0.4381533101045296 0.7307692307692307 0.43989547038327526 0.7261072261072261 0.4416376306620209 0.7167832167832168 0.44337979094076657 0.7097902097902098 0.4451219512195122 0.7004662004662005 0.4451219512195122 0.6911421911421911 0.44686411149825783 0.6864801864801865 0.44686411149825783 0.6771561771561772 0.4451219512195122 0.6701631701631702 0.4451219512195122 0.6608391608391608 0.4451219512195122 0.6561771561771562 0.4451219512195122 0.6515151515151515 0.4416376306620209 0.6468531468531469 0.4346689895470383 0.6491841491841492 0.4294425087108014 0.6515151515151515
6 0.44337979094076657 0.6305361305361306 0.44337979094076657 0.6282051282051282 0.4416376306620209 0.6282051282051282 0.43989547038327526 0.6282051282051282 0.436411149825784 0.6305361305361306 0.436411149825784 0.6328671328671329 0.436411149825784 0.6351981351981352 0.4346689895470383 0.6398601398601399 0.436411149825784 0.6421911421911422 0.43989547038327526 0.6421911421911422 0.4416376306620209 0.6421911421911422 0.44337979094076657 0.6398601398601399 0.4451219512195122 0.6375291375291375 0.4451219512195122 0.6328671328671329 0.44337979094076657 0.6305361305361306
6 0.4329268292682927 0.6142191142191142 0.4329268292682927 0.6118881118881119 0.4346689895470383 0.6095571095571095 0.4346689895470383 0.6048951048951049 0.4346689895470383 0.6025641025641025 0.43118466898954705 0.5979020979020979 0.43118466898954705 0.5955710955710956 0.43118466898954705 0.5932400932400932 0.4294425087108014 0.5909090909090909 0.42770034843205573 0.5885780885780886 0.42770034843205573 0.5862470862470862 0.42421602787456447 0.5862470862470862 0.42421602787456447 0.5885780885780886 0.42247386759581884 0.5909090909090909 0.42247386759581884 0.5955710955710956 0.42247386759581884 0.6025641025641025 0.42421602787456447 0.6048951048951049 0.4259581881533101 0.6095571095571095 0.4294425087108014 0.6095571095571095 0.4294425087108014 0.6165501165501166 0.4294425087108014 0.6188811188811189 0.4294425087108014 0.6212121212121212 0.43118466898954705 0.6212121212121212 0.4329268292682927 0.6188811188811189 0.4329268292682927 0.6142191142191142
6 0.352787456445993 0.5606060606060606 0.35627177700348434 0.5629370629370629 0.35801393728222997 0.5675990675990676 0.3614982578397213 0.5699300699300699 0.3632404181184669 0.5699300699300699 0.36498257839721254 0.5722610722610723 0.3667247386759582 0.5699300699300699 0.36498257839721254 0.5675990675990676 0.3632404181184669 0.5652680652680653 0.3614982578397213 0.5629370629370629 0.35801393728222997 0.5606060606060606 0.35452961672473865 0.5582750582750583 0.35452961672473865 0.5559440559440559 0.3510452961672474 0.5559440559440559 0.3510452961672474 0.5582750582750583 0.352787456445993 0.5606060606060606
6 0.37717770034843207 0.583916083916084 0.3806620209059233 0.5862470862470862 0.38414634146341464 0.5885780885780886 0.3876306620209059 0.5932400932400932 0.3911149825783972 0.5955710955710956 0.3945993031358885 0.6002331002331003 0.39634146341463417 0.6025641025641025 0.3980836236933798 0.6048951048951049 0.3998257839721254 0.6025641025641025 0.3998257839721254 0.6002331002331003 0.3980836236933798 0.5979020979020979 0.39634146341463417 0.5932400932400932 0.3911149825783972 0.5885780885780886 0.3858885017421603 0.583916083916084 0.38414634146341464 0.583916083916084 0.382404181184669 0.5815850815850816 0.3806620209059233 0.5815850815850816 0.37717770034843207 0.5792540792540792 0.37717770034843207 0.583916083916084
6 0.41202090592334495 0.6258741258741258 0.4102787456445993 0.6212121212121212 0.40853658536585363 0.6188811188811189 0.406794425087108 0.6188811188811189 0.40505226480836237 0.6188811188811189 0.40505226480836237 0.6212121212121212 0.40505226480836237 0.6235431235431236 0.406794425087108 0.6258741258741258 0.40853658536585363 0.6305361305361306 0.4102787456445993 0.6328671328671329 0.4102787456445993 0.6351981351981352 0.4102787456445993 0.6375291375291375 0.41202090592334495 0.6398601398601399 0.4137630662020906 0.6375291375291375 0.4137630662020906 0.6351981351981352 0.41202090592334495 0.6305361305361306 0.41202090592334495 0.6258741258741258
6 0.4137630662020906 0.5256410256410257 0.41202090592334495 0.5233100233100233 0.406794425087108 0.5209790209790209 0.40331010452961674 0.5233100233100233 0.3980836236933798 0.527972027972028 0.39285714285714285 0.541958041958042 0.3911149825783972 0.5512820512820513 0.39285714285714285 0.5606060606060606 0.39634146341463417 0.5629370629370629 0.40156794425087106 0.5722610722610723 0.40331010452961674 0.5745920745920746 0.40853658536585363 0.5745920745920746 0.41202090592334495 0.5699300699300699 0.40853658536585363 0.5582750582750583 0.406794425087108 0.548951048951049 0.406794425087108 0.541958041958042 0.40853658536585363 0.5396270396270396 0.4137630662020906 0.5396270396270396 0.4172473867595819 0.5396270396270396 0.4189895470383275 0.5396270396270396 0.4189895470383275 0.5326340326340326 0.4155052264808362 0.527972027972028 0.4137630662020906 0.5256410256410257
6 0.3336236933797909 0.5209790209790209 0.3353658536585366 0.513986013986014 0.33710801393728224 0.5116550116550117 0.33885017421602787 0.506993006993007 0.3423344947735192 0.5046620046620046 0.3423344947735192 0.5 0.3405923344947735 0.49533799533799533 0.33710801393728224 0.49533799533799533 0.3336236933797909 0.4976689976689977 0.33013937282229966 0.5023310023310024 0.32839721254355403 0.5046620046620046 0.3231707317073171 0.5116550116550117 0.32142857142857145 0.513986013986014 0.31794425087108014 0.5163170163170163 0.3162020905923345 0.5209790209790209 0.31794425087108014 0.5256410256410257 0.32142857142857145 0.527972027972028 0.3249128919860627 0.527972027972028 0.32665505226480834 0.5303030303030303 0.3318815331010453 0.5326340326340326 0.3336236933797909 0.534965034965035 0.33710801393728224 0.534965034965035 0.33885017421602787 0.5326340326340326 0.33710801393728224 0.5303030303030303 0.3336236933797909 0.5233100233100233 0.3336236933797909 0.5209790209790209
6 0.4921602787456446 0.6095571095571095 0.49390243902439024 0.6095571095571095 0.49564459930313587 0.6025641025641025 0.49738675958188155 0.5955710955710956 0.4991289198606272 0.5932400932400932 0.4991289198606272 0.583916083916084 0.4991289198606272 0.5815850815850816 0.49738675958188155 0.5792540792540792 0.49564459930313587 0.5792540792540792 0.49390243902439024 0.5792540792540792 0.4921602787456446 0.5815850815850816 0.4921602787456446 0.583916083916084 0.4921602787456446 0.5862470862470862 0.490418118466899 0.5885780885780886 0.48693379790940766 0.5909090909090909 0.48519163763066203 0.5885780885780886 0.4834494773519164 0.5885780885780886 0.4799651567944251 0.5885780885780886 0.47822299651567945 0.5885780885780886 0.4764808362369338 0.583916083916084 0.4729965156794425 0.5815850815850816 0.4729965156794425 0.583916083916084 0.4729965156794425 0.5862470862470862 0.47473867595818814 0.5885780885780886 0.4764808362369338 0.5909090909090909 0.4799651567944251 0.5932400932400932 0.4834494773519164 0.5955710955710956 0.48693379790940766 0.5955710955710956 0.490418118466899 0.5955710955710956 0.4921602787456446 0.5979020979020979 0.4921602787456446 0.6002331002331003 0.490418118466899 0.6048951048951049 0.4886759581881533 0.6048951048951049 0.4886759581881533 0.6095571095571095 0.48519163763066203 0.6118881118881119 0.4834494773519164 0.6142191142191142 0.4799651567944251 0.6212121212121212 0.4817073170731707 0.6235431235431236 0.4834494773519164 0.6235431235431236 0.48519163763066203 0.6235431235431236 0.48693379790940766 0.6188811188811189 0.490418118466899 0.6165501165501166 0.4921602787456446 0.6095571095571095
2 0.5566202090592335 0.44638694638694637 0.5426829268292683 0.46736596736596736 0.5270034843205574 0.47202797202797203 0.5217770034843205 0.49067599067599066 0.5165505226480837 0.5163170163170163 0.509581881533101 0.5372960372960373 0.5026132404181185 0.5885780885780886 0.490418118466899 0.6445221445221445 0.48519163763066203 0.6864801864801865 0.4817073170731707 0.7167832167832168 0.47822299651567945 0.754079254079254 0.4695121951219512 0.7937062937062938 0.46777003484320556 0.8146853146853147 0.4712543554006969 0.8216783216783217 0.4799651567944251 0.8193473193473193 0.48693379790940766 0.8100233100233101 0.49564459930313587 0.7937062937062938 0.509581881533101 0.7680652680652681 0.5304878048780488 0.7284382284382285 0.5374564459930313 0.7144522144522144 0.5374564459930313 0.6864801864801865 0.5374564459930313 0.6445221445221445 0.539198606271777 0.6025641025641025 0.5426829268292683 0.5675990675990676 0.5513937282229965 0.5396270396270396 0.5566202090592335 0.5023310023310024 0.5618466898954704 0.479020979020979 0.5670731707317073 0.4533799533799534 0.5653310104529616 0.44871794871794873 0.5566202090592335 0.44638694638694637
8 0.5966898954703833 0.5163170163170163 0.5949477351916377 0.5116550116550117 0.5844947735191638 0.5209790209790209 0.5775261324041812 0.5303030303030303 0.568815331010453 0.5372960372960373 0.5583623693379791 0.5442890442890443 0.5513937282229965 0.548951048951049 0.5479094076655052 0.5675990675990676 0.5479094076655052 0.5885780885780886 0.5513937282229965 0.5885780885780886 0.5513937282229965 0.5745920745920746 0.5531358885017421 0.5606060606060606 0.5566202090592335 0.5536130536130536 0.5601045296167247 0.548951048951049 0.5705574912891986 0.5442890442890443 0.5757839721254355 0.541958041958042 0.5775261324041812 0.5442890442890443 0.5740418118466899 0.5582750582750583 0.568815331010453 0.5699300699300699 0.5670731707317073 0.583916083916084 0.5670731707317073 0.5955710955710956 0.5722996515679443 0.5955710955710956 0.5757839721254355 0.5815850815850816 0.5775261324041812 0.5652680652680653 0.5792682926829268 0.5582750582750583 0.5810104529616724 0.5512820512820513 0.5827526132404182 0.5466200466200466 0.5827526132404182 0.5372960372960373 0.5827526132404182 0.534965034965035 0.5862369337979094 0.527972027972028 0.5897212543554007 0.5256410256410257 0.5914634146341463 0.5326340326340326 0.587979094076655 0.541958041958042 0.5897212543554007 0.5442890442890443 0.5914634146341463 0.5466200466200466 0.5966898954703833 0.5442890442890443 0.5966898954703833 0.5303030303030303 0.5966898954703833 0.5163170163170163
6 0.4137630662020906 0.4813519813519814 0.4102787456445993 0.479020979020979 0.40853658536585363 0.4836829836829837 0.40853658536585363 0.486013986013986 0.40853658536585363 0.48834498834498835 0.40853658536585363 0.49067599067599066 0.41202090592334495 0.49067599067599066 0.4137630662020906 0.48834498834498835 0.4137630662020906 0.4836829836829837 0.4137630662020906 0.4813519813519814
6 0.43118466898954705 0.46736596736596736 0.42770034843205573 0.46503496503496505 0.42421602787456447 0.46736596736596736 0.42247386759581884 0.4696969696969697 0.42421602787456447 0.47202797202797203 0.4259581881533101 0.47435897435897434 0.42770034843205573 0.47435897435897434 0.43118466898954705 0.47202797202797203 0.43118466898954705 0.4696969696969697 0.43118466898954705 0.46736596736596736
6 0.44686411149825783 0.4696969696969697 0.4451219512195122 0.4627039627039627 0.4416376306620209 0.46503496503496505 0.43989547038327526 0.46736596736596736 0.4381533101045296 0.47202797202797203 0.43989547038327526 0.47435897435897434 0.4416376306620209 0.47435897435897434 0.4451219512195122 0.47202797202797203 0.44686411149825783 0.4696969696969697
6 0.5008710801393729 0.42074592074592077 0.49738675958188155 0.42074592074592077 0.4921602787456446 0.4230769230769231 0.490418118466899 0.4230769230769231 0.48693379790940766 0.42773892773892774 0.48519163763066203 0.42773892773892774 0.4834494773519164 0.43006993006993005 0.4817073170731707 0.4324009324009324 0.48519163763066203 0.4324009324009324 0.490418118466899 0.4324009324009324 0.49390243902439024 0.43006993006993005 0.49738675958188155 0.42773892773892774 0.5008710801393729 0.4254079254079254 0.5026132404181185 0.4230769230769231 0.5008710801393729 0.42074592074592077
6 0.4172473867595819 0.4603729603729604 0.42073170731707316 0.458041958041958 0.4259581881533101 0.458041958041958 0.4294425087108014 0.4557109557109557 0.4329268292682927 0.4557109557109557 0.4346689895470383 0.4557109557109557 0.43989547038327526 0.4533799533799534 0.44337979094076657 0.45104895104895104 0.44686411149825783 0.44871794871794873 0.4451219512195122 0.44638694638694637 0.4416376306620209 0.44638694638694637 0.4381533101045296 0.44871794871794873 0.4346689895470383 0.44871794871794873 0.43118466898954705 0.45104895104895104 0.4259581881533101 0.4533799533799534 0.4189895470383275 0.4557109557109557 0.4155052264808362 0.4557109557109557 0.4137630662020906 0.458041958041958 0.4102787456445993 0.4603729603729604 0.406794425087108 0.4603729603729604 0.406794425087108 0.4627039627039627 0.41202090592334495 0.4627039627039627 0.4172473867595819 0.4603729603729604
6 0.4381533101045296 0.4393939393939394 0.44337979094076657 0.4393939393939394 0.4451219512195122 0.4370629370629371 0.44686411149825783 0.4347319347319347 0.44686411149825783 0.4324009324009324 0.4451219512195122 0.43006993006993005 0.43989547038327526 0.4324009324009324 0.4329268292682927 0.4324009324009324 0.42770034843205573 0.4324009324009324 0.42421602787456447 0.4347319347319347 0.42247386759581884 0.4370629370629371 0.42073170731707316 0.44405594405594406 0.42073170731707316 0.44871794871794873 0.42421602787456447 0.44871794871794873 0.4294425087108014 0.44638694638694637 0.4346689895470383 0.4393939393939394 0.4381533101045296 0.4393939393939394
6 0.42073170731707316 0.5932400932400932 0.42073170731707316 0.5862470862470862 0.42073170731707316 0.5815850815850816 0.4189895470383275 0.5745920745920746 0.4155052264808362 0.5769230769230769 0.4137630662020906 0.583916083916084 0.41202090592334495 0.5932400932400932 0.4102787456445993 0.6002331002331003 0.40853658536585363 0.6025641025641025 0.40853658536585363 0.6095571095571095 0.4102787456445993 0.6095571095571095 0.4137630662020906 0.6072261072261073 0.4189895470383275 0.5979020979020979 0.42073170731707316 0.5932400932400932
6 0.4729965156794425 0.782051282051282 0.47473867595818814 0.7727272727272727 0.4764808362369338 0.7610722610722611 0.4712543554006969 0.7634032634032634 0.46777003484320556 0.7680652680652681 0.46602787456445993 0.7773892773892774 0.4695121951219512 0.7797202797202797 0.4729965156794425 0.782051282051282
6 0.46777003484320556 0.6398601398601399 0.46777003484320556 0.6328671328671329 0.46777003484320556 0.6258741258741258 0.46777003484320556 0.6212121212121212 0.46602787456445993 0.6235431235431236 0.46602787456445993 0.6328671328671329 0.46602787456445993 0.6375291375291375 0.46602787456445993 0.6421911421911422 0.46777003484320556 0.6445221445221445 0.4695121951219512 0.6468531468531469 0.4729965156794425 0.6421911421911422 0.4729965156794425 0.6398601398601399 0.46777003484320556 0.6398601398601399
6 0.4729965156794425 0.6282051282051282 0.4712543554006969 0.6282051282051282 0.4695121951219512 0.6351981351981352 0.4729965156794425 0.6375291375291375 0.47473867595818814 0.6375291375291375 0.47822299651567945 0.6375291375291375 0.47822299651567945 0.6328671328671329 0.47822299651567945 0.6305361305361306 0.4729965156794425 0.6282051282051282
6 0.3353658536585366 0.44638694638694637 0.3336236933797909 0.44405594405594406 0.32665505226480834 0.4417249417249417 0.32665505226480834 0.44638694638694637 0.3249128919860627 0.4533799533799534 0.3249128919860627 0.458041958041958 0.3249128919860627 0.4603729603729604 0.3249128919860627 0.4627039627039627 0.33013937282229966 0.4603729603729604 0.3318815331010453 0.458041958041958 0.3336236933797909 0.44871794871794873 0.3353658536585366 0.44638694638694637
6 0.31794425087108014 0.4533799533799534 0.31968641114982577 0.44871794871794873 0.32142857142857145 0.44405594405594406 0.31794425087108014 0.44405594405594406 0.3144599303135889 0.45104895104895104 0.3127177700348432 0.458041958041958 0.3127177700348432 0.4627039627039627 0.3144599303135889 0.46503496503496505 0.3162020905923345 0.4627039627039627 0.31794425087108014 0.458041958041958 0.31794425087108014 0.4533799533799534
6 0.3632404181184669 0.5326340326340326 0.3597560975609756 0.5326340326340326 0.35801393728222997 0.5326340326340326 0.35801393728222997 0.5372960372960373 0.3614982578397213 0.5372960372960373 0.3632404181184669 0.534965034965035 0.3632404181184669 0.5326340326340326
3 0.5984320557491289 0.534965034965035 0.5932055749128919 0.5116550116550117 0.5653310104529616 0.5326340326340326 0.5531358885017421 0.5559440559440559 0.5409407665505227 0.6258741258741258 0.5461672473867596 0.6794871794871795 0.5775261324041812 0.6748251748251748 0.5862369337979094 0.6491841491841492 0.5949477351916377 0.5815850815850816 0.5984320557491289 0.534965034965035
3 0.5566202090592335 0.3298368298368298 0.5461672473867596 0.36013986013986016 0.5287456445993032 0.3717948717948718 0.5130662020905923 0.3811188811188811 0.5200348432055749 0.43006993006993005 0.5304878048780488 0.4696969696969697 0.5461672473867596 0.458041958041958 0.5653310104529616 0.4370629370629371 0.5897212543554007 0.4090909090909091 0.6054006968641115 0.3321678321678322 0.6106271777003485 0.2925407925407925 0.6367595818815331 0.2738927738927739 0.6576655052264808 0.28088578088578087 0.6576655052264808 0.25990675990675993 0.6454703832752613 0.24592074592074592 0.6385017421602788 0.24125874125874125 0.622822299651568 0.23426573426573427 0.6088850174216028 0.22494172494172493 0.5932055749128919 0.21328671328671328 0.5844947735191638 0.21095571095571095 0.5705574912891986 0.2202797202797203 0.563588850174216 0.22261072261072262 0.5531358885017421 0.22261072261072262 0.539198606271777 0.2202797202797203 0.5235191637630662 0.2202797202797203 0.5165505226480837 0.2202797202797203 0.5130662020905923 0.23193473193473194 0.5461672473867596 0.25524475524475526 0.5566202090592335 0.2878787878787879 0.5566202090592335 0.3298368298368298
5 0.425986287456446 1 0.42421602787456447 0.9918414918414918 0.3719512195121951 0.9801864801864801 0.3773809529616725 1 0.425986287456446 1
5 0.3789198606271777 0.6888111888111889 0.3998257839721254 0.7400932400932401 0.41202090592334495 0.7261072261072261 0.40853658536585363 0.6585081585081585 0.38414634146341464 0.6282051282051282 0.3789198606271777 0.6888111888111889
5 0.34581881533101044 0.5745920745920746 0.3475609756097561 0.6212121212121212 0.35627177700348434 0.6351981351981352 0.3719512195121951 0.6212121212121212 0.3702090592334495 0.5955710955710956 0.34581881533101044 0.5745920745920746
0 0.5657665505226481 1 0.5653310104529616 0.9988344988344988 0.5601045296167247 0.9615384615384616 0.5548780487804879 0.9102564102564102 0.5513937282229965 0.831002331002331 0.5426829268292683 0.803030303030303 0.5426829268292683 0.8869463869463869 0.5461672473867596 0.9428904428904429 0.5496515679442509 0.9918414918414918 0.5508710801393728 1 0.5657665505226481 1
0 0.5740418118466899 0.5372960372960373 0.5932055749128919 0.5163170163170163 0.5984320557491289 0.5093240093240093 0.6210801393728222 0.42773892773892774 0.64198606271777 0.3578088578088578 0.6541811846689896 0.3368298368298368 0.6594076655052264 0.3298368298368298 0.6628919860627178 0.31585081585081587 0.6611498257839721 0.2948717948717949 0.6489547038327527 0.30652680652680653 0.6367595818815331 0.3275058275058275 0.6088850174216028 0.42074592074592077 0.587979094076655 0.48834498834498835 0.5757839721254355 0.5116550116550117 0.5531358885017421 0.534965034965035 0.5479094076655052 0.5559440559440559 0.5740418118466899 0.5372960372960373
0 0.587979094076655 0.3414918414918415 0.5792682926829268 0.3368298368298368 0.568815331010453 0.3344988344988345 0.5548780487804879 0.34615384615384615 0.5357142857142857 0.36713286713286714 0.5583623693379791 0.3578088578088578 0.5740418118466899 0.3508158508158508 0.5862369337979094 0.3531468531468531 0.587979094076655 0.3414918414918415