8 0.7074408117249155 0.07906626506024096 0.7254791431792559 0.07003012048192771 0.7333709131905298 0.03237951807228916 0.7401352874859075 0.038403614457831324 0.7435174746335964 0.023343373493975902 0.7559188275084555 0.012801204819277108 0.7671927846674182 0.008283132530120483 0.7435174746335964 0.0007530120481927711 0.7277339346110485 0.01430722891566265 0.7243517474633596 0.035391566265060244 0.7164599774520857 0.053463855421686746 0.6837655016910936 0.07153614457831325 0.6826381059751973 0.08509036144578314 0.6882750845546787 0.09412650602409639 0.6972942502818489 0.09563253012048192 0.7074408117249155 0.07906626506024096
8 0.6797745208568208 0 0.6792559188275085 0.017319277108433735 0.6803833145434047 0.038403614457831324 0.6860202931228861 0.05948795180722891 0.7006764374295378 0.04743975903614458 0.7142051860202931 0.053463855421686746 0.7254791431792559 0.04743975903614458 0.709695603156708 0.03237951807228916 0.7006764374295378 0.021837349397590362 0.6996547350620068 0 0.6797745208568208 0
8 0.6518005174746336 0 0.6510710259301015 0.008283132530120483 0.6465614430665163 0.0338855421686747 0.6488162344983089 0.07605421686746988 0.6488162344983089 0.11370481927710843 0.653325817361894 0.11521084337349398 0.6600901916572717 0.10316265060240964 0.6555806087936866 0.08207831325301204 0.6521984216459977 0.04141566265060241 0.6578354002254791 0.023343373493975902 0.6578354002254791 0 0.6518005174746336 0
8 0.6600901916572717 0.1588855421686747 0.6668545659526494 0.17545180722891565 0.6702367531003383 0.16039156626506024 0.6645997745208568 0.14231927710843373 0.6600901916572717 0.1588855421686747
8 0.6217587373167982 0.051957831325301206 0.6240135287485907 0.11822289156626506 0.6307779030439684 0.11219879518072289 0.6273957158962796 0.051957831325301206 0.6217587373167982 0.051957831325301206
8 0.7406050360766628 0 0.7209695603156708 0.008283132530120483 0.7164599774520857 0.030873493975903613 0.6927846674182638 0.04442771084337349 0.681510710259301 0.04894578313253012 0.673618940248027 0.08057228915662651 0.6758737316798196 0.10316265060240964 0.6634723788049606 0.17093373493975902 0.6702367531003383 0.19954819277108435 0.6747463359639233 0.23870481927710843 0.6770011273957159 0.3079819277108434 0.6848928974069899 0.36069277108433734 0.6905298759864712 0.3953313253012048 0.6950394588500564 0.4194277108433735 0.6984216459977453 0.46009036144578314 0.701803833145434 0.4917168674698795 0.7119503945885005 0.526355421686747 0.7187147688838782 0.5579819277108434 0.7220969560315671 0.5911144578313253 0.7288613303269448 0.6137048192771084 0.7288613303269448 0.6272590361445783 0.7412626832018039 0.6121987951807228 0.7356257046223225 0.5941265060240963 0.729988726042841 0.509789156626506 0.7209695603156708 0.43599397590361444 0.7074408117249155 0.2688253012048193 0.6995490417136415 0.1875 0.6984216459977453 0.13930722891566266 0.6984216459977453 0.1091867469879518 0.709695603156708 0.0911144578313253 0.7266065388951521 0.06852409638554217 0.7356257046223225 0.04442771084337349 0.7593010146561443 0.017319277108433735 0.7430947012401353 0 0.7406050360766628 0
8 0.7638105975197295 0.526355421686747 0.7423900789177001 0.509789156626506 0.7423900789177001 0.5549698795180723 0.7536640360766629 0.6182228915662651 0.7705749718151071 0.5896084337349398 0.7683201803833145 0.5670180722891566 0.7638105975197295 0.526355421686747
8 0.7311161217587373 0.6031626506024096 0.7367531003382187 0.6393072289156626 0.7401352874859075 0.6287650602409639 0.7401352874859075 0.5760542168674698 0.7401352874859075 0.5579819277108434 0.7333709131905298 0.5715361445783133 0.7311161217587373 0.6031626506024096
8 0.6788532773393462 0 0.6781285231116122 0.0007530120481927711 0.6894024802705749 0.011295180722891566 0.7029312288613303 0.002259036144578313 0.7001832018038332 0 0.6788532773393462 0
8 0.5901916572717024 0.036897590361445784 0.5800450958286358 0.035391566265060244 0.5721533258173619 0.07756024096385543 0.5744081172491544 0.08057228915662651 0.5856820744081173 0.06701807228915663 0.5901916572717024 0.036897590361445784
8 0.5935738444193912 0.7899096385542169 0.6071025930101466 0.7808734939759037 0.6116121758737317 0.7658132530120482 0.6014656144306652 0.7718373493975904 0.5935738444193912 0.7899096385542169
8 0.6059751972942503 0.7341867469879518 0.59695603156708 0.6875 0.5913190529875987 0.6091867469879518 0.5868094701240135 0.5444277108433735 0.5868094701240135 0.5835843373493976 0.5901916572717024 0.6603915662650602 0.5958286358511837 0.7462349397590361 0.6003382187147689 0.7507530120481928 0.6093573844419391 0.7537650602409639 0.6059751972942503 0.7341867469879518
3 0.8077790304396844 0.48268072289156627 0.794250281848929 0.4691265060240964 0.7908680947012401 0.5414156626506024 0.794250281848929 0.6001506024096386 0.8280721533258174 0.5941265060240963 0.8258173618940248 0.5384036144578314 0.8077790304396844 0.48268072289156627
3 0.5792492874859075 0 0.5676437429537767 0.01882530120481928 0.5518602029312288 0.13328313253012047 0.5473506200676438 0.20406626506024098 0.536076662908681 0.2191265060240964 0.5180383314543405 0.23569277108433734 0.5191657271702368 0.2808734939759036 0.5293122886133033 0.3501506024096386 0.5259301014656145 0.39081325301204817 0.5101465614430665 0.4299698795180723 0.507891770011274 0.47213855421686746 0.5045095828635852 0.5384036144578314 0.5022547914317925 0.5881024096385542 0.4943630214205186 0.6754518072289156 0.5 0.7251506024096386 0.5214205186020293 0.7582831325301205 0.5518602029312288 0.795933734939759 0.576662908680947 0.7974397590361446 0.6014656144306652 0.7628012048192772 0.6352874859075536 0.7161144578313253 0.6724915445321308 0.6769578313253012 0.7063134160090192 0.6106927710843374 0.7344983089064262 0.6242469879518072 0.7728297632468997 0.615210843373494 0.7874859075535513 0.5745481927710844 0.7931228861330327 0.5414156626506024 0.7874859075535513 0.5037650602409639 0.7874859075535513 0.46762048192771083 0.7919954904171365 0.4435240963855422 0.7965050732807215 0.3953313253012048 0.7998872604284104 0.3365963855421687 0.7976324689966178 0.2733433734939759 0.7987598647125141 0.21159638554216867 0.8032694475760992 0.15436746987951808 0.8032694475760992 0.07153614457831325 0.7976324689966178 0.029367469879518073 0.7784667418263811 0.017319277108433735 0.7536640360766629 0.009789156626506024 0.7209695603156708 0.0007530120481927711 0.7191375422773394 0 0.5792492874859075 0