3 0.6111111111111112 0.42953020134228187 0.577020202020202 0.36577181208053694 0.5366161616161617 0.31711409395973156 0.4823232323232323 0.47315436241610737 0.43434343434343436 0.5436241610738255 0.35353535353535354 0.45805369127516776 0.31565656565656564 0.5016778523489933 0.29419191919191917 0.5654362416107382 0.2676767676767677 0.6359060402684564 0.2361111111111111 0.7332214765100671 0.26641414141414144 0.7583892617449665 0.4078282828282828 0.6778523489932886 0.4734848484848485 0.6325503355704698 0.43686868686868685 0.7449664429530202 0.4684343434343434 0.761744966442953 0.5416666666666666 0.7348993288590604 0.5669191919191919 0.6778523489932886 0.5694444444444444 0.6174496644295302 0.6022727272727273 0.4983221476510067 0.6111111111111112 0.42953020134228187
3 0.5037878787878788 0.12583892617449666 0.4671717171717172 0.15100671140939598 0.4255050505050505 0.16610738255033558 0.45580808080808083 0.29194630872483224 0.5 0.25671140939597314 0.5252525252525253 0.20469798657718122 0.5378787878787878 0.14597315436241612 0.5037878787878788 0.12583892617449666
3 0.6957070707070707 0.06543624161073826 0.6452020202020202 0.05201342281879195 0.5921717171717171 0.06375838926174497 0.5404040404040404 0.07885906040268456 0.5 0.1040268456375839 0.5492424242424242 0.13590604026845637 0.5782828282828283 0.1610738255033557 0.5934343434343434 0.21308724832214765 0.6439393939393939 0.20973154362416108 0.6906565656565656 0.15771812080536912 0.7449494949494949 0.08221476510067115 0.6957070707070707 0.06543624161073826
3 0.5701243207070706 0 0.5669191919191919 0.03691275167785235 0.5744949494949495 0.04697986577181208 0.5858585858585859 0.031879194630872486 0.5915704671717172 0 0.5701243207070706 0
8 0.1830808080808081 0.6291946308724832 0.1717171717171717 0.6493288590604027 0.1527777777777778 0.7030201342281879 0.15782828282828282 0.8087248322147651 0.16540404040404041 0.7684563758389261 0.18055555555555555 0.7080536912751678 0.20707070707070707 0.6174496644295302 0.1830808080808081 0.6291946308724832
8 0.5871212121212122 0.3523489932885906 0.5934343434343434 0.31711409395973156 0.5845959595959596 0.3053691275167785 0.5782828282828283 0.33221476510067116 0.5871212121212122 0.3523489932885906
6 0.5303030303030303 0.3104026845637584 0.5227272727272727 0.32550335570469796 0.5164141414141414 0.35570469798657717 0.5088383838383839 0.3825503355704698 0.5227272727272727 0.37583892617449666 0.5303030303030303 0.34731543624161076 0.5340909090909091 0.3238255033557047 0.5404040404040404 0.3104026845637584 0.5303030303030303 0.3104026845637584
6 0.5252525252525253 0.15771812080536912 0.5391414141414141 0.1593959731543624 0.5429292929292929 0.13926174496644295 0.523989898989899 0.13926174496644295 0.5164141414141414 0.1476510067114094 0.5252525252525253 0.15771812080536912
6 0.5366161616161617 0.07550335570469799 0.5517676767676768 0.09060402684563758 0.5631313131313131 0.09228187919463088 0.577020202020202 0.06208053691275168 0.5681818181818182 0.0587248322147651 0.5441919191919192 0.06543624161073826 0.5366161616161617 0.07550335570469799
6 0.41792929292929293 0.5805369127516778 0.4090909090909091 0.575503355704698 0.3939393939393939 0.6023489932885906 0.39141414141414144 0.5838926174496645 0.37373737373737376 0.5671140939597316 0.32323232323232326 0.5486577181208053 0.3194444444444444 0.5637583892617449 0.3421717171717172 0.5687919463087249 0.35858585858585856 0.5771812080536913 0.3712121212121212 0.5889261744966443 0.3813131313131313 0.6023489932885906 0.3838383838383838 0.6191275167785235 0.3661616161616162 0.639261744966443 0.32702020202020204 0.6895973154362416 0.3787878787878788 0.6610738255033557 0.38762626262626265 0.639261744966443 0.4027777777777778 0.6140939597315436 0.41792929292929293 0.5805369127516778
0 0.7171717171717171 0.2483221476510067 0.7272727272727273 0.2214765100671141 0.7525252525252525 0.22651006711409397 0.7563131313131313 0.1929530201342282 0.7133838383838383 0.1912751677852349 0.6919191919191919 0.2533557046979866 0.625 0.49328859060402686 0.5833333333333334 0.6493288590604027 0.5795454545454546 0.6879194630872483 0.6287878787878788 0.5369127516778524 0.6666666666666666 0.41778523489932884 0.6957070707070707 0.3238255033557047 0.7171717171717171 0.2483221476510067
0 0.5102231994949494 1 0.5265151515151515 0.9161073825503355 0.5454545454545454 0.8137583892617449 0.5454545454545454 0.7718120805369127 0.5353535353535354 0.7953020134228188 0.5277777777777778 0.8406040268456376 0.5176767676767676 0.8976510067114094 0.5 0.9731543624161074 0.4930337866161616 1 0.5102231994949494 1