8 0.17925591882750846 0.7454819277108434 0.18940248027057496 0.7439759036144579 0.19616685456595265 0.7515060240963856 0.19729425028184894 0.7635542168674698 0.18489289740698986 0.7771084337349398 0.17812852311161217 0.8012048192771084 0.14994363021420518 0.8117469879518072 0.1544532130777903 0.8207831325301205 0.14317925591882752 0.8253012048192772 0.13528748590755355 0.8418674698795181 0.1319052987598647 0.8569277108433735 0.1262683201803833 0.8253012048192772 0.13641488162344984 0.8042168674698795 0.15219842164599776 0.7996987951807228 0.1657271702367531 0.7891566265060241
8 0.1104847801578354 0.7409638554216867 0.1386696730552424 0.7394578313253012 0.1544532130777903 0.7409638554216867 0.17023675310033823 0.7484939759036144 0.161217587373168 0.7680722891566265 0.1657271702367531 0.786144578313253 0.161217587373168 0.8012048192771084 0.14994363021420518 0.7801204819277109 0.14205186020293123 0.7680722891566265 0.12401352874859076 0.766566265060241 0.11386696730552424 0.7560240963855421 0.11273957158962795 0.7454819277108434
8 0.21082299887260428 0.6987951807228916 0.1826381059751973 0.6987951807228916 0.15107102593010147 0.6957831325301205 0.1319052987598647 0.7018072289156626 0.11273957158962795 0.7048192771084337 0.12175873731679819 0.7108433734939759 0.14317925591882752 0.7108433734939759 0.15670800450958286 0.7033132530120482 0.1871476888387824 0.7078313253012049 0.20293122886133033 0.713855421686747 0.21195039458850057 0.7048192771084337
8 0.2570462232243517 0.7228915662650602 0.24464487034949267 0.713855421686747 0.2322435174746336 0.7198795180722891 0.24577226606538896 0.7274096385542169
8 0.21420518602029312 0.6656626506024096 0.16459977452085683 0.6626506024096386 0.16459977452085683 0.6701807228915663 0.20969560315670802 0.6746987951807228
8 0.5952649379932357 0.8057228915662651 0.5851183765501691 0.8057228915662651 0.5682074408117249 0.7966867469879518 0.5434047350620068 0.7921686746987951 0.5197294250281849 0.7831325301204819 0.49379932356257045 0.7695783132530121 0.4701240135287486 0.7650602409638554 0.43968432919954903 0.7605421686746988 0.42164599774520856 0.7545180722891566 0.39571589627959414 0.7469879518072289 0.35625704622322435 0.7364457831325302 0.3043968432919955 0.733433734939759 0.2750845546786922 0.7274096385542169 0.25366403607666294 0.7183734939759037 0.20293122886133033 0.7349397590361446 0.18602029312288612 0.7319277108433735 0.16234498308906425 0.7424698795180723 0.1589627959413754 0.7575301204819277 0.1488162344983089 0.7891566265060241 0.1319052987598647 0.7951807228915663 0.12514092446448705 0.8237951807228916 0.1386696730552424 0.8463855421686747 0.1589627959413754 0.8147590361445783 0.17700112739571588 0.802710843373494 0.1939120631341601 0.7801204819277109 0.20744081172491544 0.7650602409638554 0.22998872604284104 0.7650602409638554 0.266065388951522 0.766566265060241 0.3269447576099211 0.7771084337349398 0.45208568207440814 0.7951807228915663 0.5073280721533259 0.8072289156626506 0.5704622322435174 0.8147590361445783 0.5839909808342728 0.822289156626506
8 0.588500563697858 0.838855421686747 0.5411499436302142 0.8237951807228916 0.5073280721533259 0.8237951807228916 0.5197294250281849 0.8524096385542169 0.5501691093573844 0.858433734939759 0.5670800450958287 0.8614457831325302
8 0.5963923337091319 0.8207831325301205 0.5569334836527621 0.8207831325301205 0.5434047350620068 0.8207831325301205 0.5535512965050733 0.8117469879518072 0.5772266065388951 0.8087349397590361 0.6042841037204059 0.8162650602409639
8 0.11837655016910936 0.7515060240963856 0.1273957158962796 0.7710843373493976 0.13416009019165728 0.7530120481927711 0.1262683201803833 0.7379518072289156
8 0.18376550169109357 0.5963855421686747 0.15219842164599776 0.6069277108433735 0.15332581736189402 0.6204819277108434 0.17587373167981962 0.6144578313253012 0.18602029312288612 0.5993975903614458
8 0.7170236753100339 0.625 0.7102593010146562 0.6430722891566265 0.6989853438556933 0.6490963855421686 0.7034949267192785 0.6355421686746988
8 0.6843291995490417 0.6280120481927711 0.6200676437429538 0.6204819277108434 0.5625704622322435 0.6159638554216867 0.5332581736189402 0.6159638554216867 0.5817361894024803 0.6219879518072289 0.6403607666290868 0.6295180722891566 0.6753100338218715 0.641566265060241 0.6899661781285231 0.6460843373493976 0.6877113866967306 0.6340361445783133
3 0.0777903043968433 0.7304216867469879 0.046223224351747465 0.7484939759036144 0.038331454340473504 0.7906626506024096 0.07891770011273957 0.822289156626506 0.11161217587373168 0.8283132530120482 0.10935738444193913 0.7921686746987951 0.0935738444193912 0.7439759036144579
3 0.5749718151071026 0.8930722891566265 0.5310033821871477 0.8885542168674698 0.4768883878241263 0.8930722891566265 0.48703494926719276 0.911144578313253 0.5287485907553551 0.9352409638554217 0.5704622322435174 0.9382530120481928
3 0.27846674182638104 0.5632530120481928 0.2254791431792559 0.5692771084337349 0.13979706877113868 0.5903614457831325 0.10146561443066517 0.6325301204819277 0.10146561443066517 0.6641566265060241 0.11499436302142052 0.6927710843373494 0.10710259301014656 0.7274096385542169 0.11724915445321307 0.7560240963855421 0.1262683201803833 0.7951807228915663 0.133032694475761 0.838855421686747 0.1386696730552424 0.8719879518072289 0.14768883878241262 0.8975903614457831 0.17925591882750846 0.9051204819277109 0.24126268320180383 0.9051204819277109 0.28410372040586246 0.8990963855421686 0.33032694475760993 0.8975903614457831 0.37767756482525366 0.9006024096385542 0.42164599774520856 0.8960843373493976 0.4577226606538895 0.8900602409638554 0.47576099210823 0.8840361445783133 0.5028184892897407 0.8840361445783133 0.5310033821871477 0.891566265060241 0.5558060879368658 0.8840361445783133 0.5862457722660653 0.8644578313253012 0.593010146561443 0.8132530120481928 0.5828635851183765 0.7756024096385542 0.6324689966178129 0.7304216867469879 0.6617812852311161 0.6807228915662651 0.6967305524239008 0.6355421686746988 0.7226606538895152 0.6024096385542169 0.7215332581736189 0.5692771084337349 0.6933483652762119 0.5286144578313253 0.6685456595264938 0.5 0.6313416009019166 0.4924698795180723 0.5659526493799324 0.5030120481927711 0.5287485907553551 0.5060240963855421 0.4791431792559188 0.5105421686746988 0.447576099210823 0.5135542168674698 0.4182638105975197 0.5346385542168675 0.3878241262683202 0.5391566265060241 0.3359639233370913 0.5256024096385542 0.30214205186020293 0.5240963855421686 0.2897406989853439 0.5481927710843374
0 0.046223224351747465 0.42319277108433734 0.10822998872604284 0.7349397590361446 0.133032694475761 0.7650602409638554 0.14092446448703494 0.7876506024096386 0.1319052987598647 0.8237951807228916 0.14656144306651633 0.9066265060240963 0.12852311161217586 0.9021084337349398 0.10033821871476889 0.7831325301204819 0.0665163472378805 0.6882530120481928 0.04284103720405862 0.5753012048192772 0.02593010146561443 0.4307228915662651 0.06426155580608793 0.2710843373493976 0.07891770011273957 0.2680722891566265