6 0.45549738219895286 0.6893939393939394 0.4677137870855148 0.696969696969697 0.4851657940663176 0.7121212121212122 0.5008726003490401 0.7095959595959596 0.506108202443281 0.6994949494949495 0.5043630017452007 0.6868686868686869 0.4799301919720768 0.6843434343434344 0.4694589877835951 0.6792929292929293 0.45898778359511344 0.6767676767676768 0.4527549232111692 0.6641414141414141 0.4467713787085515 0.6641414141414141 0.44153577661431065 0.6691919191919192 0.44851657940663175 0.6792929292929293 0.45549738219895286 0.6893939393939394
6 0.6387434554973822 0.7727272727272727 0.6474694589877836 0.7752525252525253 0.6544502617801047 0.7752525252525253 0.6561954624781849 0.7626262626262627 0.6474694589877836 0.76010101010101 0.6387434554973822 0.7626262626262627 0.6387434554973822 0.7727272727272727
6 0.68760907504363 0.7550505050505051 0.6945898778359512 0.7550505050505051 0.7033158813263525 0.7550505050505051 0.7068062827225131 0.7474747474747475 0.7033158813263525 0.7424242424242424 0.6945898778359512 0.7449494949494949 0.6858638743455497 0.7474747474747475 0.68760907504363 0.7550505050505051
6 0.7260034904013961 0.6515151515151515 0.7329842931937173 0.6540404040404041 0.7417102966841187 0.648989898989899 0.7539267015706806 0.6388888888888888 0.7591623036649214 0.6287878787878788 0.7521815008726004 0.6212121212121212 0.7417102966841187 0.6287878787878788 0.7347294938917975 0.6363636363636364 0.7294938917975567 0.6439393939393939 0.7260034904013961 0.6515151515151515
8 0.5567190226876091 0.6893939393939394 0.5636998254799301 0.6893939393939394 0.5759162303664922 0.6893939393939394 0.5881326352530541 0.6893939393939394 0.6038394415357766 0.6944444444444444 0.6108202443280978 0.6843434343434344 0.5951134380453752 0.6767676767676768 0.581151832460733 0.6767676767676768 0.568935427574171 0.6792929292929293 0.5567190226876091 0.6818181818181818 0.5567190226876091 0.6893939393939394
8 0.5095986038394416 0.6944444444444444 0.518324607329843 0.6893939393939394 0.5095986038394416 0.6742424242424242 0.5026178010471204 0.6792929292929293 0.5095986038394416 0.6944444444444444
8 0.5095986038394416 0.7272727272727273 0.5130890052356021 0.73989898989899 0.5235602094240838 0.73989898989899 0.5305410122164049 0.7323232323232324 0.5357766143106457 0.7171717171717171 0.5235602094240838 0.7070707070707071 0.5130890052356021 0.7045454545454546 0.5078534031413613 0.7121212121212122 0.5095986038394416 0.7272727272727273
8 0.7120418848167539 0.6287878787878788 0.7137870855148342 0.6388888888888888 0.7207678883071553 0.6439393939393939 0.7260034904013961 0.6464646464646465 0.7329842931937173 0.6338383838383839 0.7399650959860384 0.6287878787878788 0.7347294938917975 0.6186868686868687 0.7260034904013961 0.6136363636363636 0.7190226876090751 0.6161616161616161 0.7137870855148342 0.6212121212121212 0.7120418848167539 0.6287878787878788
8 0.6352530541012217 0.7449494949494949 0.6422338568935427 0.7474747474747475 0.6492146596858639 0.7474747474747475 0.6579406631762653 0.7474747474747475 0.6649214659685864 0.7474747474747475 0.6649214659685864 0.73989898989899 0.6579406631762653 0.7323232323232324 0.6509598603839442 0.7323232323232324 0.643979057591623 0.7348484848484849 0.6387434554973822 0.7373737373737373 0.6352530541012217 0.7449494949494949
8 0.4973821989528796 0.7929292929292929 0.5008726003490401 0.797979797979798 0.506108202443281 0.803030303030303 0.5130890052356021 0.803030303030303 0.5165794066317626 0.7954545454545454 0.5113438045375218 0.7878787878787878 0.5008726003490401 0.7853535353535354 0.4973821989528796 0.7929292929292929
6 0.8970331588132635 0.4772727272727273 0.8970331588132635 0.48484848484848486 0.900523560209424 0.4898989898989899 0.9040139616055847 0.4898989898989899 0.9075043630017452 0.48484848484848486 0.9075043630017452 0.4772727272727273 0.9075043630017452 0.4722222222222222 0.912739965095986 0.4671717171717172 0.9162303664921466 0.4621212121212121 0.9075043630017452 0.4595959595959596 0.9040139616055847 0.4621212121212121 0.900523560209424 0.4671717171717172 0.8987783595113438 0.4722222222222222 0.8970331588132635 0.4772727272727273
5 0.7504363001745201 0.51010101010101 0.8219895287958116 0.45454545454545453 0.8150087260034904 0.3813131313131313 0.7399650959860384 0.4318181818181818 0.7504363001745201 0.51010101010101