8 0.8547979797979798 0.39291736930860033 0.8472222222222222 0.40809443507588533 0.8371212121212122 0.42158516020236086 0.8585858585858586 0.4468802698145025 0.8712121212121212 0.4317032040472175 0.8737373737373737 0.4131534569983137 0.8547979797979798 0.39291736930860033
3 0.9103535353535354 0.5396290050590219 0.928030303030303 0.5396290050590219 0.928030303030303 0.5126475548060708 0.9242424242424242 0.4873524451939292 0.9065656565656566 0.47554806070826305 0.8977272727272727 0.4502529510961214 0.9128787878787878 0.5042158516020236 0.9141414141414141 0.5177065767284992 0.9103535353535354 0.5396290050590219
0 0.8686868686868687 0.6306913996627319 0.8952020202020202 0.6138279932546374 0.9103535353535354 0.5952782462057336 0.9141414141414141 0.581787521079258 0.9179292929292929 0.5632377740303541 0.9141414141414141 0.5311973018549747 0.9015151515151515 0.5227655986509275 0.8737373737373737 0.5581787521079258 0.8686868686868687 0.5834738617200674 0.8686868686868687 0.6306913996627319
2 0.3611111111111111 0.12478920741989882 0.33585858585858586 0.12647554806070826 0.30934343434343436 0.1281618887015177 0.3005050505050505 0.14165261382799327 0.3055555555555556 0.16188870151770657 0.31313131313131315 0.19392917369308602 0.3194444444444444 0.21922428330522767 0.3282828282828283 0.25463743676222594 0.3371212121212121 0.26981450252951095 0.3472222222222222 0.28330522765598654 0.380050505050505 0.28836424957841483 0.43308080808080807 0.28499156829679595 0.4734848484848485 0.2748735244519393 0.5404040404040404 0.2715008431703204 0.6085858585858586 0.26644182124789206 0.6426767676767676 0.2580101180438449 0.6275252525252525 0.24283305227655985 0.6161616161616161 0.2327150084317032 0.6035353535353535 0.22259696458684655 0.5909090909090909 0.209106239460371 0.5795454545454546 0.19898819561551434 0.5656565656565656 0.18381112984822934 0.547979797979798 0.1703204047217538 0.5290404040404041 0.15177065767284992 0.48129927272727274 0.13011557672849916 0.4797979797979798 0.12984822934232715 0.466901154040404 0.12358467790893761 0.4658389444444444 0.12310286677908938 0.4444444444444444 0.12310286677908938 0.42676767676767674 0.12141652613827993 0.4065656565656566 0.12141652613827993 0.38762626262626265 0.12141652613827993 0.3611111111111111 0.12478920741989882
3 0.8838383838383839 0.5430016863406408 0.8914141414141414 0.5362563237774031 0.8952020202020202 0.5227655986509275 0.8901515151515151 0.5160202360876898 0.8825757575757576 0.5092748735244519 0.8712121212121212 0.4991568296795953 0.8573232323232324 0.5092748735244519 0.8547979797979798 0.5311973018549747 0.8573232323232324 0.5379426644182125 0.8699494949494949 0.5362563237774031 0.8838383838383839 0.5430016863406408
3 0.3143939393939394 0.47217537942664417 0.31691919191919193 0.4924114671163575 0.32702020202020204 0.5025295109612141 0.3383838383838384 0.5193929173693086 0.33964646464646464 0.5362563237774031 0.3345959595959596 0.5834738617200674 0.351010101010101 0.5935919055649241 0.3522727272727273 0.5784148397976391 0.35353535353535354 0.5581787521079258 0.3547979797979798 0.524451939291737 0.3560606060606061 0.49409780775716694 0.35858585858585856 0.4822934232715008 0.3573232323232323 0.45699831365935917 0.3547979797979798 0.44013490725126475 0.3522727272727273 0.4148397976391231 0.3434343434343434 0.40809443507588533 0.33207070707070707 0.42158516020236086 0.32323232323232326 0.418212478920742 0.3143939393939394 0.403035413153457 0.30934343434343436 0.3946037099494098 0.30934343434343436 0.41652613827993257 0.30934343434343436 0.4451939291736931 0.3143939393939394 0.47217537942664417
5 0.6818181818181818 0.7790893760539629 0.6616161616161617 0.7824620573355818 0.6464646464646465 0.7841483979763912 0.6439393939393939 0.7875210792580101 0.6439393939393939 0.790893760539629 0.6414141414141414 0.7959527824620574 0.6388888888888888 0.7993254637436762 0.6376262626262627 0.806070826306914 0.6376262626262627 0.8077571669477235 0.6426767676767676 0.8077571669477235 0.648989898989899 0.8077571669477235 0.6553030303030303 0.8077571669477235 0.6641414141414141 0.8077571669477235 0.6830808080808081 0.806070826306914 0.6931818181818182 0.806070826306914 0.7007575757575758 0.8043844856661045 0.7121212121212122 0.7959527824620574 0.7184343434343434 0.790893760539629 0.7297979797979798 0.7790893760539629 0.7184343434343434 0.7774030354131535 0.7095959595959596 0.7790893760539629 0.6994949494949495 0.7757166947723441 0.6818181818181818 0.7790893760539629
5 0.6224747474747475 0.7875210792580101 0.6136363636363636 0.7875210792580101 0.6085858585858586 0.7875210792580101 0.6022727272727273 0.7892074198988196 0.5984848484848485 0.7925801011804384 0.5972222222222222 0.7959527824620574 0.5984848484848485 0.7993254637436762 0.601010101010101 0.8010118043844857 0.6047979797979798 0.8026981450252951 0.6098484848484849 0.8043844856661045 0.6161616161616161 0.8026981450252951 0.6199494949494949 0.8010118043844857 0.6237373737373737 0.7993254637436762 0.6287878787878788 0.7976391231028668 0.6313131313131313 0.7942664418212478 0.6338383838383839 0.7925801011804384 0.63510101010101 0.7892074198988196 0.6325757575757576 0.7875210792580101 0.6275252525252525 0.7875210792580101 0.6224747474747475 0.7875210792580101
5 0.6085858585858586 0.7521079258010118 0.6098484848484849 0.7554806070826307 0.6123737373737373 0.7554806070826307 0.6136363636363636 0.7521079258010118 0.6136363636363636 0.7504215851602024 0.6123737373737373 0.7487352445193929 0.6098484848484849 0.7487352445193929 0.6085858585858586 0.7521079258010118
5 0.5946969696969697 0.806070826306914 0.5972222222222222 0.806070826306914 0.5959595959595959 0.8026981450252951 0.5946969696969697 0.8010118043844857 0.5921717171717171 0.8010118043844857 0.5921717171717171 0.8026981450252951 0.5934343434343434 0.806070826306914 0.5946969696969697 0.806070826306914
3 0.5265151515151515 0.33558178752107926 0.49873737373737376 0.3372681281618887 0.45454545454545453 0.3456998313659359 0.42424242424242425 0.3372681281618887 0.37373737373737376 0.33389544688026984 0.3446969696969697 0.3136593591905565 0.3484848484848485 0.342327150084317 0.3573232323232323 0.3591905564924115 0.3813131313131313 0.3777403035413153 0.41414141414141414 0.40134907251264756 0.43686868686868685 0.42327150084317033 0.4583333333333333 0.448566610455312 0.5012626262626263 0.4839797639123103 0.5404040404040404 0.5193929173693086 0.5492424242424242 0.5379426644182125 0.5681818181818182 0.5581787521079258 0.5820707070707071 0.5750421585160203 0.61489898989899 0.5851602023608768 0.6224747474747475 0.5885328836424958 0.6464646464646465 0.5834738617200674 0.6792929292929293 0.5649241146711635 0.696969696969697 0.5615514333895447 0.7222222222222222 0.5531197301854974 0.7449494949494949 0.5480607082630692 0.7714646464646465 0.5396290050590219 0.7929292929292929 0.5261382799325464 0.8194444444444444 0.5109612141652614 0.8358585858585859 0.5042158516020236 0.8522727272727273 0.4991568296795953 0.8699494949494949 0.49072512647554806 0.8775252525252525 0.4822934232715008 0.8926767676767676 0.4688026981450253 0.8939393939393939 0.43844856661045534 0.8800505050505051 0.4114671163575042 0.8409090909090909 0.37436762225969644 0.7222222222222222 0.2984822934232715 0.6717171717171717 0.31197301854974707 0.6237373737373737 0.31871838111298484 0.5845959595959596 0.3254637436762226 0.5265151515151515 0.33558178752107926
3 0.10606060606060606 0.25463743676222594 0.10732323232323232 0.27318718381112983 0.11616161616161616 0.2782462057335582 0.12878787878787878 0.2934232715008432 0.1351010101010101 0.1736930860033727 0.12247474747474747 0.19224283305227655 0.11237373737373738 0.21247892074198987 0.10732323232323232 0.23102866779089376 0.10606060606060606 0.25463743676222594
5 0.8333333333333334 0.7352445193929174 0.8952020202020202 0.6812816188870152 0.9065656565656566 0.6323777403035413 0.8611111111111112 0.6745362563237775 0.8131313131313131 0.6998313659359191 0.8080808080808081 0.7419898819561551 0.8333333333333334 0.7352445193929174
3 0.36237373737373735 0.08431703204047218 0.3661616161616162 0.10961214165261383 0.4027777777777778 0.1281618887015177 0.45580808080808083 0.12984822934232715 0.4962121212121212 0.12984822934232715 0.4734848484848485 0.11298482293423272 0.41792929292929293 0.09106239460370995 0.36237373737373735 0.08431703204047218
0 0.5883838383838383 0.7048903878583473 0.6111111111111112 0.7065767284991569 0.6376262626262627 0.7065767284991569 0.6704545454545454 0.7032040472175379 0.7007575757575758 0.6964586846543002 0.7146464646464646 0.6829679595278246 0.7234848484848485 0.6711635750421585 0.7702020202020202 0.6694772344013491 0.7664141414141414 0.6172006745362564 0.7234848484848485 0.6172006745362564 0.7133838383838383 0.6239460370994941 0.6957070707070707 0.6441821247892074 0.6818181818181818 0.657672849915683 0.6502525252525253 0.6677908937605397 0.5833333333333334 0.6762225969645869 0.5618686868686869 0.6728499156829679 0.5643939393939394 0.684654300168634 0.571969696969697 0.6964586846543002 0.5883838383838383 0.7048903878583473
0 0.49747474747474746 0.5935919055649241 0.5138888888888888 0.5952782462057336 0.5328282828282829 0.5952782462057336 0.5618686868686869 0.5952782462057336 0.5795454545454546 0.5919055649241147 0.5669191919191919 0.5750421585160203 0.4595959595959596 0.5598650927487352 0.4595959595959596 0.581787521079258 0.4633838383838384 0.5868465430016864 0.4772727272727273 0.5919055649241147 0.49747474747474746 0.5935919055649241
0 0.3573232323232323 0.36930860033726814 0.42045454545454547 0.4266441821247892 0.523989898989899 0.5328836424957841 0.5555555555555556 0.5750421585160203 0.5744949494949495 0.6053962900505903 0.6022727272727273 0.6087689713322091 0.6388888888888888 0.6053962900505903 0.678030303030303 0.5935919055649241 0.7272727272727273 0.5784148397976391 0.7626262626262627 0.5716694772344013 0.797979797979798 0.554806070826307 0.8446969696969697 0.5227655986509275 0.875 0.5008431703204047 0.8926767676767676 0.4822934232715008 0.898989898989899 0.45531197301854975 0.8914141414141414 0.43844856661045534 0.8838383838383839 0.4671163575042159 0.8623737373737373 0.4839797639123103 0.8295454545454546 0.4991568296795953 0.773989898989899 0.5311973018549747 0.7121212121212122 0.5531197301854974 0.6666666666666666 0.5666104553119731 0.6287878787878788 0.5801011804384486 0.5883838383838383 0.5682967959527825 0.5732323232323232 0.5480607082630692 0.5454545454545454 0.521079258010118 0.5075757575757576 0.4839797639123103 0.4684343434343434 0.44350758853288363 0.43686868686868685 0.4148397976391231 0.4027777777777778 0.3844856661045531 0.36237373737373735 0.35581787521079256 0.3421717171717172 0.327150084317032 0.3446969696969697 0.3473861720067454 0.3573232323232323 0.36930860033726814
0 0.30808080808080807 0.47217537942664417 0.3106060606060606 0.49409780775716694 0.31565656565656564 0.4822934232715008 0.31186868686868685 0.42327150084317033 0.31313131313131315 0.39291736930860033 0.31565656565656564 0.3676222596964587 0.31691919191919193 0.342327150084317 0.3194444444444444 0.31703204047217537 0.3143939393939394 0.3136593591905565 0.30934343434343436 0.35075885328836426 0.30808080808080807 0.37436762225969644 0.3055555555555556 0.403035413153457 0.3055555555555556 0.42495784148397975 0.3068181818181818 0.448566610455312 0.30808080808080807 0.47217537942664417
8 0.8320707070707071 0.4822934232715008 0.8295454545454546 0.49409780775716694 0.8598484848484849 0.49072512647554806 0.8699494949494949 0.4822934232715008 0.8598484848484849 0.4806070826306914 0.8320707070707071 0.4822934232715008