8 0.5134228187919463 0.10408560311284047 0.5107382550335571 0.09046692607003891 0.5080536912751678 0.07295719844357977 0.5040268456375839 0.03988326848249027 0.49731543624161073 0.024319066147859923 0.4959731543624161 0.04377431906614786 0.489261744966443 0.03988326848249027 0.489261744966443 0.05155642023346303 0.49328859060402686 0.06712062256809338 0.5 0.09241245136186771 0.5067114093959731 0.10797665369649806 0.5134228187919463 0.10408560311284047
8 0.5456375838926174 0.12743190661478598 0.5577181208053691 0.12743190661478598 0.5536912751677853 0.10992217898832685 0.5469798657718121 0.0963035019455253 0.540268456375839 0.07295719844357977 0.5335570469798657 0.06906614785992218 0.5241610738255034 0.05155642023346303 0.5174496644295302 0.03988326848249027 0.5161073825503356 0.0651750972762646 0.5241610738255034 0.07684824902723736 0.5268456375838926 0.09046692607003891 0.5281879194630873 0.10019455252918288 0.5322147651006711 0.11964980544747082 0.540268456375839 0.12159533073929961 0.5456375838926174 0.12743190661478598
8 0.5684563758389262 0.32003891050583655 0.5832214765100671 0.31809338521400776 0.5966442953020135 0.32003891050583655 0.6046979865771812 0.30836575875486383 0.5979865771812081 0.3025291828793774 0.5926174496644295 0.2791828793774319 0.5818791946308725 0.2714007782101167 0.565771812080537 0.2733463035019455 0.5536912751677853 0.2772373540856031 0.5577181208053691 0.3005836575875486 0.5577181208053691 0.316147859922179 0.5684563758389262 0.32003891050583655
8 0.5456375838926174 0.316147859922179 0.5456375838926174 0.3044747081712062 0.5469798657718121 0.2830739299610895 0.5389261744966443 0.2733463035019455 0.5308724832214765 0.2791828793774319 0.5322147651006711 0.2928015564202335 0.5322147651006711 0.30642023346303504 0.5375838926174497 0.32003891050583655 0.5456375838926174 0.316147859922179
8 0.5711409395973155 0.3453307392996109 0.5711409395973155 0.3356031128404669 0.5684563758389262 0.3219844357976654 0.561744966442953 0.3336575875486381 0.5630872483221476 0.34922178988326846 0.5711409395973155 0.3453307392996109
8 0.6073825503355704 0.35894941634241245 0.6140939597315436 0.34922178988326846 0.6194630872483221 0.3356031128404669 0.6140939597315436 0.32782101167315175 0.6033557046979866 0.3356031128404669 0.5953020134228187 0.32782101167315175 0.587248322147651 0.32976653696498054 0.5885906040268456 0.3472762645914397 0.5953020134228187 0.3647859922178988 0.6073825503355704 0.35894941634241245
8 0.5375838926174497 0.36284046692607 0.5375838926174497 0.35116731517509725 0.5389261744966443 0.33754863813229574 0.5308724832214765 0.33754863813229574 0.5295302013422819 0.35116731517509725 0.5322147651006711 0.36284046692607 0.5375838926174497 0.36284046692607
8 0.5563758389261745 0.45622568093385213 0.5590604026845638 0.438715953307393 0.5590604026845638 0.42509727626459143 0.5523489932885906 0.4173151750972763 0.5456375838926174 0.4173151750972763 0.5510067114093959 0.438715953307393 0.5496644295302013 0.45622568093385213 0.5563758389261745 0.45622568093385213
8 0.674496644295302 0.6624513618677043 0.6879194630872483 0.6682879377431906 0.6946308724832215 0.6799610894941635 0.6959731543624161 0.6916342412451362 0.6919463087248322 0.7052529182879378 0.6986577181208053 0.7052529182879378 0.7026845637583893 0.693579766536965 0.7053691275167785 0.6741245136186771 0.7067114093959731 0.6624513618677043 0.6986577181208053 0.6585603112840467 0.6919463087248322 0.6546692607003891 0.6852348993288591 0.6527237354085603 0.6758389261744966 0.6449416342412452 0.674496644295302 0.6293774319066148 0.6785234899328859 0.617704280155642 0.6718120805369128 0.6118677042801557 0.663758389261745 0.607976653696498 0.663758389261745 0.6352140077821011 0.663758389261745 0.6566147859922179 0.674496644295302 0.6624513618677043
8 0.7013422818791947 0.6352140077821011 0.7067114093959731 0.6391050583657587 0.7120805369127516 0.6410505836575876 0.7134228187919464 0.6624513618677043 0.7201342281879195 0.6663424124513618 0.7214765100671141 0.6566147859922179 0.7187919463087248 0.6449416342412452 0.7187919463087248 0.6352140077821011 0.6879194630872483 0.6235408560311284 0.6906040268456376 0.6352140077821011 0.7013422818791947 0.6352140077821011
8 0.7093959731543624 0.6760700389105059 0.7174496644295302 0.6857976653696498 0.7174496644295302 0.693579766536965 0.7201342281879195 0.7091439688715954 0.7161073825503356 0.7188715953307393 0.710738255033557 0.7285992217898832 0.710738255033557 0.7402723735408561 0.7120805369127516 0.7597276264591439 0.7093959731543624 0.7772373540856031 0.7120805369127516 0.7928015564202334 0.7174496644295302 0.7830739299610895 0.7228187919463087 0.7616731517509727 0.725503355704698 0.7422178988326849 0.7335570469798658 0.7577821011673151 0.7375838926174496 0.7383268482490273 0.7416107382550335 0.7188715953307393 0.7456375838926175 0.693579766536965 0.7442953020134229 0.6780155642023347 0.7389261744966443 0.6702334630350194 0.7322147651006712 0.6663424124513618 0.7268456375838926 0.664396887159533 0.7174496644295302 0.6663424124513618 0.7093959731543624 0.6760700389105059
8 0.7 0.7577821011673151 0.6986577181208053 0.7791828793774319 0.6986577181208053 0.7908560311284046 0.7067114093959731 0.7850194552529183 0.7067114093959731 0.769455252918288 0.7053691275167785 0.75 0.7053691275167785 0.730544747081712 0.7013422818791947 0.7169260700389105 0.6919463087248322 0.7169260700389105 0.6973154362416107 0.7344357976653697 0.7 0.7577821011673151
8 0.4986577181208054 0.3103112840466926 0.4919463087248322 0.29474708171206226 0.4812080536912752 0.29474708171206226 0.4704697986577181 0.29474708171206226 0.46241610738255035 0.28696498054474706 0.46375838926174495 0.3103112840466926 0.4677852348993289 0.3219844357976654 0.4771812080536913 0.31809338521400776 0.489261744966443 0.316147859922179 0.4986577181208054 0.3103112840466926
8 0.3 0.1566147859922179 0.2986577181208054 0.14105058365758755 0.2973154362416107 0.11575875486381323 0.29194630872483224 0.11381322957198443 0.2906040268456376 0.13132295719844359 0.29328859060402684 0.1507782101167315 0.29463087248322145 0.16634241245136186 0.3 0.17217898832684825 0.3 0.1566147859922179
8 0.31208053691275167 0.1546692607003891 0.31073825503355706 0.14299610894941633 0.3080536912751678 0.13326848249027237 0.30268456375838926 0.13910505836575876 0.30671140939597313 0.15272373540856032 0.3093959731543624 0.16439688715953307 0.31208053691275167 0.1546692607003891
8 0.4476510067114094 0.03599221789883268 0.44228187919463086 0.026264591439688716 0.44093959731543625 0.037937743190661476 0.4463087248322148 0.04377431906614786 0.4476510067114094 0.03599221789883268
3 0.5375838926174497 0.6527237354085603 0.5590604026845638 0.6663424124513618 0.5765100671140939 0.683852140077821 0.5966442953020135 0.6974708171206225 0.6060402684563758 0.6857976653696498 0.623489932885906 0.6585603112840467 0.6463087248322148 0.6488326848249028 0.6597315436241611 0.6429961089494164 0.6114093959731544 0.6021400778210116 0.5979865771812081 0.5904669260700389 0.5845637583892618 0.5632295719844358 0.5697986577181208 0.5321011673151751 0.5228187919463088 0.5826848249027238 0.5308724832214765 0.6235408560311284 0.5375838926174497 0.6527237354085603
3 0.6852348993288591 0.6877431906614786 0.6959731543624161 0.7071984435797666 0.6946308724832215 0.7402723735408561 0.7013422818791947 0.8005836575875487 0.7187919463087248 0.7850194552529183 0.7335570469798658 0.7461089494163424 0.7429530201342281 0.7188715953307393 0.7416107382550335 0.6916342412451362 0.7402684563758389 0.6702334630350194 0.7375838926174496 0.6449416342412452 0.7067114093959731 0.6293774319066148 0.6852348993288591 0.6196498054474708 0.6677852348993288 0.617704280155642 0.6664429530201342 0.6527237354085603 0.6852348993288591 0.6877431906614786
3 0.47449664429530203 0.3842412451361868 0.46375838926174495 0.42509727626459143 0.46375838926174495 0.45233463035019456 0.4704697986577181 0.48151750972762647 0.4825503355704698 0.5145914396887159 0.49463087248322146 0.5262645914396887 0.5013422818791946 0.5671206225680934 0.5107382550335571 0.5846303501945526 0.521476510067114 0.5749027237354085 0.5429530201342282 0.5535019455252919 0.5630872483221476 0.541828793774319 0.5563758389261745 0.49513618677042803 0.5604026845637584 0.4795719844357977 0.5711409395973155 0.48151750972762647 0.5644295302013422 0.4581712062256809 0.5644295302013422 0.44260700389105057 0.5644295302013422 0.42315175097276264 0.5751677852348993 0.39202334630350194 0.5899328859060403 0.38035019455252916 0.6087248322147651 0.36284046692607 0.6328859060402685 0.3472762645914397 0.6167785234899329 0.3219844357976654 0.5993288590604027 0.3219844357976654 0.5711409395973155 0.32587548638132297 0.5456375838926174 0.3239299610894942 0.5187919463087248 0.32587548638132297 0.5026845637583892 0.32782101167315175 0.49463087248322146 0.32782101167315175 0.4919463087248322 0.35116731517509725 0.47449664429530203 0.3842412451361868
3 0.5859060402684564 0.2830739299610895 0.5604026845637584 0.2714007782101167 0.5295302013422819 0.26750972762645914 0.5335570469798657 0.3219844357976654 0.5644295302013422 0.32587548638132297 0.6221476510067114 0.3142023346303502 0.6114093959731544 0.29669260700389105 0.5859060402684564 0.2830739299610895
0 0.46375838926174495 0.30642023346303504 0.4610738255033557 0.2928015564202335 0.4597315436241611 0.2772373540856031 0.4557046979865772 0.26361867704280156 0.448993288590604 0.2714007782101167 0.45033557046979866 0.28696498054474706 0.44093959731543625 0.28891050583657585 0.43154362416107384 0.28891050583657585 0.42348993288590603 0.2908560311284047 0.4140939597315436 0.28891050583657585 0.40604026845637586 0.2830739299610895 0.39798657718120806 0.2733463035019455 0.387248322147651 0.2733463035019455 0.37785234899328857 0.2714007782101167 0.36845637583892615 0.2694552529182879 0.361744966442953 0.26556420233463035 0.35369127516778526 0.26556420233463035 0.34429530201342284 0.2694552529182879 0.35369127516778526 0.2811284046692607 0.361744966442953 0.2811284046692607 0.3724832214765101 0.2908560311284047 0.37651006711409396 0.30836575875486383 0.38456375838926177 0.32003891050583655 0.39798657718120806 0.32587548638132297 0.41006711409395974 0.32976653696498054 0.42885906040268457 0.32782101167315175 0.4449664429530201 0.32976653696498054 0.46241610738255035 0.32782101167315175 0.46375838926174495 0.30642023346303504