3 0.3134851138353765 0.4028103044496487 0.3432574430823117 0.40046838407494145 0.3274956217162872 0.3583138173302108 0.276707530647986 0.22482435597189696 0.27845884413309985 0.2716627634660422 0.3169877408056042 0.3700234192037471 0.3117338003502627 0.40046838407494145
3 0.318739054290718 0.4707259953161593 0.3274956217162872 0.5409836065573771 0.3327495621716287 0.5573770491803278 0.3555166374781086 0.522248243559719 0.4080560420315236 0.5409836065573771 0.425569176882662 0.5573770491803278 0.45359019264448336 0.5995316159250585 0.4711033274956217 0.6323185011709602 0.5078809106830122 0.5971896955503513 0.4938704028021016 0.5550351288056206 0.48336252189141854 0.522248243559719 0.4133099824868651 0.4918032786885246 0.3660245183887916 0.47306791569086654 0.3309982486865149 0.4637002341920375
3 0.30297723292469353 0.5925058548009368 0.26444833625218916 0.5550351288056206 0.26444833625218916 0.49882903981264637 0.26444833625218916 0.4238875878220141 0.30472854640980734 0.45433255269320844 0.3117338003502627 0.48009367681498827 0.3222416812609457 0.531615925058548 0.3222416812609457 0.6182669789227166 0.3117338003502627 0.6088992974238876
5 0.3117338003502627 0.3911007025761124 0.3064798598949212 0.42857142857142855 0.276707530647986 0.42857142857142855 0.2591943957968476 0.38875878220140514 0.29772329246935203 0.3700234192037471
6 0.24168126094570927 0.4894613583138173 0.2486865148861646 0.5058548009367682 0.24518388791593695 0.5175644028103045 0.23992994746059546 0.5105386416861827
8 0.3660245183887916 0.5152224824355972 0.39929947460595444 0.522248243559719 0.43782837127845886 0.5667447306791569 0.45359019264448336 0.6018735362997658 0.46409807355516636 0.6463700234192038 0.4553415061295972 0.6463700234192038 0.4448336252189142 0.5971896955503513 0.4203152364273205 0.5597189695550351 0.39404553415061294 0.5386416861826698 0.38353765323992994 0.5269320843091335 0.3607705779334501 0.5292740046838408 0.3397548161120841 0.5409836065573771
8 0.3134851138353765 0.6042154566744731 0.30472854640980734 0.5409836065573771 0.30122591943957966 0.4847775175644028 0.30998248686514884 0.4847775175644028 0.329246935201401 0.5667447306791569 0.3222416812609457 0.6042154566744731 0.3204903677758319 0.6135831381733021
8 0.2626970227670753 0.5480093676814989 0.30472854640980734 0.5714285714285714 0.30472854640980734 0.5831381733021077 0.2679509632224168 0.5573770491803278
8 0.23642732049036777 0.21311475409836064 0.2626970227670753 0.21311475409836064 0.29597197898423816 0.27634660421545665 0.30998248686514884 0.32786885245901637 0.3204903677758319 0.3700234192037471 0.3117338003502627 0.38173302107728335 0.29422066549912435 0.3114754098360656 0.26970227670753066 0.24355971896955503 0.2381786339754816 0.22014051522248243
0 0.7390542907180385 0.8079625292740047 0.6637478108581436 0.8173302107728337 0.6007005253940455 0.8149882903981265 0.5621716287215411 0.8149882903981265 0.5516637478108581 0.8032786885245902 0.5621716287215411 0.7822014051522248 0.5726795096322241 0.7681498829039812 0.5954465849387041 0.765807962529274 0.6514886164623468 0.7681498829039812 0.7215411558669002 0.765807962529274 0.7425569176882661 0.7962529274004684
0 0.31523642732049034 0.4426229508196721 0.3204903677758319 0.49414519906323184 0.3257443082311734 0.5339578454332553 0.3274956217162872 0.5761124121779859 0.3274956217162872 0.6088992974238876 0.3309982486865149 0.6533957845433255 0.3309982486865149 0.6838407494145199 0.3204903677758319 0.6627634660421545 0.3117338003502627 0.5901639344262295 0.30823117338003503 0.5292740046838408 0.30823117338003503 0.4496487119437939