0 0.46616541353383456 0.327212020033389 0.4724310776942356 0.32554257095158595 0.4774436090225564 0.34223706176961605 0.47869674185463656 0.35225375626043404 0.4799498746867168 0.3622704507512521 0.4799498746867168 0.37061769616026713 0.4799498746867168 0.3823038397328882 0.48120300751879697 0.39565943238731216 0.48120300751879697 0.4073455759599332 0.48120300751879697 0.41903171953255425 0.48120300751879697 0.4273789649415693 0.48120300751879697 0.4357262103505843 0.48120300751879697 0.44240400667779634 0.4799498746867168 0.4524207011686144 0.4774436090225564 0.46243739565943237 0.4774436090225564 0.4674457429048414 0.4774436090225564 0.4741235392320534 0.4774436090225564 0.4791318864774624 0.47619047619047616 0.48580968280467446 0.4774436090225564 0.49248747913188645 0.47869674185463656 0.4991652754590985 0.4799498746867168 0.5141903171953256 0.48120300751879697 0.5308848080133556 0.48120300751879697 0.5492487479131887 0.4849624060150376 0.6343906510851419 0.4849624060150376 0.6510851419031719 0.4849624060150376 0.656093489148581 0.4849624060150376 0.666110183639399 0.48621553884711777 0.671118530884808 0.48621553884711777 0.67779632721202 0.48621553884711777 0.6828046744574291 0.4924812030075188 0.6828046744574291 0.4949874686716792 0.6844741235392321 0.5012531328320802 0.6811352253756261 0.5050125313283208 0.6878130217028381 0.5050125313283208 0.6911519198664441 0.49874686716791977 0.6944908180300501 0.49122807017543857 0.6961602671118531 0.48370927318295737 0.6944908180300501 0.4799498746867168 0.6911519198664441 0.47869674185463656 0.66110183639399 0.4774436090225564 0.6510851419031719 0.4774436090225564 0.6293823038397329 0.4774436090225564 0.6093489148580968 0.47117794486215536 0.5375626043405676 0.46867167919799496 0.5175292153589316 0.46616541353383456 0.5058430717863105 0.46365914786967416 0.49081803005008345 0.462406015037594 0.48247078464106846 0.46365914786967416 0.4724540901502504 0.46616541353383456 0.46410684474123537 0.46867167919799496 0.4557595993322204 0.47117794486215536 0.4323873121869783 0.4724310776942356 0.4073455759599332 0.47117794486215536 0.3789649415692821 0.4699248120300752 0.3555926544240401
5 0.5363408521303258 0.29716193656093487 0.5551378446115288 0.3038397328881469 0.568922305764411 0.3038397328881469 0.5877192982456141 0.3088480801335559 0.6077694235588973 0.3088480801335559 0.62531328320802 0.3071786310517529 0.6365914786967418 0.3005008347245409 0.6453634085213033 0.2888146911519199 0.6516290726817042 0.27212020033388984 0.6553884711779449 0.25542570951585974 0.6491228070175439 0.2353923205342237 0.6416040100250626 0.22203672787979967 0.6353383458646616 0.21869782971619364 0.6303258145363408 0.21535893155258765 0.6215538847117794 0.21368948247078465 0.6152882205513784 0.21202003338898165 0.6102756892230576 0.21035058430717862 0.6052631578947368 0.21035058430717862 0.5952380952380952 0.21035058430717862 0.5852130325814536 0.21202003338898165 0.5764411027568922 0.21535893155258765 0.5664160401002506 0.21869782971619364 0.5626566416040101 0.22203672787979967 0.5538847117794486 0.2287145242070117 0.5476190476190477 0.2353923205342237 0.5413533834586466 0.24373956594323873 0.5363408521303258 0.2587646076794658 0.5363408521303258 0.2604340567612688 0.5338345864661654 0.2671118530884808 0.5325814536340853 0.27879799666110183
8 0.042606516290726815 0.6961602671118531 0.043859649122807015 0.6861435726210351 0.05639097744360902 0.671118530884808 0.07017543859649122 0.66110183639399 0.08395989974937343 0.6510851419031719 0.09649122807017543 0.6410684474123539 0.10776942355889724 0.6343906510851419 0.11779448621553884 0.6260434056761269 0.12030075187969924 0.6060100166944908 0.11654135338345864 0.5926544240400667 0.11027568922305764 0.5809682804674458 0.09899749373433583 0.5809682804674458 0.10401002506265664 0.6026711185308848 0.10401002506265664 0.6160267111853088 0.09523809523809523 0.6293823038397329 0.07518796992481203 0.6427378964941569 0.06140350877192982 0.6494156928213689
8 0.19047619047619047 0.5626043405676127 0.20927318295739347 0.5475792988313857 0.22681704260651628 0.5392320534223706 0.23934837092731828 0.5308848080133556 0.2531328320802005 0.5292153589315526 0.2619047619047619 0.5308848080133556 0.2769423558897243 0.5392320534223706 0.2894736842105263 0.5358931552587646 0.29949874686716793 0.5275459098497496 0.3082706766917293 0.5208681135225376 0.31954887218045114 0.5175292153589316 0.33959899749373434 0.5125208681135225 0.3583959899749373 0.5058430717863105 0.37593984962406013 0.4991652754590985 0.38596491228070173 0.49081803005008345 0.38220551378446116 0.4791318864774624 0.37593984962406013 0.4741235392320534 0.35463659147869675 0.4724540901502504 0.3308270676691729 0.4774624373956594 0.3233082706766917 0.48580968280467446 0.31704260651629074 0.48914858096828046 0.3007518796992481 0.4941569282136895 0.2593984962406015 0.5091819699499165 0.24436090225563908 0.5108514190317195 0.22932330827067668 0.5108514190317195 0.20927318295739347 0.5208681135225376 0.20300751879699247 0.5275459098497496 0.19674185463659147 0.5375626043405676 0.18796992481203006 0.5492487479131887 0.18045112781954886 0.5626043405676127 0.17669172932330826 0.5709515859766278
8 0.4724310776942356 0.41402337228714525 0.4724310776942356 0.4073455759599332 0.4674185463659148 0.3989983305509182 0.462406015037594 0.39065108514190316 0.4523809523809524 0.38564273789649417 0.44611528822055135 0.38397328881469117 0.43734335839599 0.38397328881469117 0.4323308270676692 0.38564273789649417 0.4273182957393484 0.39065108514190316 0.424812030075188 0.39398998330550916 0.42355889724310775 0.4023372287145242 0.4223057644110276 0.41068447412353926 0.42355889724310775 0.41903171953255425 0.424812030075188 0.41402337228714525 0.42606516290726815 0.4056761268781302 0.43107769423558895 0.4006677796327212 0.4423558897243108 0.39565943238731216 0.45112781954887216 0.3989983305509182 0.45614035087719296 0.4056761268781302 0.4598997493734336 0.4090150250417362 0.46365914786967416 0.41235392320534225 0.46867167919799496 0.41903171953255425 0.47117794486215536 0.4240400667779633
8 0.48621553884711777 0.43906510851419034 0.49373433583959897 0.4323873121869783 0.5050125313283208 0.4273789649415693 0.5087719298245614 0.4257095158597663 0.5125313283208021 0.4240400667779633 0.518796992481203 0.4240400667779633 0.525062656641604 0.42070116861435725 0.5325814536340853 0.41736227045075125 0.5375939849624061 0.41569282136894825 0.5375939849624061 0.4240400667779633 0.5288220551378446 0.4290484140233723 0.518796992481203 0.4357262103505843 0.5100250626566416 0.44073455759599334 0.506265664160401 0.44741235392320533 0.5050125313283208 0.4540901502504174 0.506265664160401 0.46243739565943237 0.506265664160401 0.4724540901502504 0.5112781954887218 0.4674457429048414 0.5150375939849624 0.46410684474123537 0.518796992481203 0.4707846410684474 0.5175438596491229 0.48080133555926546 0.518796992481203 0.49248747913188645 0.5225563909774437 0.4958263772954925 0.5401002506265664 0.48414023372287146 0.5513784461152882 0.48414023372287146 0.5639097744360902 0.4791318864774624 0.5776942355889725 0.4774624373956594 0.5927318295739349 0.4757929883138564 0.6077694235588973 0.4691151919866444 0.6190476190476191 0.4657762938230384 0.6303258145363408 0.4590984974958264 0.6441102756892231 0.4557595993322204 0.6416040100250626 0.46243739565943237 0.6190476190476191 0.4724540901502504 0.6040100250626567 0.4791318864774624 0.5877192982456141 0.48914858096828046 0.5852130325814536 0.4974958263772955 0.5839598997493735 0.5058430717863105 0.5827067669172933 0.5141903171953256 0.5802005012531328 0.5242070116861436 0.5676691729323309 0.5275459098497496 0.5588972431077694 0.5325542570951586 0.5488721804511278 0.5342237061769616 0.5401002506265664 0.5292153589315526 0.5363408521303258 0.5225375626043406 0.531328320802005 0.5158597662771286 0.5213032581453634 0.5258764607679466 0.5200501253132832 0.5308848080133556 0.5125313283208021 0.5358931552587646 0.5050125313283208 0.5442404006677797 0.4974937343358396 0.5375626043405676 0.5050125313283208 0.5208681135225376 0.5087719298245614 0.5125208681135225 0.5137844611528822 0.5058430717863105 0.5137844611528822 0.4974958263772955 0.506265664160401 0.4941569282136895 0.4974937343358396 0.5075125208681135 0.4949874686716792 0.5091819699499165 0.48872180451127817 0.4991652754590985 0.49122807017543857 0.49081803005008345 0.49874686716791977 0.48414023372287146 0.5012531328320802 0.4741235392320534 0.49874686716791977 0.4607679465776294 0.49874686716791977 0.44741235392320533 0.49874686716791977 0.44073455759599334 0.49373433583959897 0.44407345575959933 0.49122807017543857 0.4540901502504174 0.48872180451127817 0.4607679465776294 0.4849624060150376 0.4674457429048414 0.4799498746867168 0.4574290484140234 0.47869674185463656 0.4524207011686144 0.47869674185463656 0.44574290484140233 0.4799498746867168 0.4340567612687813 0.4824561403508772 0.4273789649415693 0.4849624060150376 0.42070116861435725 0.487468671679198 0.41736227045075125 0.4924812030075188 0.42237061769616024
8 0.6441102756892231 0.4774624373956594 0.6754385964912281 0.4557595993322204 0.7005012531328321 0.43906510851419034 0.7030075187969925 0.4290484140233723 0.7092731829573935 0.42070116861435725 0.7130325814536341 0.41736227045075125 0.7167919799498746 0.41402337228714525 0.7218045112781954 0.41569282136894825 0.7205513784461153 0.42237061769616024 0.7192982456140351 0.4273789649415693 0.7167919799498746 0.4323873121869783 0.7117794486215538 0.44073455759599334 0.7042606516290727 0.44574290484140233 0.6979949874686717 0.44908180300500833 0.6716791979949874 0.4657762938230384 0.6641604010025063 0.4724540901502504 0.6591478696741855 0.4757929883138564 0.6553884711779449 0.4774624373956594
8 0.8070175438596491 0.31552587646076796 0.8045112781954887 0.32053422370617696 0.8020050125313283 0.333889816360601 0.8007518796992481 0.34056761268781305 0.8007518796992481 0.34724540901502504 0.7994987468671679 0.35058430717863104 0.7994987468671679 0.3555926544240401 0.7957393483709273 0.3622704507512521 0.7944862155388471 0.3639398998330551 0.7907268170426065 0.3572621035058431 0.7907268170426065 0.35058430717863104 0.7919799498746867 0.34557595993322204 0.7919799498746867 0.34056761268781305 0.793233082706767 0.335559265442404 0.7957393483709273 0.332220367278798 0.7982456140350878 0.32387312186978295 0.7994987468671679 0.31886477462437396 0.8020050125313283 0.31552587646076796
8 0.8458646616541353 0.3005008347245409 0.8483709273182958 0.3005008347245409 0.8571428571428571 0.3038397328881469 0.8634085213032582 0.3055091819699499 0.8696741854636592 0.3038397328881469 0.8721804511278195 0.2938230383973289 0.8759398496240601 0.2871452420701169 0.8809523809523809 0.28213689482470783 0.8872180451127819 0.27879799666110183 0.8922305764411027 0.27212020033388984 0.8947368421052632 0.2671118530884808 0.8959899749373433 0.25375626043405675 0.893483709273183 0.24707846410684475 0.8872180451127819 0.24207011686143573 0.8822055137844611 0.24207011686143573 0.8784461152882206 0.24874791318864775 0.8759398496240601 0.25375626043405675 0.8721804511278195 0.2570951585976628 0.8646616541353384 0.2621035058430718 0.8571428571428571 0.2671118530884808 0.8521303258145363 0.2704507512520868 0.8446115288220551 0.28046744574290483 0.8383458646616542 0.2921535893155259
5 0.487468671679198 0.41402337228714525 0.48621553884711777 0.41068447412353926 0.4899749373433584 0.4023372287145242 0.49373433583959897 0.4006677796327212 0.4974937343358396 0.4006677796327212 0.5050125313283208 0.4006677796327212 0.5087719298245614 0.3989983305509182 0.5137844611528822 0.39565943238731216 0.5175438596491229 0.39232053422370616 0.518796992481203 0.38898163606010017 0.5200501253132832 0.38397328881469117 0.5213032581453634 0.3823038397328882 0.5225563909774437 0.3756260434056761 0.5238095238095238 0.3739565943238731 0.525062656641604 0.3722871452420701 0.5288220551378446 0.3722871452420701 0.5350877192982456 0.3739565943238731 0.5413533834586466 0.3739565943238731 0.5451127819548872 0.3722871452420701 0.5476190476190477 0.3672787979966611 0.550125313283208 0.3572621035058431 0.5513784461152882 0.3555926544240401 0.5538847117794486 0.35225375626043404 0.5588972431077694 0.35058430717863104 0.5639097744360902 0.35225375626043404 0.5676691729323309 0.35392320534223703 0.5701754385964912 0.3572621035058431 0.5701754385964912 0.3622704507512521 0.5664160401002506 0.3672787979966611 0.5614035087719298 0.37061769616026713 0.556390977443609 0.3739565943238731 0.5451127819548872 0.3789649415692821 0.5426065162907269 0.38564273789649417 0.5413533834586466 0.39065108514190316 0.5388471177944862 0.3973288814691152 0.5375939849624061 0.3989983305509182 0.531328320802005 0.3989983305509182 0.5263157894736842 0.3989983305509182 0.5200501253132832 0.4023372287145242 0.5150375939849624 0.4073455759599332 0.5112781954887218 0.41068447412353926 0.5075187969924813 0.41569282136894825 0.5050125313283208 0.41736227045075125 0.5 0.42070116861435725 0.4924812030075188 0.42070116861435725 0.48872180451127817 0.41903171953255425
5 0.4573934837092732 0.4340567612687813 0.449874686716792 0.4373956594323873 0.4423558897243108 0.44908180300500833 0.43734335839599 0.4607679465776294 0.43859649122807015 0.4674457429048414 0.4423558897243108 0.4691151919866444 0.4523809523809524 0.4674457429048414 0.4598997493734336 0.46410684474123537 0.46365914786967416 0.46243739565943237 0.47117794486215536 0.4540901502504174 0.47368421052631576 0.44073455759599334 0.4699248120300752 0.42237061769616024 0.4649122807017544 0.41569282136894825 0.45112781954887216 0.4040066777963272 0.44360902255639095 0.3989983305509182 0.4323308270676692 0.3989983305509182 0.4273182957393484 0.4090150250417362 0.43107769423558895 0.41736227045075125 0.4398496240601504 0.42070116861435725 0.45112781954887216 0.42070116861435725 0.4548872180451128 0.42070116861435725 0.4598997493734336 0.4240400667779633 0.46365914786967416 0.4323873121869783 0.46115288220551376 0.4373956594323873
5 0.5100250626566416 0.4657762938230384 0.5100250626566416 0.4707846410684474 0.5037593984962406 0.4958263772954925 0.5037593984962406 0.5041736227045075 0.5100250626566416 0.5058430717863105 0.5200501253132832 0.5058430717863105 0.5325814536340853 0.5041736227045075 0.5426065162907269 0.5025041736227045 0.5463659147869674 0.5025041736227045 0.5526315789473685 0.4991652754590985 0.5526315789473685 0.49081803005008345 0.5463659147869674 0.48414023372287146 0.5375939849624061 0.48414023372287146 0.5300751879699248 0.48747913188647746 0.5275689223057645 0.49081803005008345 0.5213032581453634 0.48747913188647746 0.5175438596491229 0.48580968280467446 0.5162907268170426 0.4774624373956594 0.518796992481203 0.4724540901502504 0.5150375939849624 0.4674457429048414 0.5137844611528822 0.4657762938230384
0 0.06516290726817042 0.5792988313856428 0.07017543859649122 0.5792988313856428 0.08395989974937343 0.5893155258764607 0.09398496240601503 0.5909849749582637 0.10776942355889724 0.6043405676126878 0.12406015037593984 0.6176961602671118 0.14285714285714285 0.6343906510851419 0.16541353383458646 0.6494156928213689 0.17418546365914786 0.656093489148581 0.18796992481203006 0.664440734557596 0.19799498746867167 0.667779632721202 0.20426065162907267 0.669449081803005 0.20551378446115287 0.669449081803005 0.19924812030075187 0.676126878130217 0.19172932330827067 0.6811352253756261 0.18546365914786966 0.676126878130217 0.17293233082706766 0.667779632721202 0.16040100250626566 0.659432387312187 0.13533834586466165 0.6427378964941569 0.12155388471177944 0.6343906510851419 0.11278195488721804 0.6277128547579299 0.10275689223057644 0.6193656093489148 0.08646616541353383 0.6110183639398998 0.07142857142857142 0.6010016694490818 0.06265664160401002 0.5926544240400667 0.05889724310776942 0.5859766277128547
3 0.16165413533834586 0.5425709515859767 0.16040100250626566 0.5225375626043406 0.16791979949874686 0.4991652754590985 0.17919799498746866 0.48580968280467446 0.20175438596491227 0.4691151919866444 0.22305764411027568 0.46410684474123537 0.2644110275689223 0.4607679465776294 0.29448621553884713 0.4590984974958264 0.32957393483709274 0.4557595993322204 0.3533834586466165 0.4540901502504174 0.37468671679197996 0.4524207011686144 0.40476190476190477 0.44073455759599334 0.4223057644110276 0.4357262103505843 0.43609022556390975 0.4290484140233723 0.4573934837092732 0.41569282136894825 0.474937343358396 0.4040066777963272 0.49874686716791977 0.39565943238731216 0.518796992481203 0.39398998330550916 0.5375939849624061 0.3973288814691152 0.5588972431077694 0.4040066777963272 0.5827067669172933 0.41736227045075125 0.606516290726817 0.4524207011686144 0.6228070175438597 0.4741235392320534 0.6278195488721805 0.48914858096828046 0.6290726817042607 0.5091819699499165 0.6240601503759399 0.5308848080133556 0.6152882205513784 0.5542570951585977 0.606516290726817 0.5726210350584308 0.5952380952380952 0.5926544240400667 0.5802005012531328 0.6076794657762938 0.5551378446115288 0.6260434056761269 0.5288220551378446 0.6510851419031719 0.5100250626566416 0.672787979966611 0.5 0.6861435726210351 0.4949874686716792 0.6928213689482471 0.4774436090225564 0.7061769616026711 0.4649122807017544 0.7061769616026711 0.44611528822055135 0.6944908180300501 0.44611528822055135 0.669449081803005 0.4398496240601504 0.6527545909849749 0.41854636591478694 0.6143572621035058 0.40726817042606517 0.6043405676126878 0.38972431077694236 0.5959933222036727 0.36967418546365916 0.5993322203672788 0.3458646616541353 0.5976627712854758 0.3308270676691729 0.5893155258764607 0.30701754385964913 0.5943238731218697 0.29448621553884713 0.5976627712854758 0.2644110275689223 0.6010016694490818 0.2506265664160401 0.6076794657762938 0.24185463659147868 0.6160267111853088 0.23558897243107768 0.6243739565943238 0.22180451127819548 0.6393989983305509 0.21052631578947367 0.6494156928213689 0.21052631578947367 0.659432387312187 0.20426065162907267 0.664440734557596 0.20050125313283207 0.671118530884808 0.19674185463659147 0.6828046744574291 0.19172932330827067 0.6944908180300501 0.17293233082706766 0.7128547579298832 0.16791979949874686 0.6861435726210351 0.16917293233082706 0.6510851419031719 0.17919799498746866 0.6327212020033389 0.19548872180451127 0.6110183639398998 0.20676691729323307 0.5976627712854758 0.21428571428571427 0.5742904841402338 0.21679197994987467 0.5626043405676127 0.20426065162907267 0.5559265442404007 0.18922305764411027 0.5542570951585977 0.18170426065162906 0.5559265442404007 0.17543859649122806 0.5559265442404007
3 0.8408521303258145 0.39232053422370616 0.8446115288220551 0.37061769616026713 0.8471177944862155 0.34724540901502504 0.8558897243107769 0.330550918196995 0.8646616541353384 0.32387312186978295 0.8734335839598998 0.3121869782971619 0.8847117794486216 0.2988313856427379 0.8897243107769424 0.2938230383973289 0.8947368421052632 0.2854757929883139 0.899749373433584 0.27212020033388984 0.9047619047619048 0.2587646076794658 0.9072681704260651 0.24373956594323873 0.9072681704260651 0.2370617696160267 0.9047619047619048 0.20701168614357263 0.8947368421052632 0.18697829716193656 0.8771929824561403 0.17195325542570952 0.8558897243107769 0.17195325542570952 0.843358395989975 0.17863105175292154 0.8383458646616542 0.18697829716193656 0.8270676691729323 0.19699499165275458 0.8208020050125313 0.21869782971619364 0.8195488721804511 0.24540901502504173 0.8145363408521303 0.27712854757929883 0.8020050125313283 0.31886477462437396 0.7944862155388471 0.337228714524207 0.7882205513784462 0.35225375626043404 0.7781954887218046 0.3722871452420701 0.7669172932330827 0.39065108514190316 0.7593984962406015 0.4056761268781302 0.7518796992481203 0.42237061769616024 0.7531328320802005 0.44741235392320533 0.7631578947368421 0.4557595993322204 0.7819548872180451 0.4557595993322204 0.8020050125313283 0.4574290484140234 0.8095238095238095 0.44741235392320533 0.818295739348371 0.4373956594323873 0.8245614035087719 0.4290484140233723 0.8270676691729323 0.4240400667779633 0.8333333333333334 0.41402337228714525 0.8383458646616542 0.4006677796327212