6 0.4981132075471698 0.6010016694490818 0.49056603773584906 0.6010016694490818 0.4880503144654088 0.6043405676126878 0.48427672955974843 0.6060100166944908 0.47924528301886793 0.6110183639398998 0.4742138364779874 0.6176961602671118 0.4742138364779874 0.6243739565943238 0.47924528301886793 0.6243739565943238 0.48553459119496856 0.6160267111853088 0.4918238993710692 0.6126878130217028 0.4968553459119497 0.6143572621035058 0.4968553459119497 0.6093489148580968
6 0.6176100628930817 0.4540901502504174 0.6176100628930817 0.4607679465776294 0.620125786163522 0.46410684474123537 0.6264150943396226 0.4707846410684474 0.630188679245283 0.4674457429048414 0.6226415094339622 0.4574290484140234
3 0.5270440251572327 0.48580968280467446 0.5056603773584906 0.4974958263772955 0.49433962264150944 0.5125208681135225 0.4880503144654088 0.5242070116861436 0.5132075471698113 0.5275459098497496 0.5270440251572327 0.5191986644407346 0.5421383647798742 0.5108514190317195 0.5547169811320755 0.4974958263772955 0.5672955974842767 0.49248747913188645 0.5886792452830188 0.49248747913188645 0.6012578616352201 0.48747913188647746 0.6125786163522012 0.4791318864774624 0.6150943396226415 0.4724540901502504 0.6 0.4674457429048414 0.589937106918239 0.4674457429048414 0.5773584905660377 0.4657762938230384 0.5660377358490566 0.4741235392320534 0.5484276729559748 0.48247078464106846 0.5358490566037736 0.48580968280467446
3 0.8955974842767296 0.3121869782971619 0.9069182389937107 0.3806343906510851 0.9245283018867925 0.34390651085141904 0.9182389937106918 0.330550918196995 0.909433962264151 0.32053422370617696
3 0.9006289308176101 0.38397328881469117 0.8918238993710692 0.39065108514190316 0.8905660377358491 0.3989983305509182 0.8981132075471698 0.4040066777963272 0.9031446540880503 0.4040066777963272 0.9081761006289308 0.39565943238731216 0.9069182389937107 0.38731218697829717
3 0.7836477987421384 0.3739565943238731 0.7886792452830189 0.36894824707846413 0.7974842767295598 0.36894824707846413 0.8037735849056604 0.3739565943238731 0.8 0.38564273789649417 0.7924528301886793 0.3989983305509182 0.7861635220125787 0.4023372287145242 0.7811320754716982 0.4006677796327212 0.779874213836478 0.39232053422370616
0 0.9031446540880503 0.27879799666110183 0.9106918238993711 0.2854757929883139 0.9169811320754717 0.2904841402337229 0.9283018867924528 0.2904841402337229 0.9421383647798742 0.2904841402337229 0.9446540880503145 0.2938230383973289 0.9471698113207547 0.3055091819699499 0.9484276729559749 0.31385642737896496 0.949685534591195 0.328881469115192 0.9534591194968554 0.333889816360601 0.959748427672956 0.333889816360601 0.9522012578616352 0.29716193656093487 0.949685534591195 0.2888146911519199 0.939622641509434 0.2838063439065108 0.9320754716981132 0.28046744574290483 0.9220125786163522 0.2671118530884808 0.9220125786163522 0.2587646076794658 0.919496855345912 0.2587646076794658 0.9119496855345912 0.2704507512520868 0.9081761006289308 0.27378964941569284
8 0.7056603773584905 0.4273789649415693 0.7295597484276729 0.41569282136894825 0.7459119496855345 0.4073455759599332 0.7610062893081762 0.4040066777963272 0.759748427672956 0.4073455759599332 0.7471698113207547 0.41402337228714525 0.7371069182389937 0.41736227045075125 0.7257861635220125 0.42237061769616024 0.7169811320754716 0.4257095158597663
8 0.6415094339622641 0.5292153589315526 0.6515723270440251 0.5258764607679466 0.6591194968553459 0.5191986644407346 0.6654088050314465 0.5208681135225376 0.650314465408805 0.5342237061769616 0.6440251572327044 0.5358931552587646
8 0.8817610062893082 0.34891485809682804 0.8591194968553459 0.3589315525876461 0.8301886792452831 0.37061769616026713 0.8037735849056604 0.3823038397328882 0.8062893081761007 0.39065108514190316 0.8276729559748428 0.3789649415692821 0.8553459119496856 0.3656093489148581 0.8716981132075472 0.3589315525876461
8 0.6477987421383647 0.5575959933222037 0.650314465408805 0.5559265442404007 0.6578616352201258 0.5509181969949917 0.6654088050314465 0.5475792988313857 0.6767295597484276 0.5459098497495827 0.6477987421383647 0.5642737896494157
8 0.8 0.44407345575959933 0.8377358490566038 0.4273789649415693 0.8628930817610063 0.41569282136894825 0.8628930817610063 0.41903171953255425 0.8352201257861636 0.4323873121869783 0.8176100628930818 0.44240400667779634 0.8025157232704403 0.44908180300500833
8 0.6276729559748427 0.4607679465776294 0.6352201257861635 0.4574290484140234 0.6452830188679245 0.4524207011686144 0.650314465408805 0.4507512520868113 0.630188679245283 0.4674457429048414
8 0.7232704402515723 0.41903171953255425 0.7396226415094339 0.41068447412353926 0.7509433962264151 0.4056761268781302 0.7672955974842768 0.4006677796327212 0.730817610062893 0.42070116861435725
8 0.7459119496855345 0.4791318864774624 0.7559748427672957 0.4674457429048414 0.7660377358490567 0.4607679465776294 0.7811320754716982 0.4540901502504174 0.7949685534591195 0.44741235392320533 0.8050314465408805 0.44073455759599334 0.8138364779874214 0.43906510851419034 0.8238993710691824 0.4340567612687813 0.8389937106918239 0.4240400667779633 0.8578616352201258 0.41235392320534225 0.7509433962264151 0.4774624373956594
8 0.7132075471698113 0.5692821368948247 0.7144654088050314 0.5575959933222037 0.7194968553459119 0.5592654424040067 0.720754716981132 0.5692821368948247
8 0.7396226415094339 0.44574290484140233 0.7396226415094339 0.43906510851419034 0.7459119496855345 0.4373956594323873 0.7433962264150943 0.44240400667779634 0.7433962264150943 0.44908180300500833