3 0.4508797653958944 0.4292543021032505 0.4435483870967742 0.43881453154875716 0.43914956011730205 0.4655831739961759 0.4406158357771261 0.49235181644359466 0.45234604105571846 0.52868068833652 0.4640762463343108 0.5554493307839388 0.4846041055718475 0.4770554493307839 0.4743401759530792 0.4502868068833652 0.4640762463343108 0.43690248565965584 0.4508797653958944 0.4292543021032505
3 0.4596774193548387 0.1826003824091778 0.4567448680351906 0.2170172084130019 0.44501466275659823 0.23422562141491396 0.45821114369501464 0.26481835564053535 0.46994134897360706 0.2552581261950287 0.4802052785923754 0.2418738049713193 0.47873900293255134 0.23422562141491396 0.46994134897360706 0.2074569789674952 0.46847507331378296 0.1864244741873805 0.4596774193548387 0.1826003824091778
3 0.44501466275659823 0.10038240917782026 0.43621700879765396 0.1118546845124283 0.42888563049853373 0.13288718929254303 0.4318181818181818 0.14244741873804972 0.44501466275659823 0.1367112810707457 0.44941348973607037 0.12332695984703633 0.45527859237536655 0.11950286806883365 0.45821114369501464 0.10420650095602295 0.46114369501466274 0.09082217973231357 0.45527859237536655 0.08508604206500955 0.45234604105571846 0.0965583173996176 0.44501466275659823 0.10038240917782026
3 0.45234604105571846 0.03919694072657744 0.4596774193548387 0.044933078393881457 0.4714076246334311 0.044933078393881457 0.48900293255131966 0.04110898661567878 0.4934017595307918 0.027724665391969407 0.4934017595307918 0.020076481835564052 0.4772727272727273 0.020076481835564052 0.46994134897360706 0.02198852772466539 0.45821114369501464 0.02581261950286807 0.45234604105571846 0.03919694072657744
0 0.5737243401759531 0 0.5681818181818182 0.020076481835564052 0.5740469208211144 0.044933078393881457 0.6004398826979472 0.10420650095602295 0.6473607038123167 0.23804971319311663 0.6649560117302052 0.28967495219885275 0.6766862170087976 0.29923518164435947 0.7133431085043989 0.32217973231357555 0.7558651026392962 0.3489483747609943 0.8042521994134897 0.38336520076481834 0.7969208211143695 0.36806883365200765 0.8013196480938416 0.33938814531548755 0.7910557184750733 0.29923518164435947 0.7631964809384164 0.25334608030592737 0.748533724340176 0.18833652007648183 0.716275659824047 0.16730401529636713 0.6972140762463344 0.12332695984703633 0.6796187683284457 0.07934990439770555 0.6532258064516129 0.0124282982791587 0.6502474340175953 0 0.5737243401759531 0
3 0.5124633431085044 0.2323135755258126 0.5256598240469208 0.22466539196940727 0.5109970674486803 0.22275334608030592 0.49486803519061584 0.2208413001912046 0.4772727272727273 0.21892925430210325 0.47873900293255134 0.22466539196940727 0.500733137829912 0.2361376673040153 0.5124633431085044 0.2323135755258126
3 0.5388563049853372 0.2208413001912046 0.5461876832844574 0.24378585086042065 0.5535190615835777 0.25334608030592737 0.5432551319648093 0.2055449330783939 0.5359237536656891 0.17686424474187382 0.5344574780058651 0.19407265774378585 0.5388563049853372 0.2208413001912046
6 0.5828445747800587 0.2762906309751434 0.5872434017595308 0.27820267686424477 0.5872434017595308 0.26864244741873805 0.5799120234604106 0.26864244741873805 0.5828445747800587 0.2762906309751434
3 0.5256598240469208 0.2361376673040153 0.5153958944281525 0.25717017208413 0.5153958944281525 0.2858508604206501 0.5124633431085044 0.3107074569789675 0.5227272727272727 0.3317399617590822 0.5344574780058651 0.29732313575525815 0.5359237536656891 0.245697896749522 0.5447214076246334 0.24760994263862332 0.5359237536656891 0.2361376673040153 0.5271260997067448 0.2304015296367113 0.5256598240469208 0.2361376673040153
3 0.5095307917888563 0.21892925430210325 0.5109970674486803 0.19980879541108987 0.5168621700879765 0.17304015296367112 0.5183284457478006 0.15965583173996176 0.5139296187683284 0.15391969407265774 0.5051319648093842 0.16539196940726578 0.49193548387096775 0.15965583173996176 0.48900293255131966 0.18451242829827916 0.49780058651026393 0.2055449330783939 0.5095307917888563 0.21892925430210325
4 0.4039589442815249 0.08891013384321224 0.4010263929618768 0.09464627151051626 0.4010263929618768 0.0965583173996176 0.4039589442815249 0.1022944550669216 0.40249266862170086 0.10611854684512428 0.4010263929618768 0.10994263862332695 0.40249266862170086 0.1118546845124283 0.3980938416422287 0.11759082217973231 0.4010263929618768 0.12523900573613767 0.40689149560117305 0.12332695984703633 0.4083577712609971 0.10994263862332695 0.40982404692082114 0.10038240917782026 0.4156891495601173 0.09273422562141491 0.40982404692082114 0.08891013384321224 0.4112903225806452 0.08126195028680688 0.40542521994134895 0.08317399617590822 0.4039589442815249 0.08891013384321224
4 0.42595307917888564 0.10611854684512428 0.4274193548387097 0.1022944550669216 0.42302052785923755 0.10038240917782026 0.4215542521994135 0.10611854684512428 0.42302052785923755 0.10803059273422562 0.42595307917888564 0.10611854684512428
4 0.4215542521994135 0.15009560229445507 0.42008797653958946 0.1462715105162524 0.4186217008797654 0.15009560229445507 0.4142228739002933 0.15391969407265774 0.4186217008797654 0.1577437858508604 0.4215542521994135 0.15583173996175909 0.4215542521994135 0.15009560229445507
4 0.42595307917888564 0.12523900573613767 0.42302052785923755 0.12523900573613767 0.42008797653958946 0.12906309751434034 0.42302052785923755 0.13288718929254303 0.42595307917888564 0.13097514340344169 0.42595307917888564 0.12523900573613767
4 0.4156891495601173 0.121414913957935 0.4156891495601173 0.11567877629063097 0.4112903225806452 0.11567877629063097 0.40982404692082114 0.11759082217973231 0.4083577712609971 0.11950286806883365 0.40982404692082114 0.12332695984703633 0.41275659824046923 0.11950286806883365 0.4156891495601173 0.121414913957935
4 0.4318181818181818 0.0869980879541109 0.4318181818181818 0.09082217973231357 0.4347507331378299 0.09082217973231357 0.4347507331378299 0.0869980879541109 0.4318181818181818 0.0869980879541109
6 0.6708211143695014 0.31453154875717015 0.6722873900293255 0.3202676864244742 0.6722873900293255 0.3355640535372849 0.6737536656891495 0.3240917782026769 0.6752199413489736 0.32217973231357555 0.6737536656891495 0.31644359464627153 0.6722873900293255 0.31453154875717015 0.6737536656891495 0.3049713193116635 0.6737536656891495 0.29732313575525815 0.6722873900293255 0.29732313575525815 0.6708211143695014 0.3049713193116635 0.6708211143695014 0.31453154875717015
0 0.4485645938416422 0 0.41715542521994137 0.03537284894837476 0.3878299120234604 0.0869980879541109 0.374633431085044 0.15200764818355642 0.3629032258064516 0.20172084130019122 0.35410557184750735 0.25334608030592737 0.3907624633431085 0.7332695984703633 0.41275659824046923 0.7141491395793499 0.4596774193548387 0.607074569789675 0.4772727272727273 0.607074569789675 0.5256598240469208 0.38336520076481834 0.5491202346041055 0.3355640535372849 0.5857771260997068 0.3068833652007648 0.5799120234604106 0.25717017208413 0.5637829912023461 0.251434034416826 0.5461876832844574 0.1711281070745698 0.5241935483870968 0.07934990439770555 0.5065982404692082 0.0372848948374761 0.4981264252199413 0 0.4485645938416422 0
0 0.5049224970674487 0 0.5080645161290323 0.004780114722753346 0.5139296187683284 0.020076481835564052 0.5109970674486803 0.027724665391969407 0.5109970674486803 0.04110898661567878 0.5212609970674487 0.04875717017208413 0.5373900293255132 0.043021032504780114 0.5373900293255132 0.02198852772466539 0.5241935483870968 0.006692160611854685 0.5132881231671554 0 0.5049224970674487 0