1 0.27225130890052357 0.6893939393939394 0.27225130890052357 0.6590909090909091 0.268760907504363 0.6161616161616161 0.2705061082024433 0.5757575757575758 0.27399650959860383 0.547979797979798 0.28272251308900526 0.5202020202020202 0.2931937172774869 0.51010101010101 0.3036649214659686 0.5252525252525253 0.29842931937172773 0.547979797979798 0.29668411867364747 0.5656565656565656 0.28970331588132636 0.5934343434343434 0.28272251308900526 0.6262626262626263 0.28272251308900526 0.6590909090909091 0.2844677137870855 0.6868686868686869 0.2792321116928447 0.6919191919191919
1 0.4223385689354276 0.7727272727272727 0.4432809773123909 0.7777777777777778 0.4432809773123909 0.803030303030303 0.45200698080279234 0.8181818181818182 0.4712041884816754 0.8207070707070707 0.47469458987783597 0.8358585858585859 0.4642233856893543 0.8358585858585859 0.4537521815008726 0.8308080808080808 0.44153577661431065 0.8232323232323232 0.42408376963350786 0.8232323232323232 0.42408376963350786 0.803030303030303 0.4205933682373473 0.7878787878787878
8 0.16055846422338568 0.4621212121212121 0.16579406631762653 0.45202020202020204 0.17277486910994763 0.44696969696969696 0.17452006980802792 0.4595959595959596 0.1762652705061082 0.47474747474747475 0.17102966841186737 0.4797979797979798 0.16404886561954624 0.47474747474747475 0.15706806282722513 0.4671717171717172
1 0.19546247818499127 0.5681818181818182 0.19895287958115182 0.5580808080808081 0.20593368237347295 0.553030303030303 0.2111692844677138 0.5681818181818182 0.2111692844677138 0.5808080808080808 0.20593368237347295 0.5833333333333334 0.19895287958115182 0.5782828282828283
3 0.18848167539267016 0.2904040404040404 0.20767888307155322 0.28535353535353536 0.2268760907504363 0.2878787878787879 0.24083769633507854 0.29797979797979796 0.2425828970331588 0.3333333333333333 0.2530541012216405 0.3611111111111111 0.2705061082024433 0.3813131313131313 0.2774869109947644 0.4065656565656566 0.28097731239092494 0.4318181818181818 0.27399650959860383 0.4595959595959596 0.2600349040139616 0.5025252525252525 0.2547993019197208 0.5656565656565656 0.24781849912739964 0.601010101010101 0.2425828970331588 0.6212121212121212 0.2268760907504363 0.6186868686868687 0.2094240837696335 0.5934343434343434 0.193717277486911 0.5782828282828283 0.18324607329842932 0.5631313131313131 0.19197207678883071 0.5176767676767676 0.19895287958115182 0.5 0.193717277486911 0.4595959595959596 0.19197207678883071 0.42676767676767674 0.18324607329842932 0.4015151515151515 0.17452006980802792 0.37373737373737376 0.17452006980802792 0.3409090909090909 0.18150087260034903 0.3106060606060606
3 0.08551483420593368 0.2878787878787879 0.18848167539267016 0.2878787878787879 0.17975567190226877 0.31313131313131315 0.17452006980802792 0.3409090909090909 0.1762652705061082 0.36363636363636365 0.17801047120418848 0.39141414141414144 0.1849912739965096 0.4065656565656566 0.19197207678883071 0.43434343434343436 0.19197207678883071 0.45707070707070707 0.19546247818499127 0.47474747474747475 0.19895287958115182 0.49242424242424243 0.19546247818499127 0.5126262626262627 0.18848167539267016 0.5353535353535354 0.18324607329842932 0.5606060606060606 0.16928446771378708 0.5505050505050505 0.15008726003490402 0.5328282828282829 0.13263525305410123 0.5202020202020202 0.11867364746945899 0.5050505050505051 0.10471204188481675 0.494949494949495 0.09424083769633508 0.48737373737373735 0.09075043630017451 0.45454545454545453 0.10296684118673648 0.4393939393939394 0.09947643979057591 0.41414141414141414 0.09598603839441536 0.3813131313131313 0.0924956369982548 0.34595959595959597
1 0.09598603839441536 0.4898989898989899 0.1169284467713787 0.5050505050505051 0.15008726003490402 0.5353535353535354 0.18150087260034903 0.5606060606060606 0.19197207678883071 0.5757575757575758 0.2111692844677138 0.5984848484848485 0.23036649214659685 0.6237373737373737 0.24781849912739964 0.6363636363636364 0.2617801047120419 0.6540404040404041 0.27225130890052357 0.6717171717171717 0.2705061082024433 0.6868686868686869 0.24607329842931938 0.6590909090909091 0.22164048865619546 0.6313131313131313 0.193717277486911 0.601010101010101 0.16753926701570682 0.5732323232323232 0.14834205933682373 0.5555555555555556 0.1273996509598604 0.5328282828282829 0.10645724258289703 0.51010101010101 0.09424083769633508 0.494949494949495
5 0.7678883071553229 0.4444444444444444 0.8289703315881326 0.42424242424242425 0.8359511343804538 0.4898989898989899 0.7766143106457243 0.5176767676767676
1 0.3158813263525305 0.5984848484848485 0.3036649214659686 0.6111111111111112 0.29668411867364747 0.648989898989899 0.29842931937172773 0.6944444444444444 0.3019197207678883 0.7222222222222222 0.3036649214659686 0.73989898989899 0.30715532286212915 0.7550505050505051 0.31413612565445026 0.7752525252525253 0.3228621291448517 0.7904040404040404 0.3298429319371728 0.803030303030303 0.3368237347294939 0.8131313131313131 0.3472949389179756 0.8181818181818182 0.35776614310645727 0.8207070707070707 0.36649214659685864 0.8181818181818182 0.3717277486910995 0.8080808080808081 0.37521815008726006 0.7904040404040404 0.3769633507853403 0.7702020202020202 0.3769633507853403 0.7575757575757576 0.3769633507853403 0.7373737373737373 0.37521815008726006 0.7146464646464646 0.3717277486910995 0.6994949494949495 0.3682373472949389 0.6843434343434344 0.3682373472949389 0.6691919191919192 0.36300174520069806 0.6515151515151515 0.3542757417102967 0.6313131313131313 0.34554973821989526 0.6186868686868687 0.3368237347294939 0.6060606060606061 0.32809773123909247 0.5984848484848485 0.32460732984293195 0.5959595959595959 0.3228621291448517 0.5959595959595959
4 0.3036649214659686 0.3813131313131313 0.2844677137870855 0.43686868686868685 0.2792321116928447 0.4292929292929293 0.29668411867364747 0.3787878787878788
0 0.3525305410122164 0.2676767676767677 0.33507853403141363 0.30808080808080807 0.33158813263525305 0.33585858585858586 0.32111692844677137 0.36363636363636365 0.2757417102966841 0.48484848484848486 0.25654450261780104 0.5606060606060606 0.25654450261780104 0.6111111111111112 0.2443280977312391 0.6388888888888888 0.2268760907504363 0.6414141414141414 0.2268760907504363 0.6262626262626263 0.24607329842931938 0.5782828282828283 0.2547993019197208 0.5 0.268760907504363 0.44696969696969696 0.31239092495637 0.3434343434343434 0.31413612565445026 0.3055555555555556 0.34205933682373474 0.255050505050505