5 0.431266846361186 0.8453237410071942 0.42452830188679247 0.8687050359712231 0.4326145552560647 0.8830935251798561 0.44070080862533695 0.89568345323741 0.4568733153638814 0.9046762589928058 0.477088948787062 0.9028776978417267 0.49595687331536387 0.9028776978417267 0.5053908355795148 0.8902877697841727 0.5 0.8741007194244604 0.49056603773584906 0.8615107913669064 0.4743935309973046 0.8327338129496403 0.44878706199460916 0.8111510791366906 0.4299191374663073 0.8093525179856115 0.4110512129380054 0.8003597122302158 0.42452830188679247 0.8255395683453237
5 0.3247978436657682 0.7679856115107914 0.330188679245283 0.762589928057554 0.33962264150943394 0.7679856115107914 0.33962264150943394 0.7787769784172662 0.33557951482479786 0.7859712230215827 0.3288409703504043 0.7877697841726619 0.3221024258760108 0.7787769784172662
8 0.3692722371967655 0.75 0.38409703504043125 0.7446043165467626 0.39892183288409705 0.75 0.40700808625336926 0.7589928057553957 0.3908355795148248 0.7661870503597122 0.3746630727762803 0.7769784172661871 0.3665768194070081 0.7769784172661871 0.3665768194070081 0.7679856115107914
8 0.4555256064690027 0.9154676258992805 0.4609164420485175 0.9100719424460432 0.46900269541778977 0.9064748201438849 0.4784366576819407 0.9046762589928058 0.49056603773584906 0.9028776978417267 0.49595687331536387 0.9028776978417267 0.5026954177897575 0.8992805755395683 0.5080862533692723 0.8992805755395683 0.5121293800539084 0.9064748201438849 0.5067385444743935 0.9118705035971223 0.4973045822102426 0.9154676258992805 0.48921832884097033 0.9172661870503597 0.4797843665768194 0.9154676258992805 0.46765498652291104 0.9172661870503597 0.4636118598382749 0.9226618705035972 0.45956873315363883 0.920863309352518
8 0.33962264150943394 0.8093525179856115 0.35444743935309975 0.8057553956834532 0.36253369272237196 0.8057553956834532 0.3746630727762803 0.8039568345323741 0.37870619946091644 0.8093525179856115 0.3867924528301887 0.8111510791366906 0.39892183288409705 0.8111510791366906 0.4110512129380054 0.8111510791366906 0.4056603773584906 0.8219424460431655 0.39622641509433965 0.8219424460431655 0.38274932614555257 0.8183453237410072 0.3719676549865229 0.814748201438849 0.35983827493261455 0.8165467625899281 0.3477088948787062 0.8165467625899281 0.34097035040431267 0.8165467625899281
8 0.3477088948787062 0.7320143884892086 0.35444743935309975 0.7176258992805755 0.36522911051212936 0.7248201438848921 0.36253369272237196 0.737410071942446 0.35983827493261455 0.75 0.35983827493261455 0.762589928057554 0.36253369272237196 0.7805755395683454 0.36253369272237196 0.7931654676258992 0.35714285714285715 0.802158273381295 0.3436657681940701 0.7949640287769785 0.3477088948787062 0.7751798561151079 0.3450134770889488 0.762589928057554 0.3450134770889488 0.75
8 0.41509433962264153 0.8920863309352518 0.42183288409703507 0.8794964028776978 0.4353099730458221 0.8902877697841727 0.44339622641509435 0.9028776978417267 0.45148247978436656 0.9136690647482014 0.44339622641509435 0.9280575539568345 0.42452830188679247 0.9370503597122302 0.42452830188679247 0.9154676258992805 0.41778975741239893 0.9046762589928058
3 0.5269541778975741 0.697841726618705 0.47035040431266845 0.7050359712230215 0.4029649595687331 0.7140287769784173 0.35175202156334234 0.7535971223021583 0.3423180592991914 0.802158273381295 0.37331536388140163 0.8273381294964028 0.39622641509433965 0.85431654676259 0.4110512129380054 0.8812949640287769 0.49326145552560646 0.8309352517985612 0.5256064690026954 0.7913669064748201 0.545822102425876 0.7517985611510791 0.545822102425876 0.7158273381294964
1 0.5539083557951483 0.7014388489208633 0.5633423180592992 0.6906474820143885 0.5714285714285714 0.6762589928057554 0.5768194070080862 0.6672661870503597 0.5929919137466307 0.6654676258992805 0.601078167115903 0.6690647482014388 0.6172506738544474 0.6744604316546763 0.6185983827493261 0.6870503597122302 0.6078167115902965 0.697841726618705 0.5997304582210242 0.7050359712230215 0.5808625336927223 0.7068345323741008 0.5714285714285714 0.7068345323741008 0.5606469002695418 0.7230215827338129 0.5512129380053908 0.7158273381294964
0 0.660377358490566 0.6618705035971223 0.6226415094339622 0.6618705035971223 0.5727762803234502 0.6420863309352518 0.5444743935309974 0.6780575539568345 0.5094339622641509 0.6942446043165468 0.45417789757412397 0.6960431654676259 0.4029649595687331 0.6906474820143885 0.36792452830188677 0.6654676258992805 0.353099730458221 0.6312949640287769 0.284366576819407 0.6618705035971223 0.28975741239892183 0.697841726618705 0.27897574123989216 0.7284172661870504 0.25336927223719674 0.7661870503597122 0.21024258760107817 0.7607913669064749 0.12264150943396226 0.7176258992805755 0.08086253369272237 0.6672661870503597 0.05525606469002695 0.6169064748201439 0.05390835579514825 0.6564748201438849 0.05256064690026954 0.7194244604316546 0.07008086253369272 0.7607913669064749 0.0876010781671159 0.7877697841726619 0.13611859838274934 0.8309352517985612 0.19002695417789758 0.8741007194244604 0.24528301886792453 0.9136690647482014 0.2803234501347709 0.9334532374100719 0.31805929919137466 0.947841726618705 0.35983827493261455 0.9496402877697842 0.42048517520215634 0.9532374100719424 0.4946091644204852 0.9514388489208633 0.5498652291105122 0.9334532374100719 0.5795148247978437 0.9100719424460432 0.601078167115903 0.8345323741007195 0.6307277628032345 0.7176258992805755
0 0.7142857142857143 0.35611510791366907 0.692722371967655 0.39388489208633093 0.6711590296495957 0.41906474820143885 0.6482479784366577 0.44244604316546765 0.6347708894878706 0.4658273381294964 0.6159029649595688 0.49280575539568344 0.5929919137466307 0.5053956834532374 0.601078167115903 0.48201438848920863 0.623989218328841 0.44964028776978415 0.6509433962264151 0.420863309352518 0.6778975741239892 0.39568345323741005 0.7008086253369272 0.36510791366906475 0.7115902964959568 0.33992805755395683
0 0.39892183288409705 0.5827338129496403 0.32075471698113206 0.5683453237410072 0.29784366576819404 0.5593525179856115 0.24393530997304583 0.5359712230215827 0.18733153638814015 0.512589928057554 0.13881401617250674 0.48741007194244607 0.10107816711590296 0.46402877697841727 0.0862533692722372 0.45143884892086333 0.07142857142857142 0.43884892086330934 0.06334231805929919 0.44064748201438847 0.06334231805929919 0.44964028776978415 0.09568733153638814 0.4802158273381295 0.16711590296495957 0.5251798561151079 0.2371967654986523 0.5611510791366906 0.3059299191374663 0.5899280575539568 0.35175202156334234 0.6007194244604317 0.3908355795148248 0.60431654676259 0.40161725067385445 0.60431654676259 0.4380053908355795 0.5845323741007195 0.4797843665768194 0.5665467625899281 0.5188679245283019 0.5449640287769785 0.5700808625336927 0.5233812949640287 0.5619946091644205 0.512589928057554 0.5431266846361186 0.5179856115107914 0.49326145552560646 0.539568345323741 0.4528301886792453 0.5575539568345323 0.41509433962264153 0.5755395683453237