3 0.35294117647058826 0.6912751677852349 0.3447332421340629 0.6621923937360179 0.35841313269493846 0.6219239373601789 0.3789329685362517 0.6017897091722595 0.4076607387140903 0.5794183445190156 0.42954856361149113 0.5592841163310962 0.454172366621067 0.5503355704697986 0.46785225718194257 0.5525727069351231 0.4801641586867305 0.5883668903803132 0.4911080711354309 0.6152125279642058 0.49794801641586867 0.6331096196868009 0.5088919288645691 0.6510067114093959 0.5280437756497948 0.6756152125279642 0.5389876880984952 0.6935123042505593 0.5458276333789329 0.7158836689038032 0.5649794801641587 0.7360178970917226 0.5649794801641587 0.7472035794183445 0.5485636114911081 0.7494407158836689 0.5348837209302325 0.756152125279642 0.5253077975376197 0.7583892617449665 0.5157318741450069 0.738255033557047 0.5088919288645691 0.7158836689038032 0.5006839945280438 0.6935123042505593 0.4952120383036936 0.6711409395973155 0.478796169630643 0.6465324384787472 0.45964432284541723 0.6331096196868009 0.44459644322845415 0.6286353467561522 0.4240766073871409 0.6331096196868009 0.40355677154582764 0.639821029082774 0.3857729138166895 0.6465324384787472 0.3693570451436389 0.6621923937360179
3 0.47606019151846785 0.5503355704697986 0.4883720930232558 0.5234899328859061 0.5403556771545828 0.5167785234899329 0.5786593707250342 0.4988814317673378 0.6142270861833106 0.5212527964205816 0.6443228454172366 0.5458612975391499 0.6593707250341997 0.5794183445190156 0.6621067031463749 0.6219239373601789 0.6689466484268126 0.6621923937360179 0.6716826265389877 0.6957494407158836 0.6634746922024624 0.7114093959731543 0.6456908344733242 0.7114093959731543 0.6238030095759234 0.7203579418344519 0.6032831737346102 0.7293064876957495 0.5813953488372093 0.738255033557047 0.5704514363885089 0.7337807606263982 0.5485636114911081 0.7069351230425056 0.5266757865937073 0.6733780760626398 0.5088919288645691 0.639821029082774 0.49247606019151846 0.5973154362416108
3 0.625170998632011 0.47651006711409394 0.6347469220246238 0.4988814317673378 0.6484268125854993 0.5011185682326622 0.6511627906976745 0.4809843400447427 0.6470588235294118 0.47651006711409394 0.6347469220246238 0.46756152125279643
8 0.6320109439124487 0.4809843400447427 0.6388508891928865 0.4809843400447427 0.6443228454172366 0.4854586129753915 0.640218878248974 0.4899328859060403 0.6333789329685362 0.48769574944071586
8 0.6060191518467852 0.5548098434004475 0.612859097127223 0.5749440715883669 0.6347469220246238 0.5704697986577181 0.6388508891928865 0.5592841163310962 0.6292749658002736 0.5503355704697986 0.615595075239398 0.5503355704697986
8 0.6114911080711354 0.6129753914988815 0.6101231190150479 0.6375838926174496 0.6265389876880985 0.6420581655480985 0.6388508891928865 0.6286353467561522 0.6347469220246238 0.6152125279642058 0.625170998632011 0.6129753914988815
8 0.6443228454172366 0.6912751677852349 0.6443228454172366 0.7024608501118568 0.655266757865937 0.7024608501118568 0.6634746922024624 0.697986577181208 0.667578659370725 0.697986577181208 0.6689466484268126 0.6912751677852349 0.66484268125855 0.6868008948545862 0.655266757865937 0.6890380313199105
8 0.5937072503419972 0.6868008948545862 0.5991792065663475 0.7046979865771812 0.6046511627906976 0.7181208053691275 0.6087551299589603 0.7248322147651006 0.6114911080711354 0.7181208053691275 0.6073871409028728 0.7024608501118568 0.6032831737346102 0.6935123042505593 0.600547195622435 0.6890380313199105
8 0.627906976744186 0.6823266219239373 0.6292749658002736 0.7024608501118568 0.6333789329685362 0.70917225950783 0.6374829001367989 0.7002237136465325 0.6374829001367989 0.6845637583892618 0.6333789329685362 0.6756152125279642
8 0.5225718194254446 0.610738255033557 0.5376196990424077 0.5973154362416108 0.5581395348837209 0.5861297539149888 0.5800273597811217 0.5816554809843401 0.5937072503419972 0.5771812080536913 0.5991792065663475 0.5883668903803132 0.5813953488372093 0.5973154362416108 0.5554035567715458 0.6062639821029083 0.5430916552667578 0.610738255033557 0.5321477428180574 0.6152125279642058
5 0.5280437756497948 0.7651006711409396 0.5198358413132695 0.8165548098434005 0.8864569083447332 0.6487695749440716 0.8919288645690835 0.6331096196868009
3 0.46101231190150477 0.4608501118568233 0.493844049247606 0.44966442953020136 0.5170998632010944 0.43400447427293065 0.521203830369357 0.4004474272930649 0.506155950752394 0.39373601789709173 0.4801641586867305 0.3982102908277405 0.46238030095759236 0.41387024608501116 0.45690834473324216 0.43400447427293065
3 0.6497948016415869 0.5480984340044742 0.6757865937072504 0.5234899328859061 0.7045143638850889 0.5100671140939598 0.7209302325581395 0.5234899328859061 0.7168262653898769 0.5548098434004475 0.6990424076607387 0.5704697986577181 0.6771545827633378 0.5816554809843401 0.6621067031463749 0.5838926174496645 0.655266757865937 0.5637583892617449
0 0.4993160054719562 0.19015659955257272 0.5020519835841313 0.1789709172259508 0.5567715458276333 0.17225950782997762 0.6169630642954856 0.17225950782997762 0.6703146374829001 0.17225950782997762 0.679890560875513 0.22371364653243847 0.6935704514363885 0.28187919463087246 0.707250341997264 0.3713646532438479 0.7127222982216143 0.37360178970917224 0.7127222982216143 0.3870246085011186 0.719562243502052 0.40939597315436244 0.7277701778385773 0.42953020134228187 0.7318741450068399 0.4697986577181208 0.7318741450068399 0.5033557046979866 0.7305061559507524 0.5346756152125279 0.7291381668946648 0.5659955257270693 0.7209302325581395 0.5950782997762863 0.7168262653898769 0.6219239373601789 0.7127222982216143 0.6420581655480985 0.7086183310533516 0.6621923937360179 0.7086183310533516 0.6823266219239373 0.7099863201094391 0.7002237136465325 0.6867305061559508 0.7069351230425056 0.6634746922024624 0.7136465324384788 0.6292749658002736 0.7248322147651006 0.585499316005472 0.7427293064876958 0.5718194254445964 0.7449664429530202 0.5649794801641587 0.738255033557047 0.5458276333789329 0.7293064876957495 0.53077975376197 0.6957494407158836 0.5129958960328317 0.6711409395973155 0.49794801641586867 0.639821029082774 0.4801641586867305 0.5973154362416108 0.4637482900136799 0.5548098434004475 0.45554035567715456 0.5145413870246085 0.45006839945280436 0.4742729306487696 0.44596443228454175 0.42058165548098436 0.45690834473324216 0.37583892617449666 0.478796169630643 0.27293064876957496 0.4952120383036936 0.2058165548098434
3 0.5991792065663475 0.6868008948545862 0.5512995896032832 0.6868008948545862 0.5253077975376197 0.6577181208053692 0.518467852257182 0.6286353467561522 0.5581395348837209 0.5995525727069351 0.5868673050615595 0.6085011185682326 0.612859097127223 0.6510067114093959