8 0.2835400225479143 0.053463855421686746 0.2756482525366404 0.035391566265060244 0.27226606538895154 0.01430722891566265 0.2564825253664036 0.0007530120481927711 0.23280721533258172 0.008283132530120483 0.24408117249154454 0.012801204819277108 0.2564825253664036 0.023343373493975902 0.25986471251409243 0.038403614457831324 0.2666290868094701 0.03237951807228916 0.27452085682074406 0.07003012048192771 0.29255918827508454 0.07906626506024096 0.30270574971815106 0.09563253012048192 0.3117249154453213 0.09412650602409639 0.3173618940248027 0.08509036144578314 0.31623449830890643 0.07153614457831325 0.2835400225479143 0.053463855421686746
8 0.30034526493799324 0 0.2993235625704622 0.021837349397590362 0.290304396843292 0.03237951807228916 0.27452085682074406 0.04743975903614458 0.28579481397970685 0.053463855421686746 0.2993235625704622 0.04743975903614458 0.31397970687711385 0.05948795180722891 0.3196166854565953 0.038403614457831324 0.32074408117249154 0.017319277108433735 0.3202254791431793 0 0.30034526493799324 0
8 0.34216459977452085 0 0.34216459977452085 0.023343373493975902 0.34780157835400227 0.04141566265060241 0.34441939120631343 0.08207831325301204 0.33990980834272827 0.10316265060240964 0.34667418263810595 0.11521084337349398 0.3511837655016911 0.11370481927710843 0.3511837655016911 0.07605421686746988 0.35343855693348364 0.0338855421686747 0.34892897406989853 0.008283132530120483 0.34819948252536637 0 0.34216459977452085 0
8 0.33540022547914317 0.14231927710843373 0.3297632468996618 0.16039156626506024 0.33314543404735064 0.17545180722891565 0.33990980834272827 0.1588855421686747 0.33540022547914317 0.14231927710843373
8 0.37260428410372043 0.051957831325301206 0.3692220969560316 0.11219879518072289 0.37598647125140927 0.11822289156626506 0.3782412626832018 0.051957831325301206 0.37260428410372043 0.051957831325301206
8 0.25690529875986473 0 0.2406989853438557 0.017319277108433735 0.26437429537767754 0.04442771084337349 0.2733934611048478 0.06852409638554217 0.290304396843292 0.0911144578313253 0.3015783540022548 0.1091867469879518 0.3015783540022548 0.13930722891566266 0.30045095828635854 0.1875 0.29255918827508454 0.2688253012048193 0.2790304396843292 0.43599397590361444 0.27001127395715896 0.509789156626506 0.26437429537767754 0.5941265060240963 0.25873731679819617 0.6121987951807228 0.2711386696730552 0.6272590361445783 0.2711386696730552 0.6137048192771084 0.2779030439684329 0.5911144578313253 0.28128523111612175 0.5579819277108434 0.28804960541149943 0.526355421686747 0.29819616685456596 0.4917168674698795 0.3015783540022548 0.46009036144578314 0.30496054114994364 0.4194277108433735 0.30947012401352875 0.3953313253012048 0.31510710259301017 0.36069277108433734 0.3229988726042841 0.3079819277108434 0.32525366403607664 0.23870481927710843 0.3297632468996618 0.19954819277108435 0.3365276211950395 0.17093373493975902 0.3241262683201804 0.10316265060240964 0.32638105975197296 0.08057228915662651 0.318489289740699 0.04894578313253012 0.30721533258173617 0.04442771084337349 0.2835400225479143 0.030873493975903613 0.2790304396843292 0.008283132530120483 0.2593949639233371 0 0.25690529875986473 0
8 0.2576099210822999 0.509789156626506 0.23618940248027057 0.526355421686747 0.23167981961668546 0.5670180722891566 0.2294250281848929 0.5896084337349398 0.2463359639233371 0.6182228915662651 0.2576099210822999 0.5549698795180723 0.2576099210822999 0.509789156626506
8 0.2632468996617813 0.6393072289156626 0.2688838782412627 0.6031626506024096 0.2666290868094701 0.5715361445783133 0.25986471251409243 0.5579819277108434 0.25986471251409243 0.5760542168674698 0.25986471251409243 0.6287650602409639 0.2632468996617813 0.6393072289156626
8 0.29981679819616686 0 0.2970687711386697 0.002259036144578313 0.310597519729425 0.011295180722891566 0.3218714768883878 0.0007530120481927711 0.3211467226606539 0 0.29981679819616686 0
8 0.40980834272829764 0.036897590361445784 0.41431792559188274 0.06701807228915663 0.42559188275084553 0.08057228915662651 0.4278466741826381 0.07756024096385543 0.41995490417136416 0.035391566265060244 0.40980834272829764 0.036897590361445784
8 0.39853438556933485 0.7718373493975904 0.3883878241262683 0.7658132530120482 0.3928974069898534 0.7808734939759037 0.4064261555806088 0.7899096385542169 0.39853438556933485 0.7718373493975904
8 0.4131905298759865 0.5835843373493976 0.4131905298759865 0.5444277108433735 0.4086809470124014 0.6091867469879518 0.40304396843291995 0.6875 0.39402480270574974 0.7341867469879518 0.3906426155580609 0.7537650602409639 0.3996617812852311 0.7507530120481928 0.4041713641488162 0.7462349397590361 0.40980834272829764 0.6603915662650602 0.4131905298759865 0.5835843373493976
3 0.20574971815107101 0.4691265060240964 0.19222096956031567 0.48268072289156627 0.1741826381059752 0.5384036144578314 0.17192784667418265 0.5941265060240963 0.20574971815107101 0.6001506024096386 0.20913190529875986 0.5414156626506024 0.20574971815107101 0.4691265060240964
3 0.28086245772266066 0 0.2790304396843292 0.0007530120481927711 0.2463359639233371 0.009789156626506024 0.22153325817361894 0.017319277108433735 0.2023675310033822 0.029367469879518073 0.19673055242390078 0.07153614457831325 0.19673055242390078 0.15436746987951808 0.2012401352874859 0.21159638554216867 0.2023675310033822 0.2733433734939759 0.20011273957158962 0.3365963855421687 0.20349492671927846 0.3953313253012048 0.2080045095828636 0.4435240963855422 0.2125140924464487 0.46762048192771083 0.2125140924464487 0.5037650602409639 0.2068771138669673 0.5414156626506024 0.2125140924464487 0.5745481927710844 0.22717023675310033 0.615210843373494 0.26550169109357385 0.6242469879518072 0.29368658399098085 0.6106927710843374 0.3275084554678692 0.6769578313253012 0.3647125140924464 0.7161144578313253 0.39853438556933485 0.7628012048192772 0.423337091319053 0.7974397590361446 0.44813979706877116 0.795933734939759 0.4785794813979707 0.7582831325301205 0.5 0.7251506024096386 0.5056369785794814 0.6754518072289156 0.4977452085682074 0.5881024096385542 0.4954904171364149 0.5384036144578314 0.49210822998872605 0.47213855421686746 0.4898534385569335 0.4299698795180723 0.4740698985343856 0.39081325301204817 0.47068771138669674 0.3501506024096386 0.48083427282976327 0.2808734939759036 0.4819616685456595 0.23569277108433734 0.46392333709131905 0.2191265060240964 0.45264937993235627 0.20406626506024098 0.44813979706877116 0.13328313253012047 0.4323562570462232 0.01882530120481928 0.4207507125140924 0 0.28086245772266066 0