0 0.2851583614744352 0 0.2734839476813318 0.08284023668639054 0.2473246135552913 0.22682445759368836 0.25089179548156954 0.2879684418145957 0.262782401902497 0.2938856015779093 0.30083234244946494 0.2504930966469428 0.3222354340071344 0.02564102564102564 0.3245899310344828 0 0.2851583614744352 0
8 0.27824019024970276 0.34714003944773175 0.361474435196195 0.35700197238658776 0.34958382877526756 0.3155818540433925 0.29607609988109396 0.3254437869822485 0.27705112960760997 0.32741617357001973 0.27824019024970276 0.34714003944773175
3 0.4625445897740785 0.7140039447731755 0.5053507728894173 0.7100591715976331 0.5386444708680143 0.6844181459566075 0.5529131985731273 0.6587771203155819 0.544589774078478 0.6331360946745562 0.4875148632580262 0.6094674556213018 0.43638525564803804 0.6074950690335306 0.4625445897740785 0.7140039447731755
3 0.38086217003567185 0 0.3686087990487515 0.126232741617357 0.3876337693222354 0.13609467455621302 0.4292508917954816 0.16765285996055226 0.4875148632580262 0.16765285996055226 0.5422116527942925 0.19723865877712032 0.548958096313912 0 0.38086217003567185 0
5 0.5505350772889417 0 0.5505350772889417 0.029585798816568046 0.544589774078478 0.16765285996055226 0.5838287752675386 0.22485207100591717 0.6551724137931034 0.30177514792899407 0.6658739595719382 0.2406311637080868 0.6682520808561236 0.1242603550295858 0.6634958382877527 0.011834319526627219 0.6612258133174792 0 0.5505350772889417 0
8 0.5105420380499406 0 0.5089179548156956 0.055226824457593686 0.5148632580261593 0.11242603550295859 0.5410225921521997 0.11439842209072978 0.5410225921521997 0 0.5105420380499406 0
8 0.3055885850178359 0.07495069033530571 0.3032104637336504 0.14595660749506903 0.31866825208085614 0.15976331360946747 0.3412604042806183 0.14792899408284024 0.3448275862068966 0.07692307692307693 0.3412604042806183 0.027613412228796843 0.3222354340071344 0.01972386587771203 0.3055885850178359 0.07495069033530571
8 0.3873695338882283 0 0.38525564803804996 0.011834319526627219 0.38406658739595717 0.0670611439842209 0.40071343638525564 0.06903353057199212 0.40665873959571935 0.013806706114398421 0.4194640083234245 0 0.3873695338882283 0
8 0.45659928656361476 0.027613412228796843 0.45422116527942924 0.011834319526627219 0.4340071343638526 0.007889546351084813 0.4328180737217598 0.03747534516765286 0.45659928656361476 0.027613412228796843
0 0.5231866825208086 0.1952662721893491 0.5469678953626635 0.21499013806706113 0.5743162901307967 0.2406311637080868 0.6016646848989299 0.26429980276134124 0.6302021403091558 0.2978303747534517 0.6480380499405469 0.3175542406311637 0.6420927467300832 0.29980276134122286 0.6183115338882283 0.2702169625246548 0.5921521997621879 0.23865877712031558 0.5671819262782402 0.21104536489151873 0.5434007134363853 0.1873767258382643 0.5267538644470868 0.16765285996055226 0.5017835909631391 0.14990138067061143 0.48513674197384066 0.14792899408284024 0.4114149821640904 0.14792899408284024 0.3923900118906064 0.14398422090729784 0.38287752675386444 0.15187376725838264 0.4149821640903686 0.17357001972386588 0.4470868014268728 0.17751479289940827 0.4875148632580262 0.1834319526627219 0.5231866825208086 0.1952662721893491
0 0.3815671331747919 0 0.380499405469679 0.021696252465483234 0.375743162901308 0.126232741617357 0.38525564803804996 0.1341222879684418 0.3947681331747919 0.05719921104536489 0.397066983353151 0 0.3815671331747919 0