8 0.5464824120603015 0.5728643216080402 0.5628140703517588 0.525963149078727 0.5703517587939698 0.5041876046901173 0.5791457286432161 0.48743718592964824 0.5891959798994975 0.47571189279731996 0.5992462311557789 0.46733668341708545 0.6055276381909548 0.46063651591289784 0.6155778894472361 0.4623115577889447 0.6268844221105527 0.4723618090452261 0.6293969849246231 0.47906197654941374 0.6306532663316583 0.48911222780569513 0.6306532663316583 0.49748743718592964 0.6256281407035176 0.509212730318258 0.614321608040201 0.525963149078727 0.6005025125628141 0.5477386934673367 0.5841708542713567 0.5628140703517588 0.5741206030150754 0.5812395309882747 0.5678391959798995 0.5946398659966499 0.5678391959798995 0.609715242881072 0.5804020100502513 0.6164154103852596 0.6067839195979899 0.5946398659966499 0.621859296482412 0.5695142378559463 0.6344221105527639 0.5494137353433836 0.6457286432160804 0.5343383584589615 0.6532663316582915 0.5175879396984925 0.6608040201005025 0.4656616415410385 0.6595477386934674 0.4489112227805695 0.635678391959799 0.4304857621440536 0.6193467336683417 0.42546063651591287 0.5967336683417085 0.4271356783919598 0.571608040201005 0.4489112227805695 0.5414572864321608 0.5025125628140703 0.5326633165829145 0.5276381909547738 0.5288944723618091 0.5527638190954773 0.5288944723618091 0.5628140703517588
3 0.6582914572864321 0.5175879396984925 0.6658291457286433 0.4824120603015075 0.6721105527638191 0.45896147403685095 0.6796482412060302 0.4288107202680067 0.6695979899497487 0.40703517587939697 0.6407035175879398 0.4221105527638191 0.6231155778894473 0.4338358458961474 0.6017587939698492 0.4321608040201005 0.5728643216080402 0.45226130653266333 0.5527638190954773 0.4824120603015075 0.5414572864321608 0.5041876046901173 0.5364321608040201 0.5343383584589615 0.5288944723618091 0.5443886097152428 0.5376884422110553 0.5661641541038526 0.5389447236180904 0.5912897822445561 0.5414572864321608 0.6180904522613065 0.5577889447236181 0.6381909547738693 0.5954773869346733 0.5996649916247906 0.6067839195979899 0.5745393634840871 0.6243718592964824 0.5561139028475712 0.6344221105527639 0.542713567839196 0.6469849246231156 0.5343383584589615
8 0.7311557788944724 0.5343383584589615 0.7412060301507538 0.5276381909547738 0.7562814070351759 0.52428810720268 0.7675879396984925 0.5192629815745393 0.7776381909547738 0.5159128978224455 0.7964824120603015 0.5058626465661642 0.8077889447236181 0.49748743718592964 0.8165829145728644 0.49246231155778897 0.821608040201005 0.48576214405360135 0.8153266331658291 0.46901172529313234 0.7989949748743719 0.474036850921273 0.7713567839195979 0.48911222780569513 0.7399497487437185 0.5058626465661642 0.7248743718592965 0.5159128978224455 0.7198492462311558 0.5175879396984925
3 0.8492462311557789 0.4321608040201005 0.8492462311557789 0.4053601340033501 0.8341708542713567 0.3869346733668342 0.8090452261306532 0.37018425460636517 0.7826633165829145 0.37018425460636517 0.7839195979899497 0.3852596314907873 0.7738693467336684 0.4137353433835846 0.7650753768844221 0.4371859296482412 0.7512562814070352 0.46063651591289784 0.7336683417085427 0.490787269681742 0.7336683417085427 0.509212730318258 0.7525125628140703 0.5209380234505863 0.7763819095477387 0.5108877721943048 0.7964824120603015 0.5058626465661642 0.8278894472361809 0.49246231155778897 0.8329145728643216 0.474036850921273 0.8391959798994975 0.46063651591289784 0.8467336683417085 0.4455611390284757
8 0.8128140703517588 0.423785594639866 0.8103015075376885 0.48576214405360135 0.8341708542713567 0.4824120603015075 0.8379396984924623 0.41708542713567837
8 0.8065326633165829 0.5862646566164154 0.8090452261306532 0.5728643216080402 0.8103015075376885 0.5628140703517588 0.8027638190954773 0.5678391959798995 0.7902010050251256 0.5728643216080402 0.7814070351758794 0.5845896147403685 0.7701005025125628 0.5896147403685092 0.7650753768844221 0.5979899497487438 0.7562814070351759 0.6013400335008375 0.7462311557788944 0.6063651591289783 0.7386934673366834 0.6147403685092128 0.7298994974874372 0.6147403685092128 0.7211055276381909 0.6113902847571189 0.7185929648241206 0.6046901172529313 0.714824120603015 0.5862646566164154 0.714824120603015 0.5745393634840871 0.7110552763819096 0.5661641541038526 0.7022613065326633 0.5544388609715243 0.6947236180904522 0.5343383584589615 0.6846733668341709 0.542713567839196 0.6846733668341709 0.5494137353433836 0.6821608040201005 0.5577889447236181 0.6733668341708543 0.5577889447236181 0.6771356783919598 0.5628140703517588 0.6796482412060302 0.5711892797319933 0.6859296482412061 0.5778894472361809 0.6922110552763819 0.5862646566164154 0.6972361809045227 0.5979899497487438 0.7035175879396985 0.609715242881072 0.7035175879396985 0.6180904522613065 0.7047738693467337 0.6415410385259631 0.7035175879396985 0.6582914572864321 0.7022613065326633 0.6733668341708543 0.7022613065326633 0.6867671691792295 0.699748743718593 0.7051926298157454 0.7185929648241206 0.6834170854271356 0.7324120603015075 0.6716917922948074 0.7562814070351759 0.6465661641541038 0.7776381909547738 0.6247906197654941 0.7914572864321608 0.6130653266331658 0.8027638190954773 0.5979899497487438
8 0.8140703517587939 0.5477386934673367 0.7035175879396985 0.628140703517588 0.7010050251256281 0.695142378559464 0.8115577889447236 0.5795644891122278
8 0.5301507537688442 0.8525963149078727 0.5226130653266332 0.8442211055276382 0.5062814070351759 0.8458961474036851 0.49748743718592964 0.8592964824120602 0.4899497487437186 0.8609715242881072 0.4798994974874372 0.8693467336683417 0.46608040201005024 0.8760469011725294 0.4510050251256281 0.8827470686767169 0.4321608040201005 0.8877721943048577 0.4610552763819096 0.8860971524288107 0.4824120603015075 0.8777219430485762 0.5012562814070352 0.8726968174204355 0.5201005025125628 0.864321608040201
8 0.6984924623115578 0.5946398659966499 0.7248743718592965 0.5829145728643216 0.6972361809045227 0.5175879396984925 0.664572864321608 0.5577889447236181
8 0.8316582914572864 0.47571189279731996 0.8304020100502513 0.45896147403685095 0.8341708542713567 0.44221105527638194 0.8316582914572864 0.423785594639866 0.8266331658291457 0.4338358458961474 0.8266331658291457 0.4472361809045226 0.8253768844221105 0.457286432160804 0.8241206030150754 0.4723618090452261 0.821608040201005 0.48408710217755446 0.8278894472361809 0.4807370184254606
8 0.8253768844221105 0.4204355108877722 0.821608040201005 0.4271356783919598 0.8203517587939698 0.4388609715242881 0.8178391959798995 0.4539363484087102 0.8153266331658291 0.4656616415410385 0.8128140703517588 0.47906197654941374 0.8077889447236181 0.4824120603015075 0.7964824120603015 0.48743718592964824 0.7763819095477387 0.49581239530988275 0.7663316582914573 0.5025125628140703 0.7512562814070352 0.5108877721943048 0.7386934673366834 0.5142378559463987 0.7298994974874372 0.5142378559463987 0.7349246231155779 0.5209380234505863 0.7474874371859297 0.5209380234505863 0.7675879396984925 0.5108877721943048 0.7776381909547738 0.507537688442211 0.7914572864321608 0.5041876046901173 0.8015075376884422 0.49581239530988275 0.8090452261306532 0.490787269681742 0.8140703517587939 0.48576214405360135 0.8178391959798995 0.47906197654941374 0.8190954773869347 0.47068676716917923 0.821608040201005 0.4623115577889447 0.8241206030150754 0.457286432160804 0.8266331658291457 0.4438860971524288
8 0.8190954773869347 0.38023450586264657 0.8115577889447236 0.37520938023450584 0.8027638190954773 0.37353433835845895 0.792713567839196 0.3785594639865997 0.785175879396985 0.39195979899497485 0.7814070351758794 0.4020100502512563 0.7738693467336684 0.40871021775544386 0.7701005025125628 0.4221105527638191 0.7826633165829145 0.4137353433835846 0.7914572864321608 0.40703517587939697 0.7989949748743719 0.39865996649916247 0.8140703517587939 0.39028475711892796
3 0.7047738693467337 0.6231155778894473 0.7349246231155779 0.5711892797319933 0.8115577889447236 0.5393634840871022 0.8203517587939698 0.5678391959798995 0.6984924623115578 0.695142378559464
8 0.5615577889447236 0.6013400335008375 0.5515075376884422 0.6013400335008375 0.5464824120603015 0.6113902847571189 0.5477386934673367 0.6197654941373534 0.5552763819095478 0.6298157453936348 0.5628140703517588 0.6231155778894473 0.5653266331658291 0.6147403685092128 0.5741206030150754 0.609715242881072 0.5804020100502513 0.6063651591289783 0.5866834170854272 0.5979899497487438 0.592964824120603 0.5862646566164154 0.6017587939698492 0.576214405360134 0.6080402010050251 0.5695142378559463 0.6130653266331658 0.5628140703517588 0.6193467336683417 0.5527638190954773 0.6243718592964824 0.5494137353433836 0.6306532663316583 0.541038525963149 0.6394472361809045 0.5309882747068677 0.6444723618090452 0.5276381909547738 0.6457286432160804 0.5159128978224455 0.6507537688442211 0.5041876046901173 0.6532663316582915 0.49246231155778897 0.657035175879397 0.4807370184254606 0.6582914572864321 0.46733668341708545 0.6582914572864321 0.457286432160804 0.6582914572864321 0.4472361809045226 0.657035175879397 0.440536013400335 0.6407035175879398 0.4355108877721943 0.6206030150753769 0.4388609715242881 0.6155778894472361 0.4388609715242881 0.614321608040201 0.4338358458961474 0.6042713567839196 0.4355108877721943 0.5992462311557789 0.440536013400335 0.5841708542713567 0.44221105527638194 0.5816582914572864 0.45058626465661644 0.5728643216080402 0.457286432160804 0.5690954773869347 0.47068676716917923 0.5615577889447236 0.4807370184254606 0.5577889447236181 0.490787269681742 0.5515075376884422 0.5008375209380235 0.5489949748743719 0.5108877721943048 0.542713567839196 0.52428810720268 0.5402010050251256 0.5343383584589615 0.5389447236180904 0.541038525963149 0.5364321608040201 0.5460636515912898 0.5314070351758794 0.5494137353433836 0.5314070351758794 0.5561139028475712 0.5339195979899497 0.5661641541038526 0.5376884422110553 0.5678391959798995 0.5439698492462312 0.5628140703517588 0.5464824120603015 0.559463986599665 0.5527638190954773 0.5510887772194305 0.5577889447236181 0.5376884422110553 0.5590452261306532 0.5293132328308208 0.5615577889447236 0.5226130653266332 0.5628140703517588 0.5159128978224455 0.5653266331658291 0.507537688442211 0.5678391959798995 0.5025125628140703 0.5703517587939698 0.49581239530988275 0.5728643216080402 0.490787269681742 0.5753768844221105 0.48743718592964824 0.5879396984924623 0.47738693467336685 0.5904522613065326 0.474036850921273 0.6005025125628141 0.4656616415410385 0.6042713567839196 0.4623115577889447 0.614321608040201 0.46063651591289784 0.6180904522613065 0.46063651591289784 0.621859296482412 0.4623115577889447 0.6293969849246231 0.4639865996649916 0.6344221105527639 0.474036850921273 0.6369346733668342 0.4824120603015075 0.6369346733668342 0.48911222780569513 0.6381909547738693 0.49748743718592964 0.635678391959799 0.507537688442211 0.6319095477386935 0.5175879396984925 0.6268844221105527 0.5326633165829145 0.621859296482412 0.5376884422110553 0.6130653266331658 0.5494137353433836 0.6092964824120602 0.559463986599665 0.6017587939698492 0.5695142378559463 0.5942211055276382 0.5745393634840871 0.5866834170854272 0.576214405360134 0.5791457286432161 0.5812395309882747 0.5753768844221105 0.5912897822445561 0.5728643216080402 0.5996649916247906 0.5678391959798995 0.6013400335008375
3 0.9020100502512562 0.4723618090452261 0.8869346733668342 0.46063651591289784 0.8768844221105527 0.4539363484087102 0.8517587939698492 0.45896147403685095 0.8454773869346733 0.47068676716917923 0.8391959798994975 0.47906197654941374 0.835427135678392 0.49748743718592964 0.8329145728643216 0.5108877721943048 0.8417085427135679 0.52428810720268 0.8592964824120602 0.5226130653266332 0.871859296482412 0.5108877721943048 0.8844221105527639 0.5008375209380235 0.8932160804020101 0.490787269681742 0.8957286432160804 0.4807370184254606
5 0.11809045226130653 0.4338358458961474 0.2185929648241206 0.46733668341708545 0.2185929648241206 0.5360134003350083 0.12060301507537688 0.49581239530988275