3 0.4708955223880597 0.4956043956043956 0.49328358208955225 0.5373626373626373 0.505223880597015 0.5879120879120879 0.5320895522388059 0.5725274725274725 0.5649253731343283 0.5615384615384615 0.5694029850746268 0.4868131868131868 0.5604477611940298 0.4208791208791209 0.5365671641791044 0.3901098901098901 0.5022388059701492 0.3747252747252747 0.47238805970149256 0.37032967032967035 0.4708955223880597 0.38571428571428573 0.47686567164179106 0.42967032967032964 0.4708955223880597 0.4956043956043956
6 0.46492537313432836 0.33076923076923076 0.46940298507462686 0.32857142857142857 0.46940298507462686 0.321978021978022 0.47238805970149256 0.31978021978021975 0.47686567164179106 0.321978021978022 0.4828358208955224 0.3153846153846154 0.48582089552238805 0.3065934065934066 0.4873134328358209 0.2956043956043956 0.4873134328358209 0.2868131868131868 0.4843283582089552 0.2846153846153846 0.48134328358208955 0.2978021978021978 0.4783582089552239 0.3065934065934066 0.4664179104477612 0.310989010989011 0.45597014925373136 0.321978021978022 0.46044776119402986 0.33296703296703295 0.46044776119402986 0.34835164835164834 0.46940298507462686 0.3505494505494505 0.46492537313432836 0.33076923076923076
8 0.44104477611940296 0.256043956043956 0.4425373134328358 0.25164835164835164 0.44402985074626866 0.24285714285714285 0.4470149253731343 0.23846153846153847 0.45149253731343286 0.23186813186813188 0.4544776119402985 0.2230769230769231 0.45597014925373136 0.2164835164835165 0.45746268656716416 0.2098901098901099 0.4544776119402985 0.2076923076923077 0.45 0.22087912087912087 0.4425373134328358 0.23626373626373626 0.43656716417910446 0.25164835164835164 0.4261194029850746 0.26703296703296703 0.4291044776119403 0.27362637362637365 0.4335820895522388 0.26703296703296703 0.43656716417910446 0.26263736263736265 0.44104477611940296 0.256043956043956
0 0.43507462686567167 0.7967032967032966 0.46492537313432836 0.7901098901098901 0.49477611940298505 0.7791208791208791 0.5186567164179104 0.7637362637362637 0.5291044776119403 0.7241758241758242 0.5440298507462686 0.6186813186813187 0.5485074626865671 0.5791208791208792 0.5350746268656716 0.5813186813186814 0.5022388059701492 0.5945054945054945 0.46492537313432836 0.6230769230769231 0.43656716417910446 0.6604395604395604 0.4291044776119403 0.6802197802197802 0.42761194029850746 0.7329670329670329 0.4305970149253731 0.7813186813186813 0.43507462686567167 0.7967032967032966
0 0.1917910447761194 0.4010989010989011 0.1843283582089552 0.4010989010989011 0.1843283582089552 0.4164835164835165 0.20223880597014926 0.4340659340659341 0.19776119402985073 0.4164835164835165 0.19776119402985073 0.3989010989010989 0.1917910447761194 0.4010989010989011
3 0.503731343283582 0.5747252747252747 0.5022388059701492 0.554945054945055 0.49029850746268655 0.5351648351648352 0.4798507462686567 0.510989010989011 0.467910447761194 0.5417582417582417 0.45149253731343286 0.5747252747252747 0.467910447761194 0.6120879120879121 0.49029850746268655 0.5989010989010989 0.503731343283582 0.5747252747252747
3 0.4873134328358209 0.22087912087912087 0.4753731343283582 0.24285714285714285 0.4619402985074627 0.27362637362637365 0.45597014925373136 0.3153846153846154 0.467910447761194 0.36813186813186816 0.5007462686567165 0.3659340659340659 0.5305970149253731 0.3131868131868132 0.5186567164179104 0.26043956043956046 0.5007462686567165 0.22527472527472528 0.4873134328358209 0.22087912087912087
8 0.38731343283582087 0.7549450549450549 0.38731343283582087 0.7615384615384615 0.3902985074626866 0.7725274725274726 0.3932835820895522 0.7725274725274726 0.3932835820895522 0.765934065934066 0.3977611940298508 0.7681318681318682 0.4007462686567164 0.7593406593406593 0.40671641791044777 0.7549450549450549 0.4097014925373134 0.7483516483516484 0.4007462686567164 0.7527472527472527 0.3962686567164179 0.7593406593406593 0.38731343283582087 0.7549450549450549
0 0.36343283582089553 0.5637362637362637 0.3738805970149254 0.6142857142857143 0.3813432835820896 0.6362637362637362 0.3858208955223881 0.6428571428571429 0.3977611940298508 0.6626373626373626 0.4246268656716418 0.7307692307692307 0.43507462686567167 0.656043956043956 0.46492537313432836 0.6252747252747253 0.4873134328358209 0.6032967032967033 0.4783582089552239 0.5769230769230769 0.4783582089552239 0.554945054945055 0.46492537313432836 0.5395604395604395 0.467910447761194 0.521978021978022 0.47686567164179106 0.48021978021978023 0.4798507462686567 0.42527472527472526 0.47388059701492535 0.36813186813186816 0.4544776119402985 0.3153846153846154 0.4261194029850746 0.27582417582417584 0.38731343283582087 0.26483516483516484 0.3455223880597015 0.2714285714285714 0.33805970149253733 0.27802197802197803 0.3694029850746269 0.2868131868131868 0.4007462686567164 0.3021978021978022 0.4141791044776119 0.3263736263736264 0.4171641791044776 0.34395604395604396 0.40223880597014927 0.3923076923076923 0.3932835820895522 0.4208791208791209 0.3604477611940298 0.46263736263736266 0.36343283582089553 0.4736263736263736 0.3649253731343284 0.5043956043956044 0.36343283582089553 0.5153846153846153 0.3619402985074627 0.5395604395604395 0.36343283582089553 0.5637362637362637
8 0.38731343283582087 0.6538461538461539 0.38283582089552237 0.6472527472527473 0.38283582089552237 0.6692307692307692 0.39477611940298507 0.689010989010989 0.3977611940298508 0.6846153846153846 0.3902985074626866 0.6714285714285714 0.38731343283582087 0.6538461538461539
8 0.3529850746268657 0.4758241758241758 0.32611940298507464 0.5285714285714286 0.26940298507462684 0.5747252747252747 0.26791044776119405 0.6450549450549451 0.2738805970149254 0.7505494505494505 0.2947761194029851 0.7725274725274726 0.31716417910447764 0.798901098901099 0.33955223880597013 0.7527472527472527 0.35 0.7241758241758242 0.36343283582089553 0.6582417582417582 0.37089552238805973 0.6142857142857143 0.37089552238805973 0.5747252747252747 0.3783582089552239 0.46923076923076923 0.3529850746268657 0.4758241758241758
3 0.20223880597014926 0.7197802197802198 0.21417910447761193 0.8076923076923077 0.2291044776119403 0.8186813186813187 0.24850746268656718 0.8120879120879121 0.26044776119402985 0.8010989010989011 0.2708955223880597 0.7527472527472527 0.26940298507462684 0.7021978021978021 0.25597014925373135 0.656043956043956 0.24402985074626865 0.634065934065934 0.22611940298507463 0.6450549450549451 0.20522388059701493 0.6648351648351648 0.20223880597014926 0.7197802197802198
0 0.28134328358208954 0.5835164835164836 0.2962686567164179 0.5571428571428572 0.2917910447761194 0.5461538461538461 0.2902985074626866 0.5263736263736264 0.2962686567164179 0.4868131868131868 0.30223880597014924 0.4472527472527473 0.2917910447761194 0.4164835164835165 0.28582089552238804 0.44945054945054946 0.2783582089552239 0.4978021978021978 0.26940298507462684 0.5417582417582417 0.2455223880597015 0.5835164835164836 0.20970149253731343 0.6252747252747253 0.22164179104477613 0.6230769230769231 0.24701492537313433 0.6032967032967033 0.28134328358208954 0.5835164835164836