0 0.18739054290718038 0.2459016393442623 0.24168126094570927 0.2388758782201405 0.36777583187390545 0.23185011709601874 0.46234676007005254 0.22716627634660422 0.4063047285464098 0.1990632318501171 0.3502626970227671 0.20140515222482436 0.2574430823117338 0.20374707259953162 0.18213660245183888 0.20374707259953162 0.1330998248686515 0.21311475409836064 0.15586690017513136 0.21779859484777517
4 0.38528896672504376 0.8946135831381733 0.38879159369527144 0.8711943793911007 0.3957968476357268 0.882903981264637 0.39929947460595444 0.8969555035128806 0.4063047285464098 0.9110070257611241 0.4185639229422067 0.927400468384075 0.4203152364273205 0.9391100702576113 0.4098073555166375 0.9391100702576113 0.3957968476357268 0.9227166276346604 0.38704028021015763 0.9016393442622951 0.38353765323992994 0.8899297423887588 0.38353765323992994 0.892271662763466
4 0.5481611208406305 0.9625292740046838 0.5691768826619965 0.9531615925058547 0.5901926444833625 0.9461358313817331 0.6129597197898424 0.9414519906323185 0.6287215411558669 0.9391100702576113 0.6287215411558669 0.9437939110070258 0.6129597197898424 0.9531615925058547 0.5919439579684763 0.9601873536299765 0.5726795096322241 0.9648711943793911 0.553415061295972 0.9672131147540983
4 0.8108581436077058 0.8032786885245902 0.830122591943958 0.7868852459016393 0.8458844133099825 0.7728337236533958 0.8598949211908932 0.7564402810304449 0.8633975481611208 0.765807962529274 0.840630472854641 0.7892271662763466 0.8353765323992994 0.7985948477751756 0.8371278458844134 0.8126463700234192 0.8231173380035026 0.819672131147541 0.8143607705779334 0.8243559718969555 0.8108581436077058 0.8149882903981265 0.8073555166374781 0.7962529274004684
6 0.6742556917688266 0.892271662763466 0.6935201401050788 0.8899297423887588 0.6952714535901926 0.8946135831381733 0.6952714535901926 0.9016393442622951 0.6935201401050788 0.9039812646370023 0.6900175131348512 0.9039812646370023 0.6865148861646234 0.9063231850117096 0.681260945709282 0.9063231850117096 0.6795096322241682 0.9086651053864169 0.6777583187390543 0.9133489461358314 0.6725043782837128 0.9110070257611241 0.6672504378283712 0.9063231850117096 0.6690017513134852 0.8992974238875878
0 0.19439579684763572 0.3981264637002342 0.17688266199649738 0.4309133489461358 0.16987740805604204 0.4707259953161593 0.16112084063047286 0.5058548009367682 0.15236427320490367 0.5339578454332553 0.14185639229422067 0.5573770491803278 0.13134851138353765 0.5667447306791569 0.1138353765323993 0.5644028103044496 0.1085814360770578 0.5409836065573771 0.10683012259194395 0.5105386416861827 0.11033274956217162 0.477751756440281 0.11208406304728546 0.45433255269320844 0.12259194395796848 0.44028103044496486 0.10507880910683012 0.4379391100702576
3 0.5481611208406305 0.5971896955503513 0.5376532399299475 0.5737704918032787 0.5306479859894921 0.5456674473067916 0.5499124343257443 0.5339578454332553 0.5726795096322241 0.5362997658079626 0.5814360770577933 0.5386416861826698 0.6024518388791593 0.5456674473067916 0.6182136602451839 0.550351288056206 0.6182136602451839 0.5620608899297423 0.6077057793345009 0.5761124121779859 0.5989492119089317 0.5878220140515222 0.5866900175131349 0.5901639344262295 0.5709281961471103 0.5971896955503513 0.5551663747810858 0.5995316159250585
6 0.7933450087565674 0.5433255269320844 0.7985989492119089 0.5409836065573771 0.7985989492119089 0.5480093676814989 0.7950963222416813 0.5480093676814989
6 0.7670753064798599 0.5573770491803278 0.7635726795096323 0.5620608899297423 0.7600700525394045 0.5597189695550351 0.7618213660245184 0.5550351288056206 0.7653239929947461 0.5550351288056206
1 0.38178633975481613 0.9086651053864169 0.38879159369527144 0.927400468384075 0.3957968476357268 0.9508196721311475 0.4115586690017513 0.9648711943793911 0.4290718038528897 0.9695550351288056 0.4185639229422067 0.9461358313817331 0.4028021015761821 0.9320843091334895 0.3905429071803853 0.9063231850117096 0.38003502626970226 0.9039812646370023
3 0.38528896672504376 0.5433255269320844 0.36952714535901926 0.5269320843091335 0.3712784588441331 0.4894613583138173 0.3957968476357268 0.5035128805620609 0.4220665499124343 0.522248243559719 0.4413309982486865 0.5409836065573771 0.4658493870402802 0.5620608899297423 0.4816112084063047 0.5807962529274004 0.4711033274956217 0.6065573770491803 0.4553415061295972 0.5925058548009368 0.43257443082311736 0.5761124121779859 0.4080560420315236 0.5644028103044496
3 0.23467600700525393 0.7517564402810304 0.2084063047285464 0.7142857142857143 0.20140105078809106 0.6557377049180327 0.19964973730297722 0.6135831381733021 0.19614711033274956 0.5807962529274004 0.19614711033274956 0.5292740046838408 0.1978984238178634 0.4894613583138173 0.21541155866900175 0.45901639344262296 0.23467600700525393 0.4519906323185012 0.2539404553415061 0.45433255269320844 0.266199649737303 0.468384074941452 0.2714535901926445 0.4964871194379391 0.2714535901926445 0.5269320843091335 0.27495621716287216 0.5550351288056206 0.2819614711033275 0.5737704918032787 0.29772329246935203 0.5925058548009368 0.30122591943957966 0.6088992974238876 0.29772329246935203 0.6159250585480094 0.26970227670753066 0.6018735362997658 0.2469352014010508 0.6088992974238876 0.23117338003502627 0.6182669789227166 0.2276707530647986 0.6346604215456675
3 0.329246935201401 0.6440281030444965 0.3134851138353765 0.6206088992974239 0.3064798598949212 0.594847775175644 0.3134851138353765 0.5761124121779859 0.3239929947460595 0.5597189695550351 0.3362521891418564 0.5597189695550351 0.3467600700525394 0.5644028103044496 0.35376532399299476 0.5784543325526932 0.3555166374781086 0.5995316159250585 0.3502626970227671 0.6182669789227166 0.3380035026269702 0.6346604215456675 0.3327495621716287 0.6416861826697893
8 0.5604203152364273 0.6018735362997658 0.563922942206655 0.6088992974238876 0.5691768826619965 0.6018735362997658 0.5779334500875657 0.5995316159250585 0.5814360770577933 0.6065573770491803 0.5831873905429071 0.6182669789227166 0.5849387040280211 0.6088992974238876 0.5849387040280211 0.594847775175644 0.5901926444833625 0.5925058548009368 0.5936952714535902 0.6042154566744731 0.5954465849387041 0.6135831381733021 0.6007005253940455 0.6182669789227166 0.5971978984238179 0.6065573770491803 0.5954465849387041 0.5925058548009368 0.6042031523642732 0.5878220140515222 0.5849387040280211 0.5878220140515222 0.574430823117338 0.5925058548009368 0.5656742556917689 0.594847775175644
6 0.6322241681260946 0.8665105386416861 0.637478108581436 0.8688524590163934 0.6357267950963222 0.8758782201405152 0.6287215411558669 0.8758782201405152 0.6287215411558669 0.8641686182669789
6 0.691768826619965 0.8782201405152225 0.6970227670753065 0.8805620608899297 0.6970227670753065 0.8852459016393442 0.7040280210157618 0.8875878220140515 0.712784588441331 0.8805620608899297 0.7180385288966725 0.8852459016393442 0.712784588441331 0.8899297423887588 0.7092819614711033 0.8969555035128806 0.7040280210157618 0.9016393442622951 0.6970227670753065 0.8899297423887588 0.6900175131348512 0.8852459016393442
6 0.44658493870402804 0.550351288056206 0.4500875656742557 0.5573770491803278 0.45183887915936954 0.5644028103044496 0.44833625218914186 0.5714285714285714 0.4500875656742557 0.5761124121779859 0.45709281961471104 0.5831381733021077 0.44833625218914186 0.5878220140515222 0.4553415061295972 0.5925058548009368 0.46234676007005254 0.5901639344262295 0.4711033274956217 0.5878220140515222 0.4746059544658494 0.585480093676815 0.4798598949211909 0.5807962529274004 0.48336252189141854 0.5831381733021077 0.4868651488616462 0.5901639344262295 0.4851138353765324 0.5995316159250585 0.4886164623467601 0.6065573770491803 0.4956217162872154 0.6065573770491803 0.5026269702276708 0.6042154566744731 0.5043782837127846 0.5971896955503513 0.5061295971978984 0.6018735362997658 0.5078809106830122 0.6065573770491803 0.51138353765324 0.6042154566744731 0.51138353765324 0.5995316159250585 0.5061295971978984 0.594847775175644 0.500875656742557 0.5901639344262295 0.4921190893169877 0.5807962529274004 0.4816112084063047 0.5761124121779859 0.4746059544658494 0.5714285714285714 0.45183887915936954 0.5526932084309133
6 0.44658493870402804 0.5362997658079626 0.45183887915936954 0.5339578454332553 0.45709281961471104 0.5409836065573771 0.46234676007005254 0.5480093676814989 0.46760070052539404 0.5526932084309133 0.4746059544658494 0.550351288056206 0.48336252189141854 0.550351288056206 0.4903677758318739 0.5526932084309133 0.4956217162872154 0.5573770491803278 0.500875656742557 0.5620608899297423 0.5026269702276708 0.5667447306791569 0.500875656742557 0.5714285714285714 0.4903677758318739 0.5690866510538641 0.4868651488616462 0.5620608899297423 0.4798598949211909 0.5620608899297423 0.4746059544658494 0.5620608899297423 0.46935201401050786 0.5620608899297423 0.44658493870402804 0.5433255269320844
6 0.404553415061296 0.5292740046838408 0.4133099824868651 0.5292740046838408 0.4185639229422067 0.5339578454332553 0.4168126094570928 0.5409836065573771 0.4185639229422067 0.5433255269320844 0.4203152364273205 0.550351288056206 0.4168126094570928 0.5526932084309133 0.4098073555166375 0.550351288056206 0.4063047285464098 0.5433255269320844 0.404553415061296 0.5362997658079626
6 0.3309982486865149 0.5925058548009368 0.3362521891418564 0.5901639344262295 0.3397548161120841 0.594847775175644 0.3380035026269702 0.6018735362997658 0.3345008756567426 0.6042154566744731 0.3274956217162872 0.6018735362997658
6 0.8073555166374781 0.4519906323185012 0.8108581436077058 0.4496487119437939 0.8126094570928196 0.4519906323185012 0.8126094570928196 0.45433255269320844 0.8108581436077058 0.4566744730679157 0.8073555166374781 0.4566744730679157
6 0.7863397548161121 0.47540983606557374 0.7898423817863398 0.47540983606557374 0.7915936952714536 0.48009367681498827 0.7915936952714536 0.48243559718969553 0.7863397548161121 0.4847775175644028 0.7845884413309983 0.477751756440281 0.8073555166374781 0.4496487119437939
6 0.7215411558669002 0.477751756440281 0.7250437828371279 0.48711943793911006 0.7197898423817863 0.4918032786885246 0.7092819614711033 0.4894613583138173 0.7053533393288209 0.47667573897082094 0.7110332749562172 0.47540983606557374 0.7162872154115587 0.47540983606557374
6 0.553415061295972 0.5152224824355972 0.5604203152364273 0.5128805620608899 0.5656742556917689 0.5152224824355972 0.5674255691768827 0.5175644028103045 0.5674255691768827 0.5292740046838408 0.5516637478108581 0.5269320843091335
5 0.7583187390542907 0.7283372365339579 0.8476357267950964 0.6838407494145199 0.8528896672504378 0.7259953161592506 0.7618213660245184 0.775175644028103
0 0.4956217162872154 0.5761124121779859 0.46760070052539404 0.5550351288056206 0.4343257443082312 0.522248243559719 0.4010507880910683 0.49414519906323184 0.36952714535901926 0.48009367681498827 0.3309982486865149 0.4637002341920375 0.3660245183887916 0.4918032786885246 0.404553415061296 0.522248243559719 0.436077057793345 0.5480093676814989 0.45884413309982486 0.5644028103044496 0.4711033274956217 0.5784543325526932 0.4886164623467601 0.585480093676815
0 0.6234676007005254 0.5807962529274004 0.6007005253940455 0.5807962529274004 0.574430823117338 0.5878220140515222 0.5551663747810858 0.5925058548009368 0.532399299474606 0.6042154566744731 0.5464098073555166 0.6112412177985949 0.5726795096322241 0.6065573770491803 0.6129597197898424 0.5925058548009368