3 0.5425219941348973 0.45315487571701724 0.48240469208211145 0.47992351816443596 0.46187683284457476 0.4665391969407266 0.45161290322580644 0.45315487571701724 0.44574780058651026 0.4359464627151052 0.4530791788856305 0.42638623326959846 0.4736070381231672 0.42065009560229444 0.4941348973607038 0.4225621414913958 0.5219941348973607 0.4378585086042065
3 0.3020527859237537 0.47418738049713194 0.2961876832844575 0.4722753346080306 0.2756598240469208 0.4608030592734226 0.2595307917888563 0.4588910133843212 0.2565982404692082 0.4474187380497132 0.2829912023460411 0.4435946462715105 0.2961876832844575 0.42829827915869984 0.3196480938416422 0.44550669216061184 0.312316715542522 0.4608030592734226
3 0.19648093841642228 0.44550669216061184 0.18621700879765396 0.44933078393881454 0.18181818181818182 0.4416826003824092 0.1906158357771261 0.4378585086042065 0.1935483870967742 0.42829827915869984 0.20234604105571846 0.4168260038240918 0.218475073313783 0.4072657743785851 0.22580645161290322 0.4110898661567878 0.22140762463343108 0.42829827915869984 0.21114369501466276 0.4340344168260038 0.20821114369501467 0.4416826003824092
3 0.13196480938416422 0.491395793499044 0.13196480938416422 0.47036328871892924 0.13343108504398826 0.4608030592734226 0.13636363636363635 0.44550669216061184 0.1466275659824047 0.4378585086042065 0.15102639296187684 0.4474187380497132 0.15102639296187684 0.4627151051625239 0.14809384164222875 0.48565965583174 0.1378299120234604 0.491395793499044
0 0.41055718475073316 0.8967495219885278 0.3841642228739003 0.8336520076481836 0.36363636363636365 0.7782026768642447 0.3460410557184751 0.7304015296367112 0.3387096774193548 0.7151051625239006 0.2991202346041056 0.6921606118546845 0.19648093841642228 0.6309751434034416 0.15102639296187684 0.5965583173996176 0.13196480938416422 0.5889101338432122 0.09530791788856305 0.6061185468451242 0.07771260997067449 0.6175908221797323 0.08651026392961877 0.6309751434034416 0.07771260997067449 0.6520076481835564 0.093841642228739 0.638623326959847 0.09970674486803519 0.6500956022944551 0.09237536656891496 0.6730401529636711 0.10410557184750734 0.6730401529636711 0.10263929618768329 0.6902485659655831 0.12609970674486803 0.6998087954110899 0.1774193548387097 0.734225621414914 0.21114369501466276 0.7571701720841301 0.24486803519061584 0.7820267686424475 0.26099706744868034 0.8240917782026769 0.31085043988269795 0.8432122370936902 0.3460410557184751 0.8795411089866156 0.37683284457478006 0.892925430210325 0.39882697947214074 0.887189292543021
3 0.2844574780058651 0.47036328871892924 0.2859237536656892 0.4933078393881453 0.2873900293255132 0.51434034416826 0.28885630498533726 0.5334608030592735 0.29472140762463345 0.5162523900573613 0.29765395894428154 0.5009560229445507 0.28885630498533726 0.4722753346080306
3 0.31085043988269795 0.5697896749521989 0.27419354838709675 0.5564053537284895 0.25219941348973607 0.5468451242829828 0.2653958944281525 0.5449330783938815 0.2859237536656892 0.5506692160611855 0.3035190615835777 0.5602294455066922
6 0.32991202346041054 0.6137667304015296 0.3284457478005865 0.6080305927342257 0.3225806451612903 0.6042065009560229 0.3225806451612903 0.6137667304015296
3 0.3064516129032258 0.5583173996175909 0.30498533724340177 0.5468451242829828 0.34457478005865105 0.5449330783938815 0.3709677419354839 0.5296367112810707 0.3548387096774194 0.5162523900573613 0.3357771260997067 0.5200764818355641 0.31378299120234604 0.5200764818355641 0.29765395894428154 0.5334608030592735 0.2932551319648094 0.5353728489483748 0.29765395894428154 0.5468451242829828
3 0.23900293255131966 0.4894837476099426 0.2434017595307918 0.5066921606118547 0.23460410557184752 0.5181644359464627 0.23900293255131966 0.5239005736137667 0.24926686217008798 0.5219885277246654 0.2697947214076246 0.51434034416826 0.2844574780058651 0.5124282982791587 0.27419354838709675 0.497131931166348 0.25806451612903225 0.48565965583174
4 0.187683284457478 0.390057361376673 0.18475073313782991 0.3824091778202677 0.17888563049853373 0.384321223709369 0.18035190615835778 0.37667304015296366 0.18475073313782991 0.37476099426386233 0.18914956011730205 0.37093690248565964 0.1906158357771261 0.37093690248565964 0.19501466275659823 0.37476099426386233 0.19794721407624633 0.372848948374761 0.20087976539589442 0.37093690248565964 0.20234604105571846 0.372848948374761 0.20674486803519063 0.367112810707457 0.2126099706744868 0.37093690248565964 0.21114369501466276 0.37858508604206503 0.20087976539589442 0.38049713193116635 0.1935483870967742 0.3824091778202677
4 0.1935483870967742 0.39961759082217974 0.19501466275659823 0.40535372848948376 0.19794721407624633 0.40344168260038243 0.19941348973607037 0.39961759082217974 0.19794721407624633 0.3977055449330784
4 0.23460410557184752 0.3881453154875717 0.2316715542521994 0.3938814531548757 0.2287390029325513 0.39579349904397704 0.2316715542521994 0.3977055449330784 0.23607038123167157 0.3977055449330784 0.2375366568914956 0.3938814531548757
4 0.2155425219941349 0.39579349904397704 0.2126099706744868 0.39961759082217974 0.2126099706744868 0.40344168260038243 0.21700879765395895 0.40344168260038243 0.218475073313783 0.39961759082217974
4 0.20821114369501467 0.38049713193116635 0.20674486803519063 0.3824091778202677 0.20527859237536658 0.384321223709369 0.20527859237536658 0.390057361376673 0.20967741935483872 0.390057361376673 0.20821114369501467 0.3862332695984704 0.21114369501466276 0.3824091778202677
4 0.18621700879765396 0.4110898661567878 0.18328445747800587 0.4110898661567878 0.18328445747800587 0.4149139579349904 0.18621700879765396 0.4149139579349904
6 0.34457478005865105 0.7265774378585086 0.35043988269794724 0.7265774378585086 0.35777126099706746 0.7246653919694073 0.3592375366568915 0.7265774378585086 0.36363636363636365 0.7284894837476099 0.3651026392961877 0.7265774378585086 0.37390029325513197 0.7246653919694073 0.3621700879765396 0.7246653919694073 0.35777126099706746 0.722753346080306 0.35043988269794724 0.722753346080306 0.34457478005865105 0.7246653919694073
0 0.6788856304985337 0.3575525812619503 0.6642228739002932 0.3862332695984704 0.5821114369501467 0.4474187380497132 0.5821114369501467 0.47036328871892924 0.41055718475073316 0.5334608030592735 0.37390029325513197 0.5640535372848948 0.3519061583577713 0.6118546845124283 0.31378299120234604 0.6042065009560229 0.3093841642228739 0.5831739961759083 0.24780058651026393 0.5602294455066922 0.1774193548387097 0.5315487571701721 0.14516129032258066 0.5086042065009561 0.10557184750733138 0.4933078393881453 0.1158357771260997 0.4340344168260038 0.1436950146627566 0.3919694072657744 0.18328445747800587 0.35372848948374763 0.23313782991202345 0.3365200764818356 0.27126099706744866 0.32122370936902483 0.31085043988269795 0.30975143403441685
0 0.10997067448680352 0.49904397705544934 0.1217008797653959 0.5315487571701721 0.13343108504398826 0.5487571701720841 0.1495601173020528 0.5487571701720841 0.15395894428152493 0.5277246653919694 0.14809384164222875 0.51434034416826 0.1378299120234604 0.51434034416826 0.13196480938416422 0.5181644359464627 0.12023460410557185 0.5105162523900574