8 0.3687185929648241 0.5383973288814691 0.36746231155778897 0.5467445742904842 0.36620603015075376 0.5584307178631052 0.36620603015075376 0.5717863105175293 0.3699748743718593 0.5801335559265443 0.38253768844221103 0.5918196994991652 0.39384422110552764 0.6051752921535893 0.40891959798994976 0.6185308848080133 0.4202261306532663 0.6385642737896494 0.4265075376884422 0.6552587646076795 0.43278894472361806 0.6619365609348915 0.43278894472361806 0.6469115191986644 0.4378140703517588 0.6452420701168614 0.4378140703517588 0.6318864774624374 0.4353015075376884 0.6235392320534223 0.42902010050251255 0.6118530884808013 0.4214824120603015 0.6001669449081803 0.4126884422110553 0.5851419031719532 0.40891959798994976 0.5801335559265443 0.40389447236180903 0.5717863105175293 0.396356783919598 0.5601001669449082 0.3850502512562814 0.5484140233722872 0.3800251256281407 0.5417362270450752 0.37374371859296485 0.5383973288814691 0.3687185929648241 0.5383973288814691
8 0.40138190954773867 0.510016694490818 0.4026381909547739 0.5200333889816361 0.4064070351758794 0.5350584307178631 0.40515075376884424 0.5517529215358932 0.4064070351758794 0.5601001669449082 0.4114321608040201 0.5667779632721202 0.417713567839196 0.5751252086811353 0.4239949748743719 0.5751252086811353 0.43027638190954776 0.5918196994991652 0.43655778894472363 0.6101836393989983 0.4453517587939699 0.6268781302170284 0.44660804020100503 0.6202003338898163 0.4428391959798995 0.6068447412353923 0.4378140703517588 0.5951585976627712 0.4315326633165829 0.5767946577629383 0.42525125628140703 0.5617696160267112 0.4202261306532663 0.5484140233722872 0.417713567839196 0.5333889816360601 0.4114321608040201 0.5217028380634391 0.40515075376884424 0.510016694490818 0.40138190954773867 0.510016694490818
8 0.42902010050251255 0.7070116861435726 0.4265075376884422 0.7120200333889817 0.4202261306532663 0.7186978297161937 0.4114321608040201 0.7270450751252087 0.40515075376884424 0.7320534223706177 0.4114321608040201 0.7320534223706177 0.41896984924623115 0.7287145242070117 0.42525125628140703 0.7237061769616027 0.4315326633165829 0.7220367278797997 0.43404522613065327 0.7120200333889817 0.43278894472361806 0.7053422370617696 0.42902010050251255 0.7070116861435726
8 0.5420854271356784 0.7086811352253757 0.5445979899497487 0.7186978297161937 0.5483668341708543 0.7320534223706177 0.5508793969849246 0.7454090150250418 0.5546482412060302 0.7587646076794657 0.5584170854271356 0.7721202003338898 0.5634422110552764 0.7721202003338898 0.5634422110552764 0.7654424040066778 0.5584170854271356 0.7570951585976627 0.5571608040201005 0.7404006677796328 0.5521356783919598 0.7270450751252087 0.5471105527638191 0.7136894824707847 0.5445979899497487 0.7020033388981636 0.5420854271356784 0.7086811352253757
8 0.5646984924623115 0.7904841402337228 0.5697236180904522 0.8038397328881469 0.574748743718593 0.8121869782971619 0.5772613065326633 0.820534223706177 0.582286432160804 0.833889816360601 0.5860552763819096 0.835559265442404 0.5847989949748744 0.830550918196995 0.582286432160804 0.825542570951586 0.5810301507537688 0.8171953255425709 0.5785175879396985 0.8121869782971619 0.5760050251256281 0.8038397328881469 0.5709798994974874 0.7954924874791319 0.5672110552763819 0.7854757929883138 0.5621859296482412 0.7838063439065108 0.5646984924623115 0.7904841402337228
8 0.41520100502512564 0.48163606010016696 0.417713567839196 0.48664440734557596 0.42273869346733667 0.49165275459098495 0.4277638190954774 0.48998330550918195 0.42525125628140703 0.48497495826377296 0.4214824120603015 0.4782971619365609 0.4164572864321608 0.4749582637729549 0.41520100502512564 0.48163606010016696
8 0.43404522613065327 0.5250417362270451 0.439070351758794 0.5333889816360601 0.4415829145728643 0.5400667779632721 0.4478643216080402 0.5367278797996661 0.44660804020100503 0.5267111853088481 0.44032663316582915 0.5200333889816361 0.43404522613065327 0.5183639398998331 0.43404522613065327 0.5250417362270451
8 0.45037688442211055 0.5667779632721202 0.45037688442211055 0.5701168614357263 0.4528894472361809 0.5767946577629383 0.4566582914572864 0.5701168614357263 0.45414572864321606 0.5651085141903172 0.45163316582914576 0.5617696160267112 0.45037688442211055 0.5667779632721202
3 0.4378140703517588 0.6469115191986644 0.43655778894472363 0.6752921535893155 0.43655778894472363 0.6853088480801336 0.43278894472361806 0.7053422370617696 0.4265075376884422 0.7170283806343907 0.4164572864321608 0.7287145242070117 0.4001256281407035 0.7353923205342237 0.39384422110552764 0.7420701168614358 0.3951005025125628 0.7520868113522537 0.40766331658291455 0.7654424040066778 0.42273869346733667 0.7721202003338898 0.4353015075376884 0.7654424040066778 0.4415829145728643 0.7587646076794657 0.45540201005025127 0.7604340567612687 0.4704773869346734 0.7637729549248747 0.48304020100502515 0.7654424040066778 0.49309045226130654 0.7604340567612687 0.5006281407035176 0.7487479131886478 0.5043969849246231 0.7353923205342237 0.5081658291457286 0.7170283806343907 0.5157035175879398 0.7020033388981636 0.5219849246231156 0.6819699499165276 0.532035175879397 0.6585976627712855 0.5282663316582915 0.6502504173622704 0.5270100502512562 0.6352253756260434 0.5207286432160804 0.6202003338898163 0.5131909547738693 0.6051752921535893 0.5069095477386935 0.5951585976627712 0.49183417085427134 0.5884808013355592 0.48178391959798994 0.5884808013355592 0.4729899497487437 0.5868113522537562 0.46168341708542715 0.5951585976627712 0.4528894472361809 0.6068447412353923 0.4478643216080402 0.6202003338898163 0.44032663316582915 0.6318864774624374 0.4378140703517588 0.6469115191986644
3 0.4139447236180904 0.4549248747913189 0.4139447236180904 0.4716193656093489 0.417713567839196 0.501669449081803 0.4265075376884422 0.5183639398998331 0.43404522613065327 0.5383973288814691 0.44409547738693467 0.5634390651085142 0.4566582914572864 0.5818030050083473 0.46545226130653267 0.5851419031719532 0.47675879396984927 0.5868113522537562 0.48680904522613067 0.5834724540901502 0.48680904522613067 0.5734557595993323 0.4805276381909548 0.5617696160267112 0.4692211055276382 0.5467445742904842 0.4641959798994975 0.5333889816360601 0.4591708542713568 0.5217028380634391 0.45163316582914576 0.505008347245409 0.4428391959798995 0.48998330550918195 0.4353015075376884 0.4749582637729549 0.4265075376884422 0.4549248747913189 0.417713567839196 0.44991652754590983 0.4139447236180904 0.4549248747913189
3 0.3787688442211055 0.4282136894824708 0.3712311557788945 0.4298831385642738 0.3611809045226131 0.4332220367278798 0.3586683417085427 0.44991652754590983 0.3599246231155779 0.4682804674457429 0.36746231155778897 0.48664440734557596 0.3599246231155779 0.513355592654424 0.353643216080402 0.5333889816360601 0.3599246231155779 0.5367278797996661 0.36746231155778897 0.5417362270450752 0.375 0.5500834724540902 0.3863065326633166 0.5567612687813022 0.3913316582914573 0.5467445742904842 0.39384422110552764 0.5350584307178631 0.3951005025125628 0.5183639398998331 0.39886934673366836 0.505008347245409 0.4064070351758794 0.503338898163606 0.40766331658291455 0.48330550918196996 0.40766331658291455 0.46494156928213687 0.39761306532663315 0.44657762938230383 0.3900753768844221 0.4365609348914858 0.3787688442211055 0.4282136894824708
8 0.21545226130653267 0.3297161936560935 0.21670854271356785 0.3564273789649416 0.22298994974874373 0.38981636060100167 0.22675879396984924 0.41986644407345575 0.2305276381909548 0.44824707846410683 0.23680904522613067 0.4666110183639399 0.239321608040201 0.501669449081803 0.24937185929648242 0.511686143572621 0.26067839195979897 0.5150250417362271 0.2757537688442211 0.5250417362270451 0.29208542713567837 0.5367278797996661 0.30590452261306533 0.5484140233722872 0.32097989949748745 0.5534223706176962 0.3234924623115578 0.5467445742904842 0.32097989949748745 0.5217028380634391 0.32097989949748745 0.496661101836394 0.31972361809045224 0.4666110183639399 0.31595477386934673 0.44657762938230383 0.310929648241206 0.42320534223706174 0.30339195979899497 0.4015025041736227 0.29459798994974873 0.3797996661101836 0.28454773869346733 0.3614357262103506 0.2757537688442211 0.34307178631051755 0.2657035175879397 0.3080133555926544 0.24937185929648242 0.2913188647746244 0.22801507537688442 0.27462437395659434 0.22298994974874373 0.2896494156928214 0.217964824120603 0.3080133555926544 0.21545226130653267 0.3297161936560935
2 0.7657035175879398 0.36811352253756263 0.7669597989949749 0.3797996661101836 0.7694723618090452 0.39315525876460766 0.7707286432160804 0.40984974958263776 0.7719849246231156 0.4298831385642738 0.7719849246231156 0.44490818030050083 0.7694723618090452 0.46160267111853087 0.7719849246231156 0.4699499165275459 0.7744974874371859 0.46160267111853087 0.7770100502512562 0.44657762938230383 0.7770100502512562 0.4332220367278798 0.7770100502512562 0.41318864774624375 0.7757537688442211 0.4031719532554257 0.7719849246231156 0.38981636060100167 0.7694723618090452 0.3764607679465776 0.7657035175879398 0.36811352253756263
8 0.16017587939698494 0.34307178631051755 0.16394472361809045 0.35141903171953254 0.17148241206030151 0.3631051752921536 0.18027638190954773 0.3764607679465776 0.1865577889447236 0.3998330550918197 0.19158291457286433 0.41652754590984975 0.1978643216080402 0.44323873121869783 0.20037688442211055 0.4549248747913189 0.2028894472361809 0.44991652754590983 0.2041457286432161 0.4365609348914858 0.19912060301507536 0.42153589315525875 0.19283919597989949 0.4048414023372287 0.18907035175879397 0.38981636060100167 0.18530150753768845 0.3764607679465776 0.17902010050251257 0.3597662771285476 0.17399497487437185 0.35141903171953254 0.16645728643216082 0.34140233722871455 0.15766331658291458 0.3347245409015025 0.16017587939698494 0.34307178631051755
0 0.2367462311557789 0 0.22047738693467336 0.030884808013355594 0.19912060301507536 0.0676126878130217 0.19912060301507536 0.08096828046744574 0.1827889447236181 0.13606010016694492 0.16520100502512564 0.1994991652754591 0.15263819095477388 0.2629382303839733 0.15389447236180903 0.32303839732888145 0.16896984924623115 0.38981636060100167 0.1878140703517588 0.4549248747913189 0.1978643216080402 0.48998330550918195 0.2342964824120603 0.505008347245409 0.25690954773869346 0.5166944908180301 0.3021356783919598 0.5450751252086812 0.32474874371859297 0.5567612687813022 0.3498743718592965 0.5651085141903172 0.3574120603015075 0.5333889816360601 0.3687185929648241 0.48998330550918195 0.36746231155778897 0.46160267111853087 0.36620603015075376 0.42320534223706174 0.35113065326633164 0.39148580968280466 0.33479899497487436 0.3614357262103506 0.32097989949748745 0.3280467445742905 0.32097989949748745 0.2929883138564274 0.32474874371859297 0.2579298831385643 0.33479899497487436 0.24290484140233723 0.3360552763819096 0.21285475792988315 0.3385678391959799 0.17445742904841402 0.34108040201005024 0.1343906510851419 0.35113065326633164 0.12437395659432388 0.39384422110552764 0.164440734557596 0.39886934673366836 0.14273789649415694 0.41520100502512564 0.09432387312186978 0.439070351758794 0.03589315525876461 0.45659038442211053 0 0.2367462311557789 0
5 0.2928596469849246 0 0.2770100502512563 0.02587646076794658 0.31972361809045224 0.020868113522537562 0.3309404158291457 0 0.2928596469849246 0