8 0.6185696361355082 0.6343906510851419 0.6210790464240903 0.6160267111853088 0.6273525721455459 0.6327212020033389 0.6323713927227101 0.6243739565943238 0.64366373902133 0.6193656093489148 0.6562107904642409 0.6143572621035058 0.657465495608532 0.6026711185308848 0.6624843161856964 0.6026711185308848 0.6649937264742786 0.6076794657762938 0.6737766624843162 0.6043405676126878 0.6838143036386449 0.5959933222036727 0.6900878293601004 0.5893155258764607 0.6913425345043914 0.5826377295492488 0.6963613550815558 0.5876460767946577 0.7063989962358845 0.5843071786310517 0.7164366373902133 0.5792988313856428 0.8331242158092849 0.5075125208681135 0.8255959849435383 0.5275459098497496 0.7302383939774153 0.5909849749582637 0.6148055207026348 0.659432387312187 0.6122961104140527 0.7095158597662772 0.6035131744040151 0.7078464106844741
8 0.8833124215809285 0.5158597662771286 0.8782936010037641 0.5275459098497496 0.875784190715182 0.5292153589315526 0.8682559598494354 0.5308848080133556 0.8670012547051443 0.5392320534223706 0.8682559598494354 0.5492487479131887 0.8707653701380176 0.5525876460767947 0.8682559598494354 0.5626043405676127 0.8707653701380176 0.5609348914858097 0.8732747804265998 0.5509181969949917 0.877038895859473 0.5409015025041736 0.8795483061480552 0.5308848080133556
8 0.12923462986198245 0.5091819699499165 0.12672521957340024 0.4974958263772955 0.1329987452948557 0.49248747913188645 0.14052697616060225 0.48747913188647746 0.14554579673776663 0.48914858096828046 0.15056461731493098 0.5008347245409015 0.14052697616060225 0.5058430717863105
8 0.5872020075282308 0.7195325542570952 0.6010037641154329 0.7111853088480802 0.6210790464240903 0.7128547579298832 0.6210790464240903 0.7011686143572621 0.6323713927227101 0.6978297161936561 0.6323713927227101 0.7161936560934892 0.6097867001254705 0.7278797996661102 0.5909661229611042 0.7412353923205343
8 0.5457967377666249 0.3589315525876461 0.5420326223337516 0.35392320534223703 0.5382685069008782 0.34724540901502504 0.5319949811794228 0.34390651085141904 0.5269761606022585 0.34390651085141904 0.5219573400250941 0.34891485809682804 0.520702634880803 0.35392320534223703 0.5282308657465495 0.3572621035058431 0.5357590966122961 0.3572621035058431 0.5407779171894604 0.3589315525876461
8 0.5294855708908407 0.8931552587646077 0.5257214554579673 0.8981636060100167 0.5194479297365119 0.8981636060100167 0.5169385194479298 0.8931552587646077 0.5119196988707654 0.9065108514190318 0.5169385194479298 0.9115191986644408 0.520702634880803 0.9048414023372288 0.5269761606022585 0.9048414023372288 0.533249686323714 0.8981636060100167
3 0.178168130489335 0.46410684474123537 0.17440401505646172 0.4674457429048414 0.17440401505646172 0.4707846410684474 0.17691342534504392 0.4774624373956594 0.1794228356336261 0.4791318864774624 0.18444165621079048 0.4724540901502504 0.18444165621079048 0.4691151919866444
5 0.07151819322459223 0.4974958263772955 0.05897114178168131 0.5108514190317195 0.050188205771643665 0.5258764607679466 0.04767879548306148 0.5375626043405676 0.05144291091593475 0.5509181969949917 0.05771643663739021 0.5542570951585977 0.06273525721455459 0.5459098497495827 0.06649937264742785 0.5358931552587646 0.06649937264742785 0.5275459098497496 0.06775407779171895 0.5175292153589316 0.07277289836888332 0.5091819699499165
4 0.07528230865746549 0.5075125208681135 0.0890840652446675 0.5175292153589316 0.09912170639899624 0.5242070116861436 0.10414052697616061 0.5325542570951586 0.11543287327478043 0.5425709515859767 0.11417816813048934 0.5509181969949917 0.1028858218318695 0.5475792988313857 0.08531994981179424 0.5358931552587646 0.07653701380175659 0.5275459098497496 0.06775407779171895 0.5225375626043406 0.07026348808030113 0.5141903171953256
8 0.5420326223337516 0.333889816360601 0.548306148055207 0.32554257095158595 0.5721455457967378 0.34724540901502504 0.560853199498118 0.3722871452420701 0.5395232120451694 0.3639398998330551 0.548306148055207 0.3555926544240401 0.5570890840652447 0.3606010016694491 0.5646173149309912 0.35392320534223703 0.5595984943538268 0.34390651085141904
3 0.1606022584692597 0.5041736227045075 0.15432873274780426 0.5108514190317195 0.15683814303638646 0.5191986644407346 0.16311166875784192 0.5158597662771286 0.1656210790464241 0.5108514190317195
8 0.7026348808030113 0.6126878130217028 0.7051442910915935 0.6043405676126878 0.7164366373902133 0.6010016694490818
8 0.6474278544542033 0.6844741235392321 0.6612296110414053 0.6828046744574291 0.6624843161856964 0.6911519198664441 0.6537013801756587 0.6894824707846411
8 0.6336260978670013 0.669449081803005 0.6373902132998746 0.657762938230384 0.644918444165621 0.6527545909849749 0.6411543287327478 0.664440734557596 0.6361355081555834 0.674457429048414 0.6311166875784191 0.67779632721202
8 0.7917189460476788 0.6010016694490818 0.7967377666248432 0.5926544240400667 0.8067754077791719 0.5976627712854758 0.8030112923462986 0.6060100166944908 0.7992471769134254 0.6093489148580968
8 0.5708908406524467 0.38898163606010017 0.5809284818067754 0.3823038397328882 0.5859473023839398 0.3789649415692821 0.5922208281053952 0.3789649415692821 0.5922208281053952 0.38397328881469117 0.5859473023839398 0.38731218697829717 0.5771643663739021 0.39398998330550916 0.5671267252195734 0.39565943238731216
8 0.7365119196988708 0.6327212020033389 0.7452948557089084 0.6327212020033389 0.7415307402760352 0.6410684474123539 0.7377666248431619 0.6460767946577629 0.7314930991217063 0.6460767946577629
8 0.6549560853199499 0.15191986644407346 0.6474278544542033 0.15525876460767946 0.6424090338770388 0.16193656093489148 0.6398996235884568 0.1669449081803005 0.6386449184441656 0.17028380634390652 0.6398996235884568 0.17362270450751252 0.6461731493099122 0.1669449081803005 0.6499372647427855 0.16193656093489148 0.6524466750313677 0.15859766277128548 0.657465495608532 0.1636060100166945 0.6599749058971142 0.1669449081803005 0.6637390213299874 0.1636060100166945 0.6624843161856964 0.15859766277128548 0.6599749058971142 0.15525876460767946
5 0.05771643663739021 0.6460767946577629 0.0903387703889586 0.674457429048414 0.12045169385194479 0.6928213689482471 0.1468005018820577 0.7078464106844741 0.1480552070263488 0.7679465776293823 0.09786700125470514 0.7378964941569283 0.05897114178168131 0.6978297161936561
0 0.20451693851944794 0.6126878130217028 0.22961104140526975 0.6126878130217028 0.25094102885821834 0.5959933222036727 0.2835633626097867 0.5726210350584308 0.3099121706398996 0.5559265442404007 0.33626097867001253 0.5409015025041736 0.370138017565872 0.5258764607679466 0.4065244667503137 0.5242070116861436 0.4328732747804266 0.48580968280467446 0.45671267252195735 0.4507512520868113 0.479297365119197 0.41736227045075125 0.4993726474278545 0.38898163606010017 0.5081555834378921 0.39398998330550916 0.465495608531995 0.4590984974958264 0.4341279799247177 0.5108514190317195 0.4203262233375157 0.5342237061769616 0.4090338770388959 0.5409015025041736 0.36511919698870765 0.5442404006677797 0.3199498117942284 0.5659432387312187 0.29234629861982436 0.5893155258764607 0.27352572145545795 0.6043405676126878 0.2396486825595985 0.6343906510851419 0.22208281053952322 0.6393989983305509 0.20200752823086573 0.6360601001669449