8 0.660175879396985 0.4949748743718593 0.6576633165829145 0.516750418760469 0.6777638190954773 0.5100502512562815 0.6727386934673367 0.483249581239531 0.660175879396985 0.4949748743718593
8 0.6086683417085427 0.466499162479062 0.5986180904522613 0.4463986599664992 0.5847989949748744 0.466499162479062 0.589824120603015 0.4815745393634841 0.6061557788944724 0.4916247906197655 0.6212311557788944 0.4966499162479062 0.6400753768844221 0.5050251256281407 0.6451005025125628 0.4899497487437186 0.632537688442211 0.4815745393634841 0.6086683417085427 0.466499162479062
8 0.5571608040201005 0.6005025125628141 0.5684673366834171 0.5603015075376885 0.5760050251256281 0.4949748743718593 0.5596733668341709 0.4983249581239531 0.5546482412060302 0.5569514237855946 0.5358040201005025 0.602177554438861 0.5219849246231156 0.635678391959799 0.5119346733668342 0.6658291457286433 0.5018844221105527 0.7093802345058626 0.5257537688442211 0.6943048576214406 0.5383165829145728 0.6440536013400335 0.5571608040201005 0.6005025125628141
8 0.5131909547738693 0.5217755443886097 0.5157035175879398 0.5435510887772195 0.5219849246231156 0.5787269681742043 0.5094221105527639 0.6206030150753769 0.4993718592964824 0.6440536013400335 0.48555276381909546 0.6725293132328308 0.49183417085427134 0.6926298157453936 0.5006281407035176 0.6725293132328308 0.5119346733668342 0.652428810720268 0.5257537688442211 0.61892797319933 0.532035175879397 0.5820770519262981 0.532035175879397 0.5552763819095478 0.5257537688442211 0.516750418760469 0.5131909547738693 0.5217755443886097
8 0.6739949748743719 0.6122278056951423 0.6689698492462312 0.6440536013400335 0.6739949748743719 0.6708542713567839 0.6878140703517588 0.6842546063651591 0.6903266331658291 0.6708542713567839 0.6890703517587939 0.6507537688442211 0.6865577889447236 0.6206030150753769 0.6739949748743719 0.6122278056951423
5 0.5961055276381909 0.13316582914572864 0.5835427135678392 0.16666666666666666 0.5672110552763819 0.26046901172529313 0.539572864321608 0.3743718592964824 0.5207286432160804 0.4380234505862647 0.5445979899497487 0.45979899497487436 0.5546482412060302 0.43467336683417085 0.5646984924623115 0.39112227805695143 0.582286432160804 0.29731993299832493 0.5910804020100503 0.24204355108877723 0.6036432160804021 0.18676716917922948 0.6149497487437185 0.12646566164154105 0.5961055276381909 0.13316582914572864
8 0.6865577889447236 0.5770519262981575 0.6903266331658291 0.5603015075376885 0.6739949748743719 0.5469011725293133 0.6400753768844221 0.5603015075376885 0.6111809045226131 0.6088777219430486 0.6011306532663316 0.6323283082077052 0.5935929648241206 0.6658291457286433 0.5684673366834171 0.6792294807370184 0.5634422110552764 0.7077051926298158 0.582286432160804 0.7261306532663316 0.6023869346733668 0.7177554438860971 0.6212311557788944 0.6876046901172529 0.6312814070351759 0.6641541038525963 0.6463567839195979 0.6407035175879398 0.6652010050251256 0.6005025125628141 0.6865577889447236 0.5770519262981575
8 0.6589195979899497 0.6256281407035176 0.6589195979899497 0.6407035175879398 0.6576633165829145 0.6624790619765494 0.6576633165829145 0.6909547738693468 0.6589195979899497 0.7077051926298158 0.6727386934673367 0.6842546063651591 0.6727386934673367 0.6557788944723618 0.6727386934673367 0.6289782244556114 0.667713567839196 0.6055276381909548 0.6589195979899497 0.6256281407035176
8 0.6124371859296482 0.5418760469011725 0.6023869346733668 0.5268006700167505 0.5948492462311558 0.5134003350083752 0.582286432160804 0.516750418760469 0.5860552763819096 0.5318257956448911 0.6023869346733668 0.5603015075376885 0.6162060301507538 0.5619765494137353 0.6425879396984925 0.5603015075376885 0.6224874371859297 0.5452261306532663 0.6124371859296482 0.5418760469011725
3 0.4981155778894472 0.44472361809045224 0.48178391959798994 0.42462311557788945 0.45037688442211055 0.41959798994974873 0.41520100502512564 0.42462311557788945 0.4001256281407035 0.43299832495812396 0.44032663316582915 0.44472361809045224 0.4641959798994975 0.4581239530988275 0.48680904522613067 0.4899497487437186 0.4905778894472362 0.4882747068676717 0.4981155778894472 0.46984924623115576 0.4981155778894472 0.44472361809045224
8 0.439070351758794 0.41457286432160806 0.4277638190954774 0.4112227805695142 0.4101758793969849 0.42462311557788945 0.396356783919598 0.43467336683417085 0.417713567839196 0.44137353433835846 0.4428391959798995 0.44137353433835846 0.4453517587939699 0.4380234505862647 0.44660804020100503 0.41457286432160806 0.439070351758794 0.41457286432160806
8 0.40138190954773867 0.873534338358459 0.39886934673366836 0.8835845896147404 0.39886934673366836 0.8986599664991625 0.4164572864321608 0.8969849246231156 0.41896984924623115 0.8819095477386935 0.40138190954773867 0.873534338358459
8 0.4064070351758794 0.8350083752093802 0.4026381909547739 0.8634840871021775 0.41896984924623115 0.8500837520938024 0.4064070351758794 0.8350083752093802
8 0.27782106783919597 1 0.2870603015075377 0.9304857621440537 0.2242462311557789 0.974036850921273 0.18644694095477388 1 0.27782106783919597 1
3 0.4362678781407035 1 0.44409547738693467 0.9623115577889447 0.46796482412060303 0.8584589614740369 0.5332914572864321 0.8601340033500837 0.5948492462311558 0.8886097152428811 0.6551507537688442 0.8936348408710217 0.5986180904522613 0.7428810720268006 0.5684673366834171 0.6842546063651591 0.5131909547738693 0.6825795644891123 0.46168341708542715 0.7060301507537688 0.40515075376884424 0.7897822445561139 0.39761306532663315 0.9254606365159129 0.3888190954773869 1 0.4362678781407035 1
8 0.2569793417085427 1 0.2594221105527638 0.9941373534338358 0.2543969849246231 0.9790619765494137 0.24685929648241206 0.9958123953098827 0.2449748743718593 1 0.2569793417085427 1
4 0.7945979899497487 0.2705192629815745 0.7870603015075377 0.2152428810720268 0.7795226130653267 0.18174204355108878 0.7795226130653267 0.23366834170854273 0.7782663316582915 0.26716917922948075 0.7682160804020101 0.3274706867671692 0.7631909547738693 0.3693467336683417 0.7657035175879398 0.41792294807370184 0.7757537688442211 0.42294807370184256 0.7782663316582915 0.41624790619765495 0.7858040201005025 0.3492462311557789 0.7945979899497487 0.2705192629815745
8 0.5910804020100503 0.38944723618090454 0.5785175879396985 0.42462311557788945 0.5659547738693468 0.46147403685092125 0.5659547738693468 0.4849246231155779 0.5772613065326633 0.4899497487437186 0.5797738693467337 0.4798994974874372 0.5910804020100503 0.42797319932998323 0.5910804020100503 0.38944723618090454
8 0.660175879396985 0.2135678391959799 0.660175879396985 0.18676716917922948 0.6413316582914573 0.24371859296482412 0.632537688442211 0.3157453936348409 0.6224874371859297 0.38107202680067004 0.6199748743718593 0.4296482412060301 0.6312814070351759 0.4396984924623116 0.6400753768844221 0.42797319932998323 0.6375628140703518 0.39782244556113905 0.6451005025125628 0.3073701842546064 0.660175879396985 0.2135678391959799
8 0.7920854271356784 0.3241206030150754 0.7920854271356784 0.29731993299832493 0.7920854271356784 0.2721943048576214 0.7883165829145728 0.2403685092127303 0.7870603015075377 0.2185929648241206 0.782035175879397 0.1984924623115578 0.7732412060301508 0.2219430485762144 0.7744974874371859 0.2554438860971524 0.7807788944723618 0.2805695142378559 0.7807788944723618 0.3073701842546064 0.7757537688442211 0.32914572864321606 0.7694723618090452 0.3626465661641541 0.7694723618090452 0.3961474036850921 0.7795226130653267 0.42294807370184256 0.8008793969849246 0.3492462311557789 0.7920854271356784 0.3241206030150754
8 0.6827889447236181 0.24371859296482412 0.6840452261306532 0.2018425460636516 0.6853015075376885 0.14991624790619765 0.6765075376884422 0.17336683417085427 0.6727386934673367 0.2219430485762144 0.6564070351758794 0.27889447236180903 0.6451005025125628 0.36432160804020103 0.6375628140703518 0.4128978224455611 0.6526381909547738 0.44304857621440535 0.6526381909547738 0.43299832495812396 0.6652010050251256 0.3659966499162479 0.6827889447236181 0.24371859296482412
3 0.8046482412060302 0.3542713567839196 0.803391959798995 0.30904522613065327 0.7983668341708543 0.23366834170854273 0.7870603015075377 0.14991624790619765 0.7744974874371859 0.12144053601340034 0.7543969849246231 0.10469011725293133 0.7242462311557789 0.09966499162479062 0.6915829145728644 0.10971524288107203 0.675251256281407 0.11474036850921274 0.6300251256281407 0.11976549413735343 0.6187185929648241 0.13316582914572864 0.5961055276381909 0.14656616415410384 0.5684673366834171 0.15494137353433834 0.5471105527638191 0.16834170854271358 0.5345477386934674 0.1800670016750419 0.5157035175879398 0.19011725293132328 0.5081658291457286 0.2102177554438861 0.4905778894472362 0.24371859296482412 0.47675879396984927 0.26716917922948075 0.4667085427135678 0.29229480737018426 0.4491206030150754 0.3241206030150754 0.44660804020100503 0.347571189279732 0.4528894472361809 0.3626465661641541 0.46796482412060303 0.39112227805695143 0.48680904522613067 0.42294807370184256 0.5131909547738693 0.44304857621440535 0.5345477386934674 0.466499162479062 0.5709798994974874 0.4798994974874372 0.6048994974874372 0.4983249581239531 0.6451005025125628 0.5117252931323283 0.6727386934673367 0.5150753768844221 0.7016331658291457 0.5150753768844221 0.7342964824120602 0.5067001675041876 0.7569095477386935 0.4966499162479062 0.7744974874371859 0.4849246231155779 0.7983668341708543 0.39949748743718594 0.8046482412060302 0.3542713567839196
8 0.5358040201005025 0.3341708542713568 0.5408291457286433 0.30067001675041877 0.5182160804020101 0.3542713567839196 0.5018844221105527 0.3860971524288107 0.48178391959798994 0.4112227805695142 0.5018844221105527 0.42797319932998323 0.503140703517588 0.4212730318257956 0.5232412060301508 0.3793969849246231 0.5358040201005025 0.3341708542713568
3 0.5056532663316583 0.4463986599664992 0.4842964824120603 0.4112227805695142 0.45414572864321606 0.38944723618090454 0.4202261306532663 0.38944723618090454 0.3951005025125628 0.39112227805695143 0.38379396984924624 0.3927973199329983 0.3687185929648241 0.40787269681742044 0.36243718592964824 0.4212730318257956 0.35238693467336685 0.44137353433835846 0.34484924623115576 0.466499162479062 0.353643216080402 0.45979899497487436 0.36746231155778897 0.4547738693467337 0.3800251256281407 0.4463986599664992 0.40138190954773867 0.43132328308207707 0.4164572864321608 0.43299832495812396 0.43655778894472363 0.43634840871021774 0.4629396984924623 0.4547738693467337 0.47675879396984927 0.466499162479062 0.4880653266331658 0.4899497487437186 0.48932160804020103 0.518425460636516 0.4905778894472362 0.5469011725293133 0.4880653266331658 0.5653266331658291 0.48555276381909546 0.5904522613065326 0.47675879396984927 0.6172529313232831 0.46545226130653267 0.6507537688442211 0.46042713567839194 0.6742043551088778 0.4667085427135678 0.6926298157453936 0.48178391959798994 0.7160804020100503 0.5081658291457286 0.7211055276381909 0.5433417085427136 0.7278056951423786 0.5659547738693468 0.7412060301507538 0.5810301507537688 0.7512562814070352 0.5986180904522613 0.7495812395309883 0.6300251256281407 0.7060301507537688 0.6476130653266332 0.7110552763819096 0.6815326633165829 0.7010050251256281 0.6953517587939698 0.6742043551088778 0.7066582914572864 0.6373534338358459 0.7129396984924623 0.6088777219430486 0.7154522613065326 0.5820770519262981 0.7016331658291457 0.5536013400335008 0.5056532663316583 0.4463986599664992
8 0.667713567839196 0.5904522613065326 0.6388190954773869 0.5552763819095478 0.6086683417085427 0.5251256281407035 0.582286432160804 0.5 0.5923366834170855 0.5385259631490787 0.6212311557788944 0.567001675041876 0.6074120603015075 0.6206030150753769 0.574748743718593 0.6758793969849246 0.5559045226130653 0.7110552763819096 0.5835427135678392 0.7227805695142379 0.6086683417085427 0.7244556113902848 0.6262562814070352 0.6641541038525963 0.6526381909547738 0.6038525963149078 0.6639447236180904 0.6222780569514238 0.6652010050251256 0.6557788944723618 0.6689698492462312 0.6976549413735343 0.6790201005025126 0.6490787269681743 0.667713567839196 0.5904522613065326
1 0.4238379396984925 1 0.4239949748743719 0.9991624790619765 0.43027638190954776 0.9338358458961474 0.4239949748743719 0.8986599664991625 0.4126884422110553 0.8433835845896147 0.4064070351758794 0.8500837520938024 0.3951005025125628 0.8651591289782244 0.3951005025125628 0.9003350083752094 0.3951005025125628 0.9639865996649917 0.38609715201005024 1 0.4238379396984925 1
0 0.7908291457286433 0.583752093802345 0.7380653266331658 0.5469011725293133 0.6915829145728644 0.516750418760469 0.625 0.4916247906197655 0.5471105527638191 0.4581239530988275 0.5194723618090452 0.42797319932998323 0.48178391959798994 0.40117252931323283 0.45163316582914576 0.3592964824120603 0.4415829145728643 0.3341708542713568 0.42525125628140703 0.347571189279732 0.4239949748743719 0.3760469011725293 0.44660804020100503 0.4045226130653266 0.4880653266331658 0.43132328308207707 0.5157035175879398 0.466499162479062 0.5621859296482412 0.5 0.5734924623115578 0.5268006700167505 0.6074120603015075 0.5619765494137353 0.6576633165829145 0.568676716917923 0.7041457286432161 0.5586264656616415 0.7744974874371859 0.5938023450586265 0.7908291457286433 0.583752093802345
0 0.3922270929648241 1 0.39761306532663315 0.974036850921273 0.4101758793969849 0.8634840871021775 0.39886934673366836 0.788107202680067 0.3863065326633166 0.8165829145728644 0.38379396984924624 0.873534338358459 0.3727435716080402 1 0.3922270929648241 1