3 0.37073490813648297 0.3113948919449902 0.3051181102362205 0.3074656188605108 0.26706036745406825 0.3369351669941061 0.23293963254593175 0.3801571709233792 0.2158792650918635 0.5353634577603144 0.234251968503937 0.7043222003929273 0.26443569553805774 0.8182711198428291 0.2933070866141732 0.8575638506876228 0.36023622047244097 0.8889980353634578 0.4140419947506562 0.8772102161100196 0.4074803149606299 0.8418467583497053 0.38910761154855644 0.7671905697445972 0.37729658792650916 0.6984282907662083 0.3746719160104987 0.6453831041257367 0.39041994750656167 0.6041257367387033 0.43241469816272965 0.5726915520628684 0.4153543307086614 0.42534381139489197 0.4074803149606299 0.3664047151277014 0.39960629921259844 0.3212180746561886 0.37073490813648297 0.3113948919449902
3 0.3969816272965879 0.6060903732809431 0.3851706036745407 0.6257367387033399 0.38123359580052496 0.6650294695481336 0.38910761154855644 0.7200392927308448 0.4048556430446194 0.7986247544204322 0.42979002624671914 0.8555992141453831 0.44028871391076113 0.8457760314341847 0.4389763779527559 0.8222003929273084 0.44553805774278216 0.7986247544204322 0.5124671916010499 0.7632612966601179 0.5360892388451444 0.7573673870333988 0.5465879265091863 0.775049115913556 0.5610236220472441 0.7534381139489195 0.5413385826771654 0.7396856581532416 0.5164041994750657 0.7220039292730844 0.4652230971128609 0.6669941060903732 0.4547244094488189 0.6532416502946955 0.4494750656167979 0.6296660117878192 0.4376640419947507 0.5982318271119843 0.4363517060367454 0.5785854616895875 0.3969816272965879 0.6060903732809431
2 0.5610236220472441 0.44695481335952847 0.550524934383202 0.393909626719057 0.5190288713910761 0.3428290766208251 0.47834645669291337 0.29960707269155207 0.44816272965879267 0.29960707269155207 0.42191601049868765 0.39980353634577603 0.42322834645669294 0.4764243614931238 0.4363517060367454 0.5707269155206287 0.45866141732283466 0.6552062868369352 0.5006561679790026 0.7003929273084479 0.5321522309711286 0.7357563850687623 0.5452755905511811 0.7043222003929273 0.5518372703412073 0.6257367387033399 0.5597112860892388 0.5314341846758349 0.5610236220472441 0.44695481335952847
8 0.3405511811023622 0.3781925343811395 0.328740157480315 0.431237721021611 0.3274278215223097 0.468565815324165 0.33398950131233596 0.4724950884086444 0.3484251968503937 0.46660117878192536 0.36286089238845143 0.46660117878192536 0.36023622047244097 0.4214145383104126 0.3615485564304462 0.393909626719057 0.3536745406824147 0.36836935166994106 0.349737532808399 0.35461689587426326 0.3405511811023622 0.3781925343811395
8 0.33136482939632544 0.35854616895874264 0.328740157480315 0.37229862475442044 0.32217847769028873 0.39587426326129665 0.3274278215223097 0.4037328094302554 0.33267716535433073 0.38605108055009824 0.3379265091863517 0.3703339882121807 0.3379265091863517 0.3605108055009823 0.33136482939632544 0.35854616895874264
8 0.3261154855643045 0.33104125736738704 0.318241469816273 0.34479371316306484 0.3090551181102362 0.3644400785854617 0.3090551181102362 0.3880157170923379 0.29986876640419946 0.40962671905697445 0.3064304461942257 0.41355599214145383 0.31299212598425197 0.4037328094302554 0.318241469816273 0.3840864440078585 0.3248031496062992 0.35461689587426326 0.33267716535433073 0.33104125736738704 0.3261154855643045 0.33104125736738704
8 0.3930446194225722 0.4587426326129666 0.3799212598425197 0.46463654223968565 0.3799212598425197 0.4724950884086444 0.39041994750656167 0.4764243614931238 0.3930446194225722 0.49410609037328096 0.40091863517060367 0.4862475442043222 0.40223097112860895 0.468565815324165 0.39960629921259844 0.4587426326129666 0.3930446194225722 0.4587426326129666
8 0.2683727034120735 0.38605108055009824 0.26443569553805774 0.4037328094302554 0.25918635170603677 0.41355599214145383 0.2578740157480315 0.4351669941060904 0.255249343832021 0.4548133595284872 0.255249343832021 0.47445972495088407 0.2631233595800525 0.48035363457760316 0.26706036745406825 0.46660117878192536 0.270997375328084 0.43713163064833005 0.270997375328084 0.41159135559921417 0.27493438320209973 0.39587426326129665 0.27493438320209973 0.3781925343811395 0.2683727034120735 0.38605108055009824
8 0.29986876640419946 0.5451866404715128 0.291994750656168 0.537328094302554 0.2854330708661417 0.5275049115913556 0.27887139107611547 0.5353634577603144 0.26706036745406825 0.5451866404715128 0.2618110236220472 0.568762278978389 0.26706036745406825 0.5962671905697446 0.26968503937007876 0.6178781925343811 0.2736220472440945 0.6453831041257367 0.281496062992126 0.6669941060903732 0.28937007874015747 0.7141453831041258 0.3064304461942257 0.7161100196463654 0.31167979002624674 0.7200392927308448 0.3248031496062992 0.6944990176817288 0.32217847769028873 0.6552062868369352 0.32349081364829396 0.6021611001964636 0.32086614173228345 0.5785854616895875 0.31167979002624674 0.5667976424361493 0.31167979002624674 0.5451866404715128 0.29986876640419946 0.5451866404715128
8 0.2959317585301837 0.468565815324165 0.297244094488189 0.4823182711198428 0.297244094488189 0.49410609037328096 0.3038057742782152 0.4901768172888016 0.3038057742782152 0.4724950884086444 0.3064304461942257 0.462671905697446 0.3038057742782152 0.4489194499017682 0.2959317585301837 0.468565815324165
8 0.24343832020997375 0.42337917485265225 0.23818897637795275 0.44106090373280943 0.23293963254593175 0.468565815324165 0.23293963254593175 0.48428290766208254 0.23818897637795275 0.4960707269155206 0.244750656167979 0.4764243614931238 0.2473753280839895 0.4489194499017682 0.24868766404199474 0.42534381139489197 0.24343832020997375 0.42337917485265225
8 0.24081364829396326 0.5058939096267191 0.2368766404199475 0.5314341846758349 0.24343832020997375 0.5609037328094303 0.2526246719160105 0.5667976424361493 0.26443569553805774 0.5589390962671905 0.2618110236220472 0.5333988212180747 0.25918635170603677 0.5176817288801572 0.2473753280839895 0.49803536345776034 0.24081364829396326 0.5058939096267191
8 0.34711286089238846 0.4901768172888016 0.3431758530183727 0.5058939096267191 0.3431758530183727 0.5117878192534381 0.34711286089238846 0.5294695481335953 0.35498687664041995 0.5353634577603144 0.36286089238845143 0.5255402750491159 0.35498687664041995 0.5098231827111984 0.35498687664041995 0.4901768172888016 0.34711286089238846 0.4901768172888016
8 0.4048556430446194 0.48821218074656186 0.39829396325459315 0.4960707269155206 0.39173228346456695 0.5176817288801572 0.38123359580052496 0.5550098231827112 0.38123359580052496 0.56286836935167 0.3851706036745407 0.5805500982318271 0.38779527559055116 0.5903732809430255 0.3956692913385827 0.5923379174852652 0.40223097112860895 0.5884086444007859 0.40879265091863515 0.5864440078585462 0.41929133858267714 0.56286836935167 0.42191601049868765 0.5451866404715128 0.4166666666666667 0.5157170923379175 0.4074803149606299 0.49803536345776034 0.4048556430446194 0.48821218074656186
8 0.2841207349081365 0.43713163064833005 0.276246719160105 0.43713163064833005 0.2723097112860892 0.4548133595284872 0.26968503937007876 0.48035363457760316 0.265748031496063 0.49803536345776034 0.270997375328084 0.5058939096267191 0.28805774278215224 0.5019646365422397 0.29068241469816275 0.49410609037328096 0.291994750656168 0.4823182711198428 0.29068241469816275 0.4567779960707269 0.2841207349081365 0.43713163064833005
8 0.3195538057742782 0.4292730844793713 0.3143044619422572 0.44695481335952847 0.307742782152231 0.468565815324165 0.3051181102362205 0.4862475442043222 0.3064304461942257 0.5098231827111984 0.3156167979002625 0.5157170923379175 0.3261154855643045 0.5137524557956779 0.3300524934383202 0.5058939096267191 0.328740157480315 0.4724950884086444 0.3261154855643045 0.44106090373280943 0.3195538057742782 0.4292730844793713
0 0.3562992125984252 0.7043222003929273 0.3641732283464567 0.6394891944990176 0.36548556430446194 0.5805500982318271 0.349737532808399 0.5785854616895875 0.3261154855643045 0.611984282907662 0.3248031496062992 0.6453831041257367 0.33398950131233596 0.7278978388998035 0.33136482939632544 0.7770137524557956 0.33661417322834647 0.8241650294695482 0.36548556430446194 0.8595284872298625 0.3589238845144357 0.7730844793713163 0.3562992125984252 0.7043222003929273
0 0.2106299212598425 0.47838899803536344 0.21719160104986876 0.56286836935167 0.23818897637795275 0.6316306483300589 0.24868766404199474 0.6905697445972495 0.26706036745406825 0.6964636542239686 0.276246719160105 0.6846758349705304 0.276246719160105 0.6552062868369352 0.27493438320209973 0.6159135559921415 0.2618110236220472 0.5844793713163065 0.244750656167979 0.56286836935167 0.2316272965879265 0.5275049115913556 0.22244094488188976 0.4764243614931238 0.2106299212598425 0.47838899803536344