3 0.4899497487437186 0.5434782608695652 0.49120603015075376 0.520066889632107 0.4861809045226131 0.5016722408026756 0.47110552763819097 0.5 0.4547738693467337 0.5284280936454849 0.47110552763819097 0.5518394648829431 0.4899497487437186 0.5434782608695652
4 0.3944723618090452 0.7926421404682275 0.3907035175879397 0.8193979933110368 0.40326633165829145 0.81438127090301 0.3944723618090452 0.7926421404682275
4 0.37814070351758794 0.7207357859531772 0.37185929648241206 0.7374581939799331 0.3793969849246231 0.7491638795986622 0.3844221105527638 0.7341137123745819 0.37814070351758794 0.7207357859531772
4 0.39321608040201006 0.68561872909699 0.3957286432160804 0.7006688963210702 0.4020100502512563 0.6889632107023411 0.39321608040201006 0.68561872909699
4 0.4120603015075377 0.6655518394648829 0.40703517587939697 0.677257525083612 0.41457286432160806 0.677257525083612 0.4120603015075377 0.6655518394648829
4 0.44597989949748745 0.717391304347826 0.435929648241206 0.7190635451505016 0.4396984924623116 0.7324414715719063 0.44597989949748745 0.717391304347826
4 0.4221105527638191 0.5752508361204013 0.4082914572864322 0.5819397993311036 0.40703517587939697 0.6036789297658863 0.4183417085427136 0.6003344481605352 0.4221105527638191 0.5752508361204013
4 0.3391959798994975 0.8578595317725752 0.3316582914572864 0.8879598662207357 0.3442211055276382 0.8662207357859532 0.3391959798994975 0.8578595317725752
4 0.35050251256281406 0.7207357859531772 0.3454773869346734 0.7675585284280937 0.3592964824120603 0.754180602006689 0.35050251256281406 0.7207357859531772
8 0.3793969849246231 0.6839464882943144 0.39195979899497485 0.6337792642140468 0.3969849246231156 0.5819397993311036 0.39824120603015073 0.5351170568561873 0.4045226130653266 0.49665551839464883 0.41708542713567837 0.4331103678929766 0.4258793969849246 0.3795986622073579 0.42839195979899497 0.33444816053511706 0.44095477386934673 0.27591973244147155 0.4396984924623116 0.2491638795986622 0.43090452261306533 0.2140468227424749 0.4258793969849246 0.20903010033444816 0.35050251256281406 0.705685618729097 0.3630653266331658 0.7123745819397993 0.3793969849246231 0.6839464882943144
3 0.3844221105527638 0.6220735785953178 0.38944723618090454 0.5652173913043478 0.38190954773869346 0.5585284280936454 0.3756281407035176 0.5518394648829431 0.35678391959798994 0.677257525083612 0.38567839195979897 0.6505016722408027 0.3844221105527638 0.6220735785953178
3 0.41708542713567837 0.3745819397993311 0.41708542713567837 0.36454849498327757 0.40954773869346733 0.33277591973244147 0.38819095477386933 0.4682274247491639 0.4108040201005025 0.43478260869565216 0.41708542713567837 0.3745819397993311
4 0.40389447236180903 1 0.4057788944723618 0.9949832775919732 0.3957286432160804 0.9916387959866221 0.38944723618090454 1 0.40389447236180903 1
4 0.32663316582914576 0.9230769230769231 0.32160804020100503 0.9548494983277592 0.33542713567839194 0.9364548494983278 0.32663316582914576 0.9230769230769231
4 0.5414572864321608 0.596989966555184 0.5276381909547738 0.5919732441471572 0.5163316582914573 0.6020066889632107 0.5339195979899497 0.6204013377926422 0.5414572864321608 0.596989966555184
4 0.5665829145728644 0.5518394648829431 0.5804020100502513 0.5284280936454849 0.5515075376884422 0.5183946488294314 0.5565326633165829 0.5367892976588629 0.5665829145728644 0.5518394648829431
4 0.5402010050251256 0.4682274247491639 0.5175879396984925 0.46488294314381273 0.5012562814070352 0.5083612040133779 0.5276381909547738 0.49665551839464883 0.5402010050251256 0.4682274247491639
6 0.45979899497487436 0.038461538461538464 0.4484924623115578 0.09531772575250837 0.46733668341708545 0.07357859531772576 0.45979899497487436 0.038461538461538464
3 0.4679138932160804 0 0.4472361809045226 0.09698996655518395 0.47361809045226133 0.07357859531772576 0.47738693467336685 0.020066889632107024 0.47577171608040203 0 0.4679138932160804 0
4 0.507537688442211 0.30434782608695654 0.5226130653266332 0.29264214046822745 0.5238693467336684 0.2725752508361204 0.5263819095477387 0.2491638795986622 0.5175879396984925 0.2408026755852843 0.49748743718592964 0.2508361204013378 0.49748743718592964 0.27424749163879597 0.507537688442211 0.30434782608695654