5 0.5700808625336927 0.8093525179856115 0.5512129380053908 0.8111510791366906 0.5256064690026954 0.8327338129496403 0.5094339622641509 0.8615107913669064 0.5 0.8741007194244604 0.4946091644204852 0.8902877697841727 0.5040431266846361 0.9028776978417267 0.522911051212938 0.9028776978417267 0.5431266846361186 0.9046762589928058 0.5592991913746631 0.89568345323741 0.5673854447439353 0.8830935251798561 0.5754716981132075 0.8687050359712231 0.568733153638814 0.8453237410071942 0.5754716981132075 0.8255395683453237 0.5889487870619946 0.8003597122302158 0.5700808625336927 0.8093525179856115
5 0.6644204851752021 0.7859712230215827 0.6711590296495957 0.7877697841726619 0.6778975741239892 0.7787769784172662 0.6752021563342318 0.7679856115107914 0.6698113207547169 0.762589928057554 0.660377358490566 0.7679856115107914 0.660377358490566 0.7787769784172662 0.6644204851752021 0.7859712230215827
8 0.6091644204851752 0.7661870503597122 0.6253369272237197 0.7769784172661871 0.633423180592992 0.7769784172661871 0.633423180592992 0.7679856115107914 0.6307277628032345 0.75 0.6159029649595688 0.7446043165467626 0.601078167115903 0.75 0.5929919137466307 0.7589928057553957 0.6091644204851752 0.7661870503597122
8 0.5094339622641509 0.9028776978417267 0.5040431266846361 0.9028776978417267 0.4973045822102426 0.8992805755395683 0.4919137466307278 0.8992805755395683 0.48787061994609165 0.9064748201438849 0.49326145552560646 0.9118705035971223 0.5026954177897575 0.9154676258992805 0.5107816711590296 0.9172661870503597 0.5202156334231806 0.9154676258992805 0.532345013477089 0.9172661870503597 0.5363881401617251 0.9226618705035972 0.5404312668463612 0.920863309352518 0.5444743935309974 0.9154676258992805 0.5390835579514824 0.9100719424460432 0.5309973045822103 0.9064748201438849 0.5215633423180593 0.9046762589928058 0.5094339622641509 0.9028776978417267
8 0.6212938005390836 0.8093525179856115 0.6132075471698113 0.8111510791366906 0.601078167115903 0.8111510791366906 0.5889487870619946 0.8111510791366906 0.5943396226415094 0.8219424460431655 0.6037735849056604 0.8219424460431655 0.6172506738544474 0.8183453237410072 0.628032345013477 0.814748201438849 0.6401617250673854 0.8165467625899281 0.6522911051212938 0.8165467625899281 0.6590296495956873 0.8165467625899281 0.660377358490566 0.8093525179856115 0.6455525606469003 0.8057553956834532 0.637466307277628 0.8057553956834532 0.6253369272237197 0.8039568345323741 0.6212938005390836 0.8093525179856115
8 0.6401617250673854 0.75 0.6401617250673854 0.762589928057554 0.637466307277628 0.7805755395683454 0.637466307277628 0.7931654676258992 0.6428571428571429 0.802158273381295 0.6563342318059299 0.7949640287769785 0.6522911051212938 0.7751798561151079 0.6549865229110512 0.762589928057554 0.6549865229110512 0.75 0.6522911051212938 0.7320143884892086 0.6455525606469003 0.7176258992805755 0.6347708894878706 0.7248201438848921 0.637466307277628 0.737410071942446 0.6401617250673854 0.75
8 0.5485175202156334 0.9136690647482014 0.5566037735849056 0.9280575539568345 0.5754716981132075 0.9370503597122302 0.5754716981132075 0.9154676258992805 0.5822102425876011 0.9046762589928058 0.5849056603773585 0.8920863309352518 0.578167115902965 0.8794964028776978 0.5646900269541779 0.8902877697841727 0.5566037735849056 0.9028776978417267 0.5485175202156334 0.9136690647482014
3 0.4743935309973046 0.7913669064748201 0.5067385444743935 0.8309352517985612 0.5889487870619946 0.8812949640287769 0.6037735849056604 0.85431654676259 0.6266846361185984 0.8273381294964028 0.6576819407008087 0.802158273381295 0.6482479784366577 0.7535971223021583 0.5970350404312669 0.7140287769784173 0.5296495956873315 0.7050359712230215 0.47304582210242585 0.697841726618705 0.45417789757412397 0.7158273381294964 0.45417789757412397 0.7517985611510791 0.4743935309973046 0.7913669064748201
1 0.40700808625336926 0.6654676258992805 0.39892183288409705 0.6690647482014388 0.38274932614555257 0.6744604316546763 0.38140161725067384 0.6870503597122302 0.3921832884097035 0.697841726618705 0.4002695417789757 0.7050359712230215 0.4191374663072776 0.7068345323741008 0.42857142857142855 0.7068345323741008 0.4393530997304582 0.7230215827338129 0.44878706199460916 0.7158273381294964 0.44609164420485176 0.7014388489208633 0.4366576819407008 0.6906474820143885 0.42857142857142855 0.6762589928057554 0.42318059299191374 0.6672661870503597 0.40700808625336926 0.6654676258992805
0 0.42048517520215634 0.9100719424460432 0.4501347708894879 0.9334532374100719 0.5053908355795148 0.9514388489208633 0.5795148247978437 0.9532374100719424 0.6401617250673854 0.9496402877697842 0.6819407008086253 0.947841726618705 0.7196765498652291 0.9334532374100719 0.7547169811320755 0.9136690647482014 0.8099730458221024 0.8741007194244604 0.8638814016172507 0.8309352517985612 0.9123989218328841 0.7877697841726619 0.9299191374663073 0.7607913669064749 0.9474393530997305 0.7194244604316546 0.9460916442048517 0.6564748201438849 0.944743935309973 0.6169064748201439 0.9191374663072777 0.6672661870503597 0.8773584905660378 0.7176258992805755 0.7897574123989218 0.7607913669064749 0.7466307277628033 0.7661870503597122 0.7210242587601078 0.7284172661870504 0.7102425876010782 0.697841726618705 0.715633423180593 0.6618705035971223 0.6469002695417789 0.6312949640287769 0.6320754716981132 0.6654676258992805 0.5970350404312669 0.6906474820143885 0.545822102425876 0.6960431654676259 0.49056603773584906 0.6942446043165468 0.4555256064690027 0.6780575539568345 0.4272237196765499 0.6420863309352518 0.37735849056603776 0.6618705035971223 0.33962264150943394 0.6618705035971223 0.3692722371967655 0.7176258992805755 0.39892183288409705 0.8345323741007195 0.42048517520215634 0.9100719424460432
0 0.36522911051212936 0.4658273381294964 0.38409703504043125 0.49280575539568344 0.40700808625336926 0.5053956834532374 0.39892183288409705 0.48201438848920863 0.37601078167115903 0.44964028776978415 0.3490566037735849 0.420863309352518 0.3221024258760108 0.39568345323741005 0.2991913746630728 0.36510791366906475 0.2884097035040431 0.33992805755395683 0.2857142857142857 0.35611510791366907 0.30727762803234504 0.39388489208633093 0.3288409703504043 0.41906474820143885 0.35175202156334234 0.44244604316546765 0.36522911051212936 0.4658273381294964
0 0.5067385444743935 0.539568345323741 0.4568733153638814 0.5179856115107914 0.4380053908355795 0.512589928057554 0.4299191374663073 0.5233812949640287 0.4811320754716981 0.5449640287769785 0.5202156334231806 0.5665467625899281 0.5619946091644205 0.5845323741007195 0.5983827493261455 0.60431654676259 0.6091644204851752 0.60431654676259 0.6482479784366577 0.6007194244604317 0.6940700808625337 0.5899280575539568 0.7628032345013477 0.5611510791366906 0.8328840970350404 0.5251798561151079 0.9043126684636119 0.4802158273381295 0.9366576819407008 0.44964028776978415 0.9366576819407008 0.44064748201438847 0.9285714285714286 0.43884892086330934 0.9137466307277629 0.45143884892086333 0.898921832884097 0.46402877697841727 0.8611859838274932 0.48741007194244607 0.8126684636118598 0.512589928057554 0.7560646900269542 0.5359712230215827 0.7021563342318059 0.5593525179856115 0.6792452830188679 0.5683453237410072 0.601078167115903 0.5827338129496403 0.5849056603773585 0.5755395683453237 0.5471698113207547 0.5575539568345323 0.5067385444743935 0.539568345323741