6 0.47465034965034963 0.3259860788863109 0.46940559440559443 0.3259860788863109 0.4624125874125874 0.3259860788863109 0.4589160839160839 0.3375870069605568 0.4606643356643357 0.3491879350348028 0.47115384615384615 0.3538283062645012 0.4763986013986014 0.3839907192575406 0.4798951048951049 0.388631090487239 0.49038461538461536 0.3863109048723898 0.49213286713286714 0.35846867749419953 0.48863636363636365 0.3422273781902552 0.48164335664335667 0.3306264501160093 0.47465034965034963 0.3259860788863109
6 0.4012237762237762 0.3213457076566125 0.3994755244755245 0.3259860788863109 0.395979020979021 0.3329466357308585 0.3924825174825175 0.3352668213457077 0.388986013986014 0.3422273781902552 0.395979020979021 0.339907192575406 0.40297202797202797 0.3352668213457077 0.40646853146853146 0.32830626450116007 0.40821678321678323 0.3236658932714617 0.40472027972027974 0.3190255220417633 0.4012237762237762 0.3213457076566125
6 0.38548951048951047 0.3677494199535963 0.38548951048951047 0.3700696055684455 0.38024475524475526 0.3723897911832947 0.3732517482517482 0.37703016241299303 0.36975524475524474 0.388631090487239 0.3732517482517482 0.39559164733178653 0.3784965034965035 0.3909512761020882 0.38374125874125875 0.3839907192575406 0.38723776223776224 0.37470997679814383 0.388986013986014 0.3677494199535963 0.38548951048951047 0.3677494199535963
6 0.3575174825174825 0.35846867749419953 0.354020979020979 0.36078886310904873 0.3505244755244755 0.3677494199535963 0.3557692307692308 0.3723897911832947 0.361013986013986 0.3654292343387471 0.36276223776223776 0.35846867749419953 0.3575174825174825 0.35846867749419953
6 0.3208041958041958 0.31206496519721577 0.31905594405594406 0.3236658932714617 0.3138111888111888 0.32830626450116007 0.3103146853146853 0.3352668213457077 0.3120629370629371 0.3422273781902552 0.3173076923076923 0.3422273781902552 0.3208041958041958 0.3329466357308585 0.3243006993006993 0.32830626450116007 0.3277972027972028 0.3213457076566125 0.32604895104895104 0.31206496519721577 0.3208041958041958 0.31206496519721577
6 0.49038461538461536 0.4767981438515081 0.4938811188811189 0.48607888631090485 0.4973776223776224 0.49071925754060325 0.5043706293706294 0.4953596287703016 0.5113636363636364 0.4953596287703016 0.5166083916083916 0.48839907192575405 0.5183566433566433 0.4837587006960557 0.5270979020979021 0.4837587006960557 0.5393356643356644 0.48607888631090485 0.5428321678321678 0.47447795823665895 0.5358391608391608 0.46751740139211134 0.5253496503496503 0.46751740139211134 0.5148601398601399 0.47215777262180975 0.5043706293706294 0.47215777262180975 0.4991258741258741 0.46751740139211134 0.49038461538461536 0.46751740139211134 0.49038461538461536 0.4767981438515081
6 0.5708041958041958 0.5672853828306265 0.6022727272727273 0.5696055684454756 0.6005244755244755 0.5556844547563805 0.5690559440559441 0.5533642691415314 0.5708041958041958 0.5672853828306265
6 0.4833916083916084 0.6508120649651972 0.48164335664335667 0.6670533642691415 0.5253496503496503 0.6670533642691415 0.5270979020979021 0.6577726218097448 0.4833916083916084 0.6508120649651972
6 0.4833916083916084 0.6345707656612529 0.4344405594405594 0.6322505800464037 0.44842657342657344 0.6577726218097448 0.4798951048951049 0.6577726218097448 0.4833916083916084 0.6415313225058005 0.4833916083916084 0.6345707656612529
6 0.4938811188811189 0.6693735498839907 0.4798951048951049 0.6716937354988399 0.5428321678321678 0.6995359628770301 0.5463286713286714 0.685614849187935 0.4938811188811189 0.6693735498839907
6 0.5340909090909091 0.7134570765661253 0.5323426573426573 0.7273781902552204 0.5708041958041958 0.7296983758700696 0.5725524475524476 0.7204176334106729 0.5340909090909091 0.7134570765661253
6 0.5305944055944056 0.7923433874709976 0.5288461538461539 0.8062645011600929 0.541083916083916 0.8109048723897911 0.5428321678321678 0.7993039443155452 0.5305944055944056 0.7923433874709976
6 0.5480769230769231 0.6763341067285383 0.5463286713286714 0.685614849187935 0.590034965034965 0.6809744779582366 0.590034965034965 0.6716937354988399 0.5480769230769231 0.6763341067285383
6 0.541083916083916 0.8364269141531323 0.5428321678321678 0.8480278422273781 0.6040209790209791 0.8596287703016241 0.6022727272727273 0.8480278422273781 0.541083916083916 0.8364269141531323
3 0.4117132867132867 0.3051044083526682 0.40472027972027974 0.3190255220417633 0.3942307692307692 0.32830626450116007 0.381993006993007 0.339907192575406 0.3732517482517482 0.34454756380510443 0.36276223776223776 0.351508120649652 0.3505244755244755 0.36310904872389793 0.3487762237762238 0.3491879350348028 0.34702797202797203 0.3375870069605568 0.34353146853146854 0.3306264501160093 0.333041958041958 0.3213457076566125 0.3208041958041958 0.3213457076566125 0.3138111888111888 0.3306264501160093 0.3103146853146853 0.3491879350348028 0.3155594405594406 0.3700696055684455 0.3208041958041958 0.3909512761020882 0.32604895104895104 0.41647331786542924 0.32954545454545453 0.4396751740139211 0.34003496503496505 0.44895591647331784 0.36276223776223776 0.44895591647331784 0.3924825174825175 0.4582366589327146 0.416958041958042 0.46751740139211134 0.4379370629370629 0.47447795823665895 0.4571678321678322 0.4837587006960557 0.4763986013986014 0.49303944315545245 0.49038461538461536 0.5023201856148491 0.5043706293706294 0.5069605568445475 0.5078671328671329 0.4976798143851508 0.5166083916083916 0.47447795823665895 0.5253496503496503 0.4466357308584687 0.5218531468531469 0.43735498839907194 0.5148601398601399 0.41415313225058004 0.5043706293706294 0.3863109048723898 0.5043706293706294 0.35846867749419953 0.5008741258741258 0.3352668213457077 0.4973776223776224 0.314385150812065 0.4117132867132867 0.3051044083526682
0 0.5218531468531469 0.537122969837587 0.5305944055944056 0.548723897911833 0.541083916083916 0.5649651972157773 0.5445804195804196 0.5812064965197216 0.5445804195804196 0.5974477958236659 0.5393356643356644 0.6090487238979119 0.5305944055944056 0.622969837587007 0.5236013986013986 0.6322505800464037 0.5096153846153846 0.6368909512761021 0.4956293706293706 0.6345707656612529 0.4833916083916084 0.6345707656612529 0.46940559440559443 0.6322505800464037 0.4571678321678322 0.6322505800464037 0.4396853146853147 0.6299303944315545 0.4379370629370629 0.6392111368909513 0.4431818181818182 0.6554524361948956 0.4396853146853147 0.6647331786542924 0.44493006993006995 0.6763341067285383 0.4781468531468531 0.6716937354988399 0.5026223776223776 0.6716937354988399 0.5166083916083916 0.6716937354988399 0.5375874125874126 0.6670533642691415 0.5550699300699301 0.6693735498839907 0.5743006993006993 0.6670533642691415 0.5917832167832168 0.6647331786542924 0.6162587412587412 0.660092807424594 0.6337412587412588 0.648491879350348 0.6424825174825175 0.6392111368909513 0.6512237762237763 0.6206496519721578 0.6494755244755245 0.5951276102088167 0.631993006993007 0.5603248259860789 0.6267482517482518 0.5394431554524362 0.6215034965034965 0.5139211136890951 0.6162587412587412 0.49071925754060325 0.6040209790209791 0.44895591647331784 0.597027972027972 0.4211136890951276 0.5882867132867133 0.4025522041763341 0.5777972027972028 0.388631090487239 0.5638111888111889 0.37935034802784223 0.5620629370629371 0.39559164733178653 0.5603146853146853 0.4234338747099768 0.5638111888111889 0.43735498839907194 0.5690559440559441 0.4651972157772622 0.5638111888111889 0.4767981438515081 0.5533216783216783 0.46983758700696054 0.541083916083916 0.45591647331786544 0.5218531468531469 0.43735498839907194 0.5148601398601399 0.47215777262180975 0.5061188811188811 0.49071925754060325 0.5026223776223776 0.5092807424593968 0.5218531468531469 0.537122969837587
3 0.45367132867132864 0.6693735498839907 0.4554195804195804 0.6809744779582366 0.4589160839160839 0.6925754060324826 0.47115384615384615 0.7366589327146171 0.4798951048951049 0.7668213457076566 0.48863636363636365 0.7900232018561485 0.4973776223776224 0.8225058004640371 0.5061188811188811 0.8480278422273781 0.5113636363636364 0.8689095127610209 0.5183566433566433 0.882830626450116 0.5236013986013986 0.8990719257540604 0.5288461538461539 0.9013921113689095 0.5393356643356644 0.9037122969837587 0.5550699300699301 0.9106728538283063 0.5743006993006993 0.9222737819025522 0.5882867132867133 0.931554524361949 0.6005244755244755 0.9385150812064965 0.611013986013986 0.9408352668213457 0.6215034965034965 0.931554524361949 0.6302447552447552 0.9129930394431555 0.6267482517482518 0.8874709976798144 0.625 0.8549883990719258 0.6232517482517482 0.8364269141531323 0.6145104895104895 0.808584686774942 0.611013986013986 0.7807424593967517 0.6092657342657343 0.7621809744779582 0.6057692307692307 0.734338747099768 0.5987762237762237 0.7041763341067285 0.5952797202797203 0.6693735498839907 0.45367132867132864 0.6693735498839907
0 0.42395104895104896 0.6299303944315545 0.40996503496503495 0.6368909512761021 0.42045454545454547 0.6577726218097448 0.42744755244755245 0.685614849187935 0.4361888111888112 0.7134570765661253 0.4781468531468531 0.8364269141531323 0.49038461538461536 0.8735498839907193 0.5061188811188811 0.9013921113689095 0.5218531468531469 0.8990719257540604 0.5148601398601399 0.8735498839907193 0.5026223776223776 0.8387470997679815 0.48863636363636365 0.7946635730858469 0.46940559440559443 0.7366589327146171 0.4624125874125874 0.7134570765661253 0.4606643356643357 0.6995359628770301 0.4554195804195804 0.6740139211136891 0.45017482517482516 0.660092807424594 0.4431818181818182 0.6392111368909513 0.42395104895104896 0.6299303944315545
0 0.5796911416083915 0 0.5725524475524476 0.024361948955916472 0.5673076923076923 0.06612529002320186 0.5603146853146853 0.12412993039443156 0.5568181818181818 0.18213457076566125 0.5498251748251748 0.21693735498839908 0.5480769230769231 0.25638051044083526 0.5480769230769231 0.3051044083526682 0.5480769230769231 0.3654292343387471 0.5515734265734266 0.41647331786542924 0.5620629370629371 0.41647331786542924 0.5638111888111889 0.39327146171693733 0.5690559440559441 0.38167053364269143 0.5638111888111889 0.22389791183294663 0.5690559440559441 0.20765661252900233 0.5690559440559441 0.18213457076566125 0.5743006993006993 0.14733178654292342 0.5777972027972028 0.08932714617169374 0.583041958041958 0.04060324825986079 0.5910231066433567 0 0.5796911416083915 0