0 0.29947460595446584 0.6768149882903981 0.29597197898423816 0.550351288056206 0.27495621716287216 0.6252927400468384 0.276707530647986 0.7002341920374707 0.27845884413309985 0.8243559718969555 0.27845884413309985 0.9250585480093677 0.28546409807355516 0.990632318501171 0.28896672504378285 0.9601873536299765 0.30998248686514884 0.9180327868852459 0.30472854640980734 0.8454332552693209 0.29947460595446584 0.6768149882903981
4 0.8283712784588442 0.6065573770491803 0.819614711033275 0.6088992974238876 0.8073555166374781 0.6252927400468384 0.7968476357267951 0.6346604215456675 0.7863397548161121 0.639344262295082 0.7775831873905429 0.6487119437939111 0.7950963222416813 0.6533957845433255 0.7945125516637478 0.6541764238875878 0.8003502626970228 0.6510538641686182 0.8161120840630472 0.639344262295082 0.8283712784588442 0.6206088992974239 0.8283712784588442 0.6065573770491803
4 0.8493870402802102 0.42857142857142855 0.8476357267950964 0.4028103044496487 0.8441330998248686 0.3770491803278688 0.8388791593695272 0.34894613583138173 0.8318739054290718 0.32786885245901637 0.8283712784588442 0.32786885245901637 0.830122591943958 0.34894613583138173 0.8336252189141856 0.3793911007025761 0.8388791593695272 0.40749414519906324 0.8458844133099825 0.43559718969555034 0.8493870402802102 0.42857142857142855
4 0.7215411558669002 0.08899297423887588 0.7355516637478109 0.08430913348946135 0.7425569176882661 0.07962529274004684 0.7390542907180385 0.06791569086651054 0.7338003502626971 0.04918032786885246 0.723292469352014 0.05152224824355972 0.7162872154115587 0.04449648711943794 0.6987740805604203 0.01405152224824356 0.691768826619965 0.01873536299765808 0.7040280210157618 0.03747072599531616 0.7145359019264448 0.0585480093676815 0.7267950963222417 0.08430913348946135 0.7215411558669002 0.08899297423887588
6 0.7985989492119089 0.27400468384074944 0.8038528896672504 0.27634660421545665 0.8073555166374781 0.2693208430913349 0.809106830122592 0.26229508196721313 0.8056042031523643 0.25995316159250587 0.8038528896672504 0.2576112412177986 0.8038528896672504 0.2505854800936768 0.8021015761821366 0.2459016393442623 0.8021015761821366 0.24121779859484777 0.8003502626970228 0.2388758782201405 0.7950963222416813 0.2388758782201405 0.7915936952714536 0.24121779859484777 0.7933450087565674 0.26697892271662765 0.7985989492119089 0.27400468384074944
0 0.5493870402802101 1 0.5499124343257443 0.9929742388758782 0.542907180385289 0.9789227166276346 0.5253940455341506 0.9648711943793911 0.5043782837127846 0.9531615925058547 0.47810858143607704 0.9414519906323185 0.44833625218914186 0.9320843091334895 0.4238178633975482 0.9086651053864169 0.44658493870402804 1 0.5493870402802101 1
3 0.574430823117338 0.4262295081967213 0.5726795096322241 0.405152224824356 0.5674255691768827 0.3840749414519906 0.5656742556917689 0.36768149882903983 0.5569176882661997 0.3559718969555035 0.5464098073555166 0.34192037470725994 0.5376532399299475 0.34192037470725994 0.5341506129597198 0.3629976580796253 0.5288966725043783 0.3911007025761124 0.5271453590192644 0.4028103044496487 0.5253940455341506 0.4332552693208431 0.5341506129597198 0.45901639344262296 0.5551663747810858 0.4496487119437939 0.5726795096322241 0.43559718969555034 0.574430823117338 0.4262295081967213
6 0.5359019264448336 0.1053864168618267 0.5359019264448336 0.10070257611241218 0.5306479859894921 0.10070257611241218 0.532399299474606 0.10772833723653395 0.5359019264448336 0.1053864168618267
6 0.5411558669001751 0.1451990632318501 0.5411558669001751 0.14988290398126464 0.5446584938704028 0.1522248243559719 0.5464098073555166 0.14754098360655737 0.542907180385289 0.14285714285714285 0.5411558669001751 0.1451990632318501
1 0.8371278458844134 0.639344262295082 0.8476357267950964 0.6182669789227166 0.851138353765324 0.594847775175644 0.8336252189141856 0.6088992974238876 0.8231173380035026 0.629976580796253 0.8038528896672504 0.6463700234192038 0.8021015761821366 0.6604215456674473 0.8056042031523643 0.65807962529274 0.819614711033275 0.6487119437939111 0.8371278458844134 0.639344262295082
3 0.5481611208406305 0.6229508196721312 0.5569176882661997 0.5901639344262295 0.5691768826619965 0.5597189695550351 0.5796847635726795 0.5386416861826698 0.5604203152364273 0.5245901639344263 0.5464098073555166 0.5456674473067916 0.5306479859894921 0.5784543325526932 0.5166374781085814 0.6042154566744731 0.5026269702276708 0.639344262295082 0.4921190893169877 0.6721311475409836 0.5201401050788091 0.6744730679156908 0.532399299474606 0.6533957845433255 0.5481611208406305 0.6229508196721312
3 0.6007005253940455 0.8641686182669789 0.5884413309982487 0.8594847775175644 0.5814360770577933 0.8384074941451991 0.5761821366024519 0.8079625292740047 0.5866900175131349 0.7704918032786885 0.5814360770577933 0.765807962529274 0.5691768826619965 0.7704918032786885 0.5551663747810858 0.7915690866510539 0.5411558669001751 0.8009367681498829 0.5201401050788091 0.8056206088992974 0.4973730297723292 0.8056206088992974 0.4763572679509632 0.8126463700234192 0.4658493870402802 0.8290398126463701 0.46409807355516636 0.8548009367681498 0.46935201401050786 0.8805620608899297 0.4921190893169877 0.9039812646370023 0.521891418563923 0.9063231850117096 0.5604203152364273 0.9063231850117096 0.5849387040280211 0.9016393442622951 0.6164623467600701 0.8992974238875878 0.660245183887916 0.8899297423887588 0.6882661996497373 0.8548009367681498 0.6007005253940455 0.8641686182669789
3 0.6059544658493871 0.7236533957845434 0.6007005253940455 0.7166276346604216 0.5884413309982487 0.7002341920374707 0.574430823117338 0.6932084309133489 0.5586690017513135 0.6955503512880562 0.5481611208406305 0.7049180327868853 0.5446584938704028 0.7189695550351288 0.5446584938704028 0.7353629976580797 0.5569176882661997 0.7494145199063232 0.5709281961471103 0.7587822014051522 0.5901926444833625 0.7494145199063232 0.6077057793345009 0.7283372365339579 0.6059544658493871 0.7236533957845434
8 0.5761821366024519 0.40749414519906324 0.574430823117338 0.3957845433255269 0.5796847635726795 0.3911007025761124 0.5884413309982487 0.38875878220140514 0.5814360770577933 0.3864168618266979 0.5709281961471103 0.3864168618266979 0.5691768826619965 0.3793911007025761 0.5779334500875657 0.3747072599531616 0.5849387040280211 0.37236533957845436 0.5884413309982487 0.36533957845433257 0.5796847635726795 0.3700234192037471 0.5691768826619965 0.37236533957845436 0.5656742556917689 0.36065573770491804 0.5656742556917689 0.3864168618266979 0.5691768826619965 0.40046838407494145 0.5709281961471103 0.41217798594847777 0.5761821366024519 0.41920374707259955 0.5814360770577933 0.41451990632318503 0.5761821366024519 0.40749414519906324
6 0.7723292469352014 0.32786885245901637 0.7810858143607706 0.32786885245901637 0.7810858143607706 0.3185011709601874 0.7758318739054291 0.3161592505854801 0.7740805604203153 0.3231850117096019 0.7723292469352014 0.32786885245901637
6 0.7880910683012259 0.2459016393442623 0.7915936952714536 0.23653395784543327 0.8003502626970228 0.22716627634660422 0.7968476357267951 0.22014051522248243 0.7915936952714536 0.2154566744730679 0.7880910683012259 0.20843091334894615 0.7845884413309983 0.2154566744730679 0.7898423817863398 0.22716627634660422 0.7880910683012259 0.23653395784543327 0.7845884413309983 0.23653395784543327 0.7828371278458844 0.24355971896955503 0.7880910683012259 0.2459016393442623
6 0.5481611208406305 0.5644028103044496 0.553415061295972 0.5690866510538641 0.5569176882661997 0.5667447306791569 0.5621716287215411 0.5573770491803278 0.5656742556917689 0.5690866510538641 0.5691768826619965 0.5597189695550351 0.5674255691768827 0.550351288056206 0.5656742556917689 0.5386416861826698 0.563922942206655 0.5339578454332553 0.5604203152364273 0.5269320843091335 0.5621716287215411 0.522248243559719 0.5674255691768827 0.5175644028103045 0.574430823117338 0.5199063231850117 0.5796847635726795 0.5152224824355972 0.5796847635726795 0.5058548009367682 0.5779334500875657 0.4964871194379391 0.5726795096322241 0.49414519906323184 0.5761821366024519 0.4918032786885246 0.5796847635726795 0.4894613583138173 0.5779334500875657 0.4847775175644028 0.574430823117338 0.4847775175644028 0.5709281961471103 0.4918032786885246 0.5674255691768827 0.49882903981264637 0.5604203152364273 0.5105386416861827 0.5569176882661997 0.5245901639344263 0.553415061295972 0.5339578454332553 0.5394045534150613 0.5644028103044496 0.5376532399299475 0.5714285714285714 0.542907180385289 0.5667447306791569 0.5481611208406305 0.5644028103044496
6 0.532399299474606 0.5714285714285714 0.5464098073555166 0.5409836065573771 0.5464098073555166 0.5339578454332553 0.5464098073555166 0.5269320843091335 0.5464098073555166 0.5175644028103045 0.5516637478108581 0.5128805620608899 0.553415061295972 0.49882903981264637 0.5499124343257443 0.4964871194379391 0.5464098073555166 0.49882903981264637 0.542907180385289 0.5058548009367682 0.5394045534150613 0.5128805620608899 0.5376532399299475 0.522248243559719 0.5376532399299475 0.5339578454332553 0.5394045534150613 0.5433255269320844 0.5359019264448336 0.550351288056206 0.5306479859894921 0.5573770491803278 0.5253940455341506 0.5644028103044496 0.5271453590192644 0.5714285714285714 0.532399299474606 0.5714285714285714
6 0.5271453590192644 0.6276346604215457 0.532399299474606 0.6252927400468384 0.5376532399299475 0.6206088992974239 0.5394045534150613 0.6112412177985949 0.5376532399299475 0.6065573770491803 0.532399299474606 0.6088992974238876 0.5306479859894921 0.6112412177985949 0.5253940455341506 0.6088992974238876 0.521891418563923 0.6159250585480094 0.521891418563923 0.6276346604215457 0.5271453590192644 0.6276346604215457
6 0.5761821366024519 0.7306791569086651 0.5779334500875657 0.7213114754098361 0.5761821366024519 0.7166276346604216 0.5709281961471103 0.7142857142857143 0.5674255691768827 0.7189695550351288 0.5691768826619965 0.7259953161592506 0.5761821366024519 0.7306791569086651
6 0.46760070052539404 0.08899297423887588 0.46760070052539404 0.08430913348946135 0.4658493870402802 0.08196721311475409 0.46409807355516636 0.08196721311475409 0.46234676007005254 0.08430913348946135 0.46409807355516636 0.08899297423887588 0.46760070052539404 0.08899297423887588
6 0.4851138353765324 0.11007025761124122 0.4816112084063047 0.11241217798594848 0.4816112084063047 0.1169008594847775 0.48336252189141854 0.11943793911007025 0.4886164623467601 0.117096018735363 0.4868651488616462 0.11007025761124122 0.4851138353765324 0.11007025761124122
6 0.4816112084063047 0.2107728337236534 0.4816112084063047 0.21779859484777517 0.4825578651488617 0.22539401170960188 0.4921190893169877 0.22014051522248243 0.4938704028021016 0.20608899297423888 0.4903677758318739 0.1990632318501171 0.48336252189141854 0.20374707259953162 0.4816112084063047 0.2107728337236534
6 0.5201401050788091 0.4309133489461358 0.521891418563923 0.4098360655737705 0.5131348511383538 0.4098360655737705 0.51138353765324 0.41217798594847777 0.5096322241681261 0.41920374707259955 0.51138353765324 0.42857142857142855 0.5201401050788091 0.4309133489461358
5 0.7057793345008757 0.14988290398126464 0.6690017513134852 0.02810304449648712 0.637478108581436 0.0351288056206089 0.670753064798599 0.15456674473067916 0.7057793345008757 0.14988290398126464
0 0.5166374781085814 0.5878220140515222 0.4956217162872154 0.6323185011709602 0.4851138353765324 0.6744730679156908 0.47285464098073554 0.7259953161592506 0.4938704028021016 0.6791569086651054 0.5166374781085814 0.6276346604215457 0.5359019264448336 0.585480093676815 0.5481611208406305 0.5550351288056206 0.5586690017513135 0.5386416861826698 0.563922942206655 0.5152224824355972 0.5569176882661997 0.5058548009367682 0.5411558669001751 0.5433255269320844 0.5166374781085814 0.5878220140515222
0 0.5656742556917689 0.40046838407494145 0.5691768826619965 0.4262295081967213 0.5779334500875657 0.4566744730679157 0.5831873905429071 0.4379391100702576 0.5796847635726795 0.4028103044496487 0.5691768826619965 0.34894613583138173 0.5604203152364273 0.33489461358313816 0.5604203152364273 0.36533957845433257 0.5656742556917689 0.40046838407494145