3 0.478643216080402 0.4397993311036789 0.4610552763819096 0.46153846153846156 0.46733668341708545 0.4866220735785953 0.4849246231155779 0.4882943143812709 0.49874371859296485 0.4816053511705686 0.5 0.46153846153846156
4 0.2600502512562814 0.35451505016722407 0.2638190954773869 0.3712374581939799 0.28015075376884424 0.3595317725752508
4 0.3128140703517588 0.3394648829431438 0.3241206030150754 0.34615384615384615 0.3341708542713568 0.3377926421404682 0.32160804020100503 0.3294314381270903
4 0.3492462311557789 0.3612040133779264 0.35804020100502515 0.3695652173913043 0.36055276381909546 0.35785953177257523
4 0.36683417085427134 0.3762541806020067 0.36683417085427134 0.3862876254180602 0.3756281407035176 0.38294314381270905
4 0.33542713567839194 0.41471571906354515 0.32537688442211055 0.4197324414715719 0.33668341708542715 0.4280936454849498
4 0.4221105527638191 0.3762541806020067 0.42462311557788945 0.391304347826087 0.4434673366834171 0.3963210702341137 0.43844221105527637 0.3779264214046823
4 0.20854271356783918 0.27591973244147155 0.22487437185929648 0.29264214046822745 0.23115577889447236 0.28595317725752506
4 0.2989949748743719 0.29431438127090304 0.30904522613065327 0.31270903010033446 0.3341708542713568 0.3010033444816054
8 0.3454773869346734 0.3010033444816054 0.34045226130653267 0.3177257525083612 0.36180904522613067 0.3394648829431438 0.39949748743718594 0.35618729096989965 0.43844221105527637 0.362876254180602 0.47361809045226133 0.36454849498327757 0.5025125628140703 0.3729096989966555 0.550251256281407 0.3896321070234114 0.5904522613065326 0.4013377926421405 0.6243718592964824 0.40468227424749165 0.6683417085427136 0.4214046822742475 0.6884422110552764 0.4197324414715719 0.714824120603015 0.4080267558528428 0.7185929648241206 0.4013377926421405
3 0.36683417085427134 0.3093645484949833 0.3869346733668342 0.34782608695652173 0.4082914572864322 0.34615384615384615 0.4510050251256281 0.3528428093645485 0.45603015075376885 0.342809364548495 0.4610552763819096 0.33444816053511706
3 0.5238693467336684 0.3511705685618729 0.5489949748743719 0.38127090301003347 0.5942211055276382 0.3896321070234114 0.6017587939698492 0.3896321070234114 0.6256281407035176 0.3795986622073579
6 0.035175879396984924 0.3110367892976589 0.06532663316582915 0.3093645484949833 0.06532663316582915 0.28762541806020064 0.04396984924623116 0.2826086956521739 0.031407035175879394 0.2909698996655518
3 0.00628140703517588 0.33612040133779264 0.04773869346733668 0.3277591973244147 0.07663316582914573 0.31438127090301005 0.10175879396984924 0.2976588628762542 0.11683417085427136 0.27424749163879597 0.08793969849246232 0.26421404682274247 0.04773869346733668 0.2709030100334448 0.02386934673366834 0.27759197324414714 0.002512562814070352 0.28762541806020064
4 0.06030150753768844 0.3979933110367893 0.06030150753768844 0.41304347826086957 0.0728643216080402 0.4180602006688963 0.07537688442211055 0.4013377926421405
4 0.001256281407035176 0.39297658862876256 0.016331658291457288 0.40301003344481606 0.011306532663316583 0.4197324414715719 0.001256281407035176 0.42474916387959866
4 0.01256281407035176 0.4431438127090301 0.016331658291457288 0.43478260869565216 0.02135678391959799 0.4498327759197324
4 0.05150753768844221 0.46488294314381273 0.05527638190954774 0.4816053511705686 0.06407035175879397 0.47324414715719065
4 0.09798994974874371 0.3779264214046823 0.10427135678391959 0.391304347826087 0.10804020100502512 0.3795986622073579
4 0.12311557788944724 0.3511705685618729 0.11809045226130653 0.36789297658862874 0.12814070351758794 0.3745819397993311 0.1306532663316583 0.3612040133779264
8 0.05150753768844221 0.2709030100334448 0.07035175879396985 0.27424749163879597 0.05778894472361809 0.2591973244147157 0.07412060301507538 0.25752508361204013
8 0.013819095477386936 0.27591973244147155 0.0414572864321608 0.2725752508361204 0.03391959798994975 0.25585284280936454 0.01507537688442211 0.2525083612040134 0.00628140703517588 0.2608695652173913
4 0.15829145728643215 0.2625418060200669 0.1721105527638191 0.2809364548494983 0.18216080402010051 0.2692307692307692
4 0.42336683417085424 0.5217391304347826 0.40954773869346733 0.5451505016722408 0.4271356783919598 0.5551839464882943 0.43090452261306533 0.5367892976588629
4 0.4861809045226131 0.568561872909699 0.4723618090452261 0.5752508361204013 0.4610552763819096 0.5886287625418061 0.478643216080402 0.6070234113712375
4 0.4937185929648241 0.5016722408026756 0.5025125628140703 0.5367892976588629 0.5238693467336684 0.5535117056856187 0.5263819095477387 0.5234113712374582
6 0.8040201005025126 0.431438127090301 0.8203517587939698 0.45652173913043476 0.8467336683417085 0.44648829431438125
3 0.8027638190954773 0.4297658862876254 0.8203517587939698 0.46488294314381273 0.8605527638190955 0.4698996655518395 0.8957286432160804 0.46488294314381273
4 0.6871859296482412 0.49665551839464883 0.6695979899497487 0.49665551839464883 0.6469849246231156 0.5100334448160535 0.6557788944723618 0.5301003344481605 0.6708542713567839 0.5317725752508361 0.6884422110552764 0.5351170568561873 0.6947236180904522 0.5234113712374582
2 0.907035175879397 0.4816053511705686 0.9422110552763819 0.5066889632107023 0.9673366834170855 0.5284280936454849 0.9912060301507538 0.5501672240802675 1 0.5585284280936454 0.9987437185929648 1 0.8291457286432161 0.9983277591973244 0.8492462311557789 0.9498327759197325 0.871859296482412 0.8779264214046822 0.8894472361809045 0.8076923076923077 0.9007537688442211 0.7474916387959866 0.9120603015075377 0.6923076923076923 0.9195979899497487 0.6354515050167224 0.9208542713567839 0.5919732441471572 0.9195979899497487 0.5518394648829431 0.914572864321608 0.5133779264214047