3 0.5748502994011976 0.5080213903743316 0.590818363273453 0.4839572192513369 0.6147704590818364 0.45454545454545453 0.6427145708582834 0.42513368983957217 0.6806387225548902 0.393048128342246 0.7025948103792415 0.3770053475935829 0.716566866267465 0.3689839572192513 0.7105788423153693 0.4197860962566845 0.7105788423153693 0.46524064171123 0.7105788423153693 0.5133689839572193 0.7105788423153693 0.5561497326203209 0.7125748502994012 0.5989304812834224 0.7025948103792415 0.6042780748663101 0.7025948103792415 0.5855614973262032 0.7025948103792415 0.5561497326203209 0.7025948103792415 0.5267379679144385 0.6966067864271457 0.4919786096256685 0.6826347305389222 0.4786096256684492 0.6666666666666666 0.48128342245989303 0.6487025948103793 0.5026737967914439 0.626746506986028 0.5320855614973262 0.6187624750499002 0.5561497326203209 0.5948103792415169 0.5481283422459893 0.562874251497006 0.5347593582887701
4 0.23353293413173654 0.5855614973262032 0.23552894211576847 0.5962566844919787 0.23353293413173654 0.606951871657754 0.23552894211576847 0.6149732620320856 0.23552894211576847 0.6256684491978609 0.2375249500998004 0.6336898395721925 0.24151696606786427 0.6229946524064172 0.24550898203592814 0.6122994652406417 0.249500998003992 0.6042780748663101 0.25149700598802394 0.5962566844919787 0.25748502994011974 0.5855614973262032 0.2634730538922156 0.5748663101604278 0.26746506986027946 0.5668449197860963 0.26746506986027946 0.5561497326203209 0.26147704590818366 0.5508021390374331 0.249500998003992 0.5614973262032086 0.24151696606786427 0.5748663101604278
8 0.23552894211576847 0.44919786096256686 0.2315369261477046 0.44385026737967914 0.22554890219560877 0.44385026737967914 0.2215568862275449 0.44919786096256686 0.2215568862275449 0.45454545454545453 0.2275449101796407 0.45989304812834225 0.23353293413173654 0.4625668449197861 0.23952095808383234 0.4625668449197861 0.24550898203592814 0.46524064171123 0.249500998003992 0.46524064171123 0.25149700598802394 0.4625668449197861 0.249500998003992 0.45989304812834225 0.2435129740518962 0.45454545454545453 0.23952095808383234 0.45187165775401067
8 0.21357285429141717 0.4411764705882353 0.21756487025948104 0.4385026737967914 0.21756487025948104 0.43315508021390375 0.21357285429141717 0.4304812834224599 0.20958083832335328 0.43315508021390375 0.20758483033932135 0.43315508021390375 0.20758483033932135 0.4385026737967914 0.20758483033932135 0.4411764705882353 0.20958083832335328 0.4411764705882353
8 0.21956087824351297 0.47058823529411764 0.21357285429141717 0.46524064171123 0.20758483033932135 0.4572192513368984 0.20359281437125748 0.45187165775401067 0.1996007984031936 0.44385026737967914 0.1936127744510978 0.446524064171123 0.19560878243512975 0.45187165775401067 0.1996007984031936 0.45989304812834225 0.20359281437125748 0.46524064171123 0.20958083832335328 0.47058823529411764 0.21956087824351297 0.47593582887700536
8 0.19560878243512975 0.46524064171123 0.19560878243512975 0.4625668449197861 0.19161676646706588 0.4572192513368984 0.18962075848303392 0.45989304812834225 0.18962075848303392 0.46524064171123
8 0.25349301397205587 0.5080213903743316 0.24750499001996007 0.5026737967914439 0.2435129740518962 0.5 0.24151696606786427 0.49732620320855614 0.2375249500998004 0.4919786096256685 0.23353293413173654 0.4946524064171123 0.23353293413173654 0.5 0.23952095808383234 0.5053475935828877 0.24750499001996007 0.5133689839572193 0.25349301397205587 0.516042780748663 0.25748502994011974 0.5187165775401069 0.26147704590818366 0.516042780748663 0.26147704590818366 0.5106951871657754 0.25748502994011974 0.5080213903743316
4 0.22355289421157684 0.7192513368983957 0.22355289421157684 0.7085561497326203 0.22355289421157684 0.7032085561497327 0.21956087824351297 0.7005347593582888 0.21756487025948104 0.6951871657754011 0.21157684630738524 0.6951871657754011 0.21157684630738524 0.7032085561497327 0.21157684630738524 0.7058823529411765 0.21157684630738524 0.713903743315508 0.21756487025948104 0.7192513368983957
5 0.20958083832335328 0.6096256684491979 0.22355289421157684 0.5935828877005348 0.23353293413173654 0.5802139037433155 0.24151696606786427 0.56951871657754 0.249500998003992 0.5614973262032086 0.2554890219560878 0.553475935828877 0.25748502994011974 0.5401069518716578 0.2435129740518962 0.5347593582887701 0.23552894211576847 0.5240641711229946 0.22954091816367264 0.516042780748663 0.2155688622754491 0.5106951871657754 0.20159680638722555 0.5053475935828877 0.17964071856287425 0.4946524064171123 0.1656686626746507 0.4893048128342246 0.1437125748502994 0.4839572192513369 0.12974051896207583 0.4786096256684492 0.11976047904191617 0.4732620320855615 0.10978043912175649 0.47593582887700536 0.10778443113772455 0.48663101604278075 0.10778443113772455 0.49732620320855614 0.10778443113772455 0.5106951871657754 0.10978043912175649 0.5267379679144385 0.11177644710578842 0.5454545454545454 0.11377245508982035 0.5561497326203209 0.1217564870259481 0.5721925133689839 0.1317365269461078 0.5802139037433155 0.14570858283433133 0.5909090909090909 0.1596806387225549 0.5935828877005348 0.17764471057884232 0.6016042780748663 0.19161676646706588 0.6042780748663101
5 0.09381237524950099 0.6310160427807486 0.09381237524950099 0.6470588235294118 0.10978043912175649 0.6577540106951871 0.12574850299401197 0.6684491978609626 0.14570858283433133 0.679144385026738 0.16766467065868262 0.6898395721925134 0.19161676646706588 0.6978609625668449 0.19161676646706588 0.6818181818181818 0.17165668662674652 0.6737967914438503 0.1497005988023952 0.6631016042780749 0.1277445109780439 0.6497326203208557 0.10578842315369262 0.6390374331550802
3 0.1596806387225549 0.4385026737967914 0.16966067864271456 0.42513368983957217 0.17764471057884232 0.4144385026737968 0.17964071856287425 0.40106951871657753 0.17964071856287425 0.3877005347593583 0.16966067864271456 0.38235294117647056 0.1596806387225549 0.393048128342246 0.14770459081836326 0.4037433155080214 0.14171656686626746 0.4144385026737968 0.1377245508982036 0.4304812834224599 0.14570858283433133 0.4385026737967914
3 0.2994011976047904 0.553475935828877 0.3213572854291417 0.5240641711229946 0.3333333333333333 0.5080213903743316 0.3393213572854291 0.4919786096256685 0.3413173652694611 0.46524064171123 0.3313373253493014 0.4411764705882353 0.31736526946107785 0.43315508021390375 0.2934131736526946 0.43315508021390375 0.2754491017964072 0.42513368983957217 0.23353293413173654 0.42245989304812837 0.20958083832335328 0.4358288770053476 0.19161676646706588 0.446524064171123 0.17564870259481039 0.4732620320855615 0.19760479041916168 0.48128342245989303 0.21756487025948104 0.4946524064171123 0.23353293413173654 0.5106951871657754 0.2435129740518962 0.5267379679144385 0.25748502994011974 0.5374331550802139 0.27944111776447106 0.5427807486631016
5 0.35129740518962077 0.7540106951871658 0.3712574850299401 0.7540106951871658 0.38922155688622756 0.7540106951871658 0.405189620758483 0.7540106951871658 0.42714570858283435 0.7513368983957219 0.4431137724550898 0.7486631016042781 0.4590818363273453 0.7459893048128342 0.4750499001996008 0.7433155080213903 0.46706586826347307 0.7647058823529411 0.4530938123752495 0.7834224598930482 0.43313373253493015 0.8048128342245989 0.405189620758483 0.8155080213903744 0.38323353293413176 0.8181818181818182 0.3592814371257485 0.820855614973262 0.3333333333333333 0.820855614973262 0.3153692614770459 0.820855614973262 0.2874251497005988 0.8181818181818182 0.27345309381237526 0.8181818181818182 0.2774451097804391 0.8021390374331551 0.29141716566866266 0.7834224598930482 0.30538922155688625 0.767379679144385 0.3153692614770459 0.7540106951871658 0.3273453093812375 0.7540106951871658
0 0.564870259481038 0.5614973262032086 0.6187624750499002 0.5668449197860963 0.6147704590818364 0.5508021390374331 0.562874251497006 0.5294117647058824
5 0.03992015968063872 0.6122994652406417 0.08982035928143713 0.6470588235294118 0.1656686626746507 0.6925133689839572 0.2155688622754491 0.7192513368983957 0.2934131736526946 0.7406417112299465 0.28542914171656686 0.7620320855614974 0.27345309381237526 0.7754010695187166 0.25948103792415167 0.786096256684492 0.2435129740518962 0.7994652406417112 0.22355289421157684 0.8021390374331551 0.18163672654690619 0.7914438502673797 0.13572854291417166 0.767379679144385 0.10179640718562874 0.7406417112299465 0.07984031936127745 0.713903743315508 0.06786427145708583 0.6898395721925134 0.05588822355289421 0.6711229946524064 0.0499001996007984 0.6417112299465241
0 0.716566866267465 0.31283422459893045 0.7285429141716567 0.3449197860962567 0.7265469061876247 0.37967914438502676 0.716566866267465 0.5935828877005348 0.7085828343313373 0.5909090909090909 0.7065868263473054 0.4037433155080214 0.7125748502994012 0.35294117647058826 0.6966067864271457 0.2994652406417112
0 0.6427145708582834 0.3342245989304813 0.5748502994011976 0.3770053475935829 0.4251497005988024 0.4786096256684492 0.3992015968063872 0.4946524064171123 0.35728542914171657 0.5133689839572193 0.3193612774451098 0.5427807486631016 0.3013972055888224 0.5427807486631016 0.2754491017964072 0.5320855614973262 0.249500998003992 0.5267379679144385 0.23552894211576847 0.5026737967914439 0.21357285429141717 0.48663101604278075 0.17564870259481039 0.4625668449197861 0.14570858283433133 0.45187165775401067 0.12375249500998003 0.446524064171123 0.10578842315369262 0.44385026737967914 0.09381237524950099 0.44919786096256686 0.08582834331337326 0.4572192513368984 0.0718562874251497 0.44919786096256686 0.059880239520958084 0.446524064171123 0.05588822355289421 0.46524064171123 0.06786427145708583 0.47593582887700536 0.08782435129740519 0.48663101604278075 0.09381237524950099 0.4946524064171123 0.10379241516966067 0.48128342245989303 0.1157684630738523 0.4732620320855615 0.1377245508982036 0.48128342245989303 0.18762475049900199 0.5053475935828877 0.21956087824351297 0.5294117647058824 0.2435129740518962 0.5481283422459893 0.25748502994011974 0.5561497326203209 0.2714570858283433 0.5614973262032086 0.29740518962075846 0.5748663101604278 0.32335329341317365 0.5828877005347594 0.35129740518962077 0.5802139037433155 0.36726546906187624 0.5561497326203209 0.3852295409181637 0.5481283422459893 0.4031936127744511 0.5401069518716578 0.43313373253493015 0.5320855614973262 0.44510978043912175 0.5213903743315508 0.5868263473053892 0.39572192513368987 0.6586826347305389 0.3342245989304813
0 0.7245508982035929 0.5855614973262032 0.7425149700598802 0.6096256684491979 0.7225548902195609 0.6363636363636364 0.7065868263473054 0.6443850267379679 0.6966067864271457 0.6363636363636364 0.6906187624750499 0.6256684491978609 0.6966067864271457 0.6122994652406417