3 0.4930434782608696 0.5895348837209302 0.47391304347826085 0.6127906976744186 0.4582608695652174 0.6360465116279069 0.4356521739130435 0.6430232558139535 0.4026086956521739 0.6430232558139535 0.4217391304347826 0.6779069767441861 0.4547826086956522 0.6755813953488372 0.47739130434782606 0.6732558139534883 0.5 0.6709302325581395 0.5347826086956522 0.6779069767441861 0.5591304347826087 0.6732558139534883 0.5469565217391305 0.6290697674418605 0.5347826086956522 0.6011627906976744 0.5191304347826087 0.5895348837209302 0.4930434782608696 0.5895348837209302
8 0.4791304347826087 0.7825581395348837 0.5 0.7941860465116279 0.5173913043478261 0.791860465116279 0.5069565217391304 0.7872093023255814 0.49478260869565216 0.7825581395348837 0.4791304347826087 0.7825581395348837
8 0.4791304347826087 0.7779069767441861 0.4965217391304348 0.7779069767441861 0.5104347826086957 0.7802325581395348 0.5017391304347826 0.7709302325581395 0.48782608695652174 0.7686046511627908 0.4791304347826087 0.7779069767441861
8 0.46695652173913044 0.7313953488372092 0.47391304347826085 0.736046511627907 0.46 0.7058139534883721 0.44782608695652176 0.7058139534883721 0.46 0.7220930232558139 0.46695652173913044 0.7313953488372092
8 0.4617391304347826 0.7337209302325581 0.46695652173913044 0.7383720930232558 0.4652173913043478 0.7267441860465116 0.4617391304347826 0.7174418604651163 0.4582608695652174 0.7220930232558139 0.4617391304347826 0.7337209302325581
8 0.5452173913043479 0.7709302325581395 0.5573913043478261 0.7662790697674419 0.54 0.7616279069767442 0.5278260869565218 0.7732558139534884 0.5452173913043479 0.7709302325581395
8 0.49478260869565216 0.7104651162790697 0.49826086956521737 0.7197674418604652 0.5069565217391304 0.7267441860465116 0.5052173913043478 0.7058139534883721 0.49826086956521737 0.6918604651162791 0.48782608695652174 0.6895348837209302 0.49478260869565216 0.7104651162790697
8 0.5191304347826087 0.763953488372093 0.5243478260869565 0.75 0.5173913043478261 0.736046511627907 0.5121739130434783 0.75 0.5191304347826087 0.763953488372093
8 0.5678260869565217 0.8081395348837209 0.5747826086956521 0.7779069767441861 0.5660869565217391 0.7872093023255814 0.5643478260869565 0.7965116279069767 0.5678260869565217 0.8081395348837209
8 0.5678260869565217 0.7755813953488372 0.5660869565217391 0.7569767441860465 0.5591304347826087 0.7453488372093023 0.5608695652173913 0.763953488372093 0.5678260869565217 0.7755813953488372
8 0.5295652173913044 0.6848837209302325 0.5208695652173913 0.6872093023255814 0.5365217391304348 0.6918604651162791 0.5469565217391305 0.6965116279069767 0.5608695652173913 0.6918604651162791 0.5521739130434783 0.6872093023255814 0.5452173913043479 0.6872093023255814 0.5295652173913044 0.6848837209302325
5 0.7139130434782609 0.8058139534883721 0.7191304347826087 0.7988372093023256 0.717391304347826 0.7848837209302325 0.7156521739130435 0.7709302325581395 0.7069565217391305 0.7546511627906977 0.6878260869565217 0.7313953488372092 0.66 0.7058139534883721 0.628695652173913 0.6872093023255814 0.611304347826087 0.6709302325581395 0.5991304347826087 0.6686046511627907 0.5991304347826087 0.6802325581395349 0.6234782608695653 0.75 0.6408695652173914 0.8220930232558139 0.6634782608695652 0.8174418604651162 0.6878260869565217 0.8127906976744186 0.7139130434782609 0.8058139534883721
5 0.6182608695652174 0.6755813953488372 0.611304347826087 0.6686046511627907 0.6026086956521739 0.663953488372093 0.5921739130434782 0.6593023255813953 0.5817391304347826 0.6546511627906977 0.5695652173913044 0.6546511627906977 0.571304347826087 0.6848837209302325 0.5765217391304348 0.6918604651162791 0.5817391304347826 0.6988372093023256 0.5904347826086956 0.7034883720930233 0.5991304347826087 0.708139534883721 0.6147826086956522 0.7104651162790697 0.6339130434782608 0.7034883720930233 0.6304347826086957 0.6872093023255814 0.6234782608695653 0.6825581395348838 0.6182608695652174 0.6755813953488372
3 0.5886956521739131 0.6825581395348838 0.5869565217391305 0.6779069767441861 0.58 0.6709302325581395 0.5747826086956521 0.6686046511627907 0.5626086956521739 0.6732558139534883 0.5556521739130434 0.6755813953488372 0.5504347826086956 0.6779069767441861 0.5452173913043479 0.6779069767441861 0.5417391304347826 0.6779069767441861 0.5330434782608696 0.6779069767441861 0.5295652173913044 0.6779069767441861 0.5243478260869565 0.6779069767441861 0.5191304347826087 0.6779069767441861 0.5139130434782608 0.6755813953488372 0.508695652173913 0.6732558139534883 0.5052173913043478 0.6732558139534883 0.49826086956521737 0.6709302325581395 0.4930434782608696 0.6709302325581395 0.4860869565217391 0.6709302325581395 0.47739130434782606 0.6755813953488372 0.4721739130434783 0.6755813953488372 0.4652173913043478 0.6779069767441861 0.4582608695652174 0.6802325581395349 0.44956521739130434 0.6825581395348838 0.4443478260869565 0.6825581395348838 0.4356521739130435 0.6802325581395349 0.42695652173913046 0.6802325581395349 0.4217391304347826 0.6802325581395349 0.4617391304347826 0.7593023255813953 0.4965217391304348 0.8197674418604651 0.5052173913043478 0.8197674418604651 0.5156521739130435 0.8220930232558139 0.5260869565217391 0.8244186046511628 0.5330434782608696 0.8244186046511628 0.5504347826086956 0.8290697674418605 0.5591304347826087 0.8337209302325581 0.5660869565217391 0.836046511627907 0.571304347826087 0.8383720930232558 0.58 0.8406976744186047 0.5869565217391305 0.8406976744186047 0.5973913043478261 0.8406976744186047 0.6026086956521739 0.8406976744186047 0.6078260869565217 0.8383720930232558 0.6147826086956522 0.8337209302325581 0.6234782608695653 0.8337209302325581 0.628695652173913 0.8313953488372093 0.6356521739130435 0.8244186046511628 0.6060869565217392 0.7220930232558139 0.5991304347826087 0.708139534883721 0.5939130434782609 0.6918604651162791 0.5886956521739131 0.6825581395348838
0 0.5382608695652173 0.6755813953488372 0.5330434782608696 0.6755813953488372 0.5260869565217391 0.6755813953488372 0.5173913043478261 0.6755813953488372 0.5139130434782608 0.6732558139534883 0.508695652173913 0.6709302325581395 0.5034782608695653 0.6686046511627907 0.49826086956521737 0.6662790697674419 0.49130434782608695 0.663953488372093 0.48782608695652174 0.663953488372093 0.4791304347826087 0.663953488372093 0.47391304347826085 0.663953488372093 0.46869565217391307 0.6662790697674419 0.4617391304347826 0.6686046511627907 0.45304347826086955 0.6709302325581395 0.44608695652173913 0.6732558139534883 0.4373913043478261 0.6755813953488372 0.4339130434782609 0.6779069767441861 0.4252173913043478 0.6779069767441861 0.42869565217391303 0.6802325581395349 0.4373913043478261 0.6825581395348838 0.44956521739130434 0.6825581395348838 0.45652173913043476 0.6848837209302325 0.4617391304347826 0.6825581395348838 0.46695652173913044 0.6802325581395349 0.47739130434782606 0.6779069767441861 0.4826086956521739 0.6779069767441861 0.4895652173913044 0.6755813953488372 0.49478260869565216 0.6755813953488372 0.5 0.6802325581395349 0.5052173913043478 0.6825581395348838 0.5104347826086957 0.6848837209302325 0.5156521739130435 0.6848837209302325 0.5208695652173913 0.6848837209302325 0.5278260869565218 0.6848837209302325 0.5365217391304348 0.6848837209302325 0.5434782608695652 0.6848837209302325 0.5504347826086956 0.6825581395348838 0.5591304347826087 0.6802325581395349 0.5678260869565217 0.6755813953488372 0.5782608695652174 0.6709302325581395 0.5834782608695652 0.6686046511627907 0.5765217391304348 0.6662790697674419 0.5591304347826087 0.6709302325581395 0.5539130434782609 0.6732558139534883 0.5469565217391305 0.6732558139534883 0.5382608695652173 0.6755813953488372
1 0.4078260869565217 0.6453488372093024 0.4026086956521739 0.6430232558139535 0.48434782608695653 0.8011627906976744 0.47043478260869565 0.763953488372093 0.4234782608695652 0.6709302325581395 0.4078260869565217 0.6453488372093024
8 0.5904347826086956 0.6546511627906977 0.5869565217391305 0.6523255813953488 0.5834782608695652 0.6523255813953488 0.5782608695652174 0.6523255813953488 0.5765217391304348 0.6569767441860465 0.5817391304347826 0.6569767441860465 0.5869565217391305 0.6593023255813953 0.5939130434782609 0.663953488372093 0.5991304347826087 0.663953488372093 0.6026086956521739 0.6662790697674419 0.6095652173913043 0.6686046511627907 0.6147826086956522 0.6662790697674419 0.6095652173913043 0.663953488372093 0.6060869565217392 0.6616279069767442 0.5991304347826087 0.6569767441860465 0.5904347826086956 0.6546511627906977
8 0.5539130434782609 0.6267441860465116 0.5539130434782609 0.6197674418604651 0.5521739130434783 0.6127906976744186 0.548695652173913 0.6104651162790697 0.5452173913043479 0.6104651162790697 0.5452173913043479 0.6290697674418605 0.5452173913043479 0.6406976744186047 0.5434782608695652 0.6569767441860465 0.5521739130434783 0.6523255813953488 0.5539130434782609 0.6406976744186047 0.5539130434782609 0.6267441860465116
0 0.4756521739130435 0 0.4721739130434783 0.0011627906976744186 0.46347826086956523 0.010465116279069767 0.45652173913043476 0.015116279069767442 0.45304347826086955 0.01744186046511628 0.44608695652173913 0.026744186046511628 0.4426086956521739 0.03372093023255814 0.4373913043478261 0.047674418604651166 0.43217391304347824 0.056976744186046514 0.42695652173913046 0.07093023255813953 0.4234782608695652 0.08488372093023255 0.4217391304347826 0.09186046511627907 0.4182608695652174 0.10116279069767442 0.4165217391304348 0.10813953488372093 0.4147826086956522 0.11511627906976744 0.40956521739130436 0.12906976744186047 0.4078260869565217 0.13837209302325582 0.4043478260869565 0.15 0.4043478260869565 0.15465116279069768 0.4043478260869565 0.16162790697674417 0.41130434782608694 0.1755813953488372 0.43043478260869567 0.18488372093023256 0.4373913043478261 0.1755813953488372 0.4443478260869565 0.1686046511627907 0.44782608695652176 0.16162790697674417 0.45304347826086955 0.14534883720930233 0.5 0.0034883720930232558 0.4965217391304348 0.0011627906976744186 0.49391304347826087 0 0.4756521739130435 0