0 0.4652173913043478 0.22780373831775702 0.46 0.1927570093457944 0.43217391304347824 0.11799065420560748 0.4373913043478261 0.15537383177570094 0.4356521739130435 0.1764018691588785 0.4234782608695652 0.23014018691588786 0.4252173913043478 0.3072429906542056 0.43043478260869567 0.3446261682242991 0.4373913043478261 0.375 0.4443478260869565 0.39602803738317754 0.4547826086956522 0.41238317757009346 0.47391304347826085 0.4310747663551402 0.48782608695652174 0.44042056074766356 0.4791304347826087 0.38434579439252337 0.47043478260869565 0.32593457943925236 0.46869565217391307 0.26985981308411217 0.4652173913043478 0.22780373831775702
0 0.35231121217391304 0 0.3417391304347826 0.038551401869158876 0.33304347826086955 0.07593457943925233 0.3278260869565217 0.11565420560747663 0.3417391304347826 0.12733644859813084 0.3556521739130435 0.1530373831775701 0.3695652173913043 0.169392523364486 0.38173913043478264 0.1810747663551402 0.38869565217391305 0.18808411214953272 0.3991304347826087 0.19042056074766356 0.43043478260869567 0.12032710280373832 0.44608695652173913 0.015186915887850467 0.4538215095652174 0 0.35231121217391304 0
8 0.4234782608695652 0.35630841121495327 0.43217391304347824 0.35397196261682246 0.4252173913043478 0.3516355140186916 0.41304347826086957 0.35397196261682246 0.4234782608695652 0.35630841121495327
8 0.4252173913043478 0.4217289719626168 0.4182608695652174 0.3983644859813084 0.40608695652173915 0.3796728971962617 0.4182608695652174 0.4077102803738318 0.4252173913043478 0.4217289719626168
8 0.3869565217391304 0.38901869158878505 0.40608695652173915 0.39369158878504673 0.42 0.39369158878504673 0.41130434782608694 0.38901869158878505 0.3973913043478261 0.38901869158878505 0.3869565217391304 0.38901869158878505
8 0.3973913043478261 0.4100467289719626 0.4026086956521739 0.4217289719626168 0.3973913043478261 0.3983644859813084 0.38521739130434784 0.3773364485981308 0.3869565217391304 0.38901869158878505 0.3973913043478261 0.4100467289719626
8 0.35043478260869565 0.39135514018691586 0.35739130434782607 0.3983644859813084 0.35739130434782607 0.3866822429906542 0.36086956521739133 0.375 0.3521739130434783 0.3796728971962617 0.35043478260869565 0.39135514018691586
8 0.43043478260869567 0.44509345794392524 0.43043478260869567 0.45210280373831774 0.4373913043478261 0.44509345794392524 0.4373913043478261 0.4287383177570093 0.43217391304347824 0.4380841121495327 0.43043478260869567 0.44509345794392524
8 0.40608695652173915 0.4287383177570093 0.3991304347826087 0.4380841121495327 0.3973913043478261 0.4497663551401869 0.4043478260869565 0.4544392523364486 0.41130434782608694 0.44742990654205606 0.4043478260869565 0.44509345794392524 0.4043478260869565 0.4380841121495327 0.40608695652173915 0.4287383177570093
3 0.508695652173913 0.522196261682243 0.49826086956521737 0.5198598130841121 0.48782608695652174 0.5175233644859814 0.4791304347826087 0.5105140186915887 0.4721739130434783 0.4941588785046729 0.4721739130434783 0.4824766355140187 0.47391304347826085 0.4614485981308411 0.4652173913043478 0.44509345794392524 0.45304347826086955 0.44042056074766356 0.44608695652173913 0.433411214953271 0.43043478260869567 0.47546728971962615 0.4426086956521739 0.4894859813084112 0.4617391304347826 0.508177570093458 0.4721739130434783 0.5245327102803738 0.4826086956521739 0.5432242990654206 0.4895652173913044 0.5619158878504673 0.49130434782608695 0.5782710280373832 0.5173913043478261 0.580607476635514 0.5243478260869565 0.5549065420560748 0.5208695652173913 0.5362149532710281 0.508695652173913 0.522196261682243
3 0.4808695652173913 0.4380841121495327 0.46869565217391307 0.4287383177570093 0.4547826086956522 0.44042056074766356 0.4652173913043478 0.44742990654205606 0.47391304347826085 0.4567757009345794 0.47391304347826085 0.47079439252336447 0.47391304347826085 0.4848130841121495 0.5034782608695653 0.4871495327102804 0.5017391304347826 0.44742990654205606 0.49130434782608695 0.4427570093457944 0.4808695652173913 0.4380841121495327
3 0.3834782608695652 0.375 0.35739130434782607 0.3726635514018692 0.34347826086956523 0.4053738317757009 0.33652173913043476 0.4287383177570093 0.3226086956521739 0.4287383177570093 0.3208695652173913 0.44742990654205606 0.34347826086956523 0.4497663551401869 0.3660869565217391 0.45210280373831774 0.38869565217391305 0.4567757009345794 0.4078260869565217 0.4661214953271028 0.43043478260869567 0.477803738317757 0.4547826086956522 0.4147196261682243 0.4391304347826087 0.3820093457943925 0.40956521739130436 0.3796728971962617 0.3834782608695652 0.375
3 0.35739130434782607 0.19042056074766356 0.3521739130434783 0.20210280373831777 0.3556521739130435 0.21378504672897197 0.36434782608695654 0.23481308411214954 0.36434782608695654 0.2161214953271028 0.36782608695652175 0.20210280373831777 0.38173913043478264 0.20210280373831777 0.3939130434782609 0.20677570093457945 0.4043478260869565 0.21845794392523366 0.41304347826086957 0.2324766355140187 0.40956521739130436 0.2091121495327103 0.3991304347826087 0.19042056074766356 0.37478260869565216 0.18574766355140188 0.35739130434782607 0.19042056074766356
3 0.3226086956521739 0.16238317757009346 0.3226086956521739 0.1764018691588785 0.3278260869565217 0.1810747663551402 0.34 0.169392523364486 0.34695652173913044 0.1647196261682243 0.35739130434782607 0.15537383177570094 0.35043478260869565 0.14602803738317757 0.33652173913043476 0.14602803738317757 0.3226086956521739 0.14369158878504673 0.3226086956521739 0.16238317757009346
0 0.6060869565217392 0.6647196261682243 0.5991304347826087 0.6600467289719626 0.5921739130434782 0.655373831775701 0.5834782608695652 0.6483644859813084 0.5730434782608695 0.6413551401869159 0.5747826086956521 0.6460280373831776 0.5747826086956521 0.6507009345794392 0.5782608695652174 0.6623831775700935 0.58 0.6717289719626168 0.5834782608695652 0.6764018691588785 0.5852173913043478 0.6834112149532711 0.5852173913043478 0.6880841121495327 0.5869565217391305 0.6927570093457944 0.5869565217391305 0.697429906542056 0.5852173913043478 0.7021028037383178 0.5817391304347826 0.7114485981308412 0.5817391304347826 0.7231308411214953 0.5817391304347826 0.7324766355140186 0.5817391304347826 0.7394859813084113 0.5834782608695652 0.7558411214953271 0.5852173913043478 0.7651869158878505 0.5869565217391305 0.7698598130841121 0.5886956521739131 0.772196261682243 0.5904347826086956 0.7768691588785047 0.5939130434782609 0.7792056074766355 0.5991304347826087 0.7838785046728972 0.6026086956521739 0.7838785046728972 0.6060869565217392 0.7838785046728972 0.6095652173913043 0.7815420560747663 0.611304347826087 0.7768691588785047 0.6147826086956522 0.7698598130841121 0.6165217391304347 0.758177570093458 0.6182608695652174 0.7371495327102804 0.6182608695652174 0.727803738317757 0.6182608695652174 0.7231308411214953 0.6182608695652174 0.7161214953271028 0.6165217391304347 0.7114485981308412 0.6130434782608696 0.7091121495327103 0.6043478260869565 0.6997663551401869 0.6043478260869565 0.6950934579439252 0.6043478260869565 0.6857476635514018 0.6078260869565217 0.6857476635514018 0.611304347826087 0.6834112149532711 0.62 0.6834112149532711 0.6234782608695653 0.6787383177570093 0.6130434782608696 0.669392523364486 0.6060869565217392 0.6647196261682243
0 0.5573913043478261 0.9404205607476636 0.5539130434782609 0.9404205607476636 0.548695652173913 0.9404205607476636 0.5434782608695652 0.9404205607476636 0.5382608695652173 0.9427570093457944 0.5313043478260869 0.9427570093457944 0.5260869565217391 0.9427570093457944 0.5208695652173913 0.9427570093457944 0.5139130434782608 0.9427570093457944 0.508695652173913 0.9427570093457944 0.5034782608695653 0.9404205607476636 0.49826086956521737 0.9357476635514018 0.49130434782608695 0.9404205607476636 0.4860869565217391 0.9497663551401869 0.48782608695652174 0.9544392523364486 0.49130434782608695 0.9544392523364486 0.4965217391304348 0.9567757009345794 0.5 0.9591121495327103 0.5052173913043478 0.9591121495327103 0.5139130434782608 0.9591121495327103 0.5191304347826087 0.9591121495327103 0.5243478260869565 0.9591121495327103 0.5330434782608696 0.9567757009345794 0.54 0.9544392523364486 0.5504347826086956 0.9591121495327103 0.5643478260869565 0.9614485981308412 0.5678260869565217 0.9614485981308412 0.571304347826087 0.9614485981308412 0.5747826086956521 0.9637850467289719 0.5782608695652174 0.9637850467289719 0.5852173913043478 0.9637850467289719 0.5904347826086956 0.9661214953271028 0.5939130434782609 0.9661214953271028 0.6043478260869565 0.9661214953271028 0.5730434782608695 0.9521028037383178 0.5626086956521739 0.9497663551401869 0.5608695652173913 0.9450934579439252 0.5573913043478261 0.9404205607476636