5 0.4667919799498747 0.17445742904841402 0.4655388471177945 0.15776293823038398 0.4630325814536341 0.14774624373956594 0.45802005012531327 0.14106844741235391 0.44799498746867167 0.1343906510851419 0.4392230576441103 0.13772954924874792 0.4342105263157895 0.14774624373956594 0.43546365914786966 0.15943238731218698 0.4367167919799499 0.167779632721202 0.4392230576441103 0.17612687813021702 0.44298245614035087 0.18614357262103506 0.4517543859649123 0.19449081803005008 0.4567669172932331 0.19449081803005008 0.4667919799498747 0.19449081803005008 0.4667919799498747 0.18447412353923207 0.4667919799498747 0.17445742904841402
5 0.4392230576441103 0.31803005008347246 0.4291979949874687 0.3113522537562604 0.4216791979949875 0.3096828046744574 0.41290726817042606 0.3096828046744574 0.4041353383458647 0.3113522537562604 0.39786967418546365 0.31469115191986646 0.3941102756892231 0.32303839732888145 0.40037593984962405 0.3363939899833055 0.4066416040100251 0.34307178631051755 0.4141604010025063 0.34641068447412354 0.42293233082706766 0.34808013355592654 0.4317042606516291 0.34808013355592654 0.43796992481203006 0.34474123539232054 0.44298245614035087 0.3363939899833055 0.44298245614035087 0.32470784641068445 0.4392230576441103 0.31803005008347246
0 0.6472431077694235 0.5751252086811353 0.6585213032581454 0.5767946577629383 0.6660401002506265 0.5784641068447413 0.6760651629072681 0.5801335559265443 0.6923558897243107 0.5818030050083473 0.699874686716792 0.5851419031719532 0.7048872180451128 0.5851419031719532 0.7124060150375939 0.5868113522537562 0.7211779448621554 0.5868113522537562 0.7261904761904762 0.5851419031719532 0.7324561403508771 0.5801335559265443 0.7399749373433584 0.5717863105175293 0.743734335839599 0.5584307178631052 0.7449874686716792 0.5417362270450752 0.7449874686716792 0.5283806343906511 0.7449874686716792 0.5200333889816361 0.7424812030075187 0.505008347245409 0.7337092731829574 0.4565943238731219 0.7299498746867168 0.44490818030050083 0.7174185463659147 0.4315525876460768 0.7086466165413534 0.4248747913188648 0.699874686716792 0.41652754590984975 0.6973684210526315 0.4081803005008347 0.699874686716792 0.4015025041736227 0.6973684210526315 0.39315525876460766 0.6785714285714286 0.3731218697829716 0.6710526315789473 0.36978297161936563 0.6597744360902256 0.36811352253756263 0.6510025062656641 0.36811352253756263 0.6409774436090225 0.37145242070116863 0.6271929824561403 0.3747913188647746 0.6109022556390977 0.38480801335559267 0.5983709273182958 0.39315525876460766 0.593358395989975 0.4015025041736227 0.5845864661654135 0.40984974958263776 0.5758145363408521 0.4265442404006678 0.5733082706766918 0.43989983305509184 0.568295739348371 0.4599332220367279 0.568295739348371 0.493322203672788 0.5708020050125313 0.513355592654424 0.5808270676691729 0.5283806343906511 0.5895989974937343 0.5400667779632721 0.5971177944862155 0.5500834724540902 0.6071428571428571 0.5550918196994992 0.6259398496240601 0.5667779632721202 0.6359649122807017 0.5651085141903172 0.6409774436090225 0.5717863105175293 0.6472431077694235 0.5751252086811353
0 0.5369674185463659 0.5901502504173622 0.5332080200501254 0.6035058430717863 0.5457393483709273 0.6151919866444073 0.5557644110275689 0.5951585976627712 0.568295739348371 0.5701168614357263 0.5883458646616542 0.5434056761268782 0.5745614035087719 0.5250417362270451 0.5607769423558897 0.5417362270450752 0.5469924812030075 0.5701168614357263 0.5369674185463659 0.5901502504173622
0 0.7149122807017544 0.8472454090150251 0.7136591478696742 0.8756260434056762 0.7224310776942355 0.8739565943238731 0.7261904761904762 0.7821368948247078 0.7274436090225563 0.7353923205342237 0.7261904761904762 0.6869782971619366 0.7211779448621554 0.6368948247078464 0.7174185463659147 0.5984974958263773 0.7111528822055138 0.5918196994991652 0.7036340852130326 0.5951585976627712 0.7086466165413534 0.6502504173622704 0.7124060150375939 0.6969949916527546 0.7149122807017544 0.7604340567612687 0.7149122807017544 0.8472454090150251
0 0.5085507882205514 1 0.5119047619047619 0.9891485809682805 0.5169172932330827 0.9674457429048414 0.5319548872180451 0.9173622704507512 0.543233082706767 0.8856427378964942 0.5507518796992481 0.8689482470784641 0.543233082706767 0.8555926544240401 0.5332080200501254 0.8806343906510852 0.5206766917293233 0.9156928213689483 0.5093984962406015 0.9557595993322203 0.49832915664160404 1 0.5085507882205514 1
6 0.4931077694235589 0.48330550918196996 0.4906015037593985 0.4766277128547579 0.4880952380952381 0.4716193656093489 0.4843358395989975 0.46160267111853087 0.4768170426065163 0.4532554257095159 0.4743107769423559 0.46327212020033387 0.4780701754385965 0.4732888146911519 0.4793233082706767 0.49165275459098495 0.4855889724310777 0.508347245409015 0.4931077694235589 0.498330550918197 0.4943609022556391 0.49165275459098495 0.4931077694235589 0.48330550918196996
6 0.5971177944862155 0.5868113522537562 0.5946115288220551 0.5767946577629383 0.5921052631578947 0.5651085141903172 0.5895989974937343 0.5601001669449082 0.5808270676691729 0.5601001669449082 0.5695488721804511 0.5684474123539232 0.5632832080200502 0.5784641068447413 0.5607769423558897 0.5934891485809682 0.5570175438596491 0.6085141903171953 0.5607769423558897 0.6218697829716193 0.5695488721804511 0.6218697829716193 0.5795739348370927 0.6202003338898163 0.5895989974937343 0.6051752921535893 0.593358395989975 0.6018363939899833 0.5971177944862155 0.5868113522537562
6 0.5244360902255639 0.48163606010016696 0.5206766917293233 0.4716193656093489 0.5119047619047619 0.4716193656093489 0.5068922305764411 0.4749582637729549 0.5068922305764411 0.498330550918197 0.5106516290726817 0.513355592654424 0.5206766917293233 0.5166944908180301 0.5244360902255639 0.508347245409015 0.5244360902255639 0.48163606010016696
6 0.4956140350877193 0.3096828046744574 0.4906015037593985 0.2929883138564274 0.4818295739348371 0.2896494156928214 0.4780701754385965 0.29465776293823037 0.4805764411027569 0.3063439065108514 0.4855889724310777 0.31469115191986646 0.4805764411027569 0.3330550918196995 0.4880952380952381 0.3347245409015025 0.5018796992481203 0.3347245409015025 0.5018796992481203 0.32136894824707846 0.4956140350877193 0.3096828046744574
6 0.45551378446115287 0.28130217028380633 0.4592731829573935 0.2646076794657763 0.4642857142857143 0.2595993322203673 0.4642857142857143 0.24958263772954925 0.45802005012531327 0.24457429048414023 0.4442355889724311 0.2378964941569282 0.44548872180451127 0.2679465776293823 0.44548872180451127 0.27963272120200333 0.4492481203007519 0.2896494156928214 0.45551378446115287 0.28130217028380633
3 0.5870927318295739 0.35308848080133554 0.5958646616541353 0.35308848080133554 0.6146616541353384 0.34808013355592654 0.6134085213032582 0.32470784641068445 0.6134085213032582 0.3046744574290484 0.6134085213032582 0.28130217028380633 0.6083959899749374 0.2595993322203673 0.6008771929824561 0.2378964941569282 0.5895989974937343 0.20784641068447413 0.5770676691729323 0.18447412353923207 0.5645363408521303 0.17278797996661102 0.5494987468671679 0.14941569282136896 0.5344611528822055 0.1327212020033389 0.5256892230576441 0.1293823038397329 0.5068922305764411 0.12103505843071787 0.4718045112781955 0.12103505843071787 0.4492481203007519 0.13606010016694492 0.4392230576441103 0.13772954924874792 0.4266917293233083 0.14941569282136896 0.42042606516290726 0.17946577629382304 0.42293233082706766 0.1994991652754591 0.4317042606516291 0.2362270450751252 0.4417293233082707 0.2679465776293823 0.45300751879699247 0.3096828046744574 0.4567669172932331 0.32470784641068445 0.4630325814536341 0.3631051752921536 0.4692982456140351 0.39148580968280466 0.4718045112781955 0.40984974958263776 0.4730576441102757 0.4365609348914858 0.4743107769423559 0.46160267111853087 0.4755639097744361 0.4782971619365609 0.4780701754385965 0.49165275459098495 0.4855889724310777 0.5267111853088481 0.4931077694235589 0.5517529215358932 0.4981203007518797 0.5684474123539232 0.5119047619047619 0.5851419031719532 0.5244360902255639 0.5934891485809682 0.5382205513784462 0.5884808013355592 0.5520050125313283 0.5701168614357263 0.5595238095238095 0.5550918196994992 0.5733082706766918 0.5383973288814691 0.5720551378446115 0.5267111853088481 0.5645363408521303 0.513355592654424 0.5469924812030075 0.48664440734557596 0.5407268170426065 0.4716193656093489 0.5382205513784462 0.4515859766277129 0.5407268170426065 0.4298831385642738 0.543233082706767 0.41318864774624375 0.5494987468671679 0.39315525876460766 0.5532581453634086 0.3831385642737897 0.5607769423558897 0.3731218697829716 0.5770676691729323 0.3614357262103506 0.5870927318295739 0.35308848080133554
6 0.6296992481203008 0.6786310517529215 0.6484962406015038 0.6752921535893155 0.6585213032581454 0.6652754590984975 0.6484962406015038 0.6352253756260434 0.6459899749373433 0.6202003338898163 0.649749373433584 0.6051752921535893 0.6697994987468672 0.5934891485809682 0.6397243107769424 0.5801335559265443 0.6234335839598998 0.5701168614357263 0.6096491228070176 0.5717863105175293 0.5971177944862155 0.5884808013355592 0.5708020050125313 0.6285475792988314 0.5783208020050126 0.6469115191986644 0.5895989974937343 0.6652754590984975 0.6058897243107769 0.6752921535893155 0.6296992481203008 0.6786310517529215
0 0.5670426065162907 0.37145242070116863 0.5557644110275689 0.3831385642737897 0.5507518796992481 0.3964941569282137 0.5620300751879699 0.39482470784641066 0.5720551378446115 0.39315525876460766 0.5858395989974937 0.38647746243739567 0.5971177944862155 0.3797996661101836 0.6046365914786967 0.3664440734557596 0.593358395989975 0.3631051752921536 0.5783208020050126 0.3664440734557596 0.5670426065162907 0.37145242070116863