8 0.6352530541012217 0.6083916083916084 0.631762652705061 0.578088578088578 0.643979057591623 0.5664335664335665 0.6579406631762653 0.5454545454545454 0.6788830715532286 0.5361305361305362 0.6910994764397905 0.5291375291375291 0.7033158813263525 0.5174825174825175 0.7068062827225131 0.5337995337995338 0.6910994764397905 0.5454545454545454 0.6701570680628273 0.5547785547785548 0.6596858638743456 0.5687645687645687 0.6474694589877836 0.5827505827505828 0.6212914485165794 0.62004662004662
8 0.7452006980802792 0.5291375291375291 0.7591623036649214 0.5174825174825175 0.7696335078534031 0.5104895104895105 0.7853403141361257 0.5011655011655012 0.7905759162303665 0.5081585081585082 0.7766143106457243 0.5244755244755245 0.7626527050610821 0.5337995337995338 0.7364746945898778 0.5477855477855478
3 0.6020942408376964 0.5221445221445221 0.6335078534031413 0.5034965034965035 0.6771378708551483 0.4965034965034965 0.7190226876090751 0.4965034965034965 0.7626527050610821 0.5058275058275058 0.8027923211169284 0.5268065268065268 0.8359511343804538 0.5244755244755245 0.8568935427574171 0.5431235431235432 0.8638743455497382 0.5664335664335665 0.8603839441535777 0.6037296037296037 0.8534031413612565 0.6223776223776224 0.8551483420593369 0.6386946386946387 0.8551483420593369 0.6573426573426573 0.8307155322862129 0.6643356643356644 0.8010471204188482 0.682983682983683 0.7678883071553229 0.696969696969697 0.7260034904013961 0.703962703962704 0.7068062827225131 0.7202797202797203 0.6823734729493892 0.7342657342657343 0.6561954624781849 0.7365967365967366 0.6509598603839442 0.7156177156177156 0.6422338568935427 0.668997668997669 0.6265270506108203 0.6317016317016317 0.6073298429319371 0.6410256410256411 0.5951134380453752 0.5990675990675991 0.5951134380453752 0.5827505827505828 0.5968586387434555 0.5594405594405595 0.6055846422338569 0.5454545454545454
0 0.7329842931937173 0.331002331002331 0.7574171029668412 0.3006993006993007 0.7888307155322862 0.26107226107226106 0.8115183246073299 0.24475524475524477 0.837696335078534 0.23543123543123542 0.8743455497382199 0.23543123543123542 0.9109947643979057 0.24475524475524477 0.9109947643979057 0.3146853146853147 0.9092495636998255 0.3706293706293706 0.8952879581151832 0.43123543123543123 0.8952879581151832 0.48951048951048953 0.8865619546247818 0.5431235431235432 0.8778359511343804 0.5804195804195804 0.8586387434554974 0.62004662004662 0.8464223385689355 0.655011655011655 0.8307155322862129 0.696969696969697 0.7696335078534031 0.703962703962704 0.7382198952879581 0.7132867132867133 0.7015706806282722 0.7249417249417249 0.6561954624781849 0.7575757575757576 0.6387434554973822 0.6876456876456877 0.6492146596858639 0.6456876456876457 0.675392670157068 0.6223776223776224 0.68760907504363 0.5524475524475524 0.6980802792321117 0.4801864801864802 0.6736474694589878 0.48484848484848486 0.6666666666666666 0.4568764568764569 0.6963350785340314 0.3939393939393939 0.7120418848167539 0.3682983682983683
8 0.4781849912739965 0.752913752913753 0.47469458987783597 0.7389277389277389 0.47294938917975565 0.7296037296037297 0.4781849912739965 0.7342657342657343 0.48342059336823734 0.7482517482517482
8 0.45549738219895286 0.7832167832167832 0.44851657940663175 0.7762237762237763 0.44502617801047123 0.7692307692307693 0.45200698080279234 0.7668997668997669 0.45549738219895286 0.7738927738927739
8 0.418848167539267 0.8111888111888111 0.41710296684118675 0.8018648018648019 0.42408376963350786 0.8065268065268065
1 0.5706806282722513 0.9067599067599068 0.5497382198952879 0.9230769230769231 0.5479930191972077 0.9067599067599068 0.5619546247818499 0.8927738927738927
1 0.6020942408376964 0.8508158508158508 0.5898778359511344 0.8391608391608392 0.5986038394415357 0.8111888111888111 0.6090750436300174 0.8018648018648019 0.6143106457242583 0.8111888111888111 0.6090750436300174 0.8344988344988346
5 0.0017452006980802793 0.5874125874125874 0.0017452006980802793 0.6363636363636364 0.04712041884816754 0.7202797202797203 0.0506108202443281 0.6806526806526807
0 0.5986038394415357 0.49184149184149184 0.5706806282722513 0.5058275058275058 0.44851657940663175 0.5431235431235432 0.35776614310645727 0.5734265734265734 0.3054101221640489 0.6013986013986014 0.26352530541012215 0.627039627039627 0.2006980802792321 0.6736596736596736 0.22164048865619546 0.6899766899766899 0.2844677137870855 0.6480186480186481 0.37347294938917974 0.6037296037296037 0.48342059336823734 0.5594405594405595 0.537521815008726 0.5454545454545454 0.5898778359511344 0.5198135198135199 0.6108202443280978 0.5011655011655012 0.6195462478184991 0.4801864801864802 0.6230366492146597 0.4568764568764569 0.612565445026178 0.46153846153846156