6 0.47634069400630913 0.7175732217573222 0.48580441640378547 0.7092050209205021 0.4842271293375394 0.694560669456067 0.47634069400630913 0.702928870292887 0.47634069400630913 0.7175732217573222
6 0.4558359621451104 0.8702928870292888 0.4794952681388013 0.8765690376569037 0.4810725552050473 0.8430962343096234 0.45741324921135645 0.8368200836820083 0.4558359621451104 0.8702928870292888
6 0.23659305993690852 0.5878661087866108 0.23659305993690852 0.5669456066945606 0.23186119873817035 0.5648535564853556 0.2302839116719243 0.5878661087866108 0.23659305993690852 0.5878661087866108
6 0.222397476340694 0.6359832635983264 0.22555205047318613 0.6234309623430963 0.2192429022082019 0.6192468619246861 0.21608832807570977 0.6359832635983264 0.222397476340694 0.6359832635983264
6 0.22870662460567823 0.5836820083682008 0.21766561514195584 0.5794979079497908 0.21451104100946372 0.5878661087866108 0.22397476340694006 0.5899581589958159 0.23659305993690852 0.5920502092050209 0.22870662460567823 0.5836820083682008
6 0.20977917981072555 0.5941422594142259 0.2192429022082019 0.5983263598326359 0.21293375394321767 0.5836820083682008 0.20031545741324921 0.5878661087866108 0.20977917981072555 0.5941422594142259
6 0.2302839116719243 0.606694560669456 0.23974763406940064 0.606694560669456 0.23974763406940064 0.5983263598326359 0.22712933753943218 0.600418410041841 0.2302839116719243 0.606694560669456
6 0.15457413249211358 0.5313807531380753 0.16561514195583596 0.5355648535564853 0.17350157728706625 0.5292887029288703 0.15772870662460567 0.5083682008368201 0.14353312302839116 0.5209205020920502 0.15457413249211358 0.5313807531380753
6 0.10883280757097792 0.5271966527196653 0.11514195583596215 0.5418410041841004 0.12302839116719243 0.5397489539748954 0.11987381703470032 0.5230125523012552 0.1056782334384858 0.5146443514644351 0.10883280757097792 0.5271966527196653
6 0.20031545741324921 0.5062761506276151 0.2082018927444795 0.50418410041841 0.20347003154574134 0.49372384937238495 0.1971608832807571 0.49581589958158995 0.20031545741324921 0.5062761506276151
6 0.2192429022082019 0.5313807531380753 0.22555205047318613 0.5376569037656904 0.22555205047318613 0.5251046025104602 0.2192429022082019 0.5167364016736402 0.2192429022082019 0.5313807531380753
8 0.1719242902208202 0.5774058577405857 0.1719242902208202 0.5648535564853556 0.17034700315457413 0.5543933054393305 0.1719242902208202 0.5774058577405857
8 0.1861198738170347 0.5857740585774058 0.18769716088328076 0.5815899581589958 0.1861198738170347 0.5690376569037657 0.1861198738170347 0.5753138075313807 0.1861198738170347 0.5857740585774058
8 0.19873817034700317 0.600418410041841 0.20189274447949526 0.5920502092050209 0.19873817034700317 0.5857740585774058 0.19873817034700317 0.5941422594142259 0.19873817034700317 0.600418410041841
8 0.23817034700315456 0.5941422594142259 0.23659305993690852 0.5899581589958159 0.23659305993690852 0.600418410041841 0.23817034700315456 0.5941422594142259
8 0.21766561514195584 0.6276150627615062 0.21608832807570977 0.6192468619246861 0.21451104100946372 0.6108786610878661 0.21293375394321767 0.6192468619246861 0.21766561514195584 0.6276150627615062
8 0.18454258675078863 0.602510460251046 0.1861198738170347 0.5962343096234309 0.1829652996845426 0.5899581589958159 0.1829652996845426 0.5962343096234309 0.18454258675078863 0.602510460251046
8 0.1892744479495268 0.6192468619246861 0.1892744479495268 0.6129707112970711 0.19085173501577288 0.602510460251046 0.18769716088328076 0.5983263598326359 0.18769716088328076 0.606694560669456 0.1892744479495268 0.6192468619246861
8 0.1529968454258675 0.5941422594142259 0.15930599369085174 0.5941422594142259 0.15930599369085174 0.5815899581589958 0.1529968454258675 0.5836820083682008 0.1529968454258675 0.5941422594142259
8 0.1309148264984227 0.5418410041841004 0.13722397476340695 0.5502092050209205 0.14195583596214512 0.5460251046025104 0.13564668769716087 0.5439330543933054 0.13564668769716087 0.5355648535564853 0.12933753943217666 0.5355648535564853 0.1309148264984227 0.5418410041841004
8 0.14037854889589904 0.5774058577405857 0.14511041009463724 0.5774058577405857 0.14668769716088328 0.5690376569037657 0.14037854889589904 0.5690376569037657 0.14037854889589904 0.5774058577405857
8 0.12460567823343849 0.5690376569037657 0.1309148264984227 0.5690376569037657 0.12933753943217666 0.5585774058577406 0.12460567823343849 0.5585774058577406 0.12460567823343849 0.5690376569037657
8 0.14511041009463724 0.5460251046025104 0.1608832807570978 0.5564853556485355 0.17823343848580442 0.5585774058577406 0.17665615141955837 0.5502092050209205 0.15615141955835962 0.5439330543933054 0.13722397476340695 0.5376569037656904 0.14511041009463724 0.5460251046025104
3 0.21451104100946372 0.41422594142259417 0.21608832807570977 0.4476987447698745 0.21451104100946372 0.5271966527196653 0.21451104100946372 0.5962343096234309 0.24132492113564669 0.6234309623430963 0.24605678233438485 0.5878661087866108 0.2444794952681388 0.5376569037656904 0.2586750788643533 0.497907949790795 0.24921135646687698 0.4476987447698745 0.21766561514195584 0.38284518828451886 0.21451104100946372 0.41422594142259417
5 0.12145110410094637 0.2594142259414226 0.12145110410094637 0.25523012552301255 0.12302839116719243 0.24686192468619247 0.1309148264984227 0.24476987447698745 0.14668769716088328 0.23640167364016737 0.15772870662460567 0.23221757322175732 0.167192429022082 0.23221757322175732 0.17823343848580442 0.2301255230125523 0.19085173501577288 0.2301255230125523 0.20189274447949526 0.23430962343096234 0.20977917981072555 0.23640167364016737 0.21766561514195584 0.24267782426778242 0.22555205047318613 0.2196652719665272 0.2302839116719243 0.20711297071129708 0.22082018927444794 0.18200836820083682 0.20189274447949526 0.14435146443514643 0.19242902208201892 0.12552301255230125 0.17665615141955837 0.10251046025104603 0.16876971608832808 0.09414225941422594 0.15141955835962145 0.08786610878661087 0.14037854889589904 0.0899581589958159 0.13249211356466878 0.12133891213389121 0.12460567823343849 0.16736401673640167 0.11987381703470032 0.20920502092050208 0.11829652996845426 0.2489539748953975 0.12145110410094637 0.2594142259414226
3 0.17350157728706625 0.33472803347280333 0.14353312302839116 0.32426778242677823 0.1167192429022082 0.3117154811715481 0.10410094637223975 0.3054393305439331 0.09936908517350158 0.32217573221757323 0.0914826498422713 0.3368200836820084 0.08675078864353312 0.3723849372384937 0.08990536277602523 0.399581589958159 0.08990536277602523 0.4205020920502092 0.0946372239747634 0.4372384937238494 0.09621451104100946 0.4456066945606695 0.09779179810725552 0.4560669456066946 0.09936908517350158 0.47280334728033474 0.09779179810725552 0.48326359832635984 0.1056782334384858 0.5146443514644351 0.11041009463722397 0.5251046025104602 0.1167192429022082 0.5397489539748954 0.11987381703470032 0.5481171548117155 0.1277602523659306 0.5627615062761506 0.1309148264984227 0.5753138075313807 0.14195583596214512 0.5857740585774058 0.15141955835962145 0.5857740585774058 0.16246056782334384 0.5836820083682008 0.17981072555205047 0.5941422594142259 0.19400630914826497 0.604602510460251 0.20189274447949526 0.6150627615062761 0.21608832807570977 0.6255230125523012 0.222397476340694 0.6317991631799164 0.23186119873817035 0.6234309623430963 0.23501577287066247 0.6129707112970711 0.23659305993690852 0.5857740585774058 0.22397476340694006 0.5564853556485355 0.21608832807570977 0.5460251046025104 0.21608832807570977 0.5271966527196653 0.2113564668769716 0.502092050209205 0.21608832807570977 0.48326359832635984 0.21608832807570977 0.46443514644351463 0.21766561514195584 0.36610878661087864 0.20031545741324921 0.3493723849372385 0.17350157728706625 0.33472803347280333
0 0.2444794952681388 0.21548117154811716 0.222397476340694 0.1506276150627615 0.20189274447949526 0.09623430962343096 0.18138801261829654 0.0794979079497908 0.16246056782334384 0.07531380753138076 0.13249211356466878 0.07531380753138076 0.14353312302839116 0.08577405857740586 0.16246056782334384 0.09414225941422594 0.1892744479495268 0.1192468619246862 0.21451104100946372 0.16317991631799164 0.2334384858044164 0.2280334728033473 0.2444794952681388 0.21548117154811716
0 0.22082018927444794 0.602510460251046 0.22555205047318613 0.6799163179916318 0.23974763406940064 0.6882845188284519 0.24132492113564669 0.6108786610878661 0.22082018927444794 0.602510460251046
0 0.24921135646687698 0.4121338912133891 0.23974763406940064 0.401673640167364 0.2302839116719243 0.39748953974895396 0.22082018927444794 0.41422594142259417 0.22870662460567823 0.4309623430962343 0.2444794952681388 0.4435146443514644 0.24921135646687698 0.4121338912133891
5 0.09779179810725552 0.4916317991631799 0.12460567823343849 0.5711297071129707 0.22397476340694006 0.6652719665271967 0.2302839116719243 0.6108786610878661 0.18454258675078863 0.5669456066945606 0.09779179810725552 0.4916317991631799