8 0.46365914786967416 0.6822742474916388 0.44110275689223055 0.6839464882943144 0.43107769423558895 0.6839464882943144 0.42606516290726815 0.6638795986622074 0.4423558897243108 0.6705685618729097 0.4548872180451128 0.6722408026755853
8 0.45112781954887216 0.6471571906354515 0.43107769423558895 0.6438127090301003 0.424812030075188 0.6454849498327759 0.41854636591478694 0.6237458193979933 0.40977443609022557 0.6020066889632107 0.40350877192982454 0.5886287625418061 0.40476190476190477 0.580267558528428 0.41228070175438597 0.5785953177257525 0.4223057644110276 0.5819397993311036 0.4323308270676692 0.5819397993311036 0.4348370927318296 0.5919732441471572 0.43734335839599 0.6070234113712375 0.4398496240601504 0.6187290969899666 0.4473684210526316 0.6237458193979933 0.45363408521303256 0.6354515050167224
8 0.4974937343358396 0.6638795986622074 0.5112781954887218 0.6655518394648829 0.5162907268170426 0.6622073578595318 0.506265664160401 0.657190635451505 0.4924812030075188 0.657190635451505
8 0.5413533834586466 0.6287625418060201 0.5426065162907269 0.6438127090301003 0.5538847117794486 0.6505016722408027 0.556390977443609 0.6438127090301003 0.5513784461152882 0.6304347826086957
8 0.5651629072681704 0.6304347826086957 0.5639097744360902 0.6471571906354515 0.5676691729323309 0.6605351170568562 0.5739348370927319 0.6638795986622074 0.5764411027568922 0.657190635451505 0.5764411027568922 0.6454849498327759 0.5739348370927319 0.6304347826086957
8 0.575187969924812 0.6806020066889632 0.5726817042606517 0.6906354515050167 0.5776942355889725 0.7040133779264214 0.5852130325814536 0.7023411371237458 0.5914786967418546 0.6989966555183946 0.5839598997493735 0.6889632107023411
8 0.5463659147869674 0.6806020066889632 0.5538847117794486 0.6839464882943144 0.5614035087719298 0.6906354515050167 0.5538847117794486 0.6906354515050167 0.5476190476190477 0.6889632107023411
8 0.49624060150375937 0.5819397993311036 0.5100250626566416 0.5819397993311036 0.5300751879699248 0.5953177257525084 0.5375939849624061 0.5953177257525084 0.5375939849624061 0.5886287625418061 0.518796992481203 0.5769230769230769 0.5037593984962406 0.5735785953177257 0.49373433583959897 0.5735785953177257
8 0.4298245614035088 0.5301003344481605 0.44360902255639095 0.5083612040133779 0.44862155388471175 0.5133779264214047 0.43734335839599 0.5317725752508361
8 0.45614035087719296 0.49498327759197325 0.4674185463659148 0.479933110367893 0.4724310776942356 0.4866220735785953 0.45864661654135336 0.5
3 0.48872180451127817 0.4698996655518395 0.506265664160401 0.47491638795986624 0.5288220551378446 0.4916387959866221 0.5363408521303258 0.5117056856187291 0.5375939849624061 0.5668896321070234 0.5413533834586466 0.6070234113712375 0.5513784461152882 0.6103678929765887 0.5676691729323309 0.6270903010033445 0.575187969924812 0.657190635451505 0.5789473684210527 0.6889632107023411 0.5739348370927319 0.717391304347826 0.5701754385964912 0.7357859531772575 0.5551378446115288 0.7474916387959866 0.5100250626566416 0.7391304347826086 0.487468671679198 0.7324414715719063 0.47117794486215536 0.725752508361204 0.45363408521303256 0.717391304347826 0.4423558897243108 0.7006688963210702 0.4348370927318296 0.6722408026755853 0.424812030075188 0.6421404682274248 0.41604010025062654 0.6120401337792643 0.41102756892230574 0.5852842809364549 0.41478696741854637 0.5585284280936454 0.40726817042606517 0.5317725752508361 0.40977443609022557 0.5050167224080268 0.41854636591478694 0.48327759197324416 0.43859649122807015 0.4765886287625418 0.4523809523809524 0.4782608695652174 0.46867167919799496 0.479933110367893 0.4774436090225564 0.4765886287625418
4 0.6390977443609023 0.6086956521739131 0.6265664160401002 0.6254180602006689 0.5952380952380952 0.6337792642140468 0.5714285714285714 0.6387959866220736 0.5614035087719298 0.6321070234113713 0.5601503759398496 0.6204013377926422 0.5626566416040101 0.6120401337792643 0.5977443609022557 0.6153846153846154 0.6265664160401002 0.6103678929765887