3 0.5286989795918368 0.8010989010989011 0.5299744897959183 0.7505494505494505 0.5261479591836735 0.710989010989011 0.5235969387755102 0.6824175824175824 0.5159438775510204 0.6692307692307692 0.5031887755102041 0.656043956043956 0.48788265306122447 0.634065934065934 0.4725765306122449 0.6098901098901099 0.46619897959183676 0.6120879120879121 0.4559948979591837 0.6296703296703297 0.45089285714285715 0.6516483516483517 0.44834183673469385 0.6758241758241759 0.4534438775510204 0.7087912087912088 0.4585459183673469 0.7329670329670329 0.4674744897959184 0.7637362637362637 0.47512755102040816 0.7835164835164835 0.4802295918367347 0.8076923076923077 0.48788265306122447 0.8208791208791208 0.5108418367346939 0.8384615384615385 0.5210459183673469 0.8538461538461538 0.5261479591836735 0.8274725274725274 0.5286989795918368 0.8010989010989011
8 0.5223214285714286 0.7879120879120879 0.5223214285714286 0.798901098901099 0.5184948979591837 0.8120879120879121 0.517219387755102 0.8164835164835165 0.5133928571428571 0.8186813186813187 0.5121173469387755 0.823076923076923 0.5070153061224489 0.823076923076923 0.5031887755102041 0.823076923076923 0.49808673469387754 0.8208791208791208 0.4955357142857143 0.8142857142857143 0.4968112244897959 0.8076923076923077 0.49808673469387754 0.8032967032967033 0.49936224489795916 0.798901098901099 0.49936224489795916 0.7945054945054945 0.5006377551020408 0.7901098901098901 0.5019132653061225 0.7835164835164835 0.5031887755102041 0.7791208791208791 0.5019132653061225 0.7703296703296704 0.5019132653061225 0.765934065934066 0.5019132653061225 0.7615384615384615 0.5044642857142857 0.7637362637362637 0.5057397959183674 0.7549450549450549 0.5031887755102041 0.7593406593406593 0.5031887755102041 0.7549450549450549 0.5031887755102041 0.7505494505494505 0.5031887755102041 0.743956043956044 0.5006377551020408 0.7373626373626374 0.49936224489795916 0.743956043956044 0.5006377551020408 0.7461538461538462 0.49936224489795916 0.7505494505494505 0.4968112244897959 0.7461538461538462 0.4955357142857143 0.7417582417582418 0.4968112244897959 0.7395604395604396 0.4968112244897959 0.7351648351648352 0.49936224489795916 0.7307692307692307 0.5019132653061225 0.7285714285714285 0.5031887755102041 0.7263736263736263 0.5031887755102041 0.7241758241758242 0.5044642857142857 0.7197802197802198 0.5044642857142857 0.7153846153846154 0.5057397959183674 0.721978021978022 0.5057397959183674 0.7285714285714285 0.5044642857142857 0.7329670329670329 0.5044642857142857 0.7395604395604396 0.5057397959183674 0.7417582417582418 0.5070153061224489 0.7351648351648352 0.5070153061224489 0.7329670329670329 0.5070153061224489 0.7285714285714285 0.5070153061224489 0.7241758241758242 0.5082908163265306 0.7197802197802198 0.5070153061224489 0.7153846153846154 0.5044642857142857 0.7131868131868132 0.5044642857142857 0.7065934065934066 0.5031887755102041 0.7 0.5044642857142857 0.6934065934065934 0.5044642857142857 0.6846153846153846 0.5031887755102041 0.6802197802197802 0.5031887755102041 0.6736263736263737 0.5019132653061225 0.6758241758241759 0.49936224489795916 0.6736263736263737 0.49936224489795916 0.6692307692307692 0.49936224489795916 0.6648351648351648 0.49808673469387754 0.6648351648351648 0.4955357142857143 0.6648351648351648 0.4942602040816326 0.6582417582417582 0.49043367346938777 0.656043956043956 0.48660714285714285 0.656043956043956 0.48660714285714285 0.6604395604395604 0.48660714285714285 0.667032967032967 0.4840561224489796 0.667032967032967 0.4802295918367347 0.667032967032967 0.4802295918367347 0.6692307692307692 0.4815051020408163 0.6736263736263737 0.48278061224489793 0.6780219780219781 0.48660714285714285 0.6780219780219781 0.48915816326530615 0.6758241758241759 0.49043367346938777 0.6736263736263737 0.492984693877551 0.6714285714285714 0.4942602040816326 0.6736263736263737 0.4942602040816326 0.6802197802197802 0.4942602040816326 0.6846153846153846 0.4955357142857143 0.6868131868131868 0.4968112244897959 0.6978021978021978 0.4955357142857143 0.7021978021978021 0.4955357142857143 0.7087912087912088 0.4955357142857143 0.7131868131868132 0.4968112244897959 0.7197802197802198 0.49808673469387754 0.721978021978022 0.4968112244897959 0.7263736263736263 0.4955357142857143 0.7285714285714285 0.4942602040816326 0.7263736263736263 0.4942602040816326 0.7131868131868132 0.492984693877551 0.7065934065934066 0.492984693877551 0.7 0.4917091836734694 0.6956043956043956 0.49043367346938777 0.689010989010989 0.48915816326530615 0.6846153846153846 0.48533163265306123 0.6802197802197802 0.48660714285714285 0.6868131868131868 0.48660714285714285 0.6912087912087912 0.48533163265306123 0.6934065934065934 0.48660714285714285 0.6978021978021978 0.48788265306122447 0.7 0.48788265306122447 0.7043956043956044 0.48915816326530615 0.710989010989011 0.48788265306122447 0.7175824175824176 0.49043367346938777 0.7241758241758242 0.49043367346938777 0.7285714285714285 0.49043367346938777 0.7373626373626374 0.492984693877551 0.7417582417582418 0.4942602040816326 0.7461538461538462 0.4955357142857143 0.7527472527472527 0.49808673469387754 0.7527472527472527 0.49808673469387754 0.7571428571428571 0.4955357142857143 0.7615384615384615 0.492984693877551 0.7681318681318682 0.4968112244897959 0.7791208791208791 0.4968112244897959 0.7857142857142857 0.4955357142857143 0.7945054945054945 0.492984693877551 0.8032967032967033 0.48915816326530615 0.8076923076923077 0.48915816326530615 0.8142857142857143 0.492984693877551 0.8208791208791208 0.5006377551020408 0.8252747252747252 0.5082908163265306 0.8296703296703297 0.5146683673469388 0.823076923076923 0.5197704081632653 0.8164835164835165 0.5223214285714286 0.8054945054945055 0.5248724489795918 0.7967032967032966 0.5248724489795918 0.7747252747252747 0.5223214285714286 0.7747252747252747 0.5223214285714286 0.7813186813186813 0.5223214285714286 0.7879120879120879
8 0.4764030612244898 0.6758241758241759 0.4725765306122449 0.6692307692307692 0.4764030612244898 0.6648351648351648 0.4725765306122449 0.6648351648351648 0.46875 0.6648351648351648 0.46619897959183676 0.6626373626373626 0.4674744897959184 0.667032967032967 0.46875 0.6714285714285714 0.47130102040816324 0.6736263736263737 0.47385204081632654 0.6736263736263737 0.47512755102040816 0.6802197802197802 0.47385204081632654 0.6846153846153846 0.4725765306122449 0.689010989010989 0.47385204081632654 0.6934065934065934 0.47130102040816324 0.7021978021978021 0.4700255102040816 0.6934065934065934 0.46875 0.6868131868131868 0.4674744897959184 0.6824175824175824 0.4649234693877551 0.6802197802197802 0.46364795918367346 0.6758241758241759 0.46364795918367346 0.6692307692307692 0.46364795918367346 0.6626373626373626 0.4610969387755102 0.6604395604395604 0.45982142857142855 0.6494505494505495 0.4572704081632653 0.656043956043956 0.4559948979591837 0.6604395604395604 0.4585459183673469 0.667032967032967 0.4610969387755102 0.6780219780219781 0.46237244897959184 0.6824175824175824 0.46619897959183676 0.6868131868131868 0.4674744897959184 0.6956043956043956 0.4700255102040816 0.7065934065934066 0.47385204081632654 0.6978021978021978 0.4764030612244898 0.689010989010989 0.4789540816326531 0.6824175824175824 0.47767857142857145 0.6758241758241759 0.4764030612244898 0.6758241758241759
8 0.47767857142857145 0.7483516483516484 0.47767857142857145 0.7373626373626374 0.47512755102040816 0.7285714285714285 0.47385204081632654 0.7131868131868132 0.47385204081632654 0.6978021978021978 0.4700255102040816 0.7065934065934066 0.47385204081632654 0.7241758241758242 0.47512755102040816 0.7417582417582418 0.4789540816326531 0.765934065934066 0.4815051020408163 0.7747252747252747 0.4840561224489796 0.7879120879120879 0.4840561224489796 0.7769230769230769 0.48660714285714285 0.7747252747252747 0.48278061224489793 0.7593406593406593 0.4802295918367347 0.7571428571428571 0.47767857142857145 0.7483516483516484
6 0.44834183673469385 0.7967032967032966 0.4457908163265306 0.798901098901099 0.44961734693877553 0.8010989010989011 0.4534438775510204 0.7967032967032966 0.4534438775510204 0.7901098901098901 0.45089285714285715 0.7923076923076923 0.44834183673469385 0.7967032967032966
8 0.43813775510204084 0.6692307692307692 0.4419642857142857 0.6648351648351648 0.4457908163265306 0.6626373626373626 0.4457908163265306 0.6582417582417582 0.43941326530612246 0.6604395604395604 0.43558673469387754 0.6626373626373626 0.4330357142857143 0.6648351648351648 0.4330357142857143 0.6736263736263737 0.43686224489795916 0.6824175824175824 0.43686224489795916 0.689010989010989 0.43686224489795916 0.6956043956043956 0.43941326530612246 0.7 0.4419642857142857 0.6912087912087912 0.4406887755102041 0.6846153846153846 0.43941326530612246 0.6802197802197802 0.43813775510204084 0.6692307692307692
8 0.43686224489795916 0.634065934065934 0.43686224489795916 0.6274725274725275 0.4343112244897959 0.6296703296703297 0.4317602040816326 0.6274725274725275 0.4292091836734694 0.6296703296703297 0.4292091836734694 0.6362637362637362 0.4317602040816326 0.6428571428571429 0.4317602040816326 0.6494505494505495 0.4343112244897959 0.656043956043956 0.43558673469387754 0.6516483516483517 0.4343112244897959 0.6450549450549451 0.43558673469387754 0.6406593406593407 0.43686224489795916 0.634065934065934
8 0.4215561224489796 0.5725274725274725 0.42028061224489793 0.5681318681318681 0.4164540816326531 0.5659340659340659 0.41517857142857145 0.5725274725274725 0.4177295918367347 0.5791208791208792 0.42283163265306123 0.5835164835164836 0.42410714285714285 0.5989010989010989 0.42665816326530615 0.6076923076923076 0.42793367346938777 0.6120879120879121 0.42665816326530615 0.5967032967032967 0.42538265306122447 0.5901098901098901 0.42538265306122447 0.5791208791208792 0.4215561224489796 0.5725274725274725
8 0.4343112244897959 0.6956043956043956 0.4343112244897959 0.6912087912087912 0.4317602040816326 0.689010989010989 0.430484693877551 0.6846153846153846 0.430484693877551 0.6802197802197802 0.42793367346938777 0.6692307692307692 0.42538265306122447 0.656043956043956 0.42410714285714285 0.6450549450549451 0.42283163265306123 0.6362637362637362 0.42028061224489793 0.6252747252747253 0.4190051020408163 0.6142857142857143 0.4164540816326531 0.6010989010989011 0.4164540816326531 0.5923076923076923 0.41517857142857145 0.5835164835164836 0.41262755102040816 0.5725274725274725 0.41135204081632654 0.5659340659340659 0.4075255102040816 0.5615384615384615 0.40369897959183676 0.5637362637362637 0.40369897959183676 0.5681318681318681 0.4049744897959184 0.5725274725274725 0.4075255102040816 0.5769230769230769 0.41135204081632654 0.5791208791208792 0.4139030612244898 0.5923076923076923 0.41135204081632654 0.5989010989010989 0.4139030612244898 0.6032967032967033 0.4139030612244898 0.6098901098901099 0.41262755102040816 0.6164835164835165 0.4139030612244898 0.6252747252747253 0.4139030612244898 0.634065934065934 0.4190051020408163 0.6428571428571429 0.4215561224489796 0.6516483516483517 0.42283163265306123 0.6604395604395604 0.42665816326530615 0.6736263736263737 0.42793367346938777 0.689010989010989 0.4292091836734694 0.6978021978021978 0.4292091836734694 0.7065934065934066 0.4292091836734694 0.7197802197802198 0.4292091836734694 0.7241758241758242 0.42665816326530615 0.7153846153846154 0.42665816326530615 0.7043956043956044 0.42538265306122447 0.6978021978021978 0.4215561224489796 0.6912087912087912 0.42028061224489793 0.6868131868131868 0.42283163265306123 0.7021978021978021 0.42410714285714285 0.710989010989011 0.42538265306122447 0.721978021978022 0.42538265306122447 0.7285714285714285 0.4215561224489796 0.7307692307692307 0.42028061224489793 0.7351648351648352 0.42665816326530615 0.7351648351648352 0.4317602040816326 0.7329670329670329 0.4343112244897959 0.7285714285714285 0.43558673469387754 0.7131868131868132 0.4343112244897959 0.7021978021978021 0.4343112244897959 0.6956043956043956
8 0.4190051020408163 0.6472527472527473 0.4139030612244898 0.634065934065934 0.41262755102040816 0.6384615384615384 0.4139030612244898 0.6472527472527473 0.41517857142857145 0.6538461538461539 0.4177295918367347 0.656043956043956 0.41517857142857145 0.656043956043956 0.41262755102040816 0.6428571428571429 0.4139030612244898 0.656043956043956 0.41517857142857145 0.6648351648351648 0.4164540816326531 0.6714285714285714 0.4190051020408163 0.6802197802197802 0.4215561224489796 0.6846153846153846 0.42283163265306123 0.6912087912087912 0.42538265306122447 0.6934065934065934 0.42793367346938777 0.689010989010989 0.42538265306122447 0.6824175824175824 0.42538265306122447 0.6736263736263737 0.42410714285714285 0.667032967032967 0.42283163265306123 0.6582417582417582 0.4190051020408163 0.6472527472527473
8 0.3947704081632653 0.5703296703296703 0.3934948979591837 0.5659340659340659 0.38839285714285715 0.5615384615384615 0.38584183673469385 0.5659340659340659 0.38839285714285715 0.5703296703296703 0.38966836734693877 0.5747252747252747 0.3934948979591837 0.5769230769230769 0.39732142857142855 0.5769230769230769 0.3985969387755102 0.5813186813186814 0.40114795918367346 0.5857142857142857 0.40369897959183676 0.5879120879120879 0.40369897959183676 0.5901098901098901 0.4067602040816326 0.5918681318681319 0.40369897959183676 0.5945054945054945 0.39987244897959184 0.5945054945054945 0.39987244897959184 0.5989010989010989 0.40114795918367346 0.6032967032967033 0.40369897959183676 0.6098901098901099 0.40369897959183676 0.6032967032967033 0.40369897959183676 0.5989010989010989 0.40625 0.5967032967032967 0.41135204081632654 0.5901098901098901 0.4075255102040816 0.5857142857142857 0.40369897959183676 0.5835164835164836 0.4024234693877551 0.5791208791208792 0.39987244897959184 0.5725274725274725 0.3947704081632653 0.5703296703296703
8 0.38839285714285715 0.5835164835164836 0.38711734693877553 0.5791208791208792 0.38584183673469385 0.5791208791208792 0.38584183673469385 0.5835164835164836 0.38456632653061223 0.5857142857142857 0.38584183673469385 0.5901098901098901 0.38711734693877553 0.5945054945054945 0.38966836734693877 0.5967032967032967 0.39221938775510207 0.5879120879120879 0.3909438775510204 0.5857142857142857 0.38966836734693877 0.5857142857142857 0.38839285714285715 0.5835164835164836
8 0.3909438775510204 0.6010989010989011 0.38839285714285715 0.5989010989010989 0.38839285714285715 0.6032967032967033 0.38966836734693877 0.6120879120879121 0.3909438775510204 0.6164835164835165 0.39221938775510207 0.6208791208791209 0.3934948979591837 0.6164835164835165 0.39221938775510207 0.6120879120879121 0.39221938775510207 0.6098901098901099 0.3909438775510204 0.6032967032967033 0.3909438775510204 0.6010989010989011
8 0.3934948979591837 0.6296703296703297 0.3947704081632653 0.634065934065934 0.3960459183673469 0.6318681318681318 0.3960459183673469 0.6274725274725275 0.3934948979591837 0.6230769230769231 0.39221938775510207 0.6252747252747253 0.3934948979591837 0.6296703296703297
8 0.37563775510204084 0.6648351648351648 0.37436224489795916 0.6714285714285714 0.37436224489795916 0.6780219780219781 0.37436224489795916 0.6868131868131868 0.3718112244897959 0.6824175824175824 0.367984693877551 0.6780219780219781 0.36543367346938777 0.6692307692307692 0.36288265306122447 0.6626373626373626 0.36033163265306123 0.656043956043956 0.35778061224489793 0.6472527472527473 0.3565051020408163 0.6384615384615384 0.35778061224489793 0.6318681318681318 0.36033163265306123 0.6384615384615384 0.36288265306122447 0.6472527472527473 0.36288265306122447 0.6406593406593407 0.36415816326530615 0.6384615384615384 0.36415816326530615 0.6428571428571429 0.3667091836734694 0.6450549450549451 0.36415816326530615 0.634065934065934 0.36415816326530615 0.6274725274725275 0.36288265306122447 0.6230769230769231 0.36160714285714285 0.6142857142857143 0.36160714285714285 0.6098901098901099 0.36033163265306123 0.6032967032967033 0.35778061224489793 0.6010989010989011 0.3565051020408163 0.6054945054945055 0.3565051020408163 0.5967032967032967 0.3552295918367347 0.5967032967032967 0.35267857142857145 0.6010989010989011 0.35267857142857145 0.6142857142857143 0.3539540816326531 0.6296703296703297 0.3539540816326531 0.6494505494505495 0.3565051020408163 0.6582417582417582 0.3590561224489796 0.667032967032967 0.36160714285714285 0.6736263736263737 0.36160714285714285 0.6802197802197802 0.36415816326530615 0.6846153846153846 0.367984693877551 0.6912087912087912 0.37308673469387754 0.6978021978021978 0.37691326530612246 0.7043956043956044 0.382015306122449 0.7065934065934066 0.3794642857142857 0.7 0.37691326530612246 0.689010989010989 0.37691326530612246 0.6758241758241759 0.37563775510204084 0.6648351648351648
8 0.36033163265306123 0.5791208791208792 0.36160714285714285 0.5769230769230769 0.36543367346938777 0.5703296703296703 0.36160714285714285 0.5703296703296703 0.36033163265306123 0.5681318681318681 0.3590561224489796 0.5681318681318681 0.3565051020408163 0.5747252747252747 0.3539540816326531 0.5791208791208792 0.3514030612244898 0.5813186813186814 0.3475765306122449 0.5879120879120879 0.3514030612244898 0.5879120879120879 0.3552295918367347 0.5901098901098901 0.3590561224489796 0.5945054945054945 0.36160714285714285 0.6010989010989011 0.36160714285714285 0.5901098901098901 0.36033163265306123 0.5857142857142857 0.3590561224489796 0.5813186813186814 0.36033163265306123 0.5791208791208792
8 0.3692602040816326 0.6076923076923076 0.3692602040816326 0.6010989010989011 0.367984693877551 0.6032967032967033 0.3667091836734694 0.6054945054945055 0.3667091836734694 0.6120879120879121 0.3692602040816326 0.6142857142857143 0.3692602040816326 0.6076923076923076
8 0.37021683673469385 0.6043956043956044 0.3705357142857143 0.6032967032967033 0.3718112244897959 0.5967032967032967 0.3705357142857143 0.5989010989010989 0.3692602040816326 0.6010989010989011 0.37021683673469385 0.6043956043956044
8 0.3692602040816326 0.5945054945054945 0.3692602040816326 0.5879120879120879 0.367984693877551 0.5835164835164836 0.36543367346938777 0.5857142857142857 0.36288265306122447 0.5879120879120879 0.36415816326530615 0.5923076923076923 0.367984693877551 0.5967032967032967 0.3692602040816326 0.6010989010989011 0.3692602040816326 0.5945054945054945
8 0.3475765306122449 0.6164835164835165 0.3475765306122449 0.6362637362637362 0.3475765306122449 0.6472527472527473 0.35012755102040816 0.6472527472527473 0.35012755102040816 0.634065934065934 0.34885204081632654 0.6208791208791209 0.3475765306122449 0.6010989010989011 0.3475765306122449 0.6164835164835165
8 0.34885204081632654 0.6824175824175824 0.34630102040816324 0.6780219780219781 0.3450255102040816 0.6868131868131868 0.3424744897959184 0.689010989010989 0.34119897959183676 0.6868131868131868 0.33864795918367346 0.6802197802197802 0.33482142857142855 0.6780219780219781 0.33482142857142855 0.6846153846153846 0.33864795918367346 0.6912087912087912 0.34119897959183676 0.6956043956043956 0.34375 0.7021978021978021 0.3450255102040816 0.6978021978021978 0.34885204081632654 0.6956043956043956 0.35012755102040816 0.6912087912087912 0.34885204081632654 0.6824175824175824
8 0.3335459183673469 0.7021978021978021 0.33482142857142855 0.7043956043956044 0.33864795918367346 0.7087912087912088 0.34119897959183676 0.7087912087912088 0.3399234693877551 0.7021978021978021 0.3360969387755102 0.7 0.33482142857142855 0.6956043956043956 0.3335459183673469 0.7021978021978021
0 0.5363520408163265 0.6054945054945055 0.5338010204081632 0.6230769230769231 0.5440051020408163 0.6362637362637362 0.5516581632653061 0.656043956043956 0.5593112244897959 0.6780219780219781 0.5771683673469388 0.7263736263736263 0.5860969387755102 0.7549450549450549 0.5975765306122449 0.7857142857142857 0.6090561224489796 0.8142857142857143 0.6001275510204082 0.7703296703296704 0.5656887755102041 0.667032967032967 0.5478316326530612 0.6208791208791209 0.5363520408163265 0.6054945054945055
0 0.4611323698979592 0 0.4559948979591837 0.031868131868131866 0.45216836734693877 0.05824175824175824 0.45216836734693877 0.0912087912087912 0.45089285714285715 0.15274725274725276 0.45216836734693877 0.1901098901098901 0.45471938775510207 0.20549450549450549 0.4572704081632653 0.22087912087912087 0.46237244897959184 0.22967032967032966 0.46364795918367346 0.24285714285714285 0.47512755102040816 0.24065934065934066 0.4725765306122449 0.23186813186813188 0.46875 0.22087912087912087 0.46364795918367346 0.20549450549450549 0.4610969387755102 0.1945054945054945 0.4585459183673469 0.17032967032967034 0.4585459183673469 0.12857142857142856 0.4610969387755102 0.08901098901098901 0.4610969387755102 0.06923076923076923 0.46364795918367346 0.04945054945054945 0.46619897959183676 0.01868131868131868 0.4694515306122449 0 0.4611323698979592 0
4 0.42028061224489793 0.1901098901098901 0.4190051020408163 0.19230769230769232 0.4190051020408163 0.1945054945054945 0.4215561224489796 0.1967032967032967 0.4215561224489796 0.1945054945054945 0.42283163265306123 0.1901098901098901 0.4215561224489796 0.1901098901098901 0.42028061224489793 0.1901098901098901
4 0.42283163265306123 0.12857142857142856 0.4215561224489796 0.13076923076923078 0.4215561224489796 0.13296703296703297 0.4215561224489796 0.13736263736263737 0.42283163265306123 0.13736263736263737 0.42538265306122447 0.13736263736263737 0.42665816326530615 0.13296703296703297 0.42538265306122447 0.12857142857142856 0.42283163265306123 0.12857142857142856
4 0.41262755102040816 0.15494505494505495 0.4139030612244898 0.15714285714285714 0.41517857142857145 0.15714285714285714 0.4164540816326531 0.15274725274725276 0.41517857142857145 0.15054945054945054 0.4139030612244898 0.15054945054945054 0.41262755102040816 0.15494505494505495