8 0.31639566395663954 0.8533190578158458 0.3150406504065041 0.8468950749464668 0.3136856368563686 0.8447537473233405 0.31233062330623307 0.8490364025695931 0.31233062330623307 0.8533190578158458 0.3136856368563686 0.8597430406852249 0.3136856368563686 0.8683083511777302 0.31233062330623307 0.8747323340471093 0.31097560975609756 0.8811563169164882 0.3136856368563686 0.8832976445396146 0.3150406504065041 0.8811563169164882 0.3150406504065041 0.8747323340471093 0.3150406504065041 0.8683083511777302 0.3150406504065041 0.8597430406852249 0.31639566395663954 0.8533190578158458
8 0.40311653116531165 0.7633832976445396 0.40176151761517614 0.7569593147751607 0.40040650406504064 0.7505353319057816 0.3976964769647697 0.7483940042826552 0.39634146341463417 0.7526766595289079 0.39498644986449866 0.7612419700214133 0.39498644986449866 0.7740899357601713 0.39498644986449866 0.7890792291220556 0.39498644986449866 0.7955032119914347 0.3976964769647697 0.797644539614561 0.3990514905149051 0.797644539614561 0.40311653116531165 0.797644539614561 0.40582655826558267 0.7933618843683083 0.40311653116531165 0.7869379014989293 0.40447154471544716 0.778372591006424 0.40447154471544716 0.7740899357601713 0.40311653116531165 0.7698072805139187 0.40311653116531165 0.7633832976445396
8 0.4654471544715447 0.5899357601713062 0.4627371273712737 0.5899357601713062 0.4600271002710027 0.5877944325481799 0.45867208672086723 0.5835117773019272 0.4546070460704607 0.5835117773019272 0.4573170731707317 0.5877944325481799 0.45867208672086723 0.5942184154175589 0.4627371273712737 0.5963597430406852 0.46815718157181574 0.5985010706638115 0.4735772357723577 0.5963597430406852 0.4735772357723577 0.5942184154175589 0.46680216802168023 0.5942184154175589 0.4654471544715447 0.5899357601713062
8 0.3800813008130081 0.7055674518201285 0.38414634146341464 0.7012847965738758 0.38685636856368566 0.6970021413276232 0.39092140921409213 0.6927194860813705 0.39227642276422764 0.6905781584582441 0.39498644986449866 0.6862955032119914 0.3976964769647697 0.6798715203426124 0.39498644986449866 0.6820128479657388 0.39227642276422764 0.6862955032119914 0.3895663956639566 0.6905781584582441 0.38550135501355015 0.6948608137044968 0.3814363143631436 0.6991434689507494 0.3787262872628726 0.7034261241970021 0.37601626016260165 0.7055674518201285 0.37330623306233063 0.7098501070663812 0.3692411924119241 0.7119914346895075 0.36653116531165314 0.7141327623126338 0.3638211382113821 0.7184154175588865 0.3624661246612466 0.7226980728051392 0.3638211382113821 0.7269807280513919 0.3678861788617886 0.7226980728051392 0.37330623306233063 0.7162740899357601 0.37601626016260165 0.7119914346895075 0.3800813008130081 0.7055674518201285
8 0.29471544715447157 0.7698072805139187 0.29878048780487804 0.7698072805139187 0.30149051490514905 0.7633832976445396 0.30013550135501355 0.7591006423982869 0.296070460704607 0.765524625267666 0.29065040650406504 0.765524625267666 0.287940379403794 0.771948608137045 0.28387533875338755 0.7762312633832976 0.279810298102981 0.7805139186295503 0.27710027100271 0.784796573875803 0.2784552845528455 0.7890792291220556 0.28252032520325204 0.7826552462526767 0.287940379403794 0.778372591006424 0.29200542005420055 0.771948608137045 0.29471544715447157 0.7698072805139187
8 0.3150406504065041 0.7612419700214133 0.31233062330623307 0.7591006423982869 0.30962059620596205 0.7591006423982869 0.30691056910569103 0.7591006423982869 0.30826558265582654 0.7612419700214133 0.30962059620596205 0.765524625267666 0.31097560975609756 0.7676659528907923 0.3136856368563686 0.771948608137045 0.31775067750677505 0.7698072805139187 0.31775067750677505 0.7633832976445396 0.31775067750677505 0.7569593147751607 0.3150406504065041 0.7569593147751607 0.3150406504065041 0.7612419700214133
8 0.3678861788617886 0.9732334047109208 0.3638211382113821 0.9732334047109208 0.3584010840108401 0.9732334047109208 0.3529810298102981 0.9710920770877944 0.3502710027100271 0.9646680942184154 0.3462059620596206 0.9603854389721628 0.3367208672086721 0.9539614561027837 0.3313008130081301 0.9539614561027837 0.32723577235772355 0.9518201284796574 0.32859078590785906 0.9453961456102784 0.3258807588075881 0.936830835117773 0.3231707317073171 0.9389721627408993 0.3218157181571816 0.949678800856531 0.3218157181571816 0.9582441113490364 0.3258807588075881 0.9625267665952891 0.3326558265582656 0.9603854389721628 0.3394308943089431 0.9625267665952891 0.3448509485094851 0.9668094218415417 0.3475609756097561 0.9710920770877944 0.3529810298102981 0.9753747323340471 0.3597560975609756 0.9796573875802997 0.36653116531165314 0.9796573875802997 0.37601626016260165 0.9775160599571735 0.3814363143631436 0.9710920770877944 0.38685636856368566 0.9625267665952891 0.3800813008130081 0.9646680942184154 0.37601626016260165 0.9689507494646681 0.3678861788617886 0.9732334047109208
8 0.34874661246612465 1 0.3475609756097561 0.9925053533190579 0.3475609756097561 0.9839400428265525 0.3489159891598916 0.9753747323340471 0.3448509485094851 0.9689507494646681 0.3421409214092141 0.9753747323340471 0.3421409214092141 0.9839400428265525 0.3434959349593496 0.9925053533190579 0.3434959349593496 1 0.34874661246612465 1
8 0.3258807588075881 0.9710920770877944 0.3258807588075881 0.9775160599571735 0.3258807588075881 0.9882226980728052 0.3245257452574526 0.9946466809421841 0.32859078590785906 0.9925053533190579 0.32994579945799457 0.9839400428265525 0.32994579945799457 0.9732334047109208 0.32859078590785906 0.9646680942184154 0.3258807588075881 0.9710920770877944
8 0.3213075880758808 1 0.32046070460704607 0.9946466809421841 0.32046070460704607 0.9882226980728052 0.32046070460704607 0.9796573875802997 0.31775067750677505 0.9710920770877944 0.3136856368563686 0.9732334047109208 0.3150406504065041 0.9860813704496788 0.3150406504065041 0.9946466809421841 0.31639566395663954 1 0.3213075880758808 1
8 0.34112466124661245 1 0.3421409214092141 0.9967880085653105 0.3407859078590786 0.9903640256959315 0.33807588075880757 0.9860813704496788 0.3340108401084011 0.9839400428265525 0.3313008130081301 0.9860813704496788 0.32994579945799457 0.9903640256959315 0.3340108401084011 0.9925053533190579 0.3367208672086721 0.9967880085653105 0.33976964769647694 1 0.34112466124661245 1
8 0.3353658536585366 0.9625267665952891 0.3353658536585366 0.9689507494646681 0.3353658536585366 0.9775160599571735 0.3340108401084011 0.9817987152034261 0.33807588075880757 0.9839400428265525 0.3394308943089431 0.9775160599571735 0.3394308943089431 0.9710920770877944 0.33807588075880757 0.9646680942184154 0.3353658536585366 0.9625267665952891
8 0.3055555555555556 0.784796573875803 0.296070460704607 0.7869379014989293 0.28387533875338755 0.7933618843683083 0.2757452574525745 0.7955032119914347 0.27439024390243905 0.80406852248394 0.30149051490514905 0.7955032119914347 0.30826558265582654 0.791220556745182 0.3136856368563686 0.7890792291220556 0.31639566395663954 0.784796573875803 0.3136856368563686 0.7826552462526767 0.3055555555555556 0.784796573875803
3 0.3624661246612466 0.9732334047109208 0.3705962059620596 0.9732334047109208 0.3814363143631436 0.9561027837259101 0.38685636856368566 0.9197002141327623 0.38279132791327913 0.8875802997858673 0.3800813008130081 0.8554603854389722 0.37466124661246614 0.8147751605995718 0.3502710027100271 0.797644539614561 0.32994579945799457 0.7762312633832976 0.30962059620596205 0.7698072805139187 0.29471544715447157 0.765524625267666 0.28523035230352306 0.7762312633832976 0.2703252032520325 0.778372591006424 0.266260162601626 0.784796573875803 0.26355013550135503 0.8126338329764454 0.258130081300813 0.8383297644539615 0.26490514905149054 0.8640256959314775 0.2784552845528455 0.8875802997858673 0.28929539295392953 0.9282655246252677 0.30691056910569103 0.9775160599571735 0.30691056910569103 0.9946466809421841 0.3150406504065041 0.9989293361884368 0.32723577235772355 0.9946466809421841 0.3421409214092141 0.9925053533190579 0.3516260162601626 0.9839400428265525 0.3624661246612466 0.9732334047109208
3 0.29065040650406504 0.9668094218415417 0.29878048780487804 0.9710920770877944 0.29200542005420055 0.9475374732334048 0.28523035230352306 0.9197002141327623 0.2757452574525745 0.8961456102783726 0.268970189701897 0.8747323340471093 0.26355013550135503 0.8597430406852249 0.2594850948509485 0.8511777301927195 0.2540650406504065 0.8490364025695931 0.25 0.8725910064239829 0.2621951219512195 0.9197002141327623 0.27439024390243905 0.9453961456102784 0.29065040650406504 0.9668094218415417
0 0.46045673848238483 1 0.45867208672086723 0.9903640256959315 0.4695121951219512 0.9903640256959315 0.47628726287262874 0.9775160599571735 0.4573170731707317 0.8683083511777302 0.4640921409214092 0.8340471092077087 0.49254742547425473 0.7762312633832976 0.5182926829268293 0.7141327623126338 0.5074525745257452 0.7012847965738758 0.42208672086720866 0.6220556745182013 0.4071815718157182 0.658458244111349 0.3882113821138211 0.6970021413276232 0.3394308943089431 0.7355460385438972 0.30420054200542007 0.7548179871520343 0.266260162601626 0.778372591006424 0.2486449864498645 0.8533190578158458 0.2676151761517615 0.9453961456102784 0.286811201897019 1 0.46045673848238483 1
0 0.5060975609756098 0.9967880085653105 0.5237127371273713 0.9946466809421841 0.5467479674796748 0.9839400428265525 0.5657181571815718 0.9668094218415417 0.5738482384823849 0.9453961456102784 0.5765582655826558 0.8426124197002142 0.5901084010840109 0.8340471092077087 0.6050135501355014 0.8211991434689507 0.5995934959349594 0.8083511777301927 0.5779132791327913 0.8190578158458244 0.5657181571815718 0.8254817987152034 0.5630081300813008 0.8383297644539615 0.5616531165311653 0.8897216274089935 0.5616531165311653 0.930406852248394 0.5562330623306233 0.9411134903640257 0.5440379403794038 0.9539614561027837 0.5277777777777778 0.9646680942184154 0.5060975609756098 0.9710920770877944 0.4735772357723577 0.9582441113490364 0.4749322493224932 0.9817987152034261 0.49525745257452575 0.9903640256959315 0.5060975609756098 0.9967880085653105