8 0.34548335974643424 0.7136842105263158 0.347068145800317 0.6905263157894737 0.3502377179080824 0.6757894736842105 0.3549920760697306 0.6547368421052632 0.358161648177496 0.6421052631578947 0.35974643423137875 0.6294736842105263 0.3676703645007924 0.6147368421052631 0.3724247226624406 0.6063157894736843 0.375594294770206 0.5894736842105263 0.37717908082408874 0.5831578947368421 0.37400950871632327 0.5789473684210527 0.35974643423137875 0.6126315789473684 0.35657686212361334 0.6021052631578947 0.35340729001584786 0.6 0.3486529318541997 0.6021052631578947 0.347068145800317 0.6105263157894737 0.3438985736925515 0.6294736842105263 0.3375594294770206 0.6505263157894737 0.33438985736925514 0.6652631578947369 0.3328050713153724 0.6694736842105263 0.32805071315372425 0.6842105263157895 0.3264659270998415 0.7010526315789474 0.3201267828843106 0.7178947368421053 0.3185419968304279 0.7494736842105263 0.32171156893819336 0.783157894736842 0.3248811410459588 0.7768421052631579 0.32805071315372425 0.7494736842105263 0.32805071315372425 0.7578947368421053 0.3328050713153724 0.7642105263157895 0.33914421553090335 0.7621052631578947 0.3438985736925515 0.7368421052631579 0.34548335974643424 0.7136842105263158
8 0.4421553090332805 0.4421052631578947 0.4469096671949287 0.4336842105263158 0.4532488114104596 0.43157894736842106 0.4500792393026941 0.42947368421052634 0.4469096671949287 0.42947368421052634 0.44532488114104596 0.42526315789473684 0.4437400950871632 0.4168421052631579 0.4437400950871632 0.4189473684210526 0.4421553090332805 0.43157894736842106 0.43898573692551507 0.4421052631578947 0.4421553090332805 0.4421052631578947
8 0.42630744849445323 0.5178947368421053 0.4294770206022187 0.5178947368421053 0.43106180665610144 0.5136842105263157 0.43106180665610144 0.5094736842105263 0.4294770206022187 0.5031578947368421 0.42789223454833597 0.5073684210526316 0.42789223454833597 0.511578947368421 0.42630744849445323 0.5178947368421053
8 0.3090332805071315 0.5178947368421053 0.30427892234548337 0.5178947368421053 0.2979397781299525 0.5368421052631579 0.30269413629160064 0.5284210526315789 0.3090332805071315 0.5178947368421053
8 0.28526148969889065 0.5810526315789474 0.2900158478605388 0.5705263157894737 0.294770206022187 0.56 0.2931854199683043 0.5536842105263158 0.2836767036450079 0.5663157894736842 0.2820919175911252 0.5768421052631579 0.2757527733755943 0.5852631578947368 0.27099841521394613 0.6168421052631579 0.2757527733755943 0.6 0.28526148969889065 0.5810526315789474
8 0.39461172741679873 0.4463157894736842 0.3866877971473851 0.45052631578947366 0.38510301109350237 0.45473684210526316 0.38351822503961963 0.47157894736842104 0.38193343898573695 0.47789473684210526 0.3787638668779715 0.4905263157894737 0.37400950871632327 0.5073684210526316 0.37083993660855785 0.5221052631578947 0.37400950871632327 0.5284210526315789 0.38193343898573695 0.5178947368421053 0.38827258320126784 0.5010526315789474 0.3898573692551506 0.4926315789473684 0.393026941362916 0.48210526315789476 0.39619651347068147 0.47368421052631576 0.3993660855784469 0.4673684210526316 0.40253565768621236 0.4442105263157895 0.39461172741679873 0.4463157894736842
8 0.3549920760697306 0.5094736842105263 0.3518225039619651 0.5094736842105263 0.3502377179080824 0.5221052631578947 0.358161648177496 0.5242105263157895 0.3629160063391442 0.511578947368421 0.3549920760697306 0.5094736842105263
8 0.5134706814580031 0.5831578947368421 0.5182250396196514 0.5831578947368421 0.5198098256735341 0.5789473684210527 0.5182250396196514 0.5663157894736842 0.5150554675118859 0.5684210526315789 0.5118858954041204 0.5726315789473684 0.5134706814580031 0.5831578947368421
8 0.4500792393026941 0.5747368421052632 0.45800316957210774 0.5642105263157895 0.4611727416798732 0.5473684210526316 0.4643423137876387 0.5305263157894737 0.4659270998415214 0.5157894736842106 0.4611727416798732 0.5136842105263157 0.45641838351822506 0.5263157894736842 0.4532488114104596 0.5431578947368421 0.4500792393026941 0.5684210526315789 0.4500792393026941 0.5747368421052632
8 0.2900158478605388 0.7178947368421053 0.27892234548335976 0.7094736842105264 0.27099841521394613 0.7052631578947368 0.26465927099841524 0.7031578947368421 0.2630744849445325 0.7263157894736842 0.26148969889064977 0.751578947368421 0.2630744849445325 0.7663157894736842 0.2694136291600634 0.7768421052631579 0.2820919175911252 0.7810526315789473 0.2931854199683043 0.7852631578947369 0.2979397781299525 0.7852631578947369 0.3058637083993661 0.7852631578947369 0.3153724247226624 0.7852631578947369 0.3201267828843106 0.7810526315789473 0.3201267828843106 0.7621052631578947 0.3153724247226624 0.7326315789473684 0.3185419968304279 0.7178947368421053 0.30269413629160064 0.7221052631578947 0.2900158478605388 0.7178947368421053
8 0.46275752773375595 0.6673684210526316 0.45641838351822506 0.6778947368421052 0.4595879556259905 0.6884210526315789 0.4675118858954041 0.6821052631578948 0.4722662440570523 0.6610526315789473 0.46275752773375595 0.6673684210526316
3 0.4611727416798732 0.39789473684210525 0.43898573692551507 0.42105263157894735 0.40729001584786056 0.4442105263157895 0.40253565768621236 0.47157894736842104 0.40570522979397783 0.4863157894736842 0.410459587955626 0.5031578947368421 0.4183835182250396 0.5031578947368421 0.4294770206022187 0.5010526315789474 0.43898573692551507 0.5031578947368421 0.4532488114104596 0.5157894736842106 0.4548335974643423 0.5368421052631579 0.44849445324881143 0.5747368421052632 0.4437400950871632 0.6042105263157894 0.4437400950871632 0.6168421052631579 0.4532488114104596 0.6105263157894737 0.46275752773375595 0.5978947368421053 0.47385103011093505 0.5810526315789474 0.48177496038034867 0.5621052631578948 0.4896988906497623 0.5431578947368421 0.49445324881141045 0.5242105263157895 0.5007923930269413 0.5052631578947369 0.5071315372424723 0.4842105263157895 0.5198098256735341 0.44842105263157894 0.5324881141045958 0.42105263157894735 0.5277337559429477 0.3936842105263158 0.48335974643423135 0.3684210526315789 0.4611727416798732 0.39789473684210525
8 0.4548335974643423 0.6 0.44849445324881143 0.6063157894736843 0.4437400950871632 0.6105263157894737 0.44849445324881143 0.6105263157894737 0.4532488114104596 0.6063157894736843 0.4595879556259905 0.5978947368421053 0.4548335974643423 0.6
8 0.5673534072900158 0.17684210526315788 0.5641838351822503 0.1726315789473684 0.5594294770206022 0.17473684210526316 0.554675118858954 0.17473684210526316 0.554675118858954 0.18105263157894738 0.5530903328050714 0.18736842105263157 0.554675118858954 0.19157894736842104 0.5578446909667195 0.19157894736842104 0.5578446909667195 0.1831578947368421 0.5594294770206022 0.17894736842105263 0.5641838351822503 0.17894736842105263 0.5673534072900158 0.17684210526315788
8 0.48811410459587956 0.511578947368421 0.48019017432646594 0.5410526315789473 0.48177496038034867 0.56 0.48811410459587956 0.5494736842105263 0.4976228209191759 0.5263157894736842 0.49920760697305866 0.5010526315789474 0.48811410459587956 0.511578947368421
8 0.3359746434231379 0.8252631578947368 0.30427892234548337 0.8294736842105264 0.2900158478605388 0.8252631578947368 0.2757527733755943 0.8168421052631579 0.27099841521394613 0.8273684210526315 0.2805071315372425 0.8378947368421052 0.30269413629160064 0.8378947368421052 0.31695721077654515 0.8378947368421052 0.32805071315372425 0.8336842105263158 0.3486529318541997 0.8252631578947368 0.3549920760697306 0.8105263157894737 0.35340729001584786 0.7768421052631579 0.3518225039619651 0.7957894736842105 0.34231378763866877 0.8147368421052632 0.3359746434231379 0.8252631578947368
8 0.5071315372424723 0.5305263157894737 0.5007923930269413 0.5410526315789473 0.5007923930269413 0.5557894736842105 0.5071315372424723 0.5389473684210526 0.5134706814580031 0.5221052631578947 0.5134706814580031 0.5157894736842106 0.5071315372424723 0.5305263157894737
8 0.39144215530903326 0.9831578947368421 0.3898573692551506 0.9873684210526316 0.39144215530903326 0.9894736842105263 0.39461172741679873 0.991578947368421 0.39619651347068147 0.9873684210526316 0.39619651347068147 0.9852631578947368 0.39144215530903326 0.9831578947368421
8 0.35974643423137875 0.9768421052631578 0.358161648177496 0.9831578947368421 0.35974643423137875 0.9894736842105263 0.3629160063391442 0.991578947368421 0.36450079239302696 0.9894736842105263 0.36608557844690964 0.9852631578947368 0.36608557844690964 0.9789473684210527 0.35974643423137875 0.9768421052631578
6 0.4865293185419968 0.37473684210526315 0.48177496038034867 0.37473684210526315 0.4849445324881141 0.37894736842105264 0.4928684627575277 0.37684210526315787 0.4976228209191759 0.3684210526315789 0.4976228209191759 0.3642105263157895 0.4960380348652932 0.35789473684210527 0.4928684627575277 0.3663157894736842 0.4865293185419968 0.37473684210526315
0 0.38827258320126784 0.2631578947368421 0.4215530903328051 0.2736842105263158 0.5324881141045958 0.06315789473684211 0.5166402535657686 0.04631578947368421 0.38827258320126784 0.2631578947368421
8 0.358161648177496 0.5347368421052632 0.35340729001584786 0.5368421052631579 0.35340729001584786 0.5494736842105263 0.3613312202852615 0.5452631578947369 0.3676703645007924 0.5410526315789473 0.37083993660855785 0.5263157894736842 0.3629160063391442 0.5305263157894737 0.358161648177496 0.5347368421052632
8 0.29952456418383516 0.6652631578947369 0.30269413629160064 0.6547368421052632 0.3058637083993661 0.631578947368421 0.2979397781299525 0.64 0.2931854199683043 0.6778947368421052 0.29952456418383516 0.6652631578947369
8 0.29952456418383516 0.7894736842105263 0.29952456418383516 0.7936842105263158 0.29952456418383516 0.8063157894736842 0.29952456418383516 0.8126315789473684 0.29952456418383516 0.8252631578947368 0.3011093502377179 0.8357894736842105 0.3058637083993661 0.8442105263157895 0.3058637083993661 0.8210526315789474 0.30427892234548337 0.8126315789473684 0.3058637083993661 0.7852631578947369 0.29952456418383516 0.7894736842105263
8 0.3264659270998415 0.6947368421052632 0.34072900158478603 0.631578947368421 0.3359746434231379 0.6294736842105263 0.31695721077654515 0.6947368421052632 0.3264659270998415 0.6947368421052632
6 0.4215530903328051 0.7031578947368421 0.4215530903328051 0.7073684210526315 0.42630744849445323 0.7073684210526315 0.4294770206022187 0.7052631578947368 0.42630744849445323 0.7031578947368421 0.4215530903328051 0.7031578947368421
8 0.32805071315372425 0.6526315789473685 0.3248811410459588 0.6463157894736842 0.3248811410459588 0.6610526315789473 0.32805071315372425 0.6526315789473685
8 0.3153724247226624 0.8315789473684211 0.312202852614897 0.8357894736842105 0.3185419968304279 0.8357894736842105 0.32805071315372425 0.8336842105263158 0.329635499207607 0.8273684210526315 0.3312202852614897 0.8231578947368421 0.3201267828843106 0.8294736842105264 0.3153724247226624 0.8315789473684211
8 0.3518225039619651 0.6063157894736843 0.375594294770206 0.5389473684210526 0.37083993660855785 0.5368421052631579 0.347068145800317 0.5957894736842105 0.3518225039619651 0.6063157894736843
8 0.2900158478605388 0.8210526315789474 0.2836767036450079 0.8189473684210526 0.27892234548335976 0.8210526315789474 0.27892234548335976 0.8252631578947368 0.2836767036450079 0.8294736842105264 0.2836767036450079 0.8336842105263158 0.2884310618066561 0.8357894736842105 0.2931854199683043 0.8378947368421052 0.2979397781299525 0.8378947368421052 0.29952456418383516 0.8357894736842105 0.29952456418383516 0.8315789473684211 0.29635499207606975 0.8231578947368421 0.2900158478605388 0.8210526315789474
8 0.375594294770206 0.5347368421052632 0.37400950871632327 0.5368421052631579 0.3787638668779715 0.5389473684210526 0.3803486529318542 0.5389473684210526 0.3898573692551506 0.5347368421052632 0.38510301109350237 0.5326315789473685 0.3803486529318542 0.5326315789473685 0.3787638668779715 0.5305263157894737 0.375594294770206 0.5347368421052632
8 0.36450079239302696 0.9810526315789474 0.3613312202852615 0.9831578947368421 0.36450079239302696 0.991578947368421 0.3676703645007924 0.9873684210526316 0.36450079239302696 0.9810526315789474
8 0.5039619651347068 0.5431578947368421 0.5118858954041204 0.5305263157894737 0.5118858954041204 0.5178947368421053 0.5103011093502378 0.5242105263157895 0.5055467511885895 0.5136842105263157 0.5071315372424723 0.5284210526315789 0.5039619651347068 0.5431578947368421
1 0.35340729001584786 0.35157894736842105 0.347068145800317 0.35368421052631577 0.34231378763866877 0.36 0.34231378763866877 0.3705263157894737 0.347068145800317 0.37473684210526315 0.358161648177496 0.3663157894736842 0.3629160063391442 0.35368421052631577 0.35340729001584786 0.35157894736842105