8 0.30847723704866564 0.37289915966386555 0.28963893249607536 0.37289915966386555 0.2629513343799058 0.37710084033613445 0.2645211930926217 0.43592436974789917 0.3131868131868132 0.4485294117647059 0.3241758241758242 0.39810924369747897 0.30847723704866564 0.37289915966386555
8 0.2645211930926217 0.5220588235294118 0.2755102040816326 0.5934873949579832 0.27864992150706436 0.6880252100840336 0.28963893249607536 0.8182773109243697 0.3194662480376766 0.8035714285714286 0.32888540031397173 0.7426470588235294 0.3226059654631083 0.6880252100840336 0.3194662480376766 0.6060924369747899 0.31475667189952905 0.532563025210084 0.2645211930926217 0.5220588235294118
8 0.35243328100470955 0.5388655462184874 0.347723704866562 0.5598739495798319 0.3555729984301413 0.6123949579831933 0.3665620094191523 0.5913865546218487 0.3728414442700157 0.5409663865546218 0.35243328100470955 0.5388655462184874
8 0.4089481946624804 0.3602941176470588 0.38226059654631084 0.3602941176470588 0.391679748822606 0.5535714285714286 0.4026687598116169 0.47584033613445376 0.4073783359497645 0.4275210084033613 0.4089481946624804 0.3602941176470588
8 0.37006109262166403 0.2995722394957983 0.34301412872841447 0.2699579831932773 0.3555729984301413 0.30987394957983194 0.36813186813186816 0.32668067226890757 0.37006109262166403 0.2995722394957983
8 0.39481946624803765 0.32668067226890757 0.37127158555729983 0.28256302521008403 0.37006109262166403 0.2995722394957983 0.39481946624803765 0.32668067226890757
0 0.41571635949764524 1 0.3963893249607535 0.9086134453781513 0.38069073783359497 0.8413865546218487 0.37598116169544743 0.7846638655462185 0.3728414442700157 0.7027310924369747 0.3728414442700157 0.6775210084033614 0.4654631083202512 0.625 0.47017268445839877 0.555672268907563 0.4387755102040816 0.5724789915966386 0.41993720565149134 0.582983193277311 0.39952904238618525 0.5934873949579832 0.4042386185243328 0.4947478991596639 0.42464678178963894 0.3581932773109244 0.43563579277864994 0.30987394957983194 0.4827315541601256 0.27415966386554624 0.43563579277864994 0.1880252100840336 0.32103610675039246 0.26365546218487396 0.3021978021978022 0.2762605042016807 0.29277864992150704 0.2846638655462185 0.2755102040816326 0.2930672268907563 0.25510204081632654 0.2972689075630252 0.2566718995290424 0.34558823529411764 0.2566718995290424 0.4317226890756303 0.2629513343799058 0.5157563025210085 0.26766091051805335 0.5913865546218487 0.2943485086342229 0.8224789915966386 0.3226059654631083 0.8308823529411765 0.3414442700156986 0.8161764705882353 0.37127158555729983 0.9716386554621849 0.3555729984301413 0.9947478991596639 0.32731554160125587 0.9842436974789915 0.3317307692307692 1 0.41571635949764524 1
0 0.47331240188383045 0.20903361344537816 0.5125588697017268 0.16911764705882354 0.5125588697017268 0.14390756302521007 0.5031397174254317 0.125 0.4811616954474097 0.1207983193277311 0.44505494505494503 0.125 0.42464678178963894 0.13130252100840337 0.41365777080062793 0.1207983193277311 0.39952904238618525 0.11659663865546219 0.38854003139717425 0.13130252100840337 0.36970172684458397 0.14390756302521007 0.35243328100470955 0.16701680672268907 0.32888540031397173 0.17542016806722688 0.3053375196232339 0.18172268907563024 0.28335949764521196 0.18592436974789917 0.22841444270015698 0.18592436974789917 0.18288854003139718 0.20063025210084034 0.17660910518053374 0.22584033613445378 0.18288854003139718 0.26365546218487396 0.21585557299843014 0.2930672268907563 0.28335949764521196 0.28886554621848737 0.3226059654631083 0.2657563025210084 0.35086342229199374 0.24474789915966386 0.4073783359497645 0.20693277310924368 0.4230769230769231 0.19432773109243698 0.4387755102040816 0.19222689075630253 0.4497645211930926 0.22163865546218486 0.47331240188383045 0.20903361344537816
0 0.47331240188383045 0.2867647058823529 0.45918367346938777 0.26785714285714285 0.4403453689167975 0.30567226890756305 0.42778649921507067 0.34978991596638653 0.4152276295133438 0.421218487394958 0.40580847723704866 0.5136554621848739 0.4042386185243328 0.5871848739495799 0.41836734693877553 0.5787815126050421 0.45290423861852436 0.5493697478991597 0.4717425431711146 0.5178571428571429 0.4811616954474097 0.4485294117647059 0.4858712715855573 0.4023109243697479 0.4921507064364207 0.36659663865546216 0.4937205651491366 0.34138655462184875 0.48430141287284145 0.33088235294117646 0.4748822605965463 0.3119747899159664 0.4858712715855573 0.30567226890756305 0.5141287284144427 0.2972689075630252 0.521978021978022 0.26365546218487396 0.47331240188383045 0.2867647058823529
3 0.5376766091051806 0.30357142857142855 0.5062794348508635 0.3014705882352941 0.47802197802197804 0.3119747899159664 0.4827315541601256 0.328781512605042 0.4937205651491366 0.3476890756302521 0.5047095761381476 0.3539915966386555 0.5235478806907379 0.3434873949579832 0.5455259026687598 0.3245798319327731 0.5376766091051806 0.30357142857142855
0 0.6365777080062794 0.16071428571428573 0.5832025117739403 0.2552521008403361 0.5376766091051806 0.3161764705882353 0.521978021978022 0.32668067226890757 0.4937205651491366 0.3224789915966387 0.47802197802197804 0.3182773109243697 0.489010989010989 0.3897058823529412 0.5 0.3939075630252101 0.5141287284144427 0.38340336134453784 0.5376766091051806 0.3581932773109244 0.5643642072213501 0.32037815126050423 0.597331240188383 0.26365546218487396 0.6145996860282574 0.23004201680672268 0.630298273155416 0.19852941176470587 0.6444270015698587 0.16491596638655462 0.6365777080062794 0.16071428571428573