8 0.5097026605633803 1 0.5105633802816901 0.9889779559118237 0.5147887323943662 0.8206412825651302 0.5091549295774648 0.8186372745490982 0.49654852253521126 1 0.5097026605633803 1
8 0.5316901408450704 0.5961923847695391 0.5387323943661971 0.5541082164328658 0.530281690140845 0.5541082164328658 0.5246478873239436 0.6002004008016032 0.526056338028169 0.6382765531062125 0.530281690140845 0.6322645290581163 0.5316901408450704 0.5961923847695391
8 0.5528169014084507 0.6382765531062125 0.5514084507042254 0.7424849699398798 0.5612676056338028 0.7424849699398798 0.5640845070422535 0.6322645290581163 0.5528169014084507 0.6382765531062125
8 0.5767605633802817 0.624248496993988 0.5753521126760563 0.688376753507014 0.5795774647887324 0.6863727454909819 0.5823943661971831 0.624248496993988 0.5767605633802817 0.624248496993988
8 0.7316901408450704 0.39178356713426854 0.7316901408450704 0.3396793587174349 0.7288732394366197 0.22344689378757515 0.7232394366197183 0.0871743486973948 0.721830985915493 0.05911823647294589 0.7147887323943662 0.06513026052104208 0.7232394366197183 0.23947895791583165 0.7246478873239437 0.3156312625250501 0.7246478873239437 0.3897795591182365 0.7316901408450704 0.46392785571142287 0.7401408450704225 0.5200400801603207 0.7485915492957746 0.5220440881763527 0.7387323943661972 0.467935871743487 0.7316901408450704 0.39178356713426854
8 0.6246478873239436 0.40981963927855714 0.6232528507042253 0.24507109418837675 0.6133802816901408 0.18537074148296592 0.6204225352112676 0.405811623246493 0.6246478873239436 0.40981963927855714
8 0.6345070422535212 0.3837675350701403 0.6415492957746479 0.375751503006012 0.6415492957746479 0.3557114228456914 0.623541247887324 0.24681505811623247 0.6288732394366198 0.30561122244488975 0.6345070422535212 0.3837675350701403
8 0.5274647887323943 0.34769539078156314 0.530281690140845 0.4278557114228457 0.5373239436619718 0.4278557114228457 0.5316901408450704 0.343687374749499 0.5274647887323943 0.34769539078156314
8 0.6218309859154929 0.42985971943887774 0.6288732394366198 0.48396793587174347 0.6330985915492958 0.4819639278557114 0.6260563380281691 0.42985971943887774 0.6218309859154929 0.42985971943887774
8 0.6204225352112676 0.564128256513026 0.6260563380281691 0.6002004008016032 0.6330985915492958 0.5961923847695391 0.6260563380281691 0.5581162324649298 0.6204225352112676 0.564128256513026
8 0.6007042253521127 0.6382765531062125 0.606338028169014 0.6282565130260521 0.5964788732394366 0.5601202404809619 0.5880281690140845 0.5681362725450901 0.5880281690140845 0.6382765531062125 0.5922535211267606 0.6362725450901804 0.5950704225352113 0.6042084168336673 0.6007042253521127 0.6382765531062125
1 0.7258492126760563 0 0.7302816901408451 0.10721442885771543 0.7345070422535211 0.23146292585170342 0.7401408450704225 0.2595190380761523 0.745774647887324 0.3496993987975952 0.7429577464788732 0.3697394789579158 0.7443661971830986 0.405811623246493 0.75 0.437875751503006 0.7514084507042254 0.47995991983967934 0.7584507042253521 0.5240480961923848 0.7669014084507042 0.5220440881763527 0.7612676056338028 0.4338677354709419 0.7528169014084507 0.3256513026052104 0.745774647887324 0.21142284569138275 0.7359154929577465 0.07715430861723446 0.7345070422535211 0.02905811623246493 0.731103285915493 0 0.7258492126760563 0
8 0.48098591549295777 0.4559118236472946 0.46267605633802816 0.6763527054108216 0.4697183098591549 0.6803607214428857 0.4866197183098592 0.45991983967935873 0.48098591549295777 0.4559118236472946
3 0.6542253521126761 0.5721442885771543 0.6823943661971831 0.5440881763527055 0.7105633802816902 0.5280561122244489 0.7035211267605633 0.4559118236472946 0.6485915492957747 0.5040080160320641 0.606338028169014 0.5440881763527055 0.5654929577464789 0.6002004008016032 0.5992957746478873 0.6402805611222445 0.6147887323943662 0.6122244488977956 0.6373239436619719 0.5901803607214429 0.6542253521126761 0.5721442885771543
3 0.5288732394366197 0.6723446893787575 0.526056338028169 0.7224448897795591 0.5401408450704225 0.7264529058116233 0.5429577464788733 0.6703406813627254 0.5288732394366197 0.6723446893787575
3 0.5577992957746479 1 0.5584507042253521 0.998997995991984 0.5767605633802817 0.9428857715430862 0.5725352112676056 0.906813627254509 0.5598591549295775 0.8086172344689379 0.5415492957746478 0.7805611222444889 0.5119718309859155 0.7324649298597194 0.45704225352112676 0.7665330661322646 0.4471830985915493 0.8507014028056112 0.44859154929577466 0.9549098196392786 0.4596142070422535 1 0.5577992957746479 1
3 0.15 0.9228456913827655 0.16549295774647887 0.9448897795591182 0.2176056338028169 0.9529058116232465 0.2612676056338028 0.8967935871743486 0.26830985915492955 0.8527054108216433 0.2584507042253521 0.8086172344689379 0.2035211267605634 0.7905811623246493 0.14859154929577464 0.7905811623246493 0.15 0.9228456913827655
3 0.721830985915493 0.38577154308617234 0.7359154929577465 0.39579158316633267 0.75 0.3817635270541082 0.7556338028169014 0.35771543086172347 0.75 0.2835671342685371 0.7471830985915493 0.23947895791583165 0.721830985915493 0.22545090180360722 0.7161971830985916 0.2374749498997996 0.7190140845070423 0.30360721442885774 0.721830985915493 0.38577154308617234
3 0.3974178408450704 0 0.38098591549295774 0.025050100200400802 0.41619718309859155 0.44589178356713427 0.44014084507042256 0.6943887775551102 0.4669014084507042 0.7044088176352705 0.5640845070422535 0.5881763527054108 0.6852112676056338 0.4619238476953908 0.7077464788732394 0.43587174348697394 0.7105633802816902 0.35370741482965934 0.7091549295774648 0.17935871743486975 0.6950704225352112 0.13527054108216433 0.6922535211267605 0.011022044088176353 0.6656941647887323 0 0.6218661971830985 0 0.5922535211267606 0.02905811623246493 0.5387323943661971 0.11122244488977956 0.4992957746478873 0.10120240480961924 0.44351008028169014 0 0.3974178408450704 0
0 0.645774647887324 0.5420841683366734 0.6880281690140845 0.49599198396793587 0.7091549295774648 0.45791583166332667 0.7091549295774648 0.4278557114228457 0.6091549295774648 0.5320641282565131 0.5401408450704225 0.6142284569138277 0.4640845070422535 0.7144288577154309 0.42183098591549295 0.7685370741482966 0.45985915492957746 0.7464929859719439 0.5190140845070422 0.6803607214428857 0.5669014084507042 0.6222444889779559 0.6161971830985915 0.5741482965931863 0.645774647887324 0.5420841683366734