6 0.5850877192982457 0.05944055944055944 0.5394736842105263 0.0641025641025641 0.4903508771929825 0.08275058275058275 0.45 0.19230769230769232 0.42894736842105263 0.25524475524475526 0.5324561403508772 0.2762237762237762 0.6394736842105263 0.25524475524475526 0.6675438596491228 0.13403263403263405 0.6798245614035088 0.07342657342657342 0.625438596491228 0.05710955710955711 0.5850877192982457 0.05944055944055944
0 0.6587719298245615 0.34382284382284384 0.6517543859649123 0.32051282051282054 0.618421052631579 0.2878787878787879 0.6447368421052632 0.25524475524475526 0.5429824561403509 0.23193473193473194 0.5008771929824561 0.22494172494172493 0.4605263157894737 0.2529137529137529 0.42719298245614035 0.2529137529137529 0.39210526315789473 0.31585081585081587 0.46403508771929824 0.3111888111888112 0.4956140350877193 0.3414918414918415 0.506140350877193 0.38578088578088576 0.5008771929824561 0.42773892773892774 0.4728070175438597 0.4766899766899767 0.4482456140350877 0.458041958041958 0.4236842105263158 0.5722610722610723 0.45 0.6212121212121212 0.5482456140350878 0.513986013986014 0.5815789473684211 0.49533799533799533 0.5833333333333334 0.5256410256410257 0.6412280701754386 0.42074592074592077 0.6535087719298246 0.3787878787878788 0.6587719298245615 0.34382284382284384
8 0.4307017543859649 0.5699300699300699 0.44298245614035087 0.5303030303030303 0.4535087719298246 0.4627039627039627 0.38859649122807016 0.5023310023310024 0.3675438596491228 0.5186480186480187 0.3605263157894737 0.5722610722610723 0.37280701754385964 0.5932400932400932 0.36929824561403507 0.6631701631701632 0.3815789473684211 0.6701631701631702 0.4149122807017544 0.7074592074592074 0.437719298245614 0.6864801864801865 0.44649122807017544 0.6235431235431236 0.4307017543859649 0.5699300699300699
8 0.5991228070175438 0.3741258741258741 0.6096491228070176 0.3344988344988345 0.6114035087719298 0.3041958041958042 0.6078947368421053 0.2902097902097902 0.6043859649122807 0.27855477855477856 0.6114035087719298 0.25990675990675993 0.5956140350877193 0.26223776223776224 0.5991228070175438 0.30186480186480186 0.6008771929824561 0.3298368298368298 0.5956140350877193 0.3508158508158508 0.5850877192982457 0.39044289044289043 0.5885964912280702 0.4114219114219114 0.593859649122807 0.3951048951048951 0.5991228070175438 0.3741258741258741
8 0.5184210526315789 0.46736596736596736 0.5026315789473684 0.4603729603729604 0.493859649122807 0.479020979020979 0.48333333333333334 0.5163170163170163 0.4780701754385965 0.5396270396270396 0.47982456140350876 0.5675990675990676 0.4903508771929825 0.5326340326340326 0.5026315789473684 0.5116550116550117 0.5149122807017544 0.49533799533799533 0.5184210526315789 0.46736596736596736
8 0.5289473684210526 0.5163170163170163 0.5482456140350878 0.5046620046620046 0.5780701754385965 0.47435897435897434 0.5570175438596491 0.486013986013986 0.5236842105263158 0.5116550116550117 0.5289473684210526 0.5163170163170163
8 0.5587719298245614 0.4557109557109557 0.5289473684210526 0.4766899766899767 0.525438596491228 0.4976689976689977 0.5482456140350878 0.4813519813519814 0.5605263157894737 0.4766899766899767 0.5780701754385965 0.46503496503496505 0.5728070175438597 0.43006993006993005 0.5657894736842105 0.4393939393939394 0.5587719298245614 0.4557109557109557
8 0.537719298245614 0.42074592074592077 0.5342105263157895 0.44871794871794873 0.5324561403508772 0.46736596736596736 0.5447368421052632 0.44638694638694637 0.5570175438596491 0.4324009324009324 0.5570175438596491 0.42074592074592077 0.5482456140350878 0.41375291375291373 0.537719298245614 0.42074592074592077
8 0.5570175438596491 0.2902097902097902 0.5552631578947368 0.3275058275058275 0.5535087719298246 0.3554778554778555 0.5447368421052632 0.3787878787878788 0.5394736842105263 0.4114219114219114 0.5570175438596491 0.3974358974358974 0.5622807017543859 0.32284382284382285 0.5640350877192982 0.28088578088578087 0.5570175438596491 0.2902097902097902
8 0.5429824561403509 0.3741258741258741 0.5552631578947368 0.3531468531468531 0.5552631578947368 0.3111888111888112 0.5429824561403509 0.33916083916083917 0.5429824561403509 0.3741258741258741
8 0.5517543859649123 0.29953379953379955 0.5552631578947368 0.27855477855477856 0.5324561403508772 0.28554778554778554 0.5271929824561403 0.32517482517482516 0.537719298245614 0.3321678321678322 0.5517543859649123 0.29953379953379955
8 0.49736842105263157 0.3275058275058275 0.5096491228070176 0.3508158508158508 0.5149122807017544 0.32284382284382285 0.5219298245614035 0.2925407925407925 0.4956140350877193 0.2902097902097902 0.49736842105263157 0.3135198135198135 0.49736842105263157 0.3275058275058275
8 0.5219298245614035 0.24825174825174826 0.5271929824561403 0.25524475524475526 0.5517543859649123 0.24592074592074592 0.5535087719298246 0.21794871794871795 0.5219298245614035 0.21794871794871795 0.4903508771929825 0.23426573426573427 0.5219298245614035 0.24825174825174826
8 0.5921052631578947 0.07575757575757576 0.6008771929824561 0.05944055944055944 0.6043859649122807 0.04312354312354312 0.5973684210526315 0.0337995337995338 0.5815789473684211 0.047785547785547784 0.5728070175438597 0.11771561771561771 0.5587719298245614 0.18764568764568765 0.5605263157894737 0.20862470862470864 0.5692982456140351 0.18298368298368298 0.5780701754385965 0.12937062937062938 0.5833333333333334 0.09906759906759907 0.5921052631578947 0.07575757575757576
8 0.5657894736842105 0.06643356643356643 0.5482456140350878 0.15967365967365968 0.537719298245614 0.21328671328671328 0.5535087719298246 0.21328671328671328 0.5622807017543859 0.168997668997669 0.5728070175438597 0.10839160839160839 0.5780701754385965 0.0641025641025641 0.5657894736842105 0.06643356643356643
8 0.5657894736842105 0.06643356643356643 0.55 0.07575757575757576 0.537719298245614 0.1456876456876457 0.5271929824561403 0.1853146853146853 0.5219298245614035 0.20862470862470864 0.5271929824561403 0.21794871794871795 0.537719298245614 0.175990675990676 0.5482456140350878 0.1247086247086247 0.5605263157894737 0.08508158508158509 0.5657894736842105 0.06643356643356643
8 0.55 0.07575757575757576 0.5394736842105263 0.07575757575757576 0.5236842105263158 0.155011655011655 0.5131578947368421 0.18065268065268064 0.5078947368421053 0.21794871794871795 0.5184210526315789 0.21794871794871795 0.5271929824561403 0.18764568764568765 0.537719298245614 0.14102564102564102 0.5464912280701755 0.09906759906759907 0.55 0.07575757575757576
8 0.5184210526315789 0.13403263403263405 0.5043859649122807 0.1853146853146853 0.4956140350877193 0.21561771561771562 0.493859649122807 0.2296037296037296 0.506140350877193 0.2202797202797203 0.5149122807017544 0.18065268065268064 0.5271929824561403 0.1386946386946387 0.5307017543859649 0.10606060606060606 0.5184210526315789 0.13403263403263405
8 0.4885964912280702 0.20163170163170163 0.47982456140350876 0.23892773892773891 0.4921052631578947 0.22261072261072262 0.506140350877193 0.175990675990676 0.506140350877193 0.15268065268065267 0.49736842105263157 0.16200466200466201 0.4885964912280702 0.20163170163170163
8 0.493859649122807 0.17132867132867133 0.5026315789473684 0.15734265734265734 0.5026315789473684 0.14335664335664336 0.493859649122807 0.16200466200466201 0.493859649122807 0.17132867132867133
8 0.4710526315789474 0.22727272727272727 0.46403508771929824 0.24825174825174826 0.4763157894736842 0.2365967365967366 0.48333333333333334 0.19463869463869463 0.4885964912280702 0.168997668997669 0.4780701754385965 0.17132867132867133 0.4710526315789474 0.22727272727272727
8 0.4570175438596491 0.2505827505827506 0.4728070175438597 0.21794871794871795 0.4780701754385965 0.168997668997669 0.4587719298245614 0.22727272727272727 0.4570175438596491 0.2505827505827506
8 0.44649122807017544 0.2505827505827506 0.46228070175438596 0.20862470862470864 0.4763157894736842 0.16666666666666666 0.46403508771929824 0.16666666666666666 0.44649122807017544 0.2505827505827506
8 0.4570175438596491 0.30652680652680653 0.4675438596491228 0.32051282051282054 0.47982456140350876 0.32517482517482516 0.493859649122807 0.3275058275058275 0.493859649122807 0.28321678321678323 0.4710526315789474 0.28088578088578087 0.4587719298245614 0.2878787878787879 0.4570175438596491 0.30652680652680653
8 0.5131578947368421 0.38578088578088576 0.5149122807017544 0.36946386946386944 0.5078947368421053 0.34382284382284384 0.4956140350877193 0.34615384615384615 0.5131578947368421 0.38578088578088576
5 0.6464912280701754 0.26456876456876455 0.625438596491228 0.2692307692307692 0.6219298245614036 0.2972027972027972 0.6324561403508772 0.3135198135198135 0.6482456140350877 0.3181818181818182 0.7201754385964912 0.2529137529137529 0.6868421052631579 0.25524475524475526 0.6464912280701754 0.26456876456876455
0 0.7166666666666667 0.23892773892773891 0.6570175438596492 0.24592074592074592 0.6271929824561403 0.25524475524475526 0.593859649122807 0.25524475524475526 0.5745614035087719 0.2738927738927739 0.6131578947368421 0.2762237762237762 0.6570175438596492 0.2715617715617716 0.6903508771929825 0.2692307692307692 0.7131578947368421 0.2668997668997669 0.7429824561403509 0.23892773892773891 0.7728070175438596 0.21095571095571095 0.7903508771929825 0.18764568764568765 0.8026315789473685 0.16433566433566432 0.8114035087719298 0.1247086247086247 0.8026315789473685 0.11538461538461539 0.7921052631578948 0.15268065268065267 0.7710526315789473 0.1853146853146853 0.7429824561403509 0.21561771561771562 0.7166666666666667 0.23892773892773891