8 0.4125874125874126 0.822429906542056 0.4230769230769231 0.8084112149532711 0.4353146853146853 0.8084112149532711 0.458041958041958 0.8084112149532711 0.4632867132867133 0.7827102803738317 0.46853146853146854 0.7336448598130841 0.4737762237762238 0.6822429906542056 0.4597902097902098 0.6799065420560748 0.44755244755244755 0.6752336448598131 0.4353146853146853 0.6565420560747663 0.42132867132867136 0.6285046728971962 0.4370629370629371 0.6308411214953271 0.44755244755244755 0.6238317757009346 0.46678321678321677 0.6051401869158879 0.46678321678321677 0.5934579439252337 0.47027972027972026 0.5747663551401869 0.486013986013986 0.5654205607476636 0.4982517482517482 0.5514018691588785 0.506993006993007 0.5210280373831776 0.5157342657342657 0.5233644859813084 0.5104895104895105 0.5490654205607477 0.5034965034965035 0.5677570093457944 0.5 0.5911214953271028 0.513986013986014 0.5654205607476636 0.5227272727272727 0.5490654205607477 0.534965034965035 0.5350467289719626 0.5437062937062938 0.5257009345794392 0.5367132867132867 0.5210280373831776 0.5437062937062938 0.5116822429906542 0.5559440559440559 0.5093457943925234 0.5611888111888111 0.5 0.5734265734265734 0.4953271028037383 0.5804195804195804 0.4953271028037383 0.583916083916084 0.5046728971962616 0.5751748251748252 0.5070093457943925 0.5541958041958042 0.5210280373831776 0.534965034965035 0.5467289719626168 0.5227272727272727 0.5584112149532711 0.5122377622377622 0.5794392523364486 0.5 0.6074766355140186 0.49125874125874125 0.6285046728971962 0.48426573426573427 0.6565420560747663 0.4807692307692308 0.6752336448598131 0.4825174825174825 0.6915887850467289 0.4755244755244755 0.7126168224299065 0.47027972027972026 0.7453271028037384 0.46853146853146854 0.764018691588785 0.46853146853146854 0.7967289719626168 0.46853146853146854 0.8154205607476636 0.46853146853146854 0.8294392523364486 0.45104895104895104 0.8317757009345794 0.42657342657342656 0.8317757009345794
8 0.6083916083916084 0.5070093457943925 0.6206293706293706 0.5070093457943925 0.6311188811188811 0.514018691588785 0.6223776223776224 0.5186915887850467 0.6136363636363636 0.514018691588785 0.6101398601398601 0.5116822429906542
8 0.6293706293706294 0.6425233644859814 0.6416083916083916 0.6355140186915887 0.6590909090909091 0.6285046728971962 0.6783216783216783 0.6121495327102804 0.6748251748251748 0.6261682242990654 0.6590909090909091 0.6425233644859814 0.6503496503496503 0.6495327102803738 0.6398601398601399 0.6588785046728972 0.6276223776223776 0.6565420560747663
0 0.8583916083916084 0.4532710280373832 0.8881118881118881 0.37149532710280375 0.9055944055944056 0.2967289719626168 0.9143356643356644 0.32009345794392524 0.8846153846153846 0.42990654205607476
0 0.9108391608391608 0.29906542056074764 0.9178321678321678 0.26401869158878505 0.9300699300699301 0.2383177570093458 0.9388111888111889 0.2546728971962617 0.9353146853146853 0.28738317757009346 0.9300699300699301 0.3294392523364486 0.9213286713286714 0.338785046728972
3 0.5786713286713286 0.48598130841121495 0.5087412587412588 0.5186915887850467 0.46853146853146854 0.5397196261682243 0.4143356643356643 0.6214953271028038 0.42832167832167833 0.6542056074766355 0.4458041958041958 0.6822429906542056 0.47202797202797203 0.6939252336448598 0.48426573426573427 0.6495327102803738 0.5034965034965035 0.5771028037383178 0.5262237762237763 0.5397196261682243
8 0.8531468531468531 0.45093457943925236 0.7884615384615384 0.5163551401869159 0.784965034965035 0.5023364485981309 0.8496503496503497 0.42990654205607476
3 0.9230769230769231 0.21728971962616822 0.9055944055944056 0.2336448598130841 0.9020979020979021 0.2570093457943925 0.9073426573426573 0.2827102803738318 0.9108391608391608 0.2967289719626168 0.9213286713286714 0.25934579439252337 0.9283216783216783 0.24299065420560748
0 0.6625874125874126 0.6144859813084113 0.6416083916083916 0.6191588785046729 0.6363636363636364 0.6144859813084113 0.6398601398601399 0.5817757009345794 0.6398601398601399 0.5490654205607477 0.6311188811188811 0.5257009345794392 0.6118881118881119 0.5186915887850467 0.5926573426573427 0.5186915887850467 0.5891608391608392 0.5280373831775701 0.6031468531468531 0.5467289719626168 0.6083916083916084 0.5747663551401869 0.6048951048951049 0.5864485981308412 0.6118881118881119 0.6051401869158879 0.6153846153846154 0.6191588785046729 0.6171328671328671 0.6542056074766355 0.6206293706293706 0.6658878504672897 0.6346153846153846 0.6658878504672897 0.6520979020979021 0.6518691588785047 0.666083916083916 0.6355140186915887 0.6730769230769231 0.6238317757009346
0 0.4090909090909091 0.616822429906542 0.44755244755244755 0.6261682242990654 0.46678321678321677 0.6308411214953271 0.49475524475524474 0.6401869158878505 0.49125874125874125 0.6705607476635514 0.4737762237762238 0.6752336448598131 0.4458041958041958 0.6752336448598131 0.4353146853146853 0.6495327102803738
0 0.5804195804195804 0.7686915887850467 0.5506993006993007 0.8014018691588785 0.5052447552447552 0.822429906542056 0.479020979020979 0.8084112149532711 0.4825174825174825 0.7663551401869159 0.49125874125874125 0.677570093457944 0.5034965034965035 0.6285046728971962 0.5262237762237763 0.5747663551401869 0.5472027972027972 0.5607476635514018 0.5681818181818182 0.5607476635514018 0.5909090909090909 0.572429906542056 0.6013986013986014 0.5887850467289719 0.6083916083916084 0.6098130841121495 0.6118881118881119 0.6285046728971962 0.6136363636363636 0.6565420560747663 0.6118881118881119 0.6985981308411215 0.5961538461538461 0.7313084112149533
8 0.49125874125874125 0.6238317757009346 0.5017482517482518 0.6308411214953271 0.49475524475524474 0.6588785046728972 0.49125874125874125 0.6799065420560748 0.48426573426573427 0.7032710280373832 0.4825174825174825 0.7289719626168224 0.479020979020979 0.764018691588785 0.4807692307692308 0.7897196261682243 0.4825174825174825 0.8177570093457944 0.46853146853146854 0.8247663551401869 0.46853146853146854 0.7710280373831776 0.47027972027972026 0.7266355140186916