8 0.5874233128834356 0.6177884615384616 0.5782208588957055 0.625 0.5720858895705522 0.6274038461538461 0.5674846625766872 0.6442307692307693 0.5812883435582822 0.6514423076923077 0.5874233128834356 0.6490384615384616 0.5950920245398773 0.6442307692307693 0.6058282208588958 0.6394230769230769 0.6180981595092024 0.6322115384615384 0.6257668711656442 0.6201923076923077 0.6349693251533742 0.6081730769230769 0.6226993865030674 0.6081730769230769 0.6088957055214724 0.6129807692307693 0.598159509202454 0.6177884615384616 0.5874233128834356 0.6177884615384616
8 0.5383435582822086 0.5240384615384616 0.5475460122699386 0.5192307692307693 0.5444785276073619 0.5072115384615384 0.5153374233128835 0.5072115384615384 0.5030674846625767 0.5120192307692307 0.50920245398773 0.5264423076923077 0.5383435582822086 0.5240384615384616
3 0.553680981595092 0.59375 0.5705521472392638 0.625 0.602760736196319 0.6105769230769231 0.6380368098159509 0.5793269230769231 0.6595092024539877 0.5216346153846154 0.6794478527607362 0.4543269230769231 0.6932515337423313 0.4230769230769231 0.696319018404908 0.38221153846153844 0.6426380368098159 0.4254807692307692 0.5920245398773006 0.4639423076923077 0.5521472392638037 0.5192307692307693 0.553680981595092 0.59375
3 0.5214723926380368 0.6442307692307693 0.50920245398773 0.6730769230769231 0.5214723926380368 0.7043269230769231 0.5460122699386503 0.7259615384615384 0.5659509202453987 0.7451923076923077 0.598159509202454 0.7355769230769231 0.6441717791411042 0.6971153846153846 0.6595092024539877 0.6899038461538461 0.6779141104294478 0.6706730769230769 0.691717791411043 0.6634615384615384 0.6993865030674846 0.6322115384615384 0.6871165644171779 0.5793269230769231 0.6671779141104295 0.5793269230769231 0.6349693251533742 0.5865384615384616 0.5567484662576687 0.5817307692307693 0.5306748466257669 0.6153846153846154 0.5214723926380368 0.6442307692307693
3 0.3389570552147239 0.5552884615384616 0.3604294478527607 0.5841346153846154 0.37116564417177916 0.625 0.40797546012269936 0.6730769230769231 0.4263803680981595 0.6490384615384616 0.4432515337423313 0.6370192307692307 0.455521472392638 0.6274038461538461 0.455521472392638 0.5649038461538461 0.4432515337423313 0.5120192307692307 0.4233128834355828 0.49038461538461536 0.39723926380368096 0.4831730769230769 0.3558282208588957 0.49278846153846156 0.34049079754601225 0.5072115384615384 0.3389570552147239 0.5552884615384616
5 0.09815950920245399 0.5024038461538461 0.09815950920245399 0.47836538461538464 0.05214723926380368 0.44471153846153844 0.049079754601226995 0.4951923076923077 0.0950920245398773 0.5456730769230769 0.09815950920245399 0.5024038461538461
8 0.1549079754601227 0.7620192307692307 0.1411042944785276 0.7620192307692307 0.14570552147239263 0.7740384615384616 0.16717791411042945 0.7836538461538461 0.18404907975460122 0.78125 0.1901840490797546 0.7836538461538461 0.19938650306748465 0.7764423076923077 0.19325153374233128 0.7740384615384616 0.18404907975460122 0.7692307692307693 0.16717791411042945 0.7644230769230769 0.1549079754601227 0.7620192307692307
0 0.06595092024539877 0.6442307692307693 0.08128834355828221 0.6538461538461539 0.08742331288343558 0.6466346153846154 0.07975460122699386 0.6346153846153846 0.0705521472392638 0.625 0.06288343558282208 0.6225961538461539 0.05828220858895705 0.6322115384615384 0.06134969325153374 0.6394230769230769 0.06595092024539877 0.6442307692307693
3 0.49079754601226994 0.6418269230769231 0.5061349693251533 0.6682692307692307 0.5138036809815951 0.6538461538461539 0.5260736196319018 0.6129807692307693 0.5352760736196319 0.5889423076923077 0.5429447852760736 0.5745192307692307 0.5398773006134969 0.5600961538461539 0.5260736196319018 0.5432692307692307 0.5030674846625767 0.5384615384615384 0.48619631901840493 0.5576923076923077 0.4785276073619632 0.6177884615384616 0.49079754601226994 0.6418269230769231
0 0.6042944785276073 0.7355769230769231 0.6319018404907976 0.7139423076923077 0.6211656441717791 0.6802884615384616 0.5996932515337423 0.6947115384615384 0.5736196319018405 0.7043269230769231 0.5429447852760736 0.6442307692307693 0.5306748466257669 0.5985576923076923 0.5122699386503068 0.6105769230769231 0.5107361963190185 0.6826923076923077 0.558282208588957 0.7524038461538461 0.5766871165644172 0.75 0.588957055214724 0.7403846153846154 0.6042944785276073 0.7355769230769231
3 0.1058282208588957 0.6346153846153846 0.08588957055214724 0.6129807692307693 0.06441717791411043 0.6009615384615384 0.05061349693251534 0.625 0.07208588957055215 0.6538461538461539 0.10122699386503067 0.6778846153846154 0.11503067484662577 0.6754807692307693 0.1058282208588957 0.6346153846153846
0 0.4386503067484663 0.27884615384615385 0.44631901840490795 0.30288461538461536 0.44785276073619634 0.21153846153846154 0.44785276073619634 0.12259615384615384 0.4371165644171779 0.12740384615384615 0.4386503067484663 0.27884615384615385