0 0.7565674255691769 0.703962703962704 0.7688266199649737 0.696969696969697 0.7810858143607706 0.6853146853146853 0.7880910683012259 0.6783216783216783 0.8021015761821366 0.6713286713286714 0.8143607705779334 0.6596736596736597 0.8266199649737302 0.6526806526806527 0.8441330998248686 0.6456876456876457 0.861646234676007 0.6410256410256411 0.8984238178633975 0.6223776223776224 0.9176882661996497 0.6060606060606061 0.9422066549912435 0.585081585081585 0.9369527145359019 0.5944055944055944 0.8949211908931699 0.6317016317016317 0.8844133099824869 0.6363636363636364 0.8686514886164624 0.6456876456876457 0.8581436077057794 0.6503496503496503 0.851138353765324 0.655011655011655 0.840630472854641 0.6596736596736597 0.8336252189141856 0.6643356643356644 0.8213660245183888 0.6713286713286714 0.7915936952714536 0.6876456876456877 0.7828371278458844 0.6946386946386947 0.7723292469352014 0.703962703962704 0.7635726795096323 0.710955710955711 0.7495621716287215 0.717948717948718 0.7408056042031523 0.7226107226107226 0.7302977232924693 0.7272727272727273 0.723292469352014 0.7296037296037297 0.7302977232924693 0.7202797202797203 0.7425569176882661 0.7132867132867133 0.7495621716287215 0.7062937062937062
0 0.5971978984238179 0.752913752913753 0.6007005253940455 0.7435897435897436 0.6042031523642732 0.7365967365967366 0.6182136602451839 0.7296037296037297 0.637478108581436 0.7272727272727273 0.6619964973730298 0.7202797202797203 0.6795096322241682 0.7156177156177156 0.6952714535901926 0.7132867132867133 0.7057793345008757 0.7132867132867133 0.712784588441331 0.717948717948718 0.7162872154115587 0.7226107226107226 0.7092819614711033 0.7296037296037297 0.702276707530648 0.7319347319347319 0.6865148861646234 0.7365967365967366 0.670753064798599 0.7412587412587412 0.658493870402802 0.7435897435897436 0.6427320490367776 0.7482517482517482 0.6287215411558669 0.752913752913753 0.6164623467600701 0.7575757575757576 0.6059544658493871 0.7575757575757576 0.6024518388791593 0.7575757575757576
0 0.5464098073555166 0.5198135198135199 0.5604203152364273 0.5268065268065268 0.5726795096322241 0.5314685314685315 0.5849387040280211 0.5314685314685315 0.5989492119089317 0.5314685314685315 0.6164623467600701 0.5291375291375291 0.6304728546409807 0.5268065268065268 0.647985989492119 0.5221445221445221 0.658493870402802 0.5221445221445221 0.6672504378283712 0.5174825174825175 0.6672504378283712 0.5314685314685315 0.6654991243432574 0.5361305361305362 0.6532399299474606 0.5384615384615384 0.6427320490367776 0.5407925407925408 0.626970227670753 0.5407925407925408 0.6094570928196147 0.5431235431235432 0.5954465849387041 0.5454545454545454 0.574430823117338 0.5454545454545454 0.563922942206655 0.5431235431235432 0.5569176882661997 0.5361305361305362 0.5481611208406305 0.5314685314685315
3 0.7320490367775832 0.6410256410256411 0.7408056042031523 0.6293706293706294 0.7495621716287215 0.6107226107226107 0.7443082311733801 0.5827505827505828 0.7600700525394045 0.5664335664335665 0.7740805604203153 0.5617715617715617 0.7793345008756567 0.5687645687645687 0.7863397548161121 0.5897435897435898 0.7915936952714536 0.6317016317016317 0.7828371278458844 0.6480186480186481 0.7653239929947461 0.6713286713286714 0.7548161120840631 0.675990675990676 0.7425569176882661 0.668997668997669 0.7355516637478109 0.6666666666666666 0.7302977232924693 0.6596736596736597 0.7302977232924693 0.6526806526806527
8 0.7600700525394045 0.634032634032634 0.7618213660245184 0.6433566433566433 0.7618213660245184 0.6526806526806527 0.7583187390542907 0.6643356643356644 0.7583187390542907 0.6713286713286714 0.7618213660245184 0.6736596736596736 0.7688266199649737 0.668997668997669 0.7740805604203153 0.6643356643356644 0.7775831873905429 0.6596736596736597 0.7723292469352014 0.6526806526806527 0.7688266199649737 0.6456876456876457 0.7653239929947461 0.6386946386946387
8 0.9369527145359019 0.5594405594405595 0.9439579684763573 0.5547785547785548 0.9527145359019265 0.5524475524475524 0.9597197898423818 0.5454545454545454 0.9632224168126094 0.5407925407925408 0.9667250437828371 0.5337995337995338 0.9649737302977233 0.5291375291375291 0.9614711033274956 0.5337995337995338 0.9562171628721541 0.5384615384615384 0.9492119089316988 0.5431235431235432 0.9457092819614711 0.5501165501165501
8 0.9264448336252189 0.5034965034965035 0.9316987740805605 0.5034965034965035 0.9334500875656743 0.5081585081585082 0.9387040280210157 0.5034965034965035 0.9439579684763573 0.4988344988344988 0.9474605954465849 0.49417249417249415 0.9527145359019265 0.48717948717948717 0.9562171628721541 0.4825174825174825 0.9527145359019265 0.4801864801864802 0.9474605954465849 0.48717948717948717 0.9422066549912435 0.49417249417249415 0.9387040280210157 0.49417249417249415 0.9334500875656743 0.49417249417249415 0.9299474605954466 0.4965034965034965 0.9264448336252189 0.5011655011655012
8 0.9176882661996497 0.5221445221445221 0.9229422066549913 0.5174825174825175 0.9299474605954466 0.5128205128205128 0.9299474605954466 0.5198135198135199 0.9352014010507881 0.5198135198135199 0.9422066549912435 0.5198135198135199 0.9492119089316988 0.5174825174825175 0.9509632224168126 0.5198135198135199 0.9492119089316988 0.5244755244755245 0.9422066549912435 0.5244755244755245 0.9352014010507881 0.5244755244755245 0.9281961471103327 0.5268065268065268 0.9229422066549913 0.5291375291375291 0.9194395796847635 0.5314685314685315 0.9176882661996497 0.5268065268065268
6 0.861646234676007 0.5501165501165501 0.861646234676007 0.5361305361305362 0.8633975481611208 0.5384615384615384 0.8651488616462347 0.5454545454545454 0.8651488616462347 0.5524475524475524 0.8633975481611208 0.5547785547785548
6 0.861646234676007 0.5571095571095571 0.87215411558669 0.5501165501165501 0.882661996497373 0.5407925407925408 0.8914185639229422 0.5361305361305362 0.8896672504378283 0.5454545454545454 0.8774080560420315 0.5571095571095571 0.8686514886164624 0.5641025641025641
3 0.521891418563923 0.7062937062937062 0.5271453590192644 0.6876456876456877 0.532399299474606 0.6596736596736597 0.5376532399299475 0.6293706293706294 0.5516637478108581 0.6130536130536131 0.5674255691768827 0.6153846153846154 0.5796847635726795 0.6247086247086248 0.5884413309982487 0.634032634032634 0.5919439579684763 0.6456876456876457 0.5831873905429071 0.662004662004662 0.5674255691768827 0.6806526806526807 0.5516637478108581 0.6923076923076923 0.5376532399299475 0.7062937062937062 0.5288966725043783 0.710955710955711
3 0.7758318739054291 0.6736596736596736 0.8003502626970228 0.6526806526806527 0.819614711033275 0.634032634032634 0.8388791593695272 0.6153846153846154 0.8528896672504378 0.6060606060606061 0.8633975481611208 0.6083916083916084 0.8633975481611208 0.6247086247086248 0.8493870402802102 0.6363636363636364 0.8353765323992994 0.6456876456876457 0.819614711033275 0.655011655011655 0.8056042031523643 0.662004662004662 0.7933450087565674 0.6713286713286714 0.7845884413309983 0.6783216783216783
3 0.9527145359019265 0.5081585081585082 0.9299474605954466 0.5198135198135199 0.9124343257443083 0.5431235431235432 0.9019264448336253 0.5571095571095571 0.8879159369527145 0.578088578088578 0.87215411558669 0.5967365967365967 0.8686514886164624 0.6130536130536131 0.882661996497373 0.6107226107226107 0.8984238178633975 0.6037296037296037 0.9141856392294221 0.5944055944055944 0.9299474605954466 0.5827505827505828 0.9457092819614711 0.5687645687645687 0.9614711033274956 0.5477855477855478 0.9719789842381786 0.5244755244755245 0.9632224168126094 0.5081585081585082 0.9562171628721541 0.5081585081585082
3 0.500875656742557 0.7365967365967366 0.5288966725043783 0.7272727272727273 0.563922942206655 0.7202797202797203 0.6007005253940455 0.710955710955711 0.626970227670753 0.703962703962704 0.6532399299474606 0.6946386946386947 0.6830122591943958 0.6993006993006993 0.702276707530648 0.7086247086247086 0.7057793345008757 0.7272727272727273 0.6847635726795096 0.745920745920746 0.658493870402802 0.7575757575757576 0.6304728546409807 0.7762237762237763 0.6147110332749562 0.7972027972027972 0.5971978984238179 0.8111888111888111 0.5726795096322241 0.8135198135198135 0.5499124343257443 0.8065268065268065 0.5306479859894921 0.7948717948717948 0.5166374781085814 0.7832167832167832 0.5026269702276708 0.7692307692307693 0.500875656742557 0.7505827505827506
2 0.9614711033274956 0.5174825174825175 0.9474605954465849 0.5291375291375291 0.9422066549912435 0.5384615384615384 0.9387040280210157 0.5501165501165501 0.9492119089316988 0.5477855477855478 0.9562171628721541 0.5407925407925408 0.957968476357268 0.5291375291375291
2 0.6042031523642732 0.6806526806526807 0.6164623467600701 0.675990675990676 0.626970227670753 0.6806526806526807 0.6339754816112084 0.6899766899766899 0.6287215411558669 0.7016317016317016 0.6164623467600701 0.7062937062937062 0.6077057793345009 0.7062937062937062 0.6042031523642732 0.696969696969697 0.6024518388791593 0.6923076923076923
2 0.5989492119089317 0.7552447552447552 0.6024518388791593 0.745920745920746 0.6059544658493871 0.7365967365967366 0.6182136602451839 0.7319347319347319 0.6462346760070052 0.7226107226107226 0.6725043782837128 0.717948717948718 0.691768826619965 0.7132867132867133 0.702276707530648 0.7156177156177156 0.7040280210157618 0.7272727272727273 0.6952714535901926 0.7342657342657343 0.6795096322241682 0.7389277389277389 0.658493870402802 0.745920745920746 0.6427320490367776 0.7505827505827506 0.626970227670753 0.7552447552447552 0.6147110332749562 0.7575757575757576 0.6042031523642732 0.7599067599067599
8 0.8336252189141856 0.5967365967365967 0.8318739054290718 0.6083916083916084 0.8318739054290718 0.6177156177156177 0.840630472854641 0.6130536130536131 0.8423817863397548 0.6037296037296037 0.8441330998248686 0.5944055944055944 0.8388791593695272 0.5874125874125874
8 0.6444833625218914 0.5664335664335665 0.6532399299474606 0.5710955710955711 0.660245183887916 0.5734265734265734 0.6672504378283712 0.5710955710955711 0.6619964973730298 0.5617715617715617 0.6549912434325744 0.5571095571095571
8 0.5901926444833625 0.7272727272727273 0.5989492119089317 0.7319347319347319 0.6077057793345009 0.7296037296037297 0.6199649737302977 0.7226107226107226 0.6287215411558669 0.7202797202797203 0.6357267950963222 0.717948717948718 0.6462346760070052 0.717948717948718 0.658493870402802 0.7132867132867133 0.6672504378283712 0.710955710955711 0.6760070052539404 0.7132867132867133 0.6865148861646234 0.7132867132867133 0.6970227670753065 0.7062937062937062 0.7040280210157618 0.7016317016317016 0.7110332749562172 0.6993006993006993 0.7215411558669002 0.6899766899766899 0.7285464098073555 0.682983682983683 0.7285464098073555 0.675990675990676 0.7180385288966725 0.6783216783216783 0.7075306479859895 0.682983682983683 0.6952714535901926 0.6853146853146853 0.6865148861646234 0.6899766899766899 0.6865148861646234 0.696969696969697 0.6847635726795096 0.703962703962704 0.6777583187390543 0.7086247086247086 0.6742556917688266 0.703962703962704 0.6777583187390543 0.6993006993006993 0.6777583187390543 0.6923076923076923 0.670753064798599 0.6923076923076923 0.6619964973730298 0.6923076923076923 0.6532399299474606 0.6946386946386947 0.6427320490367776 0.696969696969697 0.6339754816112084 0.6946386946386947 0.6217162872154116 0.6899766899766899 0.6217162872154116 0.6899766899766899 0.6147110332749562 0.6899766899766899 0.6112084063047285 0.6853146853146853 0.6077057793345009 0.6899766899766899 0.6077057793345009 0.6946386946386947 0.6007005253940455 0.6923076923076923 0.6042031523642732 0.7016317016317016 0.6094570928196147 0.703962703962704 0.6164623467600701 0.703962703962704 0.6217162872154116 0.703962703962704 0.6199649737302977 0.7086247086247086 0.6112084063047285 0.710955710955711 0.6059544658493871 0.7132867132867133 0.6024518388791593 0.7132867132867133 0.5954465849387041 0.717948717948718 0.5884413309982487 0.7156177156177156 0.5814360770577933 0.7132867132867133 0.5726795096322241 0.717948717948718 0.5656742556917689 0.7226107226107226 0.5604203152364273 0.7249417249417249 0.5446584938704028 0.7272727272727273 0.5359019264448336 0.7319347319347319 0.5306479859894921 0.7342657342657343 0.532399299474606 0.7389277389277389 0.5394045534150613 0.7342657342657343 0.5446584938704028 0.7319347319347319
8 0.5516637478108581 0.7692307692307693 0.542907180385289 0.7668997668997669 0.5341506129597198 0.7668997668997669 0.5376532399299475 0.7599067599067599 0.5394045534150613 0.7575757575757576 0.5341506129597198 0.752913752913753 0.5411558669001751 0.745920745920746 0.5464098073555166 0.7435897435897436 0.5551663747810858 0.7389277389277389 0.5586690017513135 0.7412587412587412 0.5551663747810858 0.752913752913753 0.5516637478108581 0.7599067599067599
8 0.5026269702276708 0.7342657342657343 0.4991243432574431 0.7482517482517482 0.5026269702276708 0.7622377622377622 0.5043782837127846 0.7715617715617715 0.5078809106830122 0.7832167832167832 0.5148861646234676 0.7878787878787878 0.5236427320490368 0.7925407925407926 0.5306479859894921 0.7995337995337995 0.5394045534150613 0.8088578088578089 0.553415061295972 0.8135198135198135 0.5621716287215411 0.8181818181818182 0.5709281961471103 0.8205128205128205 0.5779334500875657 0.8181818181818182 0.5936952714535902 0.7972027972027972 0.5884413309982487 0.7948717948717948 0.5814360770577933 0.7995337995337995 0.574430823117338 0.8041958041958042 0.5621716287215411 0.8041958041958042 0.553415061295972 0.7995337995337995 0.5446584938704028 0.7925407925407926 0.5446584938704028 0.7925407925407926 0.5464098073555166 0.7878787878787878 0.5359019264448336 0.7925407925407926 0.5376532399299475 0.7855477855477856 0.5341506129597198 0.7785547785547785 0.5271453590192644 0.7785547785547785 0.521891418563923 0.7808857808857809 0.5148861646234676 0.7738927738927739 0.51138353765324 0.7668997668997669 0.5131348511383538 0.7599067599067599 0.5131348511383538 0.752913752913753 0.5183887915936952 0.7505827505827506 0.5183887915936952 0.7412587412587412 0.51138353765324 0.7365967365967366 0.5043782837127846 0.7319347319347319 0.4973730297723292 0.7249417249417249 0.4903677758318739 0.7249417249417249 0.48336252189141854 0.7226107226107226 0.4816112084063047 0.7272727272727273 0.4868651488616462 0.7319347319347319 0.4938704028021016 0.7319347319347319 0.4956217162872154 0.7342657342657343
8 0.5604203152364273 0.6526806526806527 0.5656742556917689 0.6503496503496503 0.5726795096322241 0.6456876456876457 0.5761821366024519 0.6456876456876457 0.5709281961471103 0.655011655011655 0.5656742556917689 0.662004662004662 0.5604203152364273 0.662004662004662
8 0.5359019264448336 0.6526806526806527 0.542907180385289 0.6526806526806527 0.5499124343257443 0.6503496503496503 0.5516637478108581 0.6456876456876457 0.5569176882661997 0.6480186480186481 0.5569176882661997 0.655011655011655 0.553415061295972 0.6596736596736597 0.5411558669001751 0.662004662004662 0.5359019264448336 0.6596736596736597
8 0.553415061295972 0.627039627039627 0.563922942206655 0.6293706293706294 0.574430823117338 0.627039627039627 0.5849387040280211 0.6223776223776224 0.5936952714535902 0.62004662004662 0.5971978984238179 0.6177156177156177 0.5919439579684763 0.6293706293706294 0.5814360770577933 0.6363636363636364 0.5709281961471103 0.6410256410256411 0.5569176882661997 0.6410256410256411 0.5499124343257443 0.6410256410256411 0.5499124343257443 0.6317016317016317
3 0.8178633975481612 0.32634032634032634 0.8966725043782837 0.2913752913752914 0.9211908931698775 0.2634032634032634 0.9387040280210157 0.2680652680652681 0.9316987740805605 0.317016317016317 0.9194395796847635 0.3822843822843823 0.9106830122591943 0.44522144522144524 0.7950963222416813 0.5291375291375291 0.7110332749562172 0.5734265734265734 0.6760070052539404 0.5547785547785548 0.6690017513134852 0.5104895104895105 0.658493870402802 0.40326340326340326 0.6619964973730298 0.3822843822843823 0.6777583187390543 0.3682983682983683 0.712784588441331 0.3613053613053613
6 0.28021015761821366 0.6363636363636364 0.26970227670753066 0.627039627039627 0.27495621716287216 0.6247086247086248 0.27495621716287216 0.6107226107226107 0.27845884413309985 0.62004662004662
8 0.6865148861646234 0.5337995337995338 0.7653239929947461 0.4988344988344988 0.7898423817863398 0.49417249417249415 0.7338003502626971 0.5477855477855478 0.7110332749562172 0.5617715617715617 0.6970227670753065 0.5710955710955711 0.7057793345008757 0.5804195804195804 0.6865148861646234 0.578088578088578
8 0.36777583187390545 0.5174825174825175 0.4133099824868651 0.5128205128205128 0.4273204903677758 0.5268065268065268 0.4220665499124343 0.5337995337995338 0.4133099824868651 0.5361305361305362 0.4098073555166375 0.5407925407925408 0.37302977232924694 0.5454545454545454 0.36427320490367776 0.5431235431235432 0.3607705779334501 0.5291375291375291
0 0.3502626970227671 0.5454545454545454 0.3905429071803853 0.5314685314685315 0.4308231173380035 0.5291375291375291 0.4763572679509632 0.5361305361305362 0.5078809106830122 0.5361305361305362 0.521891418563923 0.5291375291375291 0.5411558669001751 0.5221445221445221 0.5814360770577933 0.5337995337995338 0.6654991243432574 0.5268065268065268 0.6725043782837128 0.5337995337995338 0.6742556917688266 0.5571095571095571 0.6830122591943958 0.5757575757575758 0.6987740805604203 0.5734265734265734 0.9001751313485113 0.4592074592074592 0.9369527145359019 0.4382284382284382 0.9439579684763573 0.40559440559440557 0.9457092819614711 0.3682983682983683 0.9597197898423818 0.34265734265734266 0.978984238178634 0.40093240093240096 0.978984238178634 0.42424242424242425 0.9807355516637478 0.4755244755244755 0.9754816112084063 0.5221445221445221 0.9632224168126094 0.5571095571095571 0.9299474605954466 0.6037296037296037 0.8896672504378283 0.634032634032634 0.8108581436077058 0.6643356643356644 0.7355516637478109 0.7226107226107226 0.6795096322241682 0.7435897435897436 0.6339754816112084 0.7948717948717948 0.5849387040280211 0.8111888111888111 0.5411558669001751 0.8181818181818182 0.5026269702276708 0.8181818181818182 0.436077057793345 0.7995337995337995 0.37828371278458844 0.7785547785547785 0.3660245183887916 0.7132867132867133 0.3502626970227671 0.6456876456876457 0.3450087565674256 0.6060606060606061
5 0.8021015761821366 0.4125874125874126 0.8651488616462347 0.3776223776223776 0.8704028021015762 0.4405594405594406 0.8073555166374781 0.47086247086247085