3 0.7697715289982425 0.4882075471698113 0.7697715289982425 0.4716981132075472 0.7697715289982425 0.45047169811320753 0.7715289982425307 0.43160377358490565 0.7715289982425307 0.41273584905660377 0.7750439367311072 0.4009433962264151 0.7820738137082601 0.3915094339622642 0.789103690685413 0.38443396226415094 0.8014059753954306 0.37971698113207547 0.8066783831282952 0.38207547169811323 0.8101933216168717 0.39858490566037735 0.81195079086116 0.41273584905660377 0.8137082601054482 0.4221698113207547 0.8154657293497364 0.4363207547169811 0.8189806678383128 0.4410377358490566 0.8242530755711776 0.42924528301886794 0.8242530755711776 0.41273584905660377 0.8260105448154658 0.4009433962264151 0.8312829525483304 0.3915094339622642 0.8312829525483304 0.38207547169811323 0.8330404217926186 0.37264150943396224 0.8347978910369068 0.36556603773584906 0.8383128295254832 0.3584905660377358 0.8418277680140598 0.35141509433962265 0.836555360281195 0.3419811320754717 0.8312829525483304 0.33490566037735847 0.8260105448154658 0.3278301886792453 0.8154657293497364 0.3278301886792453 0.8031634446397188 0.330188679245283 0.7926186291739895 0.33254716981132076 0.7838312829525483 0.33726415094339623 0.773286467486819 0.33962264150943394 0.7627416520210897 0.3419811320754717 0.7539543057996485 0.3419811320754717 0.7486818980667839 0.3419811320754717 0.7451669595782073 0.35141509433962265 0.7451669595782073 0.37028301886792453 0.7416520210896309 0.38443396226415094 0.7434094903339191 0.3938679245283019 0.7451669595782073 0.4080188679245283 0.7521968365553603 0.42452830188679247 0.7574692442882249 0.4410377358490566 0.7627416520210897 0.46226415094339623
3 0.7258347978910369 0.39858490566037735 0.7258347978910369 0.41037735849056606 0.7275922671353251 0.42452830188679247 0.7328646748681898 0.4386792452830189 0.7346221441124781 0.4268867924528302 0.7328646748681898 0.41509433962264153 0.7311072056239016 0.4080188679245283
3 0.7715289982425307 0.6061320754716981 0.7768014059753954 0.5943396226415094 0.7803163444639719 0.5849056603773585 0.7820738137082601 0.5778301886792453 0.7820738137082601 0.5707547169811321 0.7855887521968365 0.5589622641509434 0.789103690685413 0.5495283018867925 0.7943760984182777 0.5424528301886793 0.8014059753954306 0.535377358490566 0.804920913884007 0.5283018867924528 0.8101933216168717 0.5188679245283019 0.8137082601054482 0.5117924528301887 0.820738137082601 0.5094339622641509 0.8260105448154658 0.5165094339622641 0.827768014059754 0.5235849056603774 0.827768014059754 0.5377358490566038 0.8224956063268892 0.5518867924528302 0.8137082601054482 0.5636792452830188 0.804920913884007 0.5731132075471698 0.7978910369068541 0.5849056603773585 0.7908611599297012 0.5943396226415094 0.7855887521968365 0.5990566037735849 0.7785588752196837 0.6108490566037735 0.7715289982425307 0.6132075471698113
3 0.8471001757469244 0.41745283018867924 0.8418277680140598 0.44339622641509435 0.836555360281195 0.45990566037735847 0.8330404217926186 0.4740566037735849 0.827768014059754 0.4858490566037736 0.820738137082601 0.49528301886792453 0.8137082601054482 0.5047169811320755 0.8084358523725835 0.5188679245283019 0.7996485061511424 0.5283018867924528 0.7943760984182777 0.535377358490566 0.789103690685413 0.5377358490566038 0.7855887521968365 0.5471698113207547 0.7820738137082601 0.5542452830188679 0.7750439367311072 0.5636792452830188 0.7715289982425307 0.5660377358490566 0.7715289982425307 0.5448113207547169 0.7750439367311072 0.5283018867924528 0.7785588752196837 0.5117924528301887 0.7768014059753954 0.5047169811320755 0.7768014059753954 0.49528301886792453 0.7855887521968365 0.4858490566037736 0.7943760984182777 0.4811320754716981 0.804920913884007 0.46462264150943394 0.8172231985940246 0.45047169811320753 0.8260105448154658 0.44339622641509435 0.8312829525483304 0.43160377358490565 0.8400702987697716 0.419811320754717
6 0.8312829525483304 0.4858490566037736 0.8312829525483304 0.49764150943396224 0.827768014059754 0.5070754716981132 0.820738137082601 0.5094339622641509 0.8154657293497364 0.5094339622641509 0.8154657293497364 0.5 0.8224956063268892 0.49056603773584906 0.827768014059754 0.4858490566037736
6 0.8031634446397188 0.5117924528301887 0.7961335676625659 0.5259433962264151 0.7908611599297012 0.5377358490566038 0.7943760984182777 0.5424528301886793 0.7996485061511424 0.5330188679245284 0.804920913884007 0.5259433962264151 0.8066783831282952 0.5188679245283019 0.8084358523725835 0.5117924528301887
3 0.8471001757469244 0.49764150943396224 0.8541300527240774 0.49056603773584906 0.859402460456942 0.4858490566037736 0.8611599297012302 0.49528301886792453 0.8611599297012302 0.5023584905660378 0.8558875219683656 0.5094339622641509 0.8471001757469244 0.5235849056603774 0.8418277680140598 0.5235849056603774 0.8400702987697716 0.5165094339622641 0.843585237258348 0.5047169811320755
1 0.14411247803163443 0.5377358490566038 0.16520210896309315 0.5471698113207547 0.19859402460456943 0.5589622641509434 0.22495606326889278 0.5377358490566038 0.19859402460456943 0.5212264150943396 0.15114235500878734 0.5165094339622641
1 0.23725834797891038 0.4834905660377358 0.22847100175746923 0.46226415094339623 0.23198594024604569 0.4410377358490566 0.2618629173989455 0.45047169811320753 0.2548330404217926 0.47877358490566035
1 0.45869947275922673 0.8301886792452831 0.47627416520210897 0.7971698113207547 0.5289982425307557 0.8066037735849056 0.539543057996485 0.8042452830188679 0.546572934973638 0.7735849056603774 0.5430579964850615 0.7193396226415094 0.5641476274165202 0.7004716981132075 0.5852372583479789 0.6957547169811321 0.6010544815465729 0.7240566037735849 0.6080843585237259 0.7617924528301887 0.6115992970123023 0.7830188679245284 0.6309314586994728 0.7924528301886793 0.6397188049209139 0.7924528301886793 0.6274165202108963 0.8066037735849056 0.5834797891036907 0.839622641509434 0.5131810193321616 0.8655660377358491 0.4780316344463972 0.875 0.45869947275922673 0.8915094339622641
5 0.21441124780316345 0.44339622641509435 0.2056239015817223 0.5518867924528302 0.1335676625659051 0.5212264150943396 0.13708260105448156 0.4268867924528302
0 0.836555360281195 0.30424528301886794 0.843585237258348 0.32547169811320753 0.8488576449912126 0.35377358490566035 0.8506151142355008 0.38443396226415094 0.8488576449912126 0.41509433962264153 0.8453427065026362 0.4386792452830189 0.8418277680140598 0.4716981132075472 0.836555360281195 0.49292452830188677 0.8312829525483304 0.5141509433962265 0.827768014059754 0.5306603773584906 0.8242530755711776 0.5471698113207547 0.8260105448154658 0.5613207547169812 0.8383128295254832 0.5495283018867925 0.843585237258348 0.5117924528301887 0.8506151142355008 0.47877358490566035 0.8541300527240774 0.4410377358490566 0.8611599297012302 0.41273584905660377 0.8611599297012302 0.3891509433962264 0.8611599297012302 0.3632075471698113 0.8558875219683656 0.33962264150943394 0.8488576449912126 0.31839622641509435 0.843585237258348 0.3018867924528302
0 0.7065026362038664 0.33726415094339623 0.718804920913884 0.37028301886792453 0.7293497363796133 0.41037735849056606 0.7381370826010545 0.44339622641509435 0.7486818980667839 0.4693396226415094 0.7592267135325131 0.4882075471698113 0.7627416520210897 0.5141509433962265 0.7644991212653779 0.5377358490566038 0.7609841827768014 0.5683962264150944 0.7574692442882249 0.5919811320754716 0.7574692442882249 0.6108490566037735 0.7592267135325131 0.6367924528301887 0.7715289982425307 0.6202830188679245 0.773286467486819 0.5872641509433962 0.7768014059753954 0.5495283018867925 0.7768014059753954 0.5165094339622641 0.773286467486819 0.4882075471698113 0.7434094903339191 0.41509433962264153 0.7346221441124781 0.3891509433962264 0.7293497363796133 0.36792452830188677 0.7152899824253075 0.33962264150943394