8 0.6836043360433605 0.14668094218415417 0.6849593495934959 0.15310492505353318 0.6863143631436315 0.15524625267665954 0.6876693766937669 0.15096359743040685 0.6876693766937669 0.14668094218415417 0.6863143631436315 0.14025695931477516 0.6863143631436315 0.1316916488222698 0.6876693766937669 0.1252676659528908 0.6890243902439024 0.11884368308351177 0.6863143631436315 0.11670235546038545 0.6849593495934959 0.11884368308351177 0.6849593495934959 0.1252676659528908 0.6849593495934959 0.1316916488222698 0.6849593495934959 0.14025695931477516 0.6836043360433605 0.14668094218415417
8 0.5968834688346883 0.2366167023554604 0.5982384823848238 0.2430406852248394 0.5995934959349594 0.2494646680942184 0.6023035230352304 0.25160599571734477 0.6036585365853658 0.24732334047109208 0.6050135501355014 0.23875802997858672 0.6050135501355014 0.2259100642398287 0.6050135501355014 0.21092077087794434 0.6050135501355014 0.2044967880085653 0.6023035230352304 0.20235546038543897 0.6009485094850948 0.20235546038543897 0.5968834688346883 0.20235546038543897 0.5941734417344173 0.20663811563169165 0.5968834688346883 0.21306209850107066 0.5955284552845529 0.22162740899357602 0.5955284552845529 0.2259100642398287 0.5968834688346883 0.23019271948608136 0.5968834688346883 0.2366167023554604
8 0.5345528455284553 0.4100642398286938 0.5372628726287263 0.4100642398286938 0.5399728997289973 0.41220556745182013 0.5413279132791328 0.4164882226980728 0.5453929539295393 0.4164882226980728 0.5426829268292683 0.41220556745182013 0.5413279132791328 0.4057815845824411 0.5372628726287263 0.40364025695931477 0.5318428184281843 0.4014989293361884 0.5264227642276422 0.40364025695931477 0.5264227642276422 0.4057815845824411 0.5331978319783198 0.4057815845824411 0.5345528455284553 0.4100642398286938
8 0.6199186991869918 0.2944325481798715 0.6158536585365854 0.2987152034261242 0.6131436314363143 0.3029978586723769 0.6090785907859079 0.30728051391862954 0.6077235772357723 0.3094218415417559 0.6050135501355014 0.31370449678800855 0.6023035230352304 0.32012847965738755 0.6050135501355014 0.31798715203426126 0.6077235772357723 0.31370449678800855 0.6104336043360433 0.3094218415417559 0.6144986449864499 0.30513918629550324 0.6185636856368564 0.30085653104925053 0.6212737127371274 0.2965738758029979 0.6239837398373984 0.2944325481798715 0.6266937669376694 0.29014989293361887 0.6307588075880759 0.2880085653104925 0.6334688346883469 0.28586723768736616 0.6361788617886179 0.2815845824411135 0.6375338753387534 0.2773019271948608 0.6361788617886179 0.27301927194860814 0.6321138211382114 0.2773019271948608 0.6266937669376694 0.2837259100642398 0.6239837398373984 0.2880085653104925 0.6199186991869918 0.2944325481798715
8 0.7052845528455285 0.23019271948608136 0.7012195121951219 0.23019271948608136 0.698509485094851 0.2366167023554604 0.6998644986449865 0.24089935760171305 0.7039295392953929 0.23447537473233404 0.709349593495935 0.23447537473233404 0.712059620596206 0.22805139186295503 0.7161246612466124 0.22376873661670235 0.7201897018970189 0.21948608137044967 0.7228997289972899 0.215203426124197 0.7215447154471545 0.21092077087794434 0.717479674796748 0.21734475374732334 0.712059620596206 0.22162740899357602 0.7079945799457995 0.22805139186295503 0.7052845528455285 0.23019271948608136
8 0.6849593495934959 0.23875802997858672 0.6876693766937669 0.24089935760171305 0.690379403794038 0.24089935760171305 0.693089430894309 0.24089935760171305 0.6917344173441734 0.23875802997858672 0.690379403794038 0.23447537473233404 0.6890243902439024 0.23233404710920771 0.6863143631436315 0.22805139186295503 0.6822493224932249 0.23019271948608136 0.6822493224932249 0.2366167023554604 0.6822493224932249 0.2430406852248394 0.6849593495934959 0.2430406852248394 0.6849593495934959 0.23875802997858672
8 0.6321138211382114 0.02676659528907923 0.6361788617886179 0.02676659528907923 0.6415989159891599 0.02676659528907923 0.6470189701897019 0.028907922912205567 0.6497289972899729 0.035331905781584586 0.6537940379403794 0.03961456102783726 0.6632791327913279 0.046038543897216275 0.6686991869918699 0.046038543897216275 0.6727642276422764 0.048179871520342615 0.6714092140921409 0.05460385438972163 0.674119241192412 0.06316916488222699 0.676829268292683 0.061027837259100645 0.6781842818428184 0.05032119914346895 0.6781842818428184 0.0417558886509636 0.674119241192412 0.03747323340471092 0.6673441734417345 0.03961456102783726 0.6605691056910569 0.03747323340471092 0.6551490514905149 0.033190578158458245 0.6524390243902439 0.028907922912205567 0.6470189701897019 0.02462526766595289 0.6402439024390244 0.020342612419700215 0.6334688346883469 0.020342612419700215 0.6239837398373984 0.022483940042826552 0.6185636856368564 0.028907922912205567 0.6131436314363143 0.03747323340471092 0.6199186991869918 0.035331905781584586 0.6239837398373984 0.031049250535331904 0.6321138211382114 0.02676659528907923
8 0.6512533875338753 0 0.6524390243902439 0.007494646680942184 0.6524390243902439 0.016059957173447537 0.6510840108401084 0.02462526766595289 0.6551490514905149 0.031049250535331904 0.657859078590786 0.02462526766595289 0.657859078590786 0.016059957173447537 0.6565040650406504 0.007494646680942184 0.6565040650406504 0 0.6512533875338753 0
8 0.674119241192412 0.028907922912205567 0.674119241192412 0.022483940042826552 0.674119241192412 0.011777301927194861 0.6754742547425474 0.0053533190578158455 0.6714092140921409 0.007494646680942184 0.6700542005420054 0.016059957173447537 0.6700542005420054 0.02676659528907923 0.6714092140921409 0.035331905781584586 0.674119241192412 0.028907922912205567
8 0.6786924119241192 0 0.6795392953929539 0.0053533190578158455 0.6795392953929539 0.011777301927194861 0.6795392953929539 0.020342612419700215 0.6822493224932249 0.028907922912205567 0.6863143631436315 0.02676659528907923 0.6849593495934959 0.013918629550321198 0.6849593495934959 0.0053533190578158455 0.6836043360433605 0 0.6786924119241192 0
8 0.6588753387533876 0 0.657859078590786 0.0032119914346895075 0.6592140921409214 0.009635974304068522 0.6619241192411924 0.013918629550321198 0.6659891598915989 0.016059957173447537 0.6686991869918699 0.013918629550321198 0.6700542005420054 0.009635974304068522 0.6659891598915989 0.007494646680942184 0.6632791327913279 0.0032119914346895075 0.660230352303523 0 0.6588753387533876 0
8 0.6646341463414634 0.03747323340471092 0.6646341463414634 0.031049250535331904 0.6646341463414634 0.022483940042826552 0.6659891598915989 0.018201284796573874 0.6619241192411924 0.016059957173447537 0.6605691056910569 0.022483940042826552 0.6605691056910569 0.028907922912205567 0.6619241192411924 0.035331905781584586 0.6646341463414634 0.03747323340471092
8 0.6944444444444444 0.215203426124197 0.7039295392953929 0.21306209850107066 0.7161246612466124 0.20663811563169165 0.7242547425474255 0.2044967880085653 0.725609756097561 0.19593147751605997 0.698509485094851 0.2044967880085653 0.6917344173441734 0.20877944325481798 0.6863143631436315 0.21092077087794434 0.6836043360433605 0.215203426124197 0.6863143631436315 0.21734475374732334 0.6944444444444444 0.215203426124197
3 0.6375338753387534 0.02676659528907923 0.6294037940379403 0.02676659528907923 0.6185636856368564 0.043897216274089934 0.6131436314363143 0.08029978586723768 0.6172086720867209 0.11241970021413276 0.6199186991869918 0.14453961456102785 0.6253387533875339 0.18522483940042828 0.6497289972899729 0.20235546038543897 0.6700542005420054 0.22376873661670235 0.690379403794038 0.23019271948608136 0.7052845528455285 0.23447537473233404 0.714769647696477 0.22376873661670235 0.7296747967479674 0.22162740899357602 0.733739837398374 0.215203426124197 0.736449864498645 0.1873661670235546 0.741869918699187 0.16167023554603854 0.7350948509485095 0.13597430406852248 0.7215447154471545 0.11241970021413276 0.7107046070460704 0.07173447537473233 0.693089430894309 0.022483940042826552 0.693089430894309 0.0053533190578158455 0.6849593495934959 0.0010706638115631692 0.6727642276422764 0.0053533190578158455 0.657859078590786 0.007494646680942184 0.6483739837398373 0.016059957173447537 0.6375338753387534 0.02676659528907923
3 0.709349593495935 0.033190578158458245 0.7012195121951219 0.028907922912205567 0.7079945799457995 0.05246252676659529 0.714769647696477 0.08029978586723768 0.7242547425474255 0.10385438972162742 0.731029810298103 0.1252676659528908 0.736449864498645 0.14025695931477516 0.7405149051490515 0.14882226980728053 0.7459349593495935 0.15096359743040685 0.75 0.12740899357601712 0.7378048780487805 0.08029978586723768 0.725609756097561 0.05460385438972163 0.709349593495935 0.033190578158458245
0 0.5395432615176152 0 0.5413279132791328 0.009635974304068522 0.5304878048780488 0.009635974304068522 0.5237127371273713 0.022483940042826552 0.5426829268292683 0.1316916488222698 0.5359078590785907 0.16595289079229122 0.5074525745257452 0.22376873661670235 0.4817073170731707 0.28586723768736616 0.49254742547425473 0.2987152034261242 0.5779132791327913 0.37794432548179874 0.5928184281842819 0.341541755888651 0.6117886178861789 0.3029978586723769 0.6605691056910569 0.2644539614561028 0.69579945799458 0.24518201284796573 0.733739837398374 0.22162740899357602 0.7513550135501355 0.14668094218415417 0.7323848238482384 0.05460385438972163 0.7131887981029811 0 0.5395432615176152 0
0 0.49390243902439024 0.0032119914346895075 0.47628726287262874 0.0053533190578158455 0.4532520325203252 0.016059957173447537 0.4342818428184282 0.033190578158458245 0.4261517615176152 0.05460385438972163 0.4234417344173442 0.15738758029978586 0.40989159891598914 0.16595289079229122 0.39498644986449866 0.17880085653104924 0.40040650406504064 0.19164882226980728 0.42208672086720866 0.1809421841541756 0.4342818428184282 0.1745182012847966 0.4369918699186992 0.16167023554603854 0.4383468834688347 0.11027837259100642 0.4383468834688347 0.069593147751606 0.4437669376693767 0.058886509635974305 0.4559620596205962 0.046038543897216275 0.4722222222222222 0.035331905781584586 0.49390243902439024 0.028907922912205567 0.5264227642276422 0.0417558886509636 0.5250677506775068 0.018201284796573874 0.5047425474254743 0.009635974304068522 0.49390243902439024 0.0032119914346895075