0 0.31457431457431456 0.2672413793103448 0.12121212121212122 0.24568965517241378 0.12698412698412698 0.3146551724137931 0.1919191919191919 0.6702586206896551 0.38095238095238093 0.7456896551724138 0.6132756132756133 0.8254310344827587 0.6305916305916306 0.8189655172413793 0.6421356421356421 0.7629310344827587 0.6507936507936508 0.6400862068965517 0.6536796536796536 0.5150862068965517 0.6479076479076479 0.3728448275862069 0.6190476190476191 0.30603448275862066 0.5079365079365079 0.3103448275862069 0.5021645021645021 0.29094827586206895 0.46464646464646464 0.28448275862068967 0.31457431457431456 0.2672413793103448
8 0.215007215007215 0.6099137931034483 0.21933621933621933 0.6206896551724138 0.23809523809523808 0.625 0.25252525252525254 0.6293103448275862 0.2698412698412698 0.6400862068965517 0.27705627705627706 0.6400862068965517 0.26695526695526695 0.6293103448275862 0.2453102453102453 0.6163793103448276 0.22943722943722944 0.6163793103448276 0.215007215007215 0.6099137931034483
8 0.5194805194805194 0.6357758620689655 0.5266955266955267 0.6314655172413793 0.5151515151515151 0.625 0.49783549783549785 0.6185344827586207 0.5036075036075036 0.6271551724137931 0.5194805194805194 0.6357758620689655
8 0.5873015873015873 0.47844827586206895 0.6002886002886003 0.49137931034482757 0.6320346320346321 0.4978448275862069 0.6190476190476191 0.49137931034482757 0.6089466089466089 0.4892241379310345 0.5959595959595959 0.48060344827586204 0.5873015873015873 0.47844827586206895
8 0.354978354978355 0.6875 0.3246753246753247 0.6918103448275862 0.341991341991342 0.6939655172413793 0.3665223665223665 0.6939655172413793 0.3823953823953824 0.6961206896551724 0.40115440115440115 0.7025862068965517 0.4184704184704185 0.7133620689655172 0.4083694083694084 0.7047413793103449 0.39105339105339104 0.6961206896551724 0.37518037518037517 0.6896551724137931 0.354978354978355 0.6875
5 0.5642135642135642 0.2413793103448276 0.5093795093795094 0.2025862068965517 0.5050505050505051 0.30387931034482757 0.5974025974025974 0.3125 0.5642135642135642 0.2413793103448276
5 0.4357864357864358 0.12284482758620689 0.3795093795093795 0.06896551724137931 0.3246753246753247 0.03017241379310345 0.24963924963924963 0.00646551724137931 0.1717171717171717 0 0.13275613275613277 0.008620689655172414 0.12265512265512266 0.2435344827586207 0.4963924963924964 0.28879310344827586 0.4963924963924964 0.2349137931034483 0.4834054834054834 0.19827586206896552 0.4357864357864358 0.12284482758620689
6 0.6738816738816739 0.8275862068965517 0.6118326118326118 0.8081896551724138 0.5974025974025974 0.8448275862068966 0.6695526695526696 0.8706896551724138 0.6738816738816739 0.8275862068965517
3 0.12987012987012986 0.3771551724137931 0.12987012987012986 0.3426724137931034 0.08658008658008658 0.3620689655172414 0.09812409812409813 0.3771551724137931 0.13275613275613277 0.40301724137931033 0.12987012987012986 0.3771551724137931
3 0.1645021645021645 0.6400862068965517 0.19047619047619047 0.6637931034482759 0.1746031746031746 0.5625 0.13564213564213565 0.5366379310344828 0.12265512265512266 0.5883620689655172 0.12987012987012986 0.6099137931034483 0.1645021645021645 0.6400862068965517
3 0.670995670995671 0.7521551724137931 0.6363636363636364 0.7478448275862069 0.6204906204906205 0.8060344827586207 0.6681096681096681 0.8189655172413793 0.6724386724386724 0.8038793103448276 0.670995670995671 0.7521551724137931
0 0.15151515151515152 0.2435344827586207 0.17893217893217894 0.2435344827586207 0.16017316017316016 0.004310344827586207 0.113997113997114 0.004310344827586207 0.10822510822510822 0.20474137931034483 0.1111111111111111 0.23060344827586207 0.15151515151515152 0.2435344827586207
0 0.6551226551226551 0.853448275862069 0.6608946608946609 0.8836206896551724 0.6868686868686869 0.8017241379310345 0.7113997113997114 0.7133620689655172 0.7402597402597403 0.6594827586206896 0.7316017316017316 0.6487068965517241 0.7027417027417028 0.6810344827586207 0.6796536796536796 0.7306034482758621 0.6637806637806638 0.7887931034482759 0.6551226551226551 0.853448275862069