8 0.6497175141242938 0.8468085106382979 0.653954802259887 0.8127659574468085 0.6581920903954802 0.7638297872340426 0.6299435028248588 0.7191489361702128 0.6214689265536724 0.6936170212765957 0.596045197740113 0.6510638297872341 0.559322033898305 0.6382978723404256 0.5720338983050848 0.7021276595744681 0.5805084745762712 0.7276595744680852 0.5875706214689266 0.7553191489361702 0.5805084745762712 0.7851063829787234 0.5847457627118644 0.8531914893617021 0.6299435028248588 0.8702127659574468 0.6497175141242938 0.8468085106382979
8 0.5748587570621468 0.625531914893617 0.5819209039548022 0.6191489361702127 0.6073446327683616 0.6212765957446809 0.6016949152542372 0.6085106382978723 0.6016949152542372 0.5936170212765958 0.577683615819209 0.5787234042553191 0.5649717514124294 0.5659574468085107 0.5522598870056498 0.5468085106382978 0.5409604519774012 0.5212765957446809 0.53954802259887 0.5042553191489362 0.5494350282485876 0.5063829787234042 0.5621468926553672 0.5106382978723404 0.5706214689265536 0.5148936170212766 0.5649717514124294 0.4957446808510638 0.5056497175141242 0.4723404255319149 0.5098870056497176 0.48936170212765956 0.5155367231638418 0.4957446808510638 0.5155367231638418 0.5042553191489362 0.5240112994350282 0.5148936170212766 0.5225988700564972 0.5297872340425532 0.536723163841808 0.5659574468085107 0.5550847457627118 0.6191489361702127 0.5720338983050848 0.6297872340425532 0.5748587570621468 0.625531914893617
8 0.4774011299435028 0.39574468085106385 0.4788135593220339 0.40425531914893614 0.4788135593220339 0.41702127659574467 0.4830508474576271 0.42127659574468085 0.481638418079096 0.4340425531914894 0.4915254237288136 0.44468085106382976 0.4929378531073446 0.44893617021276594 0.5042372881355932 0.46382978723404256 0.5169491525423728 0.4702127659574468 0.5225988700564972 0.46595744680851064 0.518361581920904 0.4595744680851064 0.5127118644067796 0.44468085106382976 0.5155367231638418 0.4340425531914894 0.5324858757062146 0.43829787234042555 0.5324858757062146 0.4340425531914894 0.5084745762711864 0.42127659574468085 0.5127118644067796 0.4106382978723404 0.518361581920904 0.4106382978723404 0.5155367231638418 0.4 0.4872881355932203 0.37872340425531914 0.480225988700565 0.3851063829787234 0.4774011299435028 0.39574468085106385
8 0.501412429378531 0.3617021276595745 0.4957627118644068 0.3574468085106383 0.4844632768361582 0.3723404255319149 0.501412429378531 0.37659574468085105 0.501412429378531 0.3617021276595745
8 0.1709039548022599 0.5170212765957447 0.1864406779661017 0.551063829787234 0.1906779661016949 0.548936170212766 0.17796610169491525 0.5212765957446809 0.1906779661016949 0.5085106382978724 0.17372881355932204 0.4957446808510638 0.1709039548022599 0.5170212765957447
8 0.21468926553672316 0.5936170212765958 0.2189265536723164 0.5574468085106383 0.22598870056497175 0.5319148936170213 0.2245762711864407 0.5212765957446809 0.21468926553672316 0.5340425531914894 0.20903954802259886 0.5808510638297872 0.21468926553672316 0.5936170212765958
8 0.1906779661016949 0.3148936170212766 0.1906779661016949 0.3851063829787234 0.20903954802259886 0.39574468085106385 0.21045197740112995 0.3617021276595745 0.1977401129943503 0.35106382978723405 0.19491525423728814 0.24680851063829787 0.1906779661016949 0.2425531914893617 0.1906779661016949 0.3148936170212766
8 0.2401129943502825 0.37446808510638296 0.25 0.3468085106382979 0.23022598870056496 0.3404255319148936 0.2274011299435028 0.3446808510638298 0.2401129943502825 0.3553191489361702 0.23587570621468926 0.3680851063829787 0.2288135593220339 0.3723404255319149 0.2189265536723164 0.39148936170212767 0.23022598870056496 0.4021276595744681 0.2401129943502825 0.37446808510638296
8 0.2132768361581921 0.274468085106383 0.2274011299435028 0.2872340425531915 0.24858757062146894 0.2957446808510638 0.2612994350282486 0.29148936170212764 0.2895480225988701 0.30638297872340425 0.2824858757062147 0.30851063829787234 0.2669491525423729 0.3 0.2612994350282486 0.30851063829787234 0.269774011299435 0.3191489361702128 0.2542372881355932 0.33404255319148934 0.2570621468926554 0.33617021276595743 0.2824858757062147 0.3170212765957447 0.2994350282485876 0.31063829787234043 0.3192090395480226 0.30851063829787234 0.3177966101694915 0.30425531914893617 0.3064971751412429 0.3021276595744681 0.2189265536723164 0.26170212765957446 0.2132768361581921 0.274468085106383
8 0.4703389830508475 0.3276595744680851 0.4350282485875706 0.2872340425531915 0.4053672316384181 0.25957446808510637 0.3827683615819209 0.2404255319148936 0.3573446327683616 0.2276595744680851 0.3347457627118644 0.22127659574468084 0.3107344632768362 0.2170212765957447 0.2951977401129944 0.22127659574468084 0.2980225988700565 0.225531914893617 0.307909604519774 0.22340425531914893 0.3220338983050847 0.225531914893617 0.3220338983050847 0.2404255319148936 0.326271186440678 0.2553191489361702 0.3319209039548023 0.2574468085106383 0.3305084745762712 0.2425531914893617 0.3305084745762712 0.23404255319148937 0.3403954802259887 0.23191489361702128 0.3559322033898305 0.23617021276595745 0.3686440677966102 0.2425531914893617 0.365819209039548 0.2765957446808511 0.3827683615819209 0.2957446808510638 0.3983050847457627 0.30638297872340425 0.3997175141242938 0.28936170212765955 0.4011299435028249 0.274468085106383 0.4025423728813559 0.26595744680851063 0.4251412429378531 0.2872340425531915 0.4491525423728814 0.3127659574468085 0.4774011299435028 0.3468085106382979 0.4717514124293785 0.35106382978723405 0.4548022598870056 0.35319148936170214 0.4562146892655367 0.3574468085106383 0.4675141242937853 0.3617021276595745 0.4774011299435028 0.3638297872340426 0.4675141242937853 0.38085106382978723 0.4675141242937853 0.3872340425531915 0.4929378531073446 0.3595744680851064 0.4703389830508475 0.3276595744680851
8 0.4194915254237288 0.3425531914893617 0.3940677966101695 0.30851063829787234 0.3629943502824859 0.2872340425531915 0.3531073446327684 0.28936170212765955 0.3361581920903955 0.2851063829787234 0.3305084745762712 0.274468085106383 0.3192090395480226 0.2702127659574468 0.3220338983050847 0.2765957446808511 0.327683615819209 0.28297872340425534 0.3192090395480226 0.28085106382978725 0.2951977401129944 0.26595744680851063 0.2711864406779661 0.2553191489361702 0.2711864406779661 0.25957446808510637 0.2838983050847458 0.2680851063829787 0.2824858757062147 0.2702127659574468 0.2966101694915254 0.28085106382978725 0.3177966101694915 0.28936170212765955 0.3361581920903955 0.30425531914893617 0.3516949152542373 0.3127659574468085 0.3728813559322034 0.32340425531914896 0.3926553672316384 0.33617021276595743 0.422316384180791 0.3638297872340426 0.422316384180791 0.3574468085106383 0.4194915254237288 0.3425531914893617
8 0.1906779661016949 0.23404255319148937 0.21610169491525424 0.24680851063829787 0.24858757062146894 0.26595744680851063 0.2627118644067797 0.25957446808510637 0.2556497175141243 0.2531914893617021 0.2612994350282486 0.24680851063829787 0.288135593220339 0.2553191489361702 0.2895480225988701 0.26170212765957446 0.2923728813559322 0.26382978723404255 0.2951977401129944 0.2531914893617021 0.3305084745762712 0.26595744680851063 0.3319209039548023 0.25957446808510637 0.326271186440678 0.2574468085106383 0.3234463276836158 0.25957446808510637 0.3149717514124294 0.2531914893617021 0.2923728813559322 0.24468085106382978 0.2923728813559322 0.2404255319148936 0.2796610169491525 0.2297872340425532 0.2966101694915254 0.23191489361702128 0.3036723163841808 0.2297872340425532 0.2895480225988701 0.22340425531914893 0.269774011299435 0.225531914893617 0.24858757062146894 0.23617021276595745 0.23163841807909605 0.24893617021276596 0.1906779661016949 0.21914893617021278 0.1906779661016949 0.23404255319148937
8 0.3559322033898305 0.21063829787234042 0.403954802259887 0.23617021276595745 0.4053672316384181 0.2276595744680851 0.3587570621468927 0.20212765957446807 0.3559322033898305 0.21063829787234042
8 0.18926553672316385 0.32340425531914896 0.18926553672316385 0.2170212765957447 0.18361581920903955 0.22127659574468084 0.1850282485875706 0.32340425531914896 0.18926553672316385 0.32340425531914896
8 0.1553672316384181 0.08085106382978724 0.1497175141242938 0.06170212765957447 0.03389830508474576 0 0 0.002127659574468085 0.1440677966101695 0.09361702127659574 0.1553672316384181 0.08085106382978724
8 0.481638418079096 0.1148936170212766 0.4576271186440678 0.1 0.4562146892655367 0.10851063829787234 0.480225988700565 0.12127659574468085 0.481638418079096 0.1148936170212766
3 0 0.3595744680851064 0.134180790960452 0.4553191489361702 0.15677966101694915 0.4851063829787234 0.1906779661016949 0.5085106382978724 0.18926553672316385 0.37446808510638296 0.18785310734463276 0.20638297872340425 0.15254237288135594 0.20212765957446807 0.1172316384180791 0.2170212765957447 0.0635593220338983 0.2127659574468085 0.038135593220338986 0.1829787234042553 0 0.17446808510638298 0 0.3595744680851064
3 0.18926553672316385 0.3148936170212766 0.192090395480226 0.38085106382978723 0.211864406779661 0.41914893617021276 0.2274011299435028 0.425531914893617 0.23163841807909605 0.39361702127659576 0.24293785310734464 0.3595744680851064 0.2401129943502825 0.3127659574468085 0.1906779661016949 0.21914893617021278 0.18926553672316385 0.3148936170212766
3 0.326271186440678 0.26382978723404255 0.3375706214689266 0.2978723404255319 0.3700564971751412 0.3191489361702128 0.384180790960452 0.2957446808510638 0.3813559322033898 0.24468085106382978 0.326271186440678 0.22340425531914893 0.326271186440678 0.26382978723404255
3 0.3940677966101695 0.2936170212765957 0.3997175141242938 0.32553191489361705 0.422316384180791 0.3638297872340426 0.4604519774011299 0.39787234042553193 0.4901129943502825 0.3595744680851064 0.4533898305084746 0.31063829787234043 0.4025423728813559 0.26170212765957446 0.3940677966101695 0.2936170212765957
3 0.12429378531073447 0.07872340425531915 0.12429378531073447 0.04042553191489362 0.08615819209039548 0.014893617021276596 0.052259887005649715 0.01276595744680851 0.046610169491525424 0.029787234042553193 0.08615819209039548 0.06170212765957447 0.12429378531073447 0.07872340425531915
3 0 0.0574468085106383 0.018361581920903956 0.06808510638297872 0.02824858757062147 0.0574468085106383 0.02824858757062147 0.031914893617021274 0 0.010638297872340425 0 0.0574468085106383
3 0.1638418079096045 0.09361702127659574 0.18220338983050846 0.10638297872340426 0.19350282485875706 0.07659574468085106 0.19491525423728814 0.01276595744680851 0.17231638418079095 0.01276595744680851 0.1497175141242938 0.031914893617021274 0.1638418079096045 0.09361702127659574