3 0.7215411558669002 0.2716627634660422 0.723292469352014 0.22482435597189696 0.6725043782837128 0.3583138173302108 0.6567425569176882 0.40046838407494145 0.6865148861646234 0.4028103044496487 0.6882661996497373 0.40046838407494145 0.6830122591943958 0.3700234192037471 0.7215411558669002 0.2716627634660422
3 0.5866900175131349 0.4918032786885246 0.5166374781085814 0.522248243559719 0.5061295971978984 0.5550351288056206 0.4921190893169877 0.5971896955503513 0.5288966725043783 0.6323185011709602 0.5464098073555166 0.5995316159250585 0.574430823117338 0.5573770491803278 0.5919439579684763 0.5409836065573771 0.6444833625218914 0.522248243559719 0.6672504378283712 0.5573770491803278 0.6725043782837128 0.5409836065573771 0.681260945709282 0.4707259953161593 0.6690017513134852 0.4637002341920375 0.6339754816112084 0.47306791569086654 0.5866900175131349 0.4918032786885246
3 0.6952714535901926 0.45433255269320844 0.6882661996497373 0.48009367681498827 0.6777583187390543 0.531615925058548 0.6777583187390543 0.6182669789227166 0.6882661996497373 0.6088992974238876 0.6970227670753065 0.5925058548009368 0.7355516637478109 0.5550351288056206 0.7355516637478109 0.49882903981264637 0.7355516637478109 0.4238875878220141 0.6952714535901926 0.45433255269320844
5 0.702276707530648 0.3700234192037471 0.6882661996497373 0.3911007025761124 0.6935201401050788 0.42857142857142855 0.723292469352014 0.42857142857142855 0.7408056042031523 0.38875878220140514 0.702276707530648 0.3700234192037471
6 0.7583187390542907 0.4894613583138173 0.7513134851138353 0.5058548009367682 0.7548161120840631 0.5175644028103045 0.7600700525394045 0.5105386416861827 0.7583187390542907 0.4894613583138173
8 0.5359019264448336 0.6463700234192038 0.5446584938704028 0.6463700234192038 0.5551663747810858 0.5971896955503513 0.5796847635726795 0.5597189695550351 0.6059544658493871 0.5386416861826698 0.6164623467600701 0.5269320843091335 0.6392294220665499 0.5292740046838408 0.660245183887916 0.5409836065573771 0.6339754816112084 0.5152224824355972 0.6007005253940455 0.522248243559719 0.5621716287215411 0.5667447306791569 0.5464098073555166 0.6018735362997658 0.5359019264448336 0.6463700234192038
8 0.670753064798599 0.5667447306791569 0.6777583187390543 0.6042154566744731 0.6795096322241682 0.6135831381733021 0.6865148861646234 0.6042154566744731 0.6952714535901926 0.5409836065573771 0.6987740805604203 0.4847775175644028 0.6900175131348512 0.4847775175644028 0.670753064798599 0.5667447306791569
8 0.7373029772329247 0.5480093676814989 0.6952714535901926 0.5714285714285714 0.6952714535901926 0.5831381733021077 0.7320490367775832 0.5573770491803278 0.7373029772329247 0.5480093676814989
8 0.6795096322241682 0.3700234192037471 0.6882661996497373 0.38173302107728335 0.7057793345008757 0.3114754098360656 0.7302977232924693 0.24355971896955503 0.7618213660245184 0.22014051522248243 0.7635726795096323 0.21311475409836064 0.7373029772329247 0.21311475409836064 0.7040280210157618 0.27634660421545665 0.6900175131348512 0.32786885245901637 0.6795096322241682 0.3700234192037471
0 0.44833625218914186 0.8032786885245902 0.43782837127845886 0.7822014051522248 0.4273204903677758 0.7681498829039812 0.404553415061296 0.765807962529274 0.34851138353765326 0.7681498829039812 0.27845884413309985 0.765807962529274 0.2574430823117338 0.7962529274004684 0.2609457092819615 0.8079625292740047 0.3362521891418564 0.8173302107728337 0.39929947460595444 0.8149882903981265 0.43782837127845886 0.8149882903981265 0.44833625218914186 0.8032786885245902
0 0.6725043782837128 0.6088992974238876 0.6690017513134852 0.6533957845433255 0.6690017513134852 0.6838407494145199 0.6795096322241682 0.6627634660421545 0.6882661996497373 0.5901639344262295 0.691768826619965 0.5292740046838408 0.691768826619965 0.4496487119437939 0.6847635726795096 0.4426229508196721 0.6795096322241682 0.49414519906323184 0.6742556917688266 0.5339578454332553 0.6725043782837128 0.5761124121779859 0.6725043782837128 0.6088992974238876