4 0.4733257661748014 0.10865874363327674 0.46651532349602726 0.09168081494057725 0.4608399545970488 0.07979626485568761 0.4619750283768445 0.06451612903225806 0.46311010215664017 0.05432937181663836 0.4619750283768445 0.030560271646859077 0.4608399545970488 0.003395585738539894 0.452894438138479 0.005093378607809842 0.4540295119182747 0.030560271646859077 0.4517593643586833 0.057724957555178265 0.45629965947786605 0.07640067911714771 0.4585698070374574 0.10186757215619695 0.4619750283768445 0.13582342954159593 0.4608399545970488 0.16808149405772496 0.4619750283768445 0.1969439728353141 0.46311010215664017 0.15449915110356535 0.46538024971623154 0.17232597623089982 0.46538024971623154 0.15449915110356535 0.4699205448354143 0.15110356536502548 0.4733257661748014 0.10865874363327674
4 0.49035187287173665 0.298811544991511 0.489216799091941 0.27843803056027167 0.48354143019296253 0.25806451612903225 0.4801362088535755 0.23089983022071306 0.4767309875141884 0.20882852292020374 0.4733257661748014 0.19524617996604415 0.4661516590811412 0.17838363525475134 0.4763361792429552 0.25835978445412267 0.4880817253121453 0.3089983022071307 0.49035187287173665 0.298811544991511
3 0.48127128263337116 0.19864176570458403 0.4790011350737798 0.19524617996604415 0.4767309875141884 0.200339558573854 0.4801362088535755 0.2037351443123939 0.48127128263337116 0.19864176570458403
5 0.3995459704880817 0.37860780984719866 0.4211123723041998 0.3921901528013582 0.4267877412031782 0.3921901528013582 0.42565266742338254 0.36502546689303905 0.42224744608399545 0.3361629881154499 0.4199772985244041 0.3293718166383701 0.41316685584562995 0.34125636672325976 0.3995459704880817 0.34465195246179964 0.38819523269012485 0.3463497453310696 0.3745743473325766 0.34804753820033957 0.3654937570942111 0.34974533106960953 0.3620885357548241 0.35144312393887944 0.3757094211123723 0.3616298811544992 0.3995459704880817 0.37860780984719866
8 0.4880817253121453 0.04923599320882852 0.4858115777525539 0.042444821731748725 0.48354143019296253 0.03735144312393888 0.4858115777525539 0.03225806451612903 0.48354143019296253 0.027164685908319185 0.48127128263337116 0.023769100169779286 0.4790011350737798 0.02037351443123939 0.4733257661748014 0.01867572156196944 0.47219069239500566 0.025466893039049237 0.47559591373439275 0.030560271646859084 0.4778660612939841 0.035653650254668934 0.48127128263337116 0.044142614601018676 0.48467650397275824 0.04923599320882852 0.4880817253121453 0.04923599320882852
3 0.44040862656072643 0.40407470288624786 0.4438138479001135 0.4091680814940577 0.45062429057888764 0.4091680814940577 0.4540295119182747 0.400679117147708 0.44040862656072643 0.40407470288624786
3 0.4960272417707151 0.4091680814940577 0.5017026106696936 0.4091680814940577 0.5062429057888763 0.4057724957555178 0.5085130533484676 0.3938879456706282 0.5039727582292849 0.3853989813242784 0.49148694665153236 0.3870967741935484 0.489216799091941 0.39728353140916806 0.4960272417707151 0.4091680814940577
3 0.5005675368898979 0.37521222410865873 0.5039727582292849 0.3633276740237691 0.5051078320090806 0.35144312393887944 0.4982973893303065 0.33276740237691 0.4880817253121453 0.32088285229202035 0.4801362088535755 0.3174872665534805 0.47446083995459704 0.32597623089983024 0.4733257661748014 0.34125636672325976 0.4767309875141884 0.3531409168081494 0.48240635641316687 0.3616298811544992 0.48240635641316687 0.3684210526315789 0.49375709421112374 0.3769100169779287 0.5005675368898979 0.37521222410865873
3 0.4335981838819523 0.3361629881154499 0.43813847900113506 0.366723259762309 0.4438138479001135 0.3904923599320883 0.4540295119182747 0.37860780984719866 0.452894438138479 0.3599320882852292 0.4460839954597049 0.34295415959252973 0.4335981838819523 0.3361629881154499
8 0.48354143019296253 0.31239388794567063 0.48240635641316687 0.3073005093378608 0.4801362088535755 0.30220713073005095 0.4767309875141884 0.2920203735144312 0.47446083995459704 0.28862478777589134 0.4767309875141884 0.29711375212224106 0.4778660612939841 0.3073005093378608 0.4801362088535755 0.3174872665534805 0.4858115777525539 0.3174872665534805 0.48354143019296253 0.31239388794567063
8 0.6083995459704881 0.4312393887945671 0.6083995459704881 0.42614601018675724 0.6072644721906924 0.41935483870967744 0.6038592508513053 0.4159592529711375 0.601589103291714 0.4142614601018676 0.601589103291714 0.41765704584040747 0.6038592508513053 0.4227504244482173 0.6061293984108967 0.432937181663837 0.6083995459704881 0.4312393887945671
0 0.6254256526674233 0.966044142614601 0.6299659477866061 0.9473684210526315 0.6345062429057888 0.9252971137521222 0.637911464245176 0.8998302207130731 0.6390465380249716 0.8709677419354839 0.6390465380249716 0.8624787775891342 0.6311010215664018 0.8539898132427843 0.6106696935300795 0.8149405772495756 0.5993189557321226 0.7877758913412564 0.5777525539160046 0.7504244482173175 0.5516458569807038 0.7572156196943973 0.5402951191827469 0.765704584040747 0.5300794551645857 0.7775891341256367 0.5266742338251986 0.7843803056027164 0.5402951191827469 0.8217317487266553 0.5675368898978433 0.8794567062818336 0.6004540295119183 0.9439728353140917 0.6208853575482406 0.9711375212224108 0.6254256526674233 0.966044142614601
0 0.5766174801362088 0.8913412563667232 0.5573212258796821 0.8539898132427843 0.5402951191827469 0.8132427843803056 0.5266742338251986 0.7809847198641766 0.5175936435868331 0.7538200339558574 0.5039727582292849 0.7164685908319185 0.4858115777525539 0.6587436332767402 0.47105561861521 0.6078098471986417 0.4608399545970488 0.5704584040747029 0.44948921679909193 0.533106960950764 0.4426787741203178 0.5076400679117148 0.43473325766174803 0.48217317487266553 0.4335981838819523 0.499151103565365 0.4438138479001135 0.5432937181663837 0.45743473325766176 0.5959252971137521 0.47219069239500566 0.6519524617996605 0.4869466515323496 0.7045840407470289 0.5028376844494892 0.7487266553480475 0.5164585698070374 0.7894736842105263 0.5346197502837684 0.8370118845500849 0.5482406356413166 0.8675721561969439 0.5595913734392736 0.8964346349745331 0.5720771850170261 0.9185059422750425 0.5800227014755959 0.9320882852292021 0.5913734392735528 0.9524617996604414 0.601589103291714 0.9388794567062818 0.5766174801362088 0.8913412563667232