0 0.49359795134443024 0.5928308823529411 0.49359795134443024 0.6204044117647058 0.49359795134443024 0.6369485294117647 0.4871959026888604 0.6498161764705882 0.4641485275288092 0.6424632352941176 0.44366197183098594 0.6369485294117647 0.4321382842509603 0.6314338235294118 0.4346991037131882 0.6516544117647058 0.441101152368758 0.6792279411764706 0.44878361075544176 0.7104779411764706 0.4539052496798976 0.7417279411764706 0.4539052496798976 0.7582720588235294 0.46030729833546735 0.7619485294117647 0.470550576184379 0.765625 0.4820742637644046 0.7693014705882353 0.48975672215108834 0.7748161764705882 0.5 0.7693014705882353 0.5102432778489117 0.7674632352941176 0.5140845070422535 0.7876838235294118 0.5268886043533931 0.8134191176470589 0.532010243277849 0.828125 0.529449423815621 0.8501838235294118 0.5204865556978233 0.8685661764705882 0.5038412291933418 0.8759191176470589 0.47823303457106275 0.8777573529411765 0.4615877080665813 0.8759191176470589 0.43982074263764404 0.8667279411764706 0.4090909090909091 0.8483455882352942 0.4142125480153649 0.8667279411764706 0.4142125480153649 0.8869485294117647 0.4372599231754161 0.8869485294117647 0.43982074263764404 0.8777573529411765 0.4551856594110115 0.8851102941176471 0.49359795134443024 0.8869485294117647 0.5140845070422535 0.8869485294117647 0.5422535211267606 0.8887867647058824 0.5486555697823303 0.890625 0.5717029449423816 0.8887867647058824 0.589628681177977 0.8887867647058824 0.6024327784891165 0.8832720588235294 0.6139564660691421 0.8704044117647058 0.6254801536491678 0.859375 0.6331626120358514 0.8428308823529411 0.6370038412291933 0.8244485294117647 0.6293213828425096 0.8060661764705882 0.6190781049935979 0.7784926470588235 0.6075544174135723 0.7509191176470589 0.5960307298335468 0.7215073529411765 0.5781049935979513 0.6847426470588235 0.5742637644046095 0.6773897058823529 0.560179257362356 0.6590073529411765 0.5563380281690141 0.6534926470588235 0.5512163892445583 0.6461397058823529 0.5524967989756722 0.6277573529411765 0.5384122919334187 0.6056985294117647 0.528169014084507 0.5983455882352942 0.5243277848911652 0.5891544117647058 0.5064020486555698 0.5854779411764706 0.49615877080665816 0.5818014705882353 0.49359795134443024 0.5928308823529411
3 0.49487836107554417 0.4586397058823529 0.49231754161331626 0.47702205882352944 0.49359795134443024 0.5101102941176471 0.501280409731114 0.5193014705882353 0.5115236875800256 0.5413602941176471 0.5192061459667093 0.5652573529411765 0.5243277848911652 0.578125 0.5345710627400768 0.5873161764705882 0.5460947503201025 0.6001838235294118 0.5550576184379001 0.6075367647058824 0.5640204865556978 0.6056985294117647 0.5717029449423816 0.5965073529411765 0.5768245838668374 0.5762867647058824 0.5768245838668374 0.5615808823529411 0.5793854033290653 0.5340073529411765 0.5819462227912933 0.5119485294117647 0.5755441741357235 0.49356617647058826 0.560179257362356 0.47702205882352944 0.5499359795134443 0.4696691176470588 0.532010243277849 0.4586397058823529 0.5204865556978233 0.4476102941176471 0.49871959026888607 0.44025735294117646 0.49487836107554417 0.4586397058823529
5 0.32970550576184376 0.28400735294117646 0.31306017925736235 0.2821691176470588 0.30153649167733676 0.28768382352941174 0.28233034571062743 0.30974264705882354 0.2708066581306018 0.3318014705882353 0.26568501920614596 0.3795955882352941 0.26568501920614596 0.421875 0.26824583866837387 0.48253676470588236 0.2708066581306018 0.5266544117647058 0.2759282970550576 0.5615808823529411 0.28104993597951344 0.5854779411764706 0.2861715749039693 0.6020220588235294 0.29897567221510885 0.6020220588235294 0.31562099871959026 0.5946691176470589 0.32842509603072984 0.5836397058823529 0.3386683738796415 0.5689338235294118 0.3412291933418694 0.5413602941176471 0.3412291933418694 0.4806985294117647 0.3412291933418694 0.42371323529411764 0.3412291933418694 0.36672794117647056 0.3412291933418694 0.3134191176470588 0.3437900128040973 0.28768382352941174 0.32970550576184376 0.28400735294117646
8 0.39244558258642764 0.6387867647058824 0.382202304737516 0.6332720588235294 0.37451984635083224 0.6369485294117647 0.3591549295774648 0.6351102941176471 0.352752880921895 0.6332720588235294 0.34763124199743917 0.6332720588235294 0.3412291933418694 0.6295955882352942 0.3361075544174136 0.6259191176470589 0.32970550576184376 0.6259191176470589 0.323303457106274 0.6259191176470589 0.31690140845070425 0.6295955882352942 0.3066581306017926 0.6332720588235294 0.3028169014084507 0.6443014705882353 0.3040973111395647 0.6590073529411765 0.3053777208706786 0.6773897058823529 0.3117797695262484 0.6847426470588235 0.324583866837388 0.6865808823529411 0.3437900128040973 0.6939338235294118 0.36427656850192064 0.7012867647058824 0.3911651728553137 0.7178308823529411 0.4065300896286812 0.7288602941176471 0.41293213828425096 0.7306985294117647 0.4090909090909091 0.703125 0.3975672215108835 0.6700367647058824 0.39244558258642764 0.6387867647058824
8 0.2772087067861716 0.6277573529411765 0.2759282970550576 0.6424632352941176 0.2874519846350832 0.6369485294117647 0.28233034571062743 0.6277573529411765 0.2772087067861716 0.6277573529411765
8 0.34891165172855315 0.4420955882352941 0.3437900128040973 0.3961397058823529 0.3437900128040973 0.43474264705882354 0.34891165172855315 0.4420955882352941
8 0.5524967989756722 0.609375 0.5486555697823303 0.6001838235294118 0.5384122919334187 0.5928308823529411 0.5537772087067862 0.6222426470588235 0.5524967989756722 0.609375
0 0.6651728553137004 0.7931985294117647 0.6562099871959027 0.7858455882352942 0.6510883482714469 0.7821691176470589 0.6485275288092189 0.7784926470588235 0.6382842509603073 0.7693014705882353 0.6241997439180538 0.7564338235294118 0.6165172855313701 0.7435661764705882 0.5909090909090909 0.6939338235294118 0.5806658130601793 0.6663602941176471 0.5653008962868118 0.6332720588235294 0.5422535211267606 0.5928308823529411 0.5396927016645326 0.5873161764705882 0.532010243277849 0.5762867647058824 0.5217669654289373 0.5597426470588235 0.5179257362355953 0.5505514705882353 0.5140845070422535 0.5358455882352942 0.5102432778489117 0.5266544117647058 0.5025608194622279 0.5137867647058824 0.49487836107554417 0.49724264705882354 0.49615877080665816 0.46047794117647056 0.49615877080665816 0.43106617647058826 0.49615877080665816 0.3943014705882353 0.49615877080665816 0.3740808823529412 0.48975672215108834 0.3170955882352941 0.4859154929577465 0.2821691176470588 0.48975672215108834 0.265625 0.4820742637644046 0.2766544117647059 0.47823303457106275 0.28400735294117646 0.470550576184379 0.28400735294117646 0.47567221510883484 0.34650735294117646 0.47567221510883484 0.3483455882352941 0.4641485275288092 0.33731617647058826 0.4526248399487836 0.328125 0.43982074263764404 0.3170955882352941 0.4231754161331626 0.3079044117647059 0.4154929577464789 0.3170955882352941 0.41293213828425096 0.3391544117647059 0.41165172855313703 0.3538602941176471 0.4154929577464789 0.40349264705882354 0.4206145966709347 0.421875 0.4231754161331626 0.3428308823529412 0.43982074263764404 0.3556985294117647 0.46030729833546735 0.3759191176470588 0.4833546734955186 0.3961397058823529 0.4859154929577465 0.46047794117647056 0.4884763124199744 0.5101102941176471 0.48975672215108834 0.5248161764705882 0.4884763124199744 0.5487132352941176 0.4910371318822023 0.5744485294117647 0.49487836107554417 0.5836397058823529 0.5 0.5854779411764706 0.5064020486555698 0.5891544117647058 0.5179257362355953 0.5909926470588235 0.5243277848911652 0.5946691176470589 0.5256081946222791 0.6001838235294118 0.532010243277849 0.6056985294117647 0.5409731113956466 0.6148897058823529 0.5473751600512163 0.6185661764705882 0.5448143405889885 0.6222426470588235 0.5486555697823303 0.6295955882352942 0.5486555697823303 0.6479779411764706 0.5640204865556978 0.6700367647058824 0.5729833546734955 0.6773897058823529 0.588348271446863 0.7104779411764706 0.6101152368758003 0.7674632352941176 0.6370038412291933 0.8318014705882353 0.6510883482714469 0.8226102941176471 0.6728553137003841 0.8079044117647058 0.6651728553137004 0.7931985294117647
8 0.4513444302176697 0.8961397058823529 0.4564660691421255 0.9034926470588235 0.4564660691421255 0.8943014705882353 0.4475032010243278 0.8869485294117647 0.4513444302176697 0.8961397058823529
8 0.49871959026888607 0.9715073529411765 0.5038412291933418 0.9770220588235294 0.5038412291933418 0.9733455882352942 0.501280409731114 0.9678308823529411 0.501280409731114 0.9641544117647058 0.49615877080665816 0.9641544117647058 0.4974391805377721 0.9678308823529411 0.49871959026888607 0.9715073529411765
8 0.4833546734955186 0.9659926470588235 0.4833546734955186 0.9623161764705882 0.47823303457106275 0.9604779411764706 0.4820742637644046 0.9659926470588235 0.4833546734955186 0.9659926470588235
8 0.5064020486555698 1 0.5064020486555698 0.9990808823529411 0.5051216389244558 0.9972426470588235 0.5038412291933418 0.9954044117647058 0.5 0.9935661764705882 0.5025608194622279 0.9990808823529411 0.5038412291933418 1 0.5064020486555698 1
8 0.49871959026888607 0.9898897058823529 0.4974391805377721 0.9862132352941176 0.49615877080665816 0.9825367647058824 0.4871959026888604 0.9733455882352942 0.49615877080665816 0.9880514705882353 0.49871959026888607 0.9898897058823529
3 0.6370038412291933 0.8189338235294118 0.6498079385403329 0.8189338235294118 0.6613316261203586 0.8115808823529411 0.6664532650448144 0.8042279411764706 0.6626120358514724 0.7821691176470589 0.6498079385403329 0.7637867647058824 0.6331626120358514 0.7601102941176471 0.6216389244558259 0.7803308823529411 0.6370038412291933 0.8189338235294118
3 0.6715749039692702 0.8428308823529411 0.6971830985915493 0.8428308823529411 0.6971830985915493 0.8354779411764706 0.6869398207426376 0.8244485294117647 0.6754161331626121 0.8134191176470589 0.6690140845070423 0.8097426470588235 0.647247119078105 0.8244485294117647 0.6715749039692702 0.8428308823529411
8 0.7304737516005122 0.8409926470588235 0.7253521126760564 0.8318014705882353 0.7035851472471191 0.8262867647058824 0.6869398207426376 0.8226102941176471 0.6805377720870679 0.8262867647058824 0.6702944942381562 0.8207720588235294 0.6626120358514724 0.8207720588235294 0.6690140845070423 0.8391544117647058 0.6792573623559539 0.8428308823529411 0.6959026888604354 0.8428308823529411 0.7330345710627401 0.8501838235294118 0.7304737516005122 0.8409926470588235