0 0.3345021037868163 0.3016917293233083 0.3373071528751753 0.22086466165413535 0.3302945301542777 0.19266917293233082 0.3064516129032258 0.162593984962406 0.2868162692847125 0.1550751879699248 0.24754558204768584 0.14567669172932332 0.23071528751753156 0.22838345864661655 0.22370266479663395 0.29605263157894735 0.2138849929873773 0.299812030075188 0.1900420757363254 0.31109022556390975 0.1900420757363254 0.337406015037594 0.1956521739130435 0.4031954887218045 0.20687237026647967 0.5216165413533834 0.18583450210378682 0.5234962406015038 0.18302945301542778 0.5310150375939849 0.1844319775596073 0.5385338345864662 0.18863955119214587 0.5422932330827067 0.20546984572230015 0.5441729323308271 0.2082748948106592 0.5554511278195489 0.19284712482468444 0.606203007518797 0.17461430575035064 0.643796992481203 0.15497896213183732 0.6926691729323309 0.1423562412342216 0.7321428571428571 0.13113604488078542 0.7716165413533834 0.135343618513324 0.775375939849624 0.14095371669004209 0.7734962406015038 0.14936886395511922 0.775375939849624 0.15497896213183732 0.7791353383458647 0.16199158485273493 0.775375939849624 0.18022440392706873 0.7396616541353384 0.197054698457223 0.7697368421052632 0.2138849929873773 0.8280075187969925 0.23492286115007013 0.8806390977443609 0.26718092566619916 0.9614661654135338 0.2573632538569425 0.8862781954887218 0.3064516129032258 0.8674812030075187 0.3302945301542777 0.8486842105263158 0.3373071528751753 0.8298872180451128 0.3429172510518934 0.8110902255639098 0.34011220196353437 0.7321428571428571 0.3330995792426367 0.5836466165413534 0.3316970546984572 0.4332706766917293 0.3345021037868163 0.3016917293233083
0 0.6009817671809257 0.1287593984962406 0.5785413744740533 0.1362781954887218 0.5308555399719496 0.162593984962406 0.49719495091164095 0.19078947368421054 0.47755960729312763 0.19266917293233082 0.4467040673211781 0.22462406015037595 0.43688639551192143 0.29605263157894735 0.43127629733520334 0.3956766917293233 0.4326788218793829 0.5347744360902256 0.438288920056101 0.6719924812030075 0.45511921458625526 0.8035714285714286 0.4831697054698457 0.8242481203007519 0.5631136044880786 0.8806390977443609 0.6009817671809257 0.8956766917293233 0.593969144460028 0.7265037593984962 0.5925666199158486 0.5216165413533834 0.593969144460028 0.3392857142857143 0.6009817671809257 0.1287593984962406
8 0.3541374474053296 0.7866541353383458 0.35834502103786814 0.7847744360902256 0.35273492286115005 0.7584586466165414 0.35273492286115005 0.7471804511278195 0.3667601683029453 0.7490601503759399 0.37657784011220197 0.7640977443609023 0.37657784011220197 0.7546992481203008 0.36816269284712483 0.7321428571428571 0.3485273492286115 0.7302631578947368 0.34572230014025246 0.7622180451127819 0.3541374474053296 0.7866541353383458
8 0.37237026647966337 0.5930451127819549 0.36816269284712483 0.6080827067669173 0.3737727910238429 0.6080827067669173 0.3807854137447405 0.5836466165413534 0.37798036465638146 0.568609022556391 0.37237026647966337 0.568609022556391 0.37237026647966337 0.5930451127819549
8 0.32608695652173914 0.9013157894736842 0.32608695652173914 0.9069548872180451 0.3387096774193548 0.8975563909774437 0.349929873772791 0.8862781954887218 0.3541374474053296 0.8712406015037594 0.3443197755960729 0.8261278195488722 0.3330995792426367 0.8505639097744361 0.3232819074333801 0.8618421052631579 0.32608695652173914 0.9013157894736842
8 0.29845722300140254 1 0.29943899018232817 0.993421052631579 0.3022440392706872 0.9859022556390977 0.3064516129032258 0.9877819548872181 0.30364656381486677 0.9765037593984962 0.30504908835904626 0.9671052631578947 0.31065918653576435 0.9595864661654135 0.3232819074333801 0.9539473684210527 0.32047685834502104 0.9332706766917294 0.32608695652173914 0.931390977443609 0.3246844319775596 0.9163533834586466 0.32047685834502104 0.9163533834586466 0.31626928471248245 0.8693609022556391 0.3134642356241234 0.8693609022556391 0.3134642356241234 0.9163533834586466 0.3120617110799439 0.931390977443609 0.30504908835904626 0.9370300751879699 0.3078541374474053 0.9539473684210527 0.30504908835904626 0.9577067669172933 0.29943899018232817 0.9370300751879699 0.3022440392706872 0.918233082706767 0.2980364656381487 0.9144736842105263 0.2938288920056101 0.9370300751879699 0.2924263674614306 0.9201127819548872 0.29102384291725103 0.8956766917293233 0.29102384291725103 0.8825187969924813 0.28401122019635344 0.8919172932330827 0.27840112201963535 0.9107142857142857 0.28401122019635344 0.9389097744360902 0.28401122019635344 0.9595864661654135 0.2924263674614306 0.9877819548872181 0.295617110799439 1 0.29845722300140254 1
8 0.3555399719495091 0.29605263157894735 0.3667601683029453 0.29793233082706766 0.36816269284712483 0.30357142857142855 0.3695652173913043 0.31860902255639095 0.37237026647966337 0.3167293233082707 0.37237026647966337 0.29793233082706766 0.36255259467040674 0.29041353383458646 0.3443197755960729 0.29605263157894735 0.3555399719495091 0.29605263157894735
8 0.3709677419354839 0.4633458646616541 0.3709677419354839 0.43139097744360905 0.36816269284712483 0.43139097744360905 0.3667601683029453 0.4633458646616541 0.3709677419354839 0.4633458646616541
8 0.35133239831697055 0.46898496240601506 0.349929873772791 0.45394736842105265 0.34712482468443195 0.45394736842105265 0.3485273492286115 0.46898496240601506 0.35133239831697055 0.46898496240601506
8 0.3751753155680224 0.506578947368421 0.3751753155680224 0.5028195488721805 0.35834502103786814 0.49530075187969924 0.35694249649368864 0.49906015037593987 0.3653576437587658 0.506578947368421 0.3751753155680224 0.506578947368421
8 0.35133239831697055 0.5422932330827067 0.349929873772791 0.5234962406015038 0.3443197755960729 0.5328947368421053 0.3443197755960729 0.5404135338345865 0.35133239831697055 0.5422932330827067
8 0.34011220196353437 0.5949248120300752 0.34011220196353437 0.5855263157894737 0.3373071528751753 0.5855263157894737 0.33590462833099577 0.5949248120300752 0.34011220196353437 0.5949248120300752
8 0.37798036465638146 0.7546992481203008 0.3807854137447405 0.7810150375939849 0.3849929873772791 0.8016917293233082 0.3849929873772791 0.8148496240601504 0.38779803646563815 0.8167293233082706 0.3906030855539972 0.7659774436090225 0.3849929873772791 0.7321428571428571 0.3751753155680224 0.7340225563909775 0.37798036465638146 0.7546992481203008
8 0.39481065918653574 0.7584586466165414 0.39340813464235624 0.7697368421052632 0.39481065918653574 0.7716165413533834 0.3976157082748948 0.7640977443609023 0.3976157082748948 0.7453007518796992 0.39481065918653574 0.7453007518796992 0.39481065918653574 0.7584586466165414
8 0.349929873772791 0.41635338345864664 0.3541374474053296 0.4069548872180451 0.349929873772791 0.4031954887218045 0.3485273492286115 0.4144736842105263 0.349929873772791 0.41635338345864664
8 0.3709677419354839 0.3825187969924812 0.37237026647966337 0.3674812030075188 0.3695652173913043 0.3674812030075188 0.3667601683029453 0.3806390977443609 0.3709677419354839 0.3825187969924812
8 0.38779803646563815 0.8637218045112782 0.38779803646563815 0.8392857142857143 0.3863955119214586 0.8223684210526315 0.3807854137447405 0.8298872180451128 0.3807854137447405 0.8674812030075187 0.38779803646563815 0.8637218045112782
3 0.3611500701262272 0.32612781954887216 0.3695652173913043 0.3317669172932331 0.39340813464235624 0.3148496240601504 0.3920056100981767 0.30357142857142855 0.3737727910238429 0.26785714285714285 0.3541374474053296 0.28101503759398494 0.3429172510518934 0.299812030075188 0.3611500701262272 0.32612781954887216
3 0.3695652173913043 0.18703007518796994 0.3597475455820477 0.19830827067669174 0.3737727910238429 0.21710526315789475 0.3962131837307153 0.20770676691729323 0.3962131837307153 0.19266917293233082 0.38779803646563815 0.18703007518796994 0.3695652173913043 0.18703007518796994
3 0.38359046283309955 0.13815789473684212 0.39340813464235624 0.14567669172932332 0.40042075736325383 0.13439849624060152 0.39901823281907434 0.12687969924812031 0.38920056100981765 0.13063909774436092 0.38359046283309955 0.13815789473684212
5 0.3590462833099579 1 0.35834502103786814 0.9971804511278195 0.34712482468443195 0.9765037593984962 0.3302945301542777 0.9595864661654135 0.31626928471248245 0.9577067669172933 0.3078541374474053 0.9633458646616542 0.30504908835904626 0.9727443609022557 0.3078541374474053 0.9877819548872181 0.314365858345021 1 0.3590462833099579 1
5 0.34151472650771386 0.014097744360902255 0.3288920056100982 0.02537593984962406 0.317671809256662 0.03665413533834586 0.30925666199158486 0.047932330827067667 0.30364656381486677 0.05921052631578947 0.3008415147265077 0.07424812030075188 0.30364656381486677 0.08364661654135339 0.3078541374474053 0.08552631578947369 0.317671809256662 0.08552631578947369 0.3288920056100982 0.07612781954887218 0.34011220196353437 0.06109022556390977 0.34712482468443195 0.04981203007518797 0.35273492286115005 0.03665413533834586 0.3541374474053296 0.019736842105263157 0.349929873772791 0.014097744360902255 0.34151472650771386 0.014097744360902255