8 0.8751625487646294 0.45393258426966293 0.8647594278283485 0.4584269662921348 0.8543563068920677 0.4606741573033708 0.846553966189857 0.4651685393258427 0.8426527958387516 0.4696629213483146 0.8387516254876463 0.4764044943820225 0.8387516254876463 0.48314606741573035 0.8504551365409623 0.48089887640449436 0.8608582574772432 0.47415730337078654 0.8699609882964889 0.47415730337078654 0.8803641092327699 0.47191011235955055 0.8881664499349805 0.46741573033707867 0.8998699609882965 0.46292134831460674 0.9076723016905072 0.4606741573033708 0.9115734720416124 0.45393258426966293 0.9128738621586476 0.4449438202247191 0.9115734720416124 0.43820224719101125 0.9037711313394018 0.4404494382022472 0.8959687906371911 0.44719101123595506 0.8868660598179454 0.451685393258427 0.8751625487646294 0.45393258426966293
8 0.764629388816645 0.5056179775280899 0.7555266579973993 0.5101123595505618 0.7503250975292588 0.5168539325842697 0.7464239271781534 0.5235955056179775 0.7464239271781534 0.5325842696629214 0.7516254876462939 0.5393258426966292 0.7594278283485045 0.5415730337078651 0.7737321196358907 0.5393258426966292 0.7815344603381015 0.5348314606741573 0.7919375812743823 0.5348314606741573 0.7906371911573472 0.5235955056179775 0.7958387516254877 0.5146067415730337 0.8010403120936281 0.5056179775280899 0.8075422626788037 0.501123595505618 0.8075422626788037 0.4898876404494382 0.7997399219765929 0.4853932584269663 0.7867360208062418 0.49213483146067416 0.7750325097529259 0.4966292134831461 0.764629388816645 0.5056179775280899
8 0.8257477243172952 0.5460674157303371 0.8075422626788037 0.5573033707865168 0.7932379713914174 0.5640449438202247 0.7776332899869961 0.5775280898876405 0.7672301690507152 0.5820224719101124 0.7568270481144344 0.5865168539325842 0.7464239271781534 0.5910112359550562 0.7360208062418726 0.597752808988764 0.7334200260078023 0.6067415730337079 0.7438231469440832 0.6089887640449438 0.7581274382314694 0.6 0.776332899869961 0.5910112359550562 0.7919375812743823 0.5842696629213483 0.8036410923276983 0.5775280898876405 0.8192457737321196 0.5662921348314607 0.8361508452535761 0.5595505617977528 0.8478543563068921 0.5528089887640449 0.8608582574772432 0.5438202247191011 0.871261378413524 0.5393258426966292 0.8777633289986996 0.5303370786516854 0.8751625487646294 0.5213483146067416 0.8634590377113134 0.5235955056179775 0.8439531859557867 0.5348314606741573 0.8257477243172952 0.5460674157303371
6 0.270481144343303 0.6606741573033708 0.2743823146944083 0.6719101123595506 0.2795838751625488 0.6831460674157304 0.2847854356306892 0.6966292134831461 0.2925877763328999 0.698876404494382 0.2951885565669701 0.6786516853932584 0.3016905071521456 0.6494382022471911 0.30299089726918077 0.6292134831460674 0.2964889466840052 0.6157303370786517 0.2847854356306892 0.6247191011235955 0.2756827048114434 0.6449438202247191 0.270481144343303 0.6606741573033708
6 0.2665799739921977 0.7842696629213484 0.2574772431729519 0.8179775280898877 0.24967490247074123 0.8561797752808988 0.24057217165149544 0.8853932584269663 0.23146944083224968 0.9056179775280899 0.2483745123537061 0.9168539325842696 0.258777633289987 0.9168539325842696 0.26918075422626786 0.8876404494382022 0.26527958387516254 0.8404494382022472 0.2743823146944083 0.802247191011236 0.2808842652795839 0.7685393258426966 0.2886866059817945 0.7438202247191011 0.2977893368010403 0.7146067415730337 0.2834850455136541 0.7213483146067415 0.27698309492847856 0.7528089887640449 0.2665799739921977 0.7842696629213484
6 0.1482444733420026 0.8741573033707866 0.13654096228868662 0.8606741573033708 0.12743823146944083 0.8449438202247191 0.12093628088426528 0.8404494382022472 0.10923276983094929 0.8382022471910112 0.10403120936280884 0.8606741573033708 0.08842652795838751 0.8696629213483146 0.10143042912873862 0.8808988764044944 0.13263979193758127 0.8966292134831461 0.15214564369310793 0.9101123595505618 0.18075422626788037 0.9191011235955057 0.20026007802340703 0.9168539325842696 0.21716514954486346 0.9168539325842696 0.22886866059817945 0.9168539325842696 0.2223667100130039 0.8898876404494382 0.2067620286085826 0.8898876404494382 0.1846553966189857 0.8898876404494382 0.1625487646293888 0.8764044943820225 0.1482444733420026 0.8741573033707866
5 0.15214564369310793 0.7842696629213484 0.14174252275682706 0.7887640449438202 0.13394018205461639 0.7955056179775281 0.13263979193758127 0.8089887640449438 0.13394018205461639 0.8247191011235955 0.1469440832249675 0.8404494382022472 0.15604681404421328 0.8471910112359551 0.16644993498049415 0.851685393258427 0.17945383615084526 0.8471910112359551 0.18855656697009102 0.8449438202247191 0.19895968790637192 0.8359550561797753 0.19895968790637192 0.8202247191011236 0.19505851755526657 0.8067415730337079 0.18985695708712613 0.7955056179775281 0.17945383615084526 0.7865168539325843 0.16775032509752927 0.7820224719101123 0.15214564369310793 0.7842696629213484
6 0.1976592977893368 0.8471910112359551 0.2067620286085826 0.8449438202247191 0.21196358907672302 0.8337078651685393 0.21586475942782835 0.8202247191011236 0.21456436931079323 0.8112359550561797 0.20416124837451236 0.8089887640449438 0.20286085825747724 0.8179775280898877 0.20026007802340703 0.8359550561797753 0.1976592977893368 0.8471910112359551
3 0.036410923276983094 0.550561797752809 0.032509752925877766 0.5348314606741573 0.031209362808842653 0.5123595505617977 0.02990897269180754 0.4898876404494382 0.02600780234070221 0.49887640449438203 0.022106631989596878 0.5123595505617977 0.018205461638491547 0.5303370786516854 0.018205461638491547 0.5460674157303371 0.015604681404421327 0.5707865168539326 0.02340702210663199 0.5955056179775281 0.031209362808842653 0.6179775280898876 0.04031209362808843 0.6269662921348315 0.05071521456436931 0.6157303370786517 0.06501950585175553 0.6022471910112359 0.07022106631989597 0.5842696629213483 0.0611183355006502 0.5775280898876405 0.04681404421326398 0.5640449438202247 0.036410923276983094 0.550561797752809
6 0.8907672301690507 0.33707865168539325 0.8868660598179454 0.34606741573033706 0.8855656697009102 0.3550561797752809 0.893368010403121 0.36179775280898874 0.8985695708712613 0.35730337078651686 0.9089726918075423 0.35280898876404493 0.9167750325097529 0.3550561797752809 0.9193758127438232 0.3595505617977528 0.9245773732119635 0.37303370786516854 0.929778933680104 0.34606741573033706 0.9219765929778934 0.3325842696629214 0.9063719115734721 0.3303370786516854 0.8907672301690507 0.33707865168539325
6 0.8426527958387516 0.37303370786516854 0.8270481144343304 0.3797752808988764 0.8166449934980494 0.3865168539325843 0.8023407022106632 0.38202247191011235 0.7958387516254877 0.38202247191011235 0.7906371911573472 0.3955056179775281 0.7867360208062418 0.40898876404494383 0.7802340702210663 0.4202247191011236 0.7789336801040312 0.42921348314606744 0.7867360208062418 0.42696629213483145 0.7906371911573472 0.4202247191011236 0.7984395318595578 0.4134831460674157 0.811443433029909 0.41123595505617977 0.8244473342002601 0.40224719101123596 0.8374512353706112 0.39325842696629215 0.8491547464239272 0.3887640449438202 0.8569570871261378 0.38202247191011235 0.8699609882964889 0.3752808988764045 0.8790637191157347 0.3685393258426966 0.8842652795838751 0.36404494382022473 0.8855656697009102 0.3595505617977528 0.881664499349805 0.34606741573033706 0.8751625487646294 0.350561797752809 0.8621586475942783 0.35730337078651686 0.8517555266579974 0.36629213483146067 0.8426527958387516 0.37303370786516854
5 0.3693107932379714 0.7348314606741573 0.3550065019505852 0.7617977528089888 0.3420026007802341 0.8 0.33550065019505854 0.849438202247191 0.3433029908972692 0.898876404494382 0.3563068920676203 0.9258426966292135 0.3862158647594278 0.9415730337078652 0.4174252275682705 0.9303370786516854 0.435630689206762 0.9056179775280899 0.4577373211963589 0.8561797752808988 0.46553966189856955 0.7932584269662921 0.45513654096228867 0.7370786516853932 0.43823146944083224 0.7123595505617978 0.4187256176853056 0.701123595505618 0.3914174252275683 0.7056179775280899 0.3693107932379714 0.7348314606741573
0 0.6007802340702211 0.31235955056179776 0.5903771131339401 0.3101123595505618 0.5825747724317295 0.31910112359550563 0.5799739921976593 0.3325842696629214 0.5799739921976593 0.3550561797752809 0.5799739921976593 0.36629213483146067 0.577373211963589 0.3707865168539326 0.5708712613784135 0.3707865168539326 0.5604681404421327 0.3752808988764045 0.5708712613784135 0.3865168539325843 0.5812743823146944 0.3865168539325843 0.5955786736020806 0.3865168539325843 0.611183355006502 0.3865168539325843 0.6280884265279584 0.38202247191011235 0.6397919375812744 0.3775280898876405 0.6423927178153446 0.3707865168539326 0.647594278283485 0.3550561797752809 0.6449934980494149 0.3393258426966292 0.6319895968790638 0.3258426966292135 0.6150845253576073 0.31685393258426964 0.6007802340702211 0.31235955056179776