5 0.6835664335664335 1 0.6888111888111889 0.9906976744186047 0.6940559440559441 0.9697674418604652 0.7027972027972028 0.9441860465116279 0.7167832167832168 0.9209302325581395 0.7255244755244755 0.8953488372093024 0.7377622377622378 0.8697674418604651 0.7465034965034965 0.8418604651162791 0.7534965034965035 0.813953488372093 0.7622377622377622 0.7883720930232558 0.7657342657342657 0.7674418604651163 0.7692307692307693 0.7465116279069768 0.777972027972028 0.7162790697674418 0.7797202797202797 0.6930232558139535 0.7832167832167832 0.6697674418604651 0.784965034965035 0.6395348837209303 0.7832167832167832 0.6232558139534884 0.777972027972028 0.6162790697674418 0.7674825174825175 0.6372093023255814 0.756993006993007 0.6651162790697674 0.75 0.686046511627907 0.7412587412587412 0.7162790697674418 0.7325174825174825 0.7465116279069768 0.7185314685314685 0.7790697674418605 0.708041958041958 0.8093023255813954 0.6975524475524476 0.8372093023255814 0.6905594405594405 0.8558139534883721 0.6818181818181818 0.8813953488372093 0.6748251748251748 0.9 0.6713286713286714 0.9209302325581395 0.6643356643356644 0.9348837209302325 0.6590909090909091 0.9558139534883721 0.6520979020979021 0.9697674418604652 0.6486013986013986 0.9883720930232558 0.6420454545454546 1 0.6835664335664335 1
8 0.5192307692307693 0.9255813953488372 0.5209790209790209 0.9162790697674419 0.5227272727272727 0.9093023255813953 0.5227272727272727 0.9023255813953488 0.5192307692307693 0.8930232558139535 0.5157342657342657 0.9 0.5122377622377622 0.9093023255813953 0.513986013986014 0.9209302325581395 0.5192307692307693 0.9255813953488372
8 0.5262237762237763 0.786046511627907 0.5332167832167832 0.7767441860465116 0.5367132867132867 0.7697674418604651 0.5297202797202797 0.7627906976744186 0.5209790209790209 0.7581395348837209 0.5122377622377622 0.7534883720930232 0.5034965034965035 0.7465116279069768 0.5052447552447552 0.7534883720930232 0.5087412587412588 0.7558139534883721 0.513986013986014 0.7627906976744186 0.5174825174825175 0.7674418604651163 0.5174825174825175 0.7767441860465116 0.5209790209790209 0.786046511627907 0.5262237762237763 0.786046511627907
8 0.4755244755244755 0.5 0.4807692307692308 0.5 0.486013986013986 0.5 0.4825174825174825 0.4930232558139535 0.4772727272727273 0.4930232558139535 0.47202797202797203 0.4883720930232558 0.46503496503496505 0.48604651162790696 0.46153846153846156 0.46744186046511627 0.4562937062937063 0.45813953488372094 0.45104895104895104 0.44883720930232557 0.44755244755244755 0.43953488372093025 0.44405594405594406 0.42790697674418604 0.4405594405594406 0.42093023255813955 0.43356643356643354 0.4255813953488372 0.4353146853146853 0.4372093023255814 0.4405594405594406 0.4511627906976744 0.44405594405594406 0.4627906976744186 0.45104895104895104 0.47674418604651164 0.4562937062937063 0.4906976744186046 0.4632867132867133 0.5023255813953489 0.47027972027972026 0.5023255813953489 0.4755244755244755 0.5
3 0.5559440559440559 0.8209302325581396 0.5559440559440559 0.813953488372093 0.5611888111888111 0.8046511627906977 0.5664335664335665 0.7930232558139535 0.5576923076923077 0.7813953488372093 0.548951048951049 0.7674418604651163 0.5402097902097902 0.7511627906976744 0.5262237762237763 0.7441860465116279 0.5122377622377622 0.7395348837209302 0.5 0.7488372093023256 0.5034965034965035 0.7651162790697674 0.5104895104895105 0.7767441860465116 0.5157342657342657 0.7906976744186046 0.5262237762237763 0.8046511627906977 0.5384615384615384 0.8116279069767441 0.548951048951049 0.8255813953488372 0.5559440559440559 0.8209302325581396
3 0.6031468531468531 0.5279069767441861 0.6083916083916084 0.5232558139534884 0.6188811188811189 0.5186046511627908 0.6276223776223776 0.5069767441860465 0.6276223776223776 0.49534883720930234 0.6223776223776224 0.4744186046511628 0.6206293706293706 0.4558139534883721 0.6153846153846154 0.4418604651162791 0.6066433566433567 0.4255813953488372 0.5944055944055944 0.41627906976744183 0.5856643356643356 0.40930232558139534 0.5769230769230769 0.4046511627906977 0.5681818181818182 0.4 0.5576923076923077 0.3930232558139535 0.5524475524475524 0.3813953488372093 0.5437062937062938 0.36511627906976746 0.5384615384615384 0.34651162790697676 0.5384615384615384 0.3325581395348837 0.5437062937062938 0.3209302325581395 0.548951048951049 0.3116279069767442 0.534965034965035 0.313953488372093 0.5209790209790209 0.30930232558139537 0.5034965034965035 0.3116279069767442 0.49125874125874125 0.31627906976744186 0.4807692307692308 0.3209302325581395 0.46503496503496505 0.3209302325581395 0.45454545454545453 0.3209302325581395 0.4423076923076923 0.3209302325581395 0.42482517482517484 0.3209302325581395 0.4178321678321678 0.34651162790697676 0.42657342657342656 0.3581395348837209 0.4405594405594406 0.3767441860465116 0.4493006993006993 0.40232558139534885 0.46153846153846156 0.4232558139534884 0.4755244755244755 0.43953488372093025 0.486013986013986 0.4627906976744186 0.5017482517482518 0.48372093023255813 0.5122377622377622 0.5 0.5209790209790209 0.5116279069767442 0.5262237762237763 0.48604651162790696 0.5332167832167832 0.4813953488372093 0.548951048951049 0.48372093023255813 0.5594405594405595 0.4906976744186046 0.5751748251748252 0.5069767441860465 0.5821678321678322 0.5186046511627908 0.5944055944055944 0.5325581395348837 0.6031468531468531 0.5279069767441861
0 0.41083916083916083 0.3209302325581395 0.4020979020979021 0.32325581395348835 0.39335664335664333 0.3209302325581395 0.38286713286713286 0.3209302325581395 0.3723776223776224 0.3209302325581395 0.3618881118881119 0.31627906976744186 0.3531468531468531 0.3209302325581395 0.33916083916083917 0.31627906976744186 0.3269230769230769 0.3116279069767442 0.31643356643356646 0.3 0.3094405594405594 0.2930232558139535 0.3041958041958042 0.28604651162790695 0.2937062937062937 0.2744186046511628 0.28846153846153844 0.2627906976744186 0.28321678321678323 0.24651162790697675 0.27797202797202797 0.23488372093023255 0.2727272727272727 0.22093023255813954 0.2692307692307692 0.23953488372093024 0.2727272727272727 0.2534883720930233 0.2727272727272727 0.26744186046511625 0.2762237762237762 0.27906976744186046 0.28321678321678323 0.30465116279069765 0.3041958041958042 0.32325581395348835 0.3688811188811189 0.34651162790697676 0.3811188811188811 0.3488372093023256 0.3951048951048951 0.35348837209302325 0.40734265734265734 0.3558139534883721 0.4178321678321678 0.3558139534883721 0.4160839160839161 0.3395348837209302 0.4178321678321678 0.32790697674418606 0.42132867132867136 0.3186046511627907 0.41083916083916083 0.3209302325581395
8 0.5104895104895105 0.26744186046511625 0.5122377622377622 0.26046511627906976 0.506993006993007 0.2558139534883721 0.5017482517482518 0.2558139534883721 0.5 0.26744186046511625 0.5052447552447552 0.27209302325581397 0.5104895104895105 0.26744186046511625
8 0.506993006993007 0.20930232558139536 0.5087412587412588 0.20232558139534884 0.5087412587412588 0.19534883720930232 0.5087412587412588 0.1883720930232558 0.513986013986014 0.17906976744186046 0.513986013986014 0.16511627906976745 0.506993006993007 0.16046511627906976 0.5017482517482518 0.1697674418604651 0.5034965034965035 0.18372093023255814 0.5 0.19534883720930232 0.5 0.20465116279069767 0.506993006993007 0.20930232558139536
8 0.5734265734265734 0.24883720930232558 0.5821678321678322 0.24883720930232558 0.583916083916084 0.2372093023255814 0.5786713286713286 0.2372093023255814 0.5734265734265734 0.23953488372093024 0.5646853146853147 0.24186046511627907 0.5541958041958042 0.24651162790697675 0.5559440559440559 0.2534883720930233 0.5646853146853147 0.25116279069767444 0.5734265734265734 0.24883720930232558
8 0.534965034965035 0.1372093023255814 0.5297202797202797 0.13953488372093023 0.534965034965035 0.14418604651162792 0.541958041958042 0.14186046511627906 0.534965034965035 0.1372093023255814
3 0.43006993006993005 0.30930232558139537 0.4370629370629371 0.3116279069767442 0.4493006993006993 0.30930232558139537 0.46853146853146854 0.3116279069767442 0.48776223776223776 0.313953488372093 0.5017482517482518 0.30930232558139537 0.5262237762237763 0.3116279069767442 0.5402097902097902 0.3116279069767442 0.5611888111888111 0.3116279069767442 0.583916083916084 0.313953488372093 0.5909090909090909 0.30930232558139537 0.5926573426573427 0.29767441860465116 0.5891608391608392 0.28604651162790695 0.5874125874125874 0.2651162790697674 0.5856643356643356 0.2534883720930233 0.5856643356643356 0.23488372093023255 0.5874125874125874 0.22093023255813954 0.5909090909090909 0.1930232558139535 0.5891608391608392 0.16279069767441862 0.5856643356643356 0.14418604651162792 0.5821678321678322 0.12790697674418605 0.5786713286713286 0.12093023255813953 0.5699300699300699 0.12325581395348838 0.5594405594405595 0.11627906976744186 0.5437062937062938 0.11162790697674418 0.5314685314685315 0.11627906976744186 0.5209790209790209 0.11395348837209303 0.5087412587412588 0.10930232558139535 0.4982517482517482 0.10232558139534884 0.48776223776223776 0.1 0.4772727272727273 0.09302325581395349 0.47027972027972026 0.08604651162790698 0.4562937062937063 0.07674418604651163 0.4423076923076923 0.06511627906976744 0.4353146853146853 0.05116279069767442 0.4230769230769231 0.037209302325581395 0.4178321678321678 0.04883720930232558 0.4160839160839161 0.08139534883720931 0.4178321678321678 0.11627906976744186 0.4195804195804196 0.13953488372093023 0.4195804195804196 0.16744186046511628 0.4195804195804196 0.1883720930232558 0.4195804195804196 0.22093023255813954 0.42482517482517484 0.23255813953488372 0.4353146853146853 0.2441860465116279 0.44405594405594406 0.2534883720930233 0.4458041958041958 0.2651162790697674 0.4370629370629371 0.27209302325581397 0.42482517482517484 0.27674418604651163 0.42132867132867136 0.29069767441860467 0.4195804195804196 0.30697674418604654 0.43006993006993005 0.30930232558139537
0 0.6416083916083916 1 0.6433566433566433 0.9953488372093023 0.6468531468531469 0.9837209302325581 0.6573426573426573 0.9627906976744186 0.6625874125874126 0.9441860465116279 0.6678321678321678 0.9255813953488372 0.6748251748251748 0.9093023255813953 0.6800699300699301 0.8837209302325582 0.6888111888111889 0.8651162790697674 0.6940559440559441 0.8441860465116279 0.7027972027972028 0.8209302325581396 0.7115384615384616 0.7976744186046512 0.722027972027972 0.772093023255814 0.7307692307692307 0.7465116279069768 0.7395104895104895 0.7232558139534884 0.743006993006993 0.7 0.7534965034965035 0.6790697674418604 0.7622377622377622 0.6534883720930232 0.7709790209790209 0.6302325581395349 0.777972027972028 0.6162790697674418 0.7884615384615384 0.586046511627907 0.7954545454545454 0.541860465116279 0.798951048951049 0.513953488372093 0.7902097902097902 0.5 0.7744755244755245 0.4906976744186046 0.7604895104895105 0.48604651162790696 0.7447552447552448 0.4744186046511628 0.7255244755244755 0.4604651162790698 0.7097902097902098 0.44651162790697674 0.7027972027972028 0.4325581395348837 0.5979020979020979 0.42790697674418604 0.6258741258741258 0.4906976744186046 0.5874125874125874 0.5255813953488372 0.6171328671328671 0.5976744186046512 0.6223776223776224 0.6534883720930232 0.6153846153846154 0.6930232558139535 0.6171328671328671 0.7255813953488373 0.6188811188811189 0.7627906976744186 0.6118881118881119 0.7837209302325582 0.5944055944055944 0.7790697674418605 0.5856643356643356 0.7674418604651163 0.5629370629370629 0.7534883720930232 0.5681818181818182 0.7837209302325582 0.5716783216783217 0.7930232558139535 0.583916083916084 0.8046511627906977 0.6031468531468531 0.8232558139534883 0.6153846153846154 0.8325581395348837 0.6276223776223776 0.8395348837209302 0.6346153846153846 0.8604651162790697 0.6328671328671329 0.8813953488372093 0.6311188811188811 0.9023255813953488 0.6276223776223776 0.9186046511627907 0.6188811188811189 0.9418604651162791 0.6101398601398601 0.9674418604651163 0.5996503496503497 0.9906976744186047 0.5769230769230769 1 0.6416083916083916 1
5 0.38461538461538464 0.24651162790697675 0.3811188811188811 0.23953488372093024 0.38286713286713286 0.23255813953488372 0.3881118881118881 0.22325581395348837 0.40034965034965037 0.2255813953488372 0.40734265734265734 0.2186046511627907 0.40559440559440557 0.2 0.40559440559440557 0.1883720930232558 0.40559440559440557 0.15813953488372093 0.40559440559440557 0.14186046511627906 0.40384615384615385 0.1186046511627907 0.40384615384615385 0.07674418604651163 0.40384615384615385 0.046511627906976744 0.40034965034965037 0.02558139534883721 0.39335664335664333 0.023255813953488372 0.38461538461538464 0.020930232558139535 0.3723776223776224 0.018604651162790697 0.3618881118881119 0.020930232558139535 0.34965034965034963 0.018604651162790697 0.34265734265734266 0.018604651162790697 0.3304195804195804 0.018604651162790697 0.31993006993006995 0.01627906976744186 0.30244755244755245 0.013953488372093023 0.30244755244755245 0.02558139534883721 0.30244755244755245 0.044186046511627906 0.30244755244755245 0.06279069767441861 0.30594405594405594 0.08372093023255814 0.3076923076923077 0.10930232558139535 0.3111888111888112 0.1325581395348837 0.31993006993006995 0.1511627906976744 0.32517482517482516 0.1744186046511628 0.3356643356643357 0.19534883720930232 0.34965034965034963 0.2186046511627907 0.36538461538461536 0.24186046511627907 0.3793706293706294 0.2558139534883721 0.3881118881118881 0.2651162790697674 0.3968531468531469 0.27674418604651163 0.38461538461538464 0.24651162790697675
0 0.6153846153846154 0.4 0.6223776223776224 0.4046511627906977 0.6276223776223776 0.40930232558139534 0.6381118881118881 0.413953488372093 0.6486013986013986 0.41627906976744183 0.666083916083916 0.4186046511627907 0.6800699300699301 0.4186046511627907 0.6958041958041958 0.41627906976744183 0.7062937062937062 0.413953488372093 0.715034965034965 0.40930232558139534 0.7202797202797203 0.4 0.722027972027972 0.3930232558139535 0.7202797202797203 0.386046511627907 0.7132867132867133 0.3767441860465116 0.7097902097902098 0.36511627906976746 0.7027972027972028 0.35348837209302325 0.6958041958041958 0.3488372093023256 0.6870629370629371 0.3395348837209302 0.6783216783216783 0.33488372093023255 0.6713286713286714 0.3325581395348837 0.6590909090909091 0.32790697674418606 0.6503496503496503 0.32558139534883723 0.6381118881118881 0.32558139534883723 0.6293706293706294 0.32558139534883723 0.6188811188811189 0.32558139534883723 0.6101398601398601 0.3325581395348837 0.6031468531468531 0.3372093023255814 0.5961538461538461 0.34186046511627904 0.5891608391608392 0.3488372093023256 0.5856643356643356 0.36046511627906974 0.5874125874125874 0.37209302325581395 0.5996503496503497 0.386046511627907 0.6066433566433567 0.3953488372093023 0.6153846153846154 0.4
2 0.4020979020979021 0.3511627906976744 0.3479020979020979 0.33488372093023255 0.2867132867132867 0.30465116279069765 0.27972027972027974 0.313953488372093 0.270979020979021 0.34651162790697676 0.27972027972027974 0.39069767441860465 0.28146853146853146 0.45348837209302323 0.28496503496503495 0.5302325581395348 0.28846153846153844 0.5906976744186047 0.3076923076923077 0.6348837209302326 0.3339160839160839 0.6813953488372093 0.36713286713286714 0.7348837209302326 0.38461538461538464 0.7674418604651163 0.3916083916083916 0.7488372093023256 0.39335664335664333 0.6767441860465117 0.40384615384615385 0.5790697674418605 0.41083916083916083 0.4604651162790698 0.4178321678321678 0.36511627906976746 0.4020979020979021 0.3511627906976744
2 0.38636363636363635 0.23488372093023255 0.40559440559440557 0.25116279069767444 0.43006993006993005 0.2558139534883721 0.4370629370629371 0.24651162790697675 0.4090909090909091 0.22790697674418606 0.38636363636363635 0.23488372093023255
0 0.48426573426573427 0.45348837209302323 0.46153846153846156 0.42093023255813955 0.46853146853146854 0.4558139534883721 0.49475524475524474 0.5069767441860465 0.5209790209790209 0.541860465116279 0.5262237762237763 0.5162790697674419 0.48426573426573427 0.45348837209302323
0 0.4388111888111888 0.3325581395348837 0.46153846153846156 0.3302325581395349 0.49125874125874125 0.3209302325581395 0.534965034965035 0.31627906976744186 0.5786713286713286 0.3116279069767442 0.5594405594405595 0.3023255813953488 0.5384615384615384 0.29534883720930233 0.5087412587412588 0.29534883720930233 0.48776223776223776 0.3 0.45454545454545453 0.3023255813953488 0.42482517482517484 0.29534883720930233 0.4143356643356643 0.3302325581395349 0.4388111888111888 0.3325581395348837
3 0.263986013986014 0.3209302325581395 0.2692307692307692 0.3325581395348837 0.27972027972027974 0.32558139534883723 0.2902097902097902 0.3023255813953488 0.28496503496503495 0.28837209302325584 0.270979020979021 0.27209302325581397 0.26573426573426573 0.28837209302325584 0.263986013986014 0.3209302325581395