6 0.5456553755522827 0.16550925925925927 0.5486008836524301 0.2025462962962963 0.5515463917525774 0.24189814814814814 0.5441826215022091 0.29050925925925924 0.5589101620029455 0.28125 0.56480117820324 0.22569444444444445 0.5589101620029455 0.18171296296296297 0.5456553755522827 0.16550925925925927
6 0.6281296023564065 0.5659722222222222 0.6310751104565537 0.5775462962962963 0.6413843888070693 0.5706018518518519 0.6384388807069219 0.5613425925925926 0.6296023564064801 0.5590277777777778 0.6281296023564065 0.5659722222222222
6 0.5913107511045655 0.7164351851851852 0.5913107511045655 0.7210648148148148 0.5927835051546392 0.7210648148148148 0.5927835051546392 0.7164351851851852 0.5913107511045655 0.7164351851851852
6 0.5898379970544919 0.7094907407407407 0.5913107511045655 0.7094907407407407 0.5913107511045655 0.7048611111111112 0.5898379970544919 0.7048611111111112 0.5898379970544919 0.7094907407407407
6 0.45139911634756996 0.46412037037037035 0.4528718703976436 0.45949074074074076 0.4543446244477172 0.45717592592592593 0.44992636229749633 0.4525462962962963 0.44992636229749633 0.4479166666666667 0.4484536082474227 0.44560185185185186 0.44992636229749633 0.45717592592592593 0.44992636229749633 0.4618055555555556 0.45139911634756996 0.46412037037037035
6 0.4572901325478645 0.44328703703703703 0.4543446244477172 0.4409722222222222 0.4543446244477172 0.4479166666666667 0.4572901325478645 0.45023148148148145 0.4572901325478645 0.44328703703703703
6 0.4528718703976436 0.4386574074074074 0.4528718703976436 0.4340277777777778 0.44992636229749633 0.43171296296296297 0.4484536082474227 0.4363425925925926 0.44992636229749633 0.4409722222222222 0.4528718703976436 0.4386574074074074
0 0.5265095729013255 0.13310185185185186 0.5250368188512519 0.056712962962962965 0.5294550810014728 0.03819444444444445 0.5368188512518409 0.02199074074074074 0.5309278350515464 0.010416666666666666 0.5191458026509573 0.03125 0.5176730486008837 0.06597222222222222 0.5176730486008837 0.11921296296296297 0.5265095729013255 0.13310185185185186
6 0.5708558335787923 1 0.5662739322533137 0.9918981481481481 0.5574374079528719 0.9803240740740741 0.5456553755522827 0.9664351851851852 0.5427098674521355 0.9618055555555556 0.5397643593519882 0.9594907407407407 0.5353460972017673 0.9548611111111112 0.5279823269513991 0.9525462962962963 0.5353460972017673 0.9641203703703703 0.5338733431516937 0.9641203703703703 0.5589101620029455 0.9918981481481481 0.5635493372606775 1 0.5708558335787923 1
8 0.5220913107511046 0.3506944444444444 0.5132547864506627 0.36226851851851855 0.5279823269513991 0.35532407407407407 0.5353460972017673 0.34375 0.5441826215022091 0.31828703703703703 0.5471281296023565 0.3159722222222222 0.5500736377025037 0.3113425925925926 0.5515463917525774 0.3020833333333333 0.5515463917525774 0.2951388888888889 0.5368188512518409 0.33217592592592593 0.5220913107511046 0.3506944444444444
8 0.5544918998527246 0.3136574074074074 0.5500736377025037 0.32523148148148145 0.5471281296023565 0.3298611111111111 0.5456553755522827 0.33912037037037035 0.5486008836524301 0.3368055555555556 0.5559646539027983 0.3229166666666667 0.5633284241531664 0.30671296296296297 0.5618556701030928 0.29976851851851855 0.5544918998527246 0.3136574074074074
6 0.40868924889543445 0.04513888888888889 0.4057437407952872 0.04282407407407408 0.4027982326951399 0.047453703703703706 0.39985272459499266 0.061342592592592594 0.40427098674521356 0.056712962962962965 0.40868924889543445 0.04513888888888889
8 0.43071152430044185 0 0.4057437407952872 0.04050925925925926 0.4101620029455081 0.03819444444444445 0.43702038586156117 0 0.43071152430044185 0
3 0.43759798527245947 0 0.4101620029455081 0.04050925925925926 0.42341678939617083 0.056712962962962965 0.43961708394698085 0.056712962962962965 0.4734904270986745 0.05439814814814815 0.49410898379970547 0.04282407407407408 0.5162002945508101 0.02199074074074074 0.5265095729013255 0.008101851851851851 0.5242544182621502 0 0.43759798527245947 0