6 0.32869565217391306 0.6813953488372093 0.3443478260869565 0.6906976744186046 0.3617391304347826 0.6930232558139535 0.3826086956521739 0.6906976744186046 0.4156521739130435 0.6930232558139535 0.42782608695652175 0.686046511627907 0.40347826086956523 0.6837209302325581 0.38608695652173913 0.6813953488372093 0.37043478260869567 0.6813953488372093 0.35478260869565215 0.6813953488372093 0.3373913043478261 0.6767441860465117 0.3234782608695652 0.6651162790697674 0.32869565217391306 0.6813953488372093
8 0.23478260869565218 0.7 0.24521739130434783 0.7093023255813954 0.26260869565217393 0.7209302325581395 0.2817391304347826 0.727906976744186 0.3026086956521739 0.7325581395348837 0.32869565217391306 0.7372093023255814 0.35478260869565215 0.7348837209302326 0.3652173913043478 0.7209302325581395 0.3391304347826087 0.7255813953488373 0.3182608695652174 0.7232558139534884 0.288695652173913 0.713953488372093 0.2643478260869565 0.7046511627906977 0.22956521739130434 0.6906976744186046 0.23478260869565218 0.7
8 0.391304347826087 0.7418604651162791 0.4017391304347826 0.7441860465116279 0.3947826086956522 0.7581395348837209 0.38608695652173913 0.7674418604651163 0.3982608695652174 0.7651162790697674 0.40695652173913044 0.7511627906976744 0.41739130434782606 0.7302325581395349 0.40869565217391307 0.7186046511627907 0.3982608695652174 0.7348837209302326 0.3773913043478261 0.7418604651162791 0.391304347826087 0.7418604651162791
8 0.2817391304347826 0.7093023255813954 0.2782608695652174 0.7348837209302326 0.2817391304347826 0.7488372093023256 0.28347826086956524 0.7325581395348837 0.28695652173913044 0.7093023255813954 0.28347826086956524 0.6930232558139535 0.2817391304347826 0.7093023255813954
8 0.2573913043478261 0.7348837209302326 0.2591304347826087 0.7232558139534884 0.2608695652173913 0.7093023255813954 0.2573913043478261 0.6953488372093023 0.2539130434782609 0.713953488372093 0.2573913043478261 0.7348837209302326
8 0.29043478260869565 0.7441860465116279 0.2991304347826087 0.7418604651162791 0.30782608695652175 0.7372093023255814 0.2991304347826087 0.7116279069767442 0.2921739130434783 0.7046511627906977 0.29043478260869565 0.727906976744186 0.29043478260869565 0.7441860465116279
8 0.20695652173913043 0.6883720930232559 0.21043478260869566 0.6976744186046512 0.21391304347826087 0.6790697674418604 0.20695652173913043 0.6883720930232559
8 0.13217391304347825 0.672093023255814 0.1356521739130435 0.6604651162790698 0.13217391304347825 0.6395348837209303 0.12695652173913044 0.627906976744186 0.12695652173913044 0.6465116279069767 0.13217391304347825 0.672093023255814
8 0.2 0.7116279069767442 0.20173913043478262 0.6837209302325581 0.19478260869565217 0.6697674418604651 0.19478260869565217 0.6930232558139535 0.2 0.7116279069767442
8 0.09739130434782609 0.6441860465116279 0.10260869565217391 0.6255813953488372 0.10260869565217391 0.6116279069767442 0.09739130434782609 0.6046511627906976 0.09565217391304348 0.627906976744186 0.09739130434782609 0.6441860465116279
6 0.19826086956521738 0.6976744186046512 0.20347826086956522 0.6976744186046512 0.20347826086956522 0.6906976744186046 0.2 0.6883720930232559 0.19652173913043477 0.686046511627907 0.18956521739130436 0.6883720930232559 0.19130434782608696 0.6930232558139535 0.19478260869565217 0.6953488372093023 0.19826086956521738 0.6976744186046512
8 0.23478260869565218 0.4813953488372093 0.24347826086956523 0.4813953488372093 0.23652173913043478 0.47674418604651164 0.21391304347826087 0.4720930232558139 0.22434782608695653 0.4790697674418605 0.23478260869565218 0.4813953488372093
4 0.12695652173913044 0.6627906976744186 0.12869565217391304 0.627906976744186 0.10434782608695652 0.6093023255813953 0.10434782608695652 0.6558139534883721 0.12695652173913044 0.6627906976744186
4 0.18608695652173912 0.6976744186046512 0.18956521739130436 0.6627906976744186 0.1373913043478261 0.6348837209302326 0.1373913043478261 0.6744186046511628 0.18608695652173912 0.6976744186046512
0 0.6226086956521739 0.5581395348837209 0.6156521739130435 0.5697674418604651 0.6956521739130435 0.5790697674418605 0.7130434782608696 0.5744186046511628 0.697391304347826 0.5697674418604651 0.6226086956521739 0.5581395348837209
0 0.4678260869565217 0.5162790697674419 0.36 0.5046511627906977 0.26608695652173914 0.4906976744186046 0.22260869565217392 0.48372093023255813 0.17043478260869566 0.46511627906976744 0.12695652173913044 0.4418604651162791 0.11478260869565217 0.43023255813953487 0.10782608695652174 0.4186046511627907 0.09391304347826086 0.45348837209302323 0.09391304347826086 0.4697674418604651 0.09043478260869565 0.4813953488372093 0.09043478260869565 0.5 0.09217391304347826 0.5232558139534884 0.09391304347826086 0.5488372093023256 0.09391304347826086 0.5627906976744186 0.09565217391304348 0.5767441860465117 0.10434782608695652 0.6 0.12521739130434784 0.627906976744186 0.1791304347826087 0.6604651162790698 0.23130434782608697 0.686046511627907 0.2747826086956522 0.686046511627907 0.3269565217391304 0.686046511627907 0.3426086956521739 0.6744186046511628 0.3826086956521739 0.6697674418604651 0.40695652173913044 0.6744186046511628 0.42782608695652175 0.6790697674418604 0.44521739130434784 0.6837209302325581 0.4643478260869565 0.6813953488372093 0.4852173913043478 0.6674418604651163 0.4852173913043478 0.6534883720930232 0.4591304347826087 0.6651162790697674 0.43478260869565216 0.6604651162790698 0.40869565217391307 0.6465116279069767 0.3947826086956522 0.6372093023255814 0.391304347826087 0.6209302325581395 0.391304347826087 0.6023255813953489 0.39652173913043476 0.5790697674418605 0.4017391304347826 0.5720930232558139 0.4295652173913043 0.5744186046511628 0.48869565217391303 0.5511627906976744 0.5756521739130435 0.5046511627906977 0.6295652173913043 0.47674418604651164 0.6521739130434783 0.4604651162790698 0.6521739130434783 0.44651162790697674 0.48869565217391303 0.5209302325581395 0.4678260869565217 0.5162790697674419
0 0.44521739130434784 0.5651162790697675 0.37565217391304345 0.5720930232558139 0.37565217391304345 0.6 0.37565217391304345 0.6372093023255814 0.38782608695652177 0.6511627906976745 0.4469565217391304 0.6697674418604651 0.48695652173913045 0.6604651162790698 0.5252173913043479 0.6465116279069767 0.5895652173913043 0.5953488372093023 0.6208695652173913 0.5604651162790698 0.6434782608695652 0.5255813953488372 0.6539130434782608 0.49534883720930234 0.6556521739130434 0.45813953488372094 0.5304347826086957 0.5232558139534884 0.44521739130434784 0.5651162790697675
5 0.10608695652173913 0.4604651162790698 0.10086956521739131 0.4906976744186046 0.10434782608695652 0.5395348837209303 0.10782608695652174 0.586046511627907 0.13043478260869565 0.6116279069767442 0.20695652173913043 0.6604651162790698 0.23304347826086957 0.6697674418604651 0.29391304347826086 0.672093023255814 0.3391304347826087 0.6604651162790698 0.36 0.6325581395348837 0.3634782608695652 0.5930232558139535 0.36695652173913046 0.5558139534883721 0.3843478260869565 0.5255813953488372 0.3582608695652174 0.5209302325581395 0.30782608695652175 0.513953488372093 0.2539130434782609 0.5093023255813953 0.20869565217391303 0.49534883720930234 0.15304347826086956 0.4744186046511628 0.12 0.45348837209302323 0.10608695652173913 0.4604651162790698
3 0.25043478260869567 0.48372093023255813 0.23478260869565218 0.4813953488372093 0.21391304347826087 0.47674418604651164 0.20173913043478262 0.4720930232558139 0.19652173913043477 0.4720930232558139 0.18434782608695652 0.4744186046511628 0.19478260869565217 0.4813953488372093 0.22434782608695653 0.4906976744186046 0.25217391304347825 0.49767441860465117 0.2817391304347826 0.5 0.2643478260869565 0.4883720930232558 0.25043478260869567 0.48372093023255813