4 0.5189274447949527 0.367983367983368 0.5331230283911672 0.3659043659043659 0.556782334384858 0.38461538461538464 0.5394321766561514 0.4158004158004158 0.5283911671924291 0.42411642411642414 0.5141955835962145 0.41372141372141374 0.5047318611987381 0.3991683991683992 0.5078864353312302 0.367983367983368
4 0.5599369085173501 0.42203742203742206 0.580441640378549 0.4261954261954262 0.6182965299684543 0.4490644490644491 0.6151419558359621 0.4594594594594595 0.5977917981072555 0.4698544698544699 0.5615141955835962 0.47193347193347196 0.5362776025236593 0.4594594594594595 0.5473186119873817 0.4303534303534304
4 0.5646687697160884 0.4802494802494803 0.5741324921135647 0.4885654885654886 0.5662460567823344 0.5031185031185031 0.555205047318612 0.4968814968814969
4 0.5930599369085173 0.5322245322245323 0.6151419558359621 0.5114345114345115 0.6340694006309149 0.5218295218295218 0.6466876971608833 0.5239085239085239 0.6577287066246057 0.5405405405405406 0.6529968454258676 0.5467775467775468 0.6340694006309149 0.5405405405405406 0.6025236593059937 0.5613305613305614 0.5946372239747634 0.5488565488565489
4 0.7082018927444795 0.49480249480249483 0.7239747634069401 0.49480249480249483 0.7365930599369085 0.5114345114345115 0.7097791798107256 0.5155925155925156
4 0.6340694006309149 0.43243243243243246 0.6561514195583596 0.4282744282744283 0.6703470031545742 0.4178794178794179 0.6861198738170347 0.4365904365904366 0.6798107255520505 0.44490644490644493 0.6577287066246057 0.45114345114345117 0.6356466876971609 0.45114345114345117
8 0.7602523659305994 0.6985446985446986 0.7728706624605678 0.7006237006237006 0.7712933753943217 0.7172557172557172 0.7602523659305994 0.7172557172557172
8 0.8233438485804416 0.6632016632016632 0.832807570977918 0.6632016632016632 0.832807570977918 0.6756756756756757 0.8217665615141956 0.6777546777546778
4 0.7744479495268138 0.4885654885654886 0.7839116719242902 0.49480249480249483 0.7886435331230284 0.49064449064449067 0.7823343848580442 0.4802494802494803
4 0.7933753943217665 0.501039501039501 0.8012618296529969 0.5072765072765073 0.7917981072555205 0.5176715176715176 0.7665615141955836 0.5301455301455301 0.7602523659305994 0.5218295218295218 0.7697160883280757 0.5155925155925156 0.7791798107255521 0.5176715176715176 0.7870662460567823 0.5114345114345115
3 0.610410094637224 0.8503118503118503 0.6324921135646687 0.8461538461538461 0.6277602523659306 0.8357588357588358 0.6182965299684543 0.8378378378378378
0 0.61198738170347 0.5821205821205822 0.5946372239747634 0.5821205821205822 0.5757097791798107 0.5717255717255717 0.5488958990536278 0.5509355509355509 0.5236593059936908 0.5301455301455301 0.4889589905362776 0.498960498960499 0.44952681388012616 0.46361746361746364 0.416403785488959 0.43451143451143454 0.3864353312302839 0.41372141372141374 0.3580441640378549 0.3908523908523909 0.34069400630914826 0.37214137214137216 0.33280757097791797 0.36382536382536385 0.33280757097791797 0.3492723492723493 0.35331230283911674 0.35135135135135137 0.38958990536277605 0.35135135135135137 0.43217665615141954 0.34511434511434513 0.4810725552050473 0.33471933471933474 0.5236593059936908 0.3305613305613306 0.5630914826498423 0.32224532224532226 0.6056782334384858 0.31185031185031187 0.638801261829653 0.30561330561330563 0.6482649842271293 0.29313929313929316 0.6608832807570978 0.30353430353430355 0.6876971608832808 0.31185031185031187 0.7192429022082019 0.3264033264033264 0.750788643533123 0.3388773388773389 0.7791798107255521 0.35550935550935553 0.804416403785489 0.37422037422037424 0.8201892744479495 0.39501039501039503 0.8359621451104101 0.4158004158004158 0.8485804416403786 0.43451143451143454 0.8533123028391167 0.4573804573804574 0.8517350157728707 0.48440748440748443 0.8422712933753943 0.49480249480249483 0.7965299684542587 0.5176715176715176 0.7365930599369085 0.5405405405405406