8 0.5933544303797469 0.6297071129707112 0.6186708860759493 0.6610878661087866 0.6329113924050633 0.6903765690376569 0.6629746835443038 0.6924686192468619 0.7072784810126582 0.6778242677824268 0.7563291139240507 0.6569037656903766 0.7832278481012658 0.6485355648535565 0.8180379746835443 0.6338912133891214 0.8512658227848101 0.6171548117154811 0.8734177215189873 0.5857740585774058 0.8971518987341772 0.5543933054393305 0.8860759493670886 0.5292887029288703 0.865506329113924 0.5188284518828452 0.8417721518987342 0.5167364016736402 0.8069620253164557 0.5502092050209205 0.7658227848101266 0.5732217573221757 0.694620253164557 0.600418410041841 0.6550632911392406 0.6129707112970711 0.634493670886076 0.6317991631799164 0.6091772151898734 0.6317991631799164
8 0.7183544303797469 0.5292887029288703 0.7389240506329114 0.5230125523012552 0.7689873417721519 0.5125523012552301 0.8069620253164557 0.497907949790795 0.8338607594936709 0.4874476987447699 0.8227848101265823 0.4769874476987448 0.8164556962025317 0.4686192468619247 0.8037974683544303 0.48326359832635984 0.7927215189873418 0.4811715481171548 0.7784810126582279 0.4602510460251046 0.7689873417721519 0.4560669456066946 0.7689873417721519 0.47489539748953974 0.7689873417721519 0.4916317991631799 0.7563291139240507 0.4916317991631799 0.7484177215189873 0.4790794979079498 0.7373417721518988 0.5 0.7183544303797469 0.50418410041841 0.7056962025316456 0.5146443514644351 0.6977848101265823 0.5313807531380753
8 0.6376582278481012 0.4769874476987448 0.6455696202531646 0.4769874476987448 0.6534810126582279 0.47280334728033474 0.6629746835443038 0.4686192468619247 0.6677215189873418 0.47489539748953974 0.6566455696202531 0.4811715481171548 0.6392405063291139 0.4874476987447699 0.6281645569620253 0.4811715481171548 0.6313291139240507 0.4769874476987448
8 0.6471518987341772 0.49372384937238495 0.6550632911392406 0.49372384937238495 0.6534810126582279 0.4895397489539749 0.6487341772151899 0.4874476987447699
8 0.680379746835443 0.45188284518828453 0.6882911392405063 0.46443514644351463 0.6977848101265823 0.47280334728033474 0.7056962025316456 0.47280334728033474 0.7009493670886076 0.46443514644351463 0.6930379746835443 0.4581589958158996 0.6882911392405063 0.45397489539748953
8 0.615506329113924 0.4100418410041841 0.6313291139240507 0.4100418410041841 0.6424050632911392 0.4225941422594142 0.6503164556962026 0.4330543933054393 0.6455696202531646 0.4435146443514644 0.6329113924050633 0.4435146443514644 0.6218354430379747 0.4351464435146444 0.6091772151898734 0.42887029288702927 0.6044303797468354 0.4225941422594142 0.615506329113924 0.41841004184100417
8 0.7705696202531646 0.399581589958159 0.7579113924050633 0.40376569037656906 0.7515822784810127 0.4121338912133891 0.759493670886076 0.41422594142259417 0.7689873417721519 0.4100418410041841 0.7753164556962026 0.40794979079497906
8 0.7721518987341772 0.41422594142259417 0.7800632911392406 0.4225941422594142 0.7879746835443038 0.4246861924686193 0.7863924050632911 0.41841004184100417 0.7753164556962026 0.40794979079497906
8 0.7927215189873418 0.42887029288702927 0.7753164556962026 0.4351464435146444 0.754746835443038 0.44142259414225943 0.7373417721518988 0.4497907949790795 0.7278481012658228 0.44142259414225943 0.7325949367088608 0.4351464435146444 0.7373417721518988 0.4393305439330544 0.754746835443038 0.4330543933054393 0.7705696202531646 0.42887029288702927 0.7848101265822784 0.42677824267782427 0.7927215189873418 0.4246861924686193
8 0.7927215189873418 0.40794979079497906 0.8022151898734177 0.41631799163179917 0.8069620253164557 0.4225941422594142 0.810126582278481 0.41631799163179917 0.7990506329113924 0.40585774058577406
8 0.8560126582278481 0.4497907949790795 0.8575949367088608 0.46443514644351463 0.8639240506329114 0.46234309623430964 0.8623417721518988 0.45397489539748953
8 0.8069620253164557 0.4456066945606695 0.819620253164557 0.45397489539748953 0.8275316455696202 0.45188284518828453 0.8259493670886076 0.4456066945606695 0.8212025316455697 0.4393305439330544
8 0.5458860759493671 0.7259414225941423 0.5727848101265823 0.7322175732217573 0.5949367088607594 0.7322175732217573 0.6091772151898734 0.7384937238493724 0.6044303797468354 0.7447698744769874 0.5838607594936709 0.7426778242677824 0.560126582278481 0.7343096234309623 0.5490506329113924 0.7322175732217573
5 0.6012658227848101 0.6192468619246861 0.6123417721518988 0.5878661087866108 0.629746835443038 0.5502092050209205 0.6471518987341772 0.5460251046025104 0.6724683544303798 0.5439330543933054 0.7025316455696202 0.5355648535564853 0.740506329113924 0.5230125523012552 0.7737341772151899 0.5104602510460251 0.8022151898734177 0.5 0.8291139240506329 0.4895397489539749 0.8575949367088608 0.4707112970711297 0.8781645569620253 0.4497907949790795 0.8813291139240507 0.4581589958158996 0.875 0.47489539748953974 0.8639240506329114 0.502092050209205 0.8544303797468354 0.502092050209205 0.8433544303797469 0.5167364016736402 0.8306962025316456 0.5313807531380753 0.8069620253164557 0.5502092050209205 0.7768987341772152 0.5669456066945606 0.7373417721518988 0.5836820083682008 0.694620253164557 0.600418410041841 0.6598101265822784 0.608786610878661 0.6376582278481012 0.6317991631799164 0.6028481012658228 0.6317991631799164
0 0.805379746835443 0.6736401673640168 0.810126582278481 0.6527196652719666 0.8180379746835443 0.6443514644351465 0.8275316455696202 0.6380753138075314 0.8275316455696202 0.6548117154811716 0.8259493670886076 0.6652719665271967 0.8164556962025317 0.6715481171548117 0.8227848101265823 0.6715481171548117
0 0.6012658227848101 0.5585774058577406 0.6170886075949367 0.5523012552301255 0.629746835443038 0.5523012552301255 0.6170886075949367 0.5774058577405857 0.6060126582278481 0.604602510460251 0.5996835443037974 0.6234309623430963 0.5838607594936709 0.6297071129707112 0.5632911392405063 0.6297071129707112 0.5427215189873418 0.6317991631799164 0.5237341772151899 0.6359832635983264 0.49683544303797467 0.6359832635983264 0.4825949367088608 0.6317991631799164 0.49841772151898733 0.608786610878661 0.5142405063291139 0.5836820083682008 0.5221518987341772 0.5857740585774058 0.5363924050632911 0.5711297071129707 0.5522151898734177 0.5648535564853556 0.560126582278481 0.5585774058577406 0.5791139240506329 0.5585774058577406
0 0.7025316455696202 0.7259414225941423 0.6740506329113924 0.7426778242677824 0.6756329113924051 0.7301255230125523 0.680379746835443 0.7071129707112971 0.7025316455696202 0.698744769874477 0.7072784810126582 0.702928870292887
0 0.6360759493670886 0.5439330543933054 0.569620253164557 0.5439330543933054 0.5537974683544303 0.5230125523012552 0.5015822784810127 0.4707112970711297 0.4462025316455696 0.42677824267782427 0.40189873417721517 0.39748953974895396 0.3512658227848101 0.3702928870292887 0.30063291139240506 0.34518828451882844 0.29430379746835444 0.3493723849372385 0.36550632911392406 0.39539748953974896 0.4462025316455696 0.4602510460251046 0.5015822784810127 0.5083682008368201 0.5316455696202531 0.5418410041841004 0.5474683544303798 0.5627615062761506 0.6218354430379747 0.5627615062761506
0 0.3829113924050633 0.5836820083682008 0.4889240506329114 0.6255230125523012 0.4810126582278481 0.6359832635983264 0.39556962025316456 0.6234309623430963 0.38449367088607594 0.602510460251046