8 0.13927227101631118 0 0.15683814303638646 0.02003338898163606 0.17314930991217065 0.03005008347245409 0.19949811794228356 0.03672787979966611 0.22082810539523212 0.05175292153589316 0.23588456712672523 0.0651085141903172 0.24717691342534504 0.07512520868113523 0.26223337515683814 0.08848080133555926 0.2710163111668758 0.09181969949916527 0.27854454203262236 0.08514190317195326 0.27854454203262236 0.07512520868113523 0.27854454203262236 0.0651085141903172 0.27728983688833125 0.05676126878130217 0.26223337515683814 0.03171953255425709 0.24466750313676286 0.01669449081803005 0.21831869510664995 0.005008347245409015 0.205950887076537 0 0.13927227101631118 0
8 0.383939774153074 0 0.38268506900878296 0.001669449081803005 0.37641154328732745 0.008347245409015025 0.36511919698870765 0.021702838063439065 0.34880803011292344 0.0333889816360601 0.3312421580928482 0.038397328881469114 0.3199498117942284 0.05008347245409015 0.30489335006273527 0.05175292153589316 0.29234629861982436 0.05676126878130217 0.2961104140526976 0.07679465776293823 0.30363864491844417 0.07846410684474124 0.3136762860727729 0.07846410684474124 0.3224592220828105 0.07011686143572621 0.33500627352572143 0.0667779632721202 0.34880803011292344 0.06010016694490818 0.36637390213299875 0.041736227045075125 0.3864491844416562 0.0333889816360601 0.3989962358845671 0.01669449081803005 0.4084065244667503 0 0.383939774153074 0
8 0.42785445420326224 0.24373956594323873 0.41530740276035133 0.22036727879799667 0.410288582183187 0.22036727879799667 0.40526976160602257 0.23205342237061768 0.4090338770388959 0.2387312186978297 0.41656210790464243 0.25208681135225375 0.4203262233375157 0.2637729549248748 0.42910915934755334 0.27545909849749584 0.437892095357591 0.27545909849749584 0.4366373902132999 0.2671118530884808 0.4353826850690088 0.2570951585976628 0.42785445420326224 0.24373956594323873
8 0.45420326223337515 0.3105175292153589 0.4491844416562108 0.3071786310517529 0.4466750313676286 0.3088480801335559 0.4491844416562108 0.31385642737896496 0.45420326223337515 0.32387312186978295 0.4604767879548306 0.327212020033389 0.4604767879548306 0.32053422370617696 0.45796737766624845 0.31385642737896496 0.45420326223337515 0.3105175292153589
8 0.3851944792973651 0.34390651085141904 0.39146800501882056 0.3555926544240401 0.39648682559598497 0.3589315525876461 0.4027603513174404 0.3606010016694491 0.3989962358845671 0.34557595993322204 0.39397741530740277 0.335559265442404 0.3864491844416562 0.335559265442404 0.3851944792973651 0.34390651085141904
8 0.28983688833124216 0.12353923205342238 0.2961104140526976 0.12520868113522537 0.2948557089084065 0.11185308848080133 0.28858218318695106 0.10851419031719532 0.28983688833124216 0.12353923205342238
8 0.44291091593475534 0.008347245409015025 0.4353826850690088 0.01335559265442404 0.4316185696361355 0.015025041736227046 0.42659974905897113 0.01669449081803005 0.43036386449184444 0.025041736227045076 0.43914680050188204 0.025041736227045076 0.4504391468005019 0.025041736227045076 0.451693851944793 0.01669449081803005 0.4491844416562108 0.011686143572621035 0.44291091593475534 0.008347245409015025
8 0.5056461731493099 0.8063439065108514 0.48306148055207027 0.8030050083472454 0.4617314930991217 0.8063439065108514 0.44416562107904645 0.8063439065108514 0.437892095357591 0.8163606010016694 0.4491844416562108 0.8196994991652755 0.46800501882057716 0.8263772954924875 0.48055207026348806 0.8263772954924875 0.4968632371392723 0.8263772954924875 0.5131744040150564 0.8330550918196995 0.5370138017565872 0.8313856427378965 0.5307402760351317 0.8247078464106845 0.5194479297365119 0.8146911519198664 0.5056461731493099 0.8063439065108514
3 0.6072772898368883 0.6460767946577629 0.5759096612296111 0.6260434056761269 0.5734002509410289 0.6811352253756261 0.5734002509410289 0.7212020033388982 0.560853199498118 0.7529215358931552 0.5156838143036386 0.7579298831385642 0.46800501882057716 0.7929883138564274 0.44416562107904645 0.8130217028380634 0.44040150564617314 0.8330550918196995 0.5043914680050188 0.8347245409015025 0.7038895859473023 0.8397328881469115 0.6700125470514429 0.7779632721202003 0.616060225846926 0.7362270450751253 0.6122961104140527 0.679465776293823 0.6072772898368883 0.6460767946577629
8 0.6248431618569636 0.8831385642737897 0.6298619824341279 0.8831385642737897 0.6386449184441656 0.8797996661101837 0.644918444165621 0.8747913188647746 0.644918444165621 0.8580968280467446 0.6424090338770388 0.8480801335559266 0.6248431618569636 0.8464106844741235 0.6122961104140527 0.8447412353923205 0.5997490589711418 0.8430717863105175 0.5934755332496863 0.8430717863105175 0.5947302383939774 0.8514190317195326 0.6060225846925973 0.8480801335559266 0.617314930991217 0.8514190317195326 0.6311166875784191 0.8547579298831386 0.6348808030112923 0.8681135225375626 0.6223337515683814 0.8647746243739566 0.617314930991217 0.8614357262103506 0.6248431618569636 0.8831385642737897
8 0.4604767879548306 0.8280467445742905 0.4353826850690088 0.8363939899833055 0.44291091593475534 0.8380634390651085 0.45796737766624845 0.8447412353923205 0.4730238393977415 0.8597662771285476 0.4981179422835634 0.8781302170283807 0.5094102885821832 0.8881469115191987 0.5244667503136763 0.8931552587646077 0.5357590966122961 0.9181969949916527 0.5395232120451694 0.9048414023372288 0.5282308657465495 0.8848080133555927 0.5131744040150564 0.8480801335559266 0.5018820577164367 0.8397328881469115 0.4780426599749059 0.8313856427378965 0.4604767879548306 0.8280467445742905
3 0.5533249686323714 0.7445742904841403 0.5420326223337516 0.7378964941569283 0.534504391468005 0.7429048414023373 0.5269761606022585 0.7512520868113522 0.5144291091593476 0.7595993322203672 0.5169385194479298 0.7762938230383973 0.5294855708908407 0.7846410684474123 0.5470514429109159 0.7879799666110183 0.560853199498118 0.7879799666110183 0.5708908406524467 0.7863105175292153 0.5721455457967378 0.7696160267111853 0.5683814303638645 0.7579298831385642 0.5533249686323714 0.7445742904841403
8 0.5997490589711418 1 0.588456712672522 0.9782971619365609 0.5457967377666249 0.9048414023372288 0.5432873274780426 0.9131886477462438 0.5869680790464241 1 0.5997490589711418 1
3 0.5959849435382685 0.6360601001669449 0.5846925972396487 0.6160267111853088 0.5771643663739021 0.6176961602671118 0.5721455457967378 0.6310517529215359 0.5696361355081556 0.656093489148581 0.5696361355081556 0.6878130217028381 0.5771643663739021 0.7128547579298832 0.5834378920953576 0.7295492487479132 0.5909661229611042 0.7328881469115192 0.5997490589711418 0.7128547579298832 0.6072772898368883 0.6844741235392321 0.6060225846925973 0.654424040066778 0.5959849435382685 0.6360601001669449
3 0.38143036386449186 0 0.36386449184441655 0.018363939899833055 0.342534504391468 0.0333889816360601 0.3174404015056462 0.048414023372287146 0.2936010037641154 0.05509181969949917 0.28732747804265996 0.06343906510851419 0.2986198243412798 0.10684474123539232 0.3186951066499373 0.16026711185308848 0.3199498117942284 0.17195325542570952 0.35382685069008785 0.2003338898163606 0.39021329987452946 0.2370617696160267 0.42785445420326224 0.2838063439065108 0.45545796737766625 0.32220367278797996 0.47051442910915936 0.33889816360601 0.4780426599749059 0.34557595993322204 0.4968632371392723 0.35058430717863104 0.5106649937264742 0.34056761268781305 0.5181932245922208 0.31886477462437396 0.5181932245922208 0.27712854757929883 0.5081555834378921 0.22036727879799667 0.5018820577164367 0.15358931552587646 0.4968632371392723 0.09515859766277128 0.479297365119197 0.04006677796327212 0.45671267252195735 0.01001669449081803 0.442814400250941 0 0.38143036386449186 0
8 0.5508155583437893 0.8564273789649416 0.5570890840652447 0.8714524207011686 0.5708908406524467 0.8981636060100167 0.5721455457967378 0.8848080133555927 0.5658720200752823 0.8631051752921536 0.5570890840652447 0.8414023372287145 0.5495608531994981 0.8363939899833055 0.5445420326223338 0.8414023372287145 0.5508155583437893 0.8564273789649416
8 0.39146800501882056 0.3606010016694491 0.4065244667503137 0.37061769616026713 0.424090338770389 0.4073455759599332 0.43914680050188204 0.4373956594323873 0.45294855708908405 0.4524207011686144 0.45671267252195735 0.4373956594323873 0.4479297365119197 0.41569282136894825 0.4366373902132999 0.4023372287145242 0.42534504391468003 0.38898163606010017 0.4190715181932246 0.3756260434056761 0.41405269761606023 0.3656093489148581 0.4090338770388959 0.3555926544240401 0.4002509410288582 0.35392320534223703 0.39272271016311167 0.335559265442404 0.383939774153074 0.330550918196995 0.38017565872020076 0.34056761268781305 0.39146800501882056 0.3606010016694491
8 0.24926808908406523 0 0.25094102885821834 0.00667779632721202 0.2547051442910916 0.00333889816360601 0.2550636311166876 0 0.24926808908406523 0
6 0.5257214554579673 0.669449081803005 0.5257214554579673 0.671118530884808 0.5282308657465495 0.674457429048414 0.5307402760351317 0.67779632721202 0.533249686323714 0.67779632721202 0.5370138017565872 0.676126878130217 0.5357590966122961 0.674457429048414 0.5319949811794228 0.674457429048414 0.5307402760351317 0.671118530884808 0.5294855708908407 0.669449081803005 0.5257214554579673 0.669449081803005
8 0.5006273525721455 0.5308848080133556 0.4918444165621079 0.5125208681135225 0.48180677540777916 0.49081803005008345 0.47176913425345046 0.4674457429048414 0.45420326223337515 0.44741235392320533 0.45796737766624845 0.46243739565943237 0.4730238393977415 0.48580968280467446 0.48557089084065247 0.5208681135225376 0.4993726474278545 0.5542570951585977 0.5094102885821832 0.5792988313856428 0.5119196988707654 0.5676126878130217 0.5106649937264742 0.5509181969949917 0.5006273525721455 0.5308848080133556