8 0.2450592885375494 0.6722222222222223 0.2450592885375494 0.6638888888888889 0.23715415019762845 0.6555555555555556 0.22332015810276679 0.6527777777777778 0.22727272727272727 0.6638888888888889 0.2450592885375494 0.6722222222222223
8 0.2391304347826087 0.6805555555555556 0.24703557312252963 0.6833333333333333 0.24703557312252963 0.6888888888888889 0.24110671936758893 0.6888888888888889 0.24308300395256918 0.7027777777777777 0.2490118577075099 0.7111111111111111 0.2608695652173913 0.7111111111111111 0.25691699604743085 0.7027777777777777 0.2648221343873518 0.7027777777777777 0.25691699604743085 0.6916666666666667 0.25296442687747034 0.675 0.24110671936758893 0.6694444444444444 0.2391304347826087 0.6805555555555556
8 0.233201581027668 0.6888888888888889 0.23122529644268774 0.675 0.22529644268774704 0.6666666666666666 0.22332015810276679 0.6861111111111111 0.233201581027668 0.6888888888888889
8 0.22134387351778656 0.6972222222222222 0.23122529644268774 0.7 0.2391304347826087 0.7027777777777777 0.2391304347826087 0.6944444444444444 0.22529644268774704 0.6888888888888889 0.21146245059288538 0.6805555555555556 0.20553359683794467 0.6888888888888889 0.22134387351778656 0.6972222222222222
8 0.22332015810276679 0.7138888888888889 0.21739130434782608 0.7027777777777777 0.21146245059288538 0.7111111111111111 0.21739130434782608 0.7194444444444444 0.22332015810276679 0.7138888888888889
8 0.24308300395256918 0.7361111111111112 0.25889328063241107 0.7416666666666667 0.26877470355731226 0.7416666666666667 0.2648221343873518 0.7305555555555555 0.2727272727272727 0.7222222222222222 0.2648221343873518 0.7166666666666667 0.25296442687747034 0.7222222222222222 0.25296442687747034 0.7305555555555555 0.2450592885375494 0.7305555555555555 0.2450592885375494 0.7222222222222222 0.23517786561264822 0.7083333333333334 0.22727272727272727 0.725 0.23715415019762845 0.7416666666666667 0.24308300395256918 0.7361111111111112
8 0.2648221343873518 0.575 0.2727272727272727 0.5666666666666667 0.2707509881422925 0.5555555555555556 0.2608695652173913 0.55 0.25296442687747034 0.5527777777777778 0.2509881422924901 0.5638888888888889 0.2648221343873518 0.575
3 0.7391304347826086 0.5888888888888889 0.741106719367589 0.5666666666666667 0.7193675889328063 0.5916666666666667 0.7114624505928854 0.6111111111111112 0.7312252964426877 0.6055555555555555 0.7391304347826086 0.5888888888888889
3 0.25296442687747034 0.5472222222222223 0.274703557312253 0.5472222222222223 0.2964426877470356 0.5472222222222223 0.308300395256917 0.5194444444444445 0.30039525691699603 0.5083333333333333 0.27865612648221344 0.49722222222222223 0.2450592885375494 0.48333333333333334 0.23122529644268774 0.475 0.23122529644268774 0.5083333333333333 0.23715415019762845 0.5444444444444444 0.25296442687747034 0.5472222222222223
0 0.17391304347826086 0.4666666666666667 0.16798418972332016 0.5361111111111111 0.17786561264822134 0.5833333333333334 0.22134387351778656 0.5972222222222222 0.25296442687747034 0.5694444444444444 0.233201581027668 0.4777777777777778 0.20553359683794467 0.48055555555555557 0.18774703557312253 0.4722222222222222 0.1857707509881423 0.44722222222222224 0.17391304347826086 0.4666666666666667
8 0.766798418972332 0.7916666666666666 0.7727272727272727 0.7805555555555556 0.766798418972332 0.7638888888888888 0.7470355731225297 0.7888888888888889 0.758893280632411 0.8 0.766798418972332 0.7916666666666666
0 0.5652173913043478 0.8416666666666667 0.691699604743083 0.8388888888888889 0.7470355731225297 0.8222222222222222 0.7490118577075099 0.8083333333333333 0.741106719367589 0.7972222222222223 0.6897233201581028 0.7972222222222223 0.6284584980237155 0.8027777777777778 0.37351778656126483 0.7777777777777778 0.29446640316205536 0.7611111111111111 0.22332015810276679 0.7416666666666667 0.21541501976284586 0.7805555555555556 0.26877470355731226 0.8 0.3557312252964427 0.8194444444444444 0.5652173913043478 0.8416666666666667
0 0.7430830039525692 0.5055555555555555 0.7371541501976284 0.55 0.7312252964426877 0.6138888888888889 0.7529644268774703 0.6194444444444445 0.7569169960474308 0.5305555555555556 0.7727272727272727 0.5277777777777778 0.7964426877470355 0.5222222222222223 0.8043478260869565 0.5083333333333333 0.8102766798418972 0.48333333333333334 0.8003952569169961 0.4777777777777778 0.7905138339920948 0.49722222222222223 0.7766798418972332 0.5027777777777778 0.758893280632411 0.5111111111111111 0.7430830039525692 0.5055555555555555
0 0.7608695652173914 0.6416666666666667 0.7845849802371542 0.6416666666666667 0.8003952569169961 0.6277777777777778 0.8142292490118577 0.6083333333333333 0.7984189723320159 0.5972222222222222 0.7865612648221344 0.6166666666666667 0.7727272727272727 0.6194444444444445 0.7569169960474308 0.625 0.7608695652173914 0.6416666666666667