8 0.4981132075471698 0.6933333333333334 0.5044025157232704 0.6816666666666666 0.5094339622641509 0.675 0.5132075471698113 0.665 0.5119496855345912 0.6516666666666666 0.5056603773584906 0.655 0.49937106918238994 0.6666666666666666 0.49433962264150944 0.6816666666666666 0.49056603773584906 0.6916666666666667 0.4867924528301887 0.7066666666666667 0.4830188679245283 0.7233333333333334 0.4880503144654088 0.7166666666666667 0.49559748427672956 0.7033333333333334 0.4981132075471698 0.6933333333333334
3 0.8528301886792453 0.34 0.7937106918238994 0.35 0.8 0.61 0.8666666666666667 0.57 0.8528301886792453 0.34
8 0.6477987421383647 0.6066666666666667 0.6528301886792452 0.615 0.6540880503144654 0.6216666666666667 0.6553459119496855 0.635 0.6591194968553459 0.6483333333333333 0.6628930817610063 0.64 0.6628930817610063 0.63 0.6616352201257861 0.62 0.6566037735849056 0.6033333333333334 0.6540880503144654 0.595 0.650314465408805 0.5883333333333334 0.6452830188679245 0.58 0.6389937106918239 0.5766666666666667 0.6327044025157232 0.5766666666666667 0.6377358490566037 0.59 0.6427672955974842 0.6 0.6477987421383647 0.6066666666666667
3 0.660377358490566 0.555 0.6867924528301886 0.64 0.7823899371069183 0.595 0.7962264150943397 0.49666666666666665 0.7949685534591195 0.405 0.7723270440251573 0.355 0.6138364779874214 0.38666666666666666 0.6327044025157232 0.4683333333333333 0.660377358490566 0.555
8 0.70062893081761 0.6716666666666666 0.7018867924528301 0.6633333333333333 0.7031446540880503 0.655 0.7031446540880503 0.6483333333333333 0.7018867924528301 0.6383333333333333 0.7031446540880503 0.6283333333333333 0.7044025157232704 0.6216666666666667 0.6981132075471698 0.625 0.6955974842767295 0.6366666666666667 0.6930817610062893 0.65 0.690566037735849 0.665 0.6830188679245283 0.6733333333333333 0.6880503144654088 0.6783333333333333 0.6943396226415094 0.6783333333333333 0.70062893081761 0.6716666666666666
3 0.559748427672956 0.5083333333333333 0.5220125786163522 0.445 0.4679245283018868 0.49833333333333335 0.5106918238993711 0.57 0.559748427672956 0.5083333333333333
3 0.620125786163522 0.5683333333333334 0.6276729559748427 0.575 0.6327044025157232 0.585 0.6389937106918239 0.5933333333333334 0.6465408805031446 0.5983333333333334 0.6566037735849056 0.6 0.6578616352201258 0.59 0.6515723270440251 0.585 0.6452830188679245 0.575 0.6389937106918239 0.5683333333333334 0.630188679245283 0.5616666666666666 0.6213836477987421 0.5566666666666666 0.6125786163522012 0.555 0.6012578616352201 0.5566666666666666 0.6037735849056604 0.565 0.610062893081761 0.5666666666666667 0.620125786163522 0.5683333333333334
3 0.6163522012578616 0.56 0.5685534591194968 0.5166666666666667 0.5182389937106918 0.5733333333333334 0.5421383647798742 0.6233333333333333 0.579874213836478 0.5716666666666667 0.6163522012578616 0.56
3 0.6264150943396226 0.49333333333333335 0.6113207547169811 0.44666666666666666 0.6037735849056604 0.4216666666666667 0.5610062893081761 0.4483333333333333 0.5471698113207547 0.475 0.5761006289308176 0.5166666666666667 0.620125786163522 0.5466666666666666 0.6452830188679245 0.5866666666666667 0.6578616352201258 0.6733333333333333 0.6754716981132075 0.6633333333333333 0.6616352201257861 0.6 0.6452830188679245 0.5416666666666666 0.6264150943396226 0.49333333333333335
3 0.6880503144654088 0.6333333333333333 0.6855345911949685 0.6516666666666666 0.6880503144654088 0.6633333333333333 0.690566037735849 0.6716666666666666 0.7018867924528301 0.6733333333333333 0.7081761006289308 0.6716666666666666 0.7194968553459119 0.665 0.7333333333333333 0.6583333333333333 0.7446540880503144 0.6533333333333333 0.7559748427672957 0.645 0.7710691823899372 0.6383333333333333 0.7735849056603774 0.6283333333333333 0.7723270440251573 0.6133333333333333 0.769811320754717 0.6033333333333334 0.7660377358490567 0.5933333333333334 0.7572327044025158 0.59 0.740880503144654 0.5916666666666667 0.7270440251572327 0.5983333333333334 0.7132075471698113 0.605 0.7018867924528301 0.6116666666666667 0.6943396226415094 0.6133333333333333 0.6880503144654088 0.62 0.6880503144654088 0.6333333333333333
8 0.7761006289308177 0.49166666666666664 0.7949685534591195 0.48833333333333334 0.7949685534591195 0.475 0.7723270440251573 0.48 0.7761006289308177 0.49166666666666664
3 0.7974842767295598 0.4033333333333333 0.8025157232704403 0.4083333333333333 0.810062893081761 0.4083333333333333 0.8176100628930818 0.4083333333333333 0.8251572327044026 0.405 0.8238993710691824 0.40166666666666667 0.8226415094339623 0.395 0.8213836477987422 0.385 0.8226415094339623 0.37 0.8251572327044026 0.365 0.8301886792452831 0.36333333333333334 0.8327044025157233 0.36 0.8427672955974843 0.355 0.8477987421383648 0.3516666666666667 0.8540880503144654 0.34833333333333333 0.8553459119496856 0.3416666666666667 0.8515723270440252 0.33666666666666667 0.8490566037735849 0.3333333333333333 0.8389937106918239 0.3333333333333333 0.8327044025157233 0.33666666666666667 0.8226415094339623 0.3433333333333333 0.8176100628930818 0.34833333333333333 0.8150943396226416 0.355 0.8138364779874214 0.36 0.8062893081761007 0.3616666666666667 0.7987421383647799 0.36666666666666664 0.7962264150943397 0.36833333333333335 0.7911949685534592 0.37333333333333335 0.7911949685534592 0.38166666666666665 0.7937106918238994 0.3933333333333333 0.7974842767295598 0.4033333333333333
8 0.7773584905660378 0.49333333333333335 0.7773584905660378 0.505 0.7911949685534592 0.5 0.7911949685534592 0.49 0.7773584905660378 0.49333333333333335
8 0.7962264150943397 0.5133333333333333 0.7949685534591195 0.5283333333333333 0.7911949685534592 0.56 0.7924528301886793 0.575 0.7937106918238994 0.5833333333333334 0.8012578616352202 0.5866666666666667 0.8025157232704403 0.5783333333333334 0.8025157232704403 0.5683333333333334 0.8025157232704403 0.5616666666666666 0.8037735849056604 0.555 0.8050314465408805 0.545 0.8050314465408805 0.5383333333333333 0.8062893081761007 0.5316666666666666 0.8113207547169812 0.5266666666666666 0.8113207547169812 0.515 0.8163522012578617 0.5066666666666667 0.8213836477987422 0.5 0.8289308176100629 0.495 0.8289308176100629 0.49 0.8264150943396227 0.485 0.8176100628930818 0.485 0.8113207547169812 0.48333333333333334 0.8050314465408805 0.4816666666666667 0.8037735849056604 0.4766666666666667 0.7974842767295598 0.4766666666666667 0.7974842767295598 0.48833333333333334 0.7962264150943397 0.5016666666666667 0.7962264150943397 0.5133333333333333
8 0.7119496855345911 0.6733333333333333 0.7433962264150943 0.655 0.7383647798742138 0.65 0.7194968553459119 0.6433333333333333 0.710691823899371 0.6533333333333333 0.7081761006289308 0.6683333333333333 0.7119496855345911 0.6733333333333333
8 0.8025157232704403 0.43833333333333335 0.8025157232704403 0.44666666666666666 0.8012578616352202 0.4583333333333333 0.7974842767295598 0.4666666666666667 0.8012578616352202 0.475 0.8050314465408805 0.465 0.8062893081761007 0.45166666666666666 0.8075471698113208 0.44 0.8075471698113208 0.43 0.8 0.41833333333333333 0.8012578616352202 0.425 0.8025157232704403 0.43 0.8025157232704403 0.43833333333333335
8 0.7283018867924528 0.6016666666666667 0.720754716981132 0.6183333333333333 0.7283018867924528 0.6316666666666667 0.7433962264150943 0.6283333333333333 0.740880503144654 0.605 0.7283018867924528 0.6016666666666667
1 0.670440251572327 0.6116666666666667 0.6742138364779874 0.6066666666666667 0.6792452830188679 0.6033333333333334 0.6842767295597484 0.6 0.6767295597484276 0.6 0.6716981132075471 0.6 0.6691823899371069 0.605 0.670440251572327 0.6116666666666667
8 0.7056603773584905 0.6683333333333333 0.7132075471698113 0.665 0.7157232704402515 0.6316666666666667 0.7056603773584905 0.6283333333333333 0.7018867924528301 0.65 0.7056603773584905 0.6683333333333333
8 0.7069182389937106 0.59 0.7031446540880503 0.5983333333333334 0.6993710691823899 0.6066666666666667 0.6955974842767295 0.6066666666666667 0.6893081761006289 0.6116666666666667 0.6918238993710691 0.6133333333333333 0.6981132075471698 0.61 0.7018867924528301 0.6066666666666667 0.7081761006289308 0.6 0.7119496855345911 0.5916666666666667 0.7169811320754716 0.5816666666666667 0.720754716981132 0.5766666666666667 0.7232704402515723 0.5733333333333334 0.7270440251572327 0.5683333333333334 0.7257861635220125 0.565 0.7220125786163522 0.5666666666666667 0.7157232704402515 0.5733333333333334 0.710691823899371 0.58 0.7069182389937106 0.59
8 0.6339622641509434 0.5733333333333334 0.6389937106918239 0.5866666666666667 0.6465408805031446 0.6033333333333334 0.6540880503144654 0.625 0.6566037735849056 0.6516666666666666 0.6654088050314465 0.6533333333333333 0.6679245283018868 0.6333333333333333 0.650314465408805 0.5733333333333334 0.6339622641509434 0.5733333333333334
8 0.7371069182389937 0.5833333333333334 0.730817610062893 0.5866666666666667 0.720754716981132 0.5916666666666667 0.7157232704402515 0.595 0.7169811320754716 0.5983333333333334 0.7257861635220125 0.595 0.7320754716981132 0.59 0.7433962264150943 0.5866666666666667 0.7522012578616353 0.5833333333333334 0.7622641509433963 0.5816666666666667 0.7672955974842768 0.5783333333333334 0.769811320754717 0.5733333333333334 0.759748427672956 0.5766666666666667 0.7509433962264151 0.5766666666666667 0.740880503144654 0.5816666666666667 0.7371069182389937 0.5833333333333334
6 0.660377358490566 0.495 0.6767295597484276 0.5183333333333333 0.6893081761006289 0.5033333333333333 0.6716981132075471 0.485 0.660377358490566 0.495
8 0.7371069182389937 0.6016666666666667 0.7295597484276729 0.6066666666666667 0.7283018867924528 0.6116666666666667 0.7270440251572327 0.6233333333333333 0.7283018867924528 0.6283333333333333 0.7320754716981132 0.6283333333333333 0.7358490566037735 0.6216666666666667 0.7358490566037735 0.615 0.7383647798742138 0.6116666666666667 0.7446540880503144 0.6083333333333333 0.7547169811320755 0.6033333333333334 0.7622641509433963 0.6 0.7710691823899372 0.5983333333333334 0.7786163522012579 0.595 0.7635220125786164 0.595 0.7559748427672957 0.5966666666666667 0.7459119496855345 0.6 0.7371069182389937 0.6016666666666667
6 0.7031446540880503 0.6816666666666666 0.7069182389937106 0.6216666666666667 0.6918238993710691 0.6233333333333333 0.6880503144654088 0.675 0.690566037735849 0.685 0.7031446540880503 0.6816666666666666
8 0.730817610062893 0.5933333333333334 0.720754716981132 0.5966666666666667 0.7144654088050314 0.6016666666666667 0.7056603773584905 0.6066666666666667 0.6981132075471698 0.61 0.6918238993710691 0.6133333333333333 0.690566037735849 0.6216666666666667 0.6943396226415094 0.62 0.7094339622641509 0.6116666666666667 0.7220125786163522 0.6066666666666667 0.7283018867924528 0.6016666666666667 0.7383647798742138 0.5966666666666667 0.7509433962264151 0.59 0.7610062893081762 0.5866666666666667 0.7710691823899372 0.5816666666666667 0.7748427672955975 0.5783333333333334 0.759748427672956 0.5816666666666667 0.7496855345911949 0.585 0.7396226415094339 0.59 0.730817610062893 0.5933333333333334
6 0.4817610062893082 0.7366666666666667 0.49056603773584906 0.7316666666666667 0.5169811320754717 0.6616666666666666 0.5106918238993711 0.65 0.4918238993710692 0.6816666666666666 0.4830188679245283 0.7133333333333334 0.4817610062893082 0.7366666666666667
5 0.22641509433962265 0.5983333333333334 0.12075471698113208 0.5533333333333333 0.11069182389937107 0.61 0.21257861635220127 0.655 0.22641509433962265 0.5983333333333334