3 0.2987179487179487 0.5919661733615222 0.2935897435897436 0.6109936575052854 0.2858974358974359 0.6363636363636364 0.2833333333333333 0.6617336152219874 0.2858974358974359 0.6849894291754757 0.308974358974359 0.6955602536997886 0.3641025641025641 0.6955602536997886 0.3628205128205128 0.6723044397463002 0.3628205128205128 0.6511627906976745 0.3641025641025641 0.6363636363636364 0.3564102564102564 0.6236786469344608 0.35384615384615387 0.6088794926004228 0.3576923076923077 0.5919661733615222 0.35384615384615387 0.5687103594080338 0.358974358974359 0.547568710359408 0.35 0.53276955602537 0.33205128205128204 0.53276955602537 0.3282051282051282 0.5539112050739958 0.3217948717948718 0.5687103594080338 0.3141025641025641 0.5792811839323467
8 0.3858974358974359 0.507399577167019 0.4012820512820513 0.507399577167019 0.41025641025641024 0.5052854122621564 0.4128205128205128 0.507399577167019 0.4128205128205128 0.5116279069767442 0.4064102564102564 0.5116279069767442 0.3923076923076923 0.5095137420718816
8 0.36538461538461536 0.5285412262156448 0.3782051282051282 0.5285412262156448 0.382051282051282 0.5264270613107822 0.3858974358974359 0.5221987315010571 0.391025641025641 0.5243128964059197 0.3974358974358974 0.5221987315010571 0.4012820512820513 0.5264270613107822 0.4076923076923077 0.5243128964059197 0.40897435897435896 0.5200845665961945 0.4128205128205128 0.5264270613107822 0.4064102564102564 0.5285412262156448 0.3935897435897436 0.5306553911205074 0.37051282051282053 0.5306553911205074
3 0.4358974358974359 0.41014799154334036 0.42948717948717946 0.4376321353065539 0.4307692307692308 0.4608879492600423 0.43333333333333335 0.48414376321353064 0.4358974358974359 0.5010570824524313 0.44358974358974357 0.5221987315010571 0.4461538461538462 0.5433403805496829 0.4551282051282051 0.5602536997885835 0.46794871794871795 0.5750528541226215 0.4794871794871795 0.5792811839323467 0.4935897435897436 0.5644820295983086 0.5051282051282051 0.547568710359408 0.5153846153846153 0.5369978858350951 0.5307692307692308 0.5179704016913319 0.5423076923076923 0.5116279069767442 0.5602564102564103 0.5052854122621564 0.5692307692307692 0.49682875264270615 0.5743589743589743 0.4799154334038055 0.5679487179487179 0.4503171247357294 0.5653846153846154 0.42917547568710357 0.5602564102564103 0.41226215644820297 0.5435897435897435 0.40380549682875266 0.5333333333333333 0.39957716701902746 0.5192307692307693 0.38477801268498946 0.5128205128205128 0.3784355179704017 0.5012820512820513 0.37209302325581395 0.4948717948717949 0.34460887949260044 0.4897435897435897 0.3107822410147992 0.48717948717948717 0.2854122621564482 0.48717948717948717 0.25158562367864695 0.4807692307692308 0.23890063424947147 0.46153846153846156 0.22832980972515857 0.45 0.24312896405919662 0.441025641025641 0.27061310782241016 0.4423076923076923 0.3171247357293869 0.441025641025641 0.3382663847780127 0.4423076923076923 0.3572938689217759 0.4423076923076923 0.37209302325581395 0.43974358974358974 0.38266384778012685 0.4371794871794872 0.3974630021141649
8 0.4128205128205128 0.6088794926004228 0.4269230769230769 0.6088794926004228 0.4423076923076923 0.6067653276955602 0.45256410256410257 0.6046511627906976 0.46153846153846156 0.6025369978858351 0.46153846153846156 0.6088794926004228 0.42948717948717946 0.6109936575052854 0.41794871794871796 0.6109936575052854
6 0.43205128205128207 0.5517970401691332 0.4461538461538462 0.5665961945031712 0.4564102564102564 0.5792811839323467 0.46923076923076923 0.5919661733615222 0.4717948717948718 0.5983086680761099 0.4705128205128205 0.6088794926004228 0.4653846153846154 0.5940803382663847 0.46025641025641023 0.587737843551797
6 0.4641025641025641 0.5919661733615222 0.46025641025641023 0.6025369978858351 0.4551282051282051 0.6194503171247357 0.4512820512820513 0.6363636363636364 0.44743589743589746 0.653276955602537 0.44358974358974357 0.6744186046511628 0.44743589743589746 0.6617336152219874 0.4512820512820513 0.642706131078224 0.4551282051282051 0.6236786469344608 0.46153846153846156 0.6067653276955602 0.4653846153846154 0.5940803382663847
4 0.3423076923076923 0.5813953488372093 0.33974358974358976 0.5898520084566596 0.3371794871794872 0.6004228329809725 0.33974358974358976 0.6088794926004228 0.3423076923076923 0.6131078224101479 0.3487179487179487 0.6109936575052854 0.35128205128205126 0.6025369978858351 0.3525641025641026 0.5940803382663847 0.3564102564102564 0.5940803382663847 0.3564102564102564 0.587737843551797 0.3525641025641026 0.5835095137420718 0.3474358974358974 0.5792811839323467
6 0.49615384615384617 0.44820295983086683 0.5051282051282051 0.44820295983086683 0.5076923076923077 0.44820295983086683 0.5115384615384615 0.452431289640592 0.5128205128205128 0.45665961945031713 0.5128205128205128 0.46723044397463004 0.5128205128205128 0.47357293868921774 0.514102564102564 0.47780126849894294 0.514102564102564 0.4820295983086681 0.5115384615384615 0.4883720930232558 0.5089743589743589 0.492600422832981 0.5064102564102564 0.492600422832981 0.5038461538461538 0.4904862579281184 0.5025641025641026 0.48625792811839325 0.5 0.47568710359408034 0.49743589743589745 0.4693446088794926 0.49615384615384617 0.4608879492600423 0.49615384615384617 0.45454545454545453
6 0.5474358974358975 0.46511627906976744 0.5474358974358975 0.4714587737843552 0.5435897435897435 0.48414376321353064 0.5423076923076923 0.48625792811839325 0.541025641025641 0.4904862579281184 0.5423076923076923 0.49682875264270615 0.5448717948717948 0.4989429175475687 0.5474358974358975 0.492600422832981 0.5487179487179488 0.4883720930232558 0.55 0.48414376321353064 0.5512820512820513 0.4820295983086681 0.5525641025641026 0.47568710359408034 0.5525641025641026 0.4714587737843552 0.5525641025641026 0.46723044397463004
6 0.5205128205128206 0.5095137420718816 0.5205128205128206 0.5200845665961945 0.5192307692307693 0.5243128964059197 0.5128205128205128 0.5243128964059197 0.5128205128205128 0.5200845665961945 0.514102564102564 0.5137420718816068 0.5166666666666667 0.5116279069767442
6 0.5243589743589744 0.5095137420718816 0.5346153846153846 0.4989429175475687 0.5346153846153846 0.492600422832981 0.5307692307692308 0.4904862579281184
8 0.2935897435897436 0.6088794926004228 0.2935897435897436 0.6342494714587738 0.29615384615384616 0.6680761099365751 0.2923076923076923 0.693446088794926 0.2935897435897436 0.718816067653277 0.29743589743589743 0.7272727272727273 0.3038461538461538 0.7124735729386892 0.308974358974359 0.6871035940803383 0.3153846153846154 0.6617336152219874 0.32051282051282054 0.642706131078224 0.31666666666666665 0.6215644820295984 0.30256410256410254 0.6067653276955602 0.3038461538461538 0.5898520084566596 0.29743589743589743 0.5835095137420718
0 0.48205128205128206 0.5813953488372093 0.45384615384615384 0.5539112050739958 0.4346153846153846 0.5369978858350951 0.4230769230769231 0.5221987315010571 0.4166666666666667 0.507399577167019 0.4115384615384615 0.5116279069767442 0.4153846153846154 0.53276955602537 0.4282051282051282 0.5581395348837209 0.46923076923076923 0.6088794926004228
0 0.31025641025641026 0.6744186046511628 0.33205128205128204 0.6807610993657506 0.36025641025641025 0.6828752642706131 0.38846153846153847 0.6828752642706131 0.4166666666666667 0.6765327695560254 0.43974358974358974 0.6744186046511628 0.4512820512820513 0.6744186046511628 0.44358974358974357 0.6871035940803383 0.4282051282051282 0.6892177589852009 0.37435897435897436 0.6997885835095138 0.34615384615384615 0.7040169133192389 0.31666666666666665 0.6997885835095138 0.30256410256410254 0.693446088794926 0.29102564102564105 0.6871035940803383 0.29102564102564105 0.678646934460888