3 0.31794871794871793 0.49523809523809526 0.26837606837606837 0.5 0.2153846153846154 0.5333333333333333 0.1829059829059829 0.5666666666666667 0.15726495726495726 0.638095238095238 0.17606837606837608 0.6523809523809524 0.20683760683760682 0.611904761904762 0.26837606837606837 0.5785714285714286 0.3282051282051282 0.5785714285714286 0.40341880341880343 0.611904761904762 0.4324786324786325 0.638095238095238 0.4581196581196581 0.680952380952381 0.4700854700854701 0.719047619047619 0.4752136752136752 0.7571428571428571 0.47863247863247865 0.7928571428571428 0.4752136752136752 0.85 0.5333333333333333 0.8357142857142857 0.5213675213675214 0.5666666666666667 0.5196581196581197 0.5452380952380952 0.49572649572649574 0.5071428571428571 0.4478632478632479 0.5 0.4 0.4976190476190476 0.31794871794871793 0.49523809523809526
1 0.5162393162393163 0.6952380952380952 0.5230769230769231 0.6857142857142857 0.5230769230769231 0.6761904761904762 0.5196581196581197 0.6619047619047619 0.5128205128205128 0.6714285714285714 0.505982905982906 0.6880952380952381 0.5094017094017094 0.6952380952380952 0.5162393162393163 0.6952380952380952
1 0.2512820512820513 0.8261904761904761 0.27350427350427353 0.8166666666666667 0.28376068376068375 0.8047619047619048 0.28034188034188035 0.7952380952380952 0.26495726495726496 0.7976190476190477 0.22564102564102564 0.8071428571428572 0.2188034188034188 0.819047619047619 0.2170940170940171 0.8357142857142857 0.23247863247863249 0.8357142857142857 0.2512820512820513 0.8261904761904761
1 0.27863247863247864 0.8547619047619047 0.28376068376068375 0.8476190476190476 0.28888888888888886 0.8380952380952381 0.2923076923076923 0.830952380952381 0.28717948717948716 0.8261904761904761 0.27863247863247864 0.830952380952381 0.27350427350427353 0.8380952380952381 0.27350427350427353 0.8476190476190476 0.27863247863247864 0.8547619047619047
1 0.24615384615384617 0.8928571428571429 0.252991452991453 0.9 0.2547008547008547 0.8904761904761904 0.25982905982905985 0.8738095238095238 0.25982905982905985 0.8666666666666667 0.2547008547008547 0.8571428571428571 0.24615384615384617 0.8666666666666667 0.2341880341880342 0.8738095238095238 0.24102564102564103 0.8857142857142857 0.24615384615384617 0.8928571428571429
1 0.28034188034188035 0.9071428571428571 0.27350427350427353 0.9 0.26666666666666666 0.9 0.25982905982905985 0.8928571428571429 0.26153846153846155 0.9 0.27521367521367524 0.9095238095238095 0.28034188034188035 0.9071428571428571
1 0.2923076923076923 0.8928571428571429 0.2923076923076923 0.9 0.2923076923076923 0.9071428571428571 0.29743589743589743 0.9119047619047619 0.305982905982906 0.9166666666666666 0.3076923076923077 0.9095238095238095 0.30085470085470084 0.9047619047619048 0.29743589743589743 0.9 0.30427350427350425 0.8976190476190476 0.3111111111111111 0.8952380952380953 0.3094017094017094 0.8785714285714286 0.305982905982906 0.8666666666666667 0.30085470085470084 0.8690476190476191 0.294017094017094 0.8761904761904762 0.2923076923076923 0.8857142857142857 0.2923076923076923 0.8928571428571429
1 0.3572649572649573 0.830952380952381 0.36752136752136755 0.8285714285714286 0.3572649572649573 0.8214285714285714 0.3487179487179487 0.819047619047619 0.347008547008547 0.830952380952381 0.3572649572649573 0.830952380952381
1 0.39316239316239315 0.7785714285714286 0.39316239316239315 0.7738095238095238 0.38290598290598293 0.7785714285714286 0.38803418803418804 0.7833333333333333 0.38632478632478634 0.7928571428571428 0.39316239316239315 0.7785714285714286
1 0.35384615384615387 0.7857142857142857 0.3504273504273504 0.7904761904761904 0.35384615384615387 0.7952380952380952 0.358974358974359 0.7904761904761904 0.35384615384615387 0.7857142857142857
1 0.35384615384615387 0.7333333333333333 0.3504273504273504 0.7404761904761905 0.35384615384615387 0.7547619047619047 0.35555555555555557 0.7452380952380953 0.35384615384615387 0.7333333333333333
1 0.11965811965811966 0.6904761904761905 0.12991452991452992 0.6976190476190476 0.1452991452991453 0.6976190476190476 0.15213675213675212 0.6928571428571428 0.13846153846153847 0.6928571428571428 0.1282051282051282 0.6857142857142857 0.11623931623931624 0.6833333333333333 0.11965811965811966 0.6904761904761905
0 0.17435897435897435 0.6571428571428571 0.20170940170940171 0.6261904761904762 0.15213675213675212 0.6285714285714286 0.17435897435897435 0.6571428571428571
0 0.7025641025641025 0.3595238095238095 0.676923076923077 0.34523809523809523 0.6615384615384615 0.3547619047619048 0.6444444444444445 0.3761904761904762 0.6341880341880342 0.38571428571428573 0.6102564102564103 0.4142857142857143 0.6632478632478632 0.430952380952381 0.7128205128205128 0.430952380952381 0.7247863247863248 0.4166666666666667 0.7264957264957265 0.3952380952380952 0.7025641025641025 0.3595238095238095
0 0.5196581196581197 0.6142857142857143 0.5196581196581197 0.65 0.5196581196581197 0.6880952380952381 0.5196581196581197 0.7166666666666667 0.5213675213675214 0.7404761904761905 0.5247863247863248 0.7761904761904762 0.5282051282051282 0.8023809523809524 0.5299145299145299 0.8285714285714286 0.5384615384615384 0.8333333333333334 0.5367521367521367 0.7738095238095238 0.5333333333333333 0.6952380952380952 0.535042735042735 0.6285714285714286 0.5418803418803418 0.5595238095238095 0.5452991452991452 0.5071428571428571 0.5555555555555556 0.45714285714285713 0.5452991452991452 0.4595238095238095 0.5401709401709401 0.4785714285714286 0.5316239316239316 0.5285714285714286 0.5247863247863248 0.580952380952381 0.5196581196581197 0.6142857142857143