3 0.40172642762284194 0.5325704225352113 0.36719787516600266 0.534330985915493 0.3698539176626826 0.5660211267605634 0.3698539176626826 0.5994718309859155 0.39641434262948205 0.6346830985915493 0.4216467463479416 0.6734154929577465 0.4721115537848606 0.7174295774647887 0.5039840637450199 0.7033450704225352 0.4960159362549801 0.6382042253521126 0.4548472775564409 0.5765845070422535 0.42695883134130147 0.5448943661971831 0.40172642762284194 0.5325704225352113
3 0.3339973439575033 0.6910211267605634 0.37250996015936255 0.6963028169014085 0.3844621513944223 0.6892605633802817 0.37649402390438247 0.641725352112676 0.351261620185923 0.6294014084507042 0.32735723771580344 0.6434859154929577 0.3339973439575033 0.6910211267605634
3 0.35258964143426297 0.4850352112676056 0.3207171314741036 0.49911971830985913 0.300796812749004 0.5308098591549296 0.3047808764940239 0.5677816901408451 0.3114209827357238 0.6188380281690141 0.33134130146082336 0.6399647887323944 0.3698539176626826 0.6311619718309859 0.37649402390438247 0.5836267605633803 0.3751660026560425 0.5202464788732394 0.35258964143426297 0.4850352112676056
3 0.3658698539176627 0.4480633802816901 0.35391766268260294 0.4392605633802817 0.34196547144754313 0.4586267605633803 0.3286852589641434 0.4621478873239437 0.31274900398406374 0.48151408450704225 0.29282868525896416 0.5026408450704225 0.27556440903054447 0.5044014084507042 0.299468791500664 0.5308098591549296 0.3247011952191235 0.5096830985915493 0.34860557768924305 0.4903169014084507 0.3738379814077025 0.46919014084507044 0.3658698539176627 0.4480633802816901
3 0.35790172642762286 0.2948943661971831 0.33665338645418325 0.3336267605633803 0.36321381142098275 0.39348591549295775 0.3937583001328021 0.40933098591549294 0.4163346613545817 0.3846830985915493 0.4163346613545817 0.335387323943662 0.39243027888446214 0.2948943661971831 0.35790172642762286 0.2948943661971831
8 0.35790172642762286 0.5519366197183099 0.35258964143426297 0.5413732394366197 0.35258964143426297 0.5572183098591549 0.3565737051792829 0.5818661971830986 0.3618857901726428 0.6029929577464789 0.36852589641434264 0.6170774647887324 0.3658698539176627 0.5977112676056338 0.36321381142098275 0.585387323943662 0.35922974767596283 0.5660211267605634 0.35790172642762286 0.5519366197183099
6 0.2689243027888446 0.4480633802816901 0.2782204515272244 0.4357394366197183 0.27689243027888444 0.4269366197183099 0.2689243027888446 0.4339788732394366 0.2689243027888446 0.4480633802816901
8 0.4150066401062417 0.49559859154929575 0.4150066401062417 0.5044014084507042 0.42297476759628155 0.511443661971831 0.4256308100929615 0.4903169014084507 0.4256308100929615 0.4744718309859155 0.4203187250996016 0.47975352112676056 0.4150066401062417 0.49559859154929575
8 0.46148738379814075 0.5448943661971831 0.46148738379814075 0.5378521126760564 0.4548472775564409 0.5360915492957746 0.4588313413014608 0.5466549295774648 0.46148738379814075 0.5448943661971831
3 0.3658698539176627 0.4621478873239437 0.36719787516600266 0.4920774647887324 0.3897742363877822 0.5220070422535211 0.4070385126162019 0.5026408450704225 0.40836653386454186 0.4709507042253521 0.3897742363877822 0.4480633802816901 0.3658698539176627 0.4621478873239437
3 0.6620185922974767 0.335387323943662 0.6553784860557769 0.33186619718309857 0.647410358565737 0.33186619718309857 0.6394422310756972 0.3389084507042254 0.6394422310756972 0.3477112676056338 0.6420982735723771 0.3600352112676056 0.6447543160690571 0.36883802816901406 0.650066401062417 0.37411971830985913 0.6567065073041168 0.37235915492957744 0.6673306772908366 0.3653169014084507 0.6673306772908366 0.35475352112676056 0.6660026560424966 0.34066901408450706 0.6620185922974767 0.335387323943662
3 0.5610889774236387 0.3230633802816901 0.5451527224435591 0.3389084507042254 0.5292164674634794 0.3494718309859155 0.5225763612217795 0.3653169014084507 0.5358565737051793 0.37764084507042256 0.5571049136786188 0.36883802816901406 0.5823373173970784 0.3617957746478873 0.6075697211155379 0.3512323943661972 0.6208499335989376 0.3371478873239437 0.6248339973439575 0.3248239436619718 0.6181938911022576 0.3125 0.600929614873838 0.30369718309859156 0.5823373173970784 0.3089788732394366 0.5610889774236387 0.3230633802816901
0 0.5796812749003984 0.3899647887323944 0.6208499335989376 0.39172535211267606 0.650066401062417 0.39172535211267606 0.648738379814077 0.37940140845070425 0.5332005312084993 0.38116197183098594 0.5239043824701195 0.3846830985915493 0.5796812749003984 0.3899647887323944
8 0.3233731739707835 0.5026408450704225 0.33665338645418325 0.4920774647887324 0.351261620185923 0.48327464788732394 0.3658698539176627 0.4744718309859155 0.36321381142098275 0.4621478873239437 0.3565737051792829 0.44630281690140844 0.351261620185923 0.4533450704225352 0.34196547144754313 0.4639084507042254 0.32602921646746347 0.4639084507042254 0.3154050464807437 0.4762323943661972 0.3047808764940239 0.4920774647887324 0.29814077025232405 0.5008802816901409 0.2861885790172643 0.5061619718309859 0.30345285524568394 0.5272887323943662 0.31673306772908366 0.516725352112676 0.3233731739707835 0.5026408450704225
0 0.38180610889774236 0.4727112676056338 0.3698539176626826 0.4709507042253521 0.35258964143426297 0.4779929577464789 0.3379814077025232 0.4867957746478873 0.32204515272244355 0.5008802816901409 0.30743691899070386 0.5272887323943662 0.30212483399734397 0.539612676056338 0.32204515272244355 0.516725352112676 0.3432934926958831 0.49735915492957744 0.36321381142098275 0.4867957746478873 0.38180610889774236 0.4727112676056338