3 0.5413005272407733 0.4894117647058824 0.5518453427065027 0.48 0.5694200351493849 0.4752941176470588 0.5922671353251318 0.47294117647058825 0.6098418277680141 0.47294117647058825 0.6239015817223199 0.47294117647058825 0.6256590509666081 0.49411764705882355 0.6291739894551845 0.5223529411764706 0.6221441124780316 0.5411764705882353 0.6133567662565905 0.5505882352941176 0.5905096660808435 0.548235294117647 0.5782073813708261 0.5364705882352941 0.5606326889279437 0.5270588235294118 0.5500878734622144 0.5129411764705882
3 0.3866432337434095 0.4894117647058824 0.35500878734622143 0.49411764705882355 0.3339191564147627 0.49411764705882355 0.30755711775043937 0.5129411764705882 0.30052724077328646 0.5247058823529411 0.28998242530755713 0.5317647058823529 0.27943760984182775 0.5364705882352941 0.27240773286467485 0.5458823529411765 0.28998242530755713 0.5647058823529412 0.30404217926186294 0.5741176470588235 0.31985940246045697 0.571764705882353 0.3409490333919156 0.571764705882353 0.3532513181019332 0.5647058823529412 0.3655536028119508 0.5576470588235294 0.37609841827768015 0.5388235294117647 0.38488576449912126 0.5176470588235295 0.3989455184534271 0.4964705882352941
3 0.23725834797891038 0.4964705882352941 0.22847100175746923 0.5129411764705882 0.22671353251318102 0.5341176470588235 0.22671353251318102 0.5505882352941176 0.23725834797891038 0.5505882352941176 0.24077328646748683 0.5388235294117647 0.24956063268892795 0.5270588235294118 0.2548330404217926 0.5105882352941177 0.2513181019332162 0.4988235294117647 0.2478031634446397 0.48705882352941177
3 0.37785588752196836 0.4376470588235294 0.35500878734622143 0.43058823529411766 0.31282952548330406 0.43058823529411766 0.30052724077328646 0.42823529411764705 0.27768014059753954 0.42823529411764705 0.27768014059753954 0.4376470588235294 0.3181019332161687 0.44 0.3391915641476274 0.44 0.36203866432337434 0.4423529411764706 0.38312829525483305 0.44941176470588234
3 0.45694200351493847 0.4329411764705882 0.4446397188049209 0.43529411764705883 0.4305799648506151 0.4423529411764706 0.43936731107205623 0.4470588235294118 0.44815465729349735 0.4423529411764706 0.45518453427065025 0.4423529411764706 0.46045694200351495 0.4423529411764706 0.46397188049209137 0.4376470588235294
3 0.46397188049209137 0.6423529411764706 0.43936731107205623 0.6564705882352941 0.4235500878734622 0.668235294117647 0.4112478031634446 0.68 0.3989455184534271 0.691764705882353 0.37785588752196836 0.7035294117647058 0.3585237258347979 0.7105882352941176 0.3532513181019332 0.731764705882353 0.36203866432337434 0.7388235294117647 0.37082601054481545 0.7411764705882353 0.3989455184534271 0.7341176470588235 0.4094903339191564 0.731764705882353 0.4235500878734622 0.7411764705882353 0.44112478031634444 0.731764705882353 0.45694200351493847 0.7270588235294118 0.46045694200351495 0.7176470588235294 0.46748681898066785 0.7105882352941176 0.47451669595782076 0.7011764705882353 0.4727592267135325 0.691764705882353 0.4710017574692443 0.6752941176470588 0.4727592267135325 0.6588235294117647
3 0.5289982425307557 0.5835294117647059 0.5149384885764499 0.5741176470588235 0.5008787346221442 0.5647058823529412 0.4903339191564148 0.5529411764705883 0.4797891036906854 0.5552941176470588 0.46572934973637964 0.5529411764705883 0.45694200351493847 0.5647058823529412 0.45342706502636204 0.5858823529411765 0.45166959578207383 0.6047058823529412 0.45166959578207383 0.6141176470588235 0.46924428822495606 0.6070588235294118 0.4833040421792619 0.6 0.492091388400703 0.5976470588235294 0.5008787346221442 0.5952941176470589 0.5131810193321616 0.5905882352941176
3 0.28471001757469244 0.5670588235294117 0.2565905096660808 0.56 0.22671353251318102 0.5623529411764706 0.21441124780316345 0.5670588235294117 0.22319859402460457 0.5858823529411765 0.24253075571177504 0.5835294117647059 0.2583479789103691 0.5858823529411765 0.2759226713532513 0.5858823529411765 0.28295254833040423 0.5788235294117647
3 0.29876977152899825 0.5788235294117647 0.28471001757469244 0.5835294117647059 0.2741652021089631 0.5882352941176471 0.27240773286467485 0.5976470588235294 0.27943760984182775 0.6023529411764705 0.28822495606326887 0.6 0.30052724077328646 0.5929411764705882 0.31282952548330406 0.5905882352941176 0.31282952548330406 0.5811764705882353
0 0.12302284710017575 0.5011764705882353 0.1335676625659051 0.4823529411764706 0.15289982425307558 0.4588235294117647 0.16695957820738136 0.4423529411764706 0.18980667838312829 0.4235294117647059 0.20738137082601055 0.41411764705882353 0.22847100175746923 0.4047058823529412 0.26537785588752194 0.38823529411764707 0.29349736379613356 0.3788235294117647 0.3251318101933216 0.37411764705882355 0.3427065026362039 0.37411764705882355 0.3655536028119508 0.38588235294117645 0.38488576449912126 0.3905882352941176 0.44639718804920914 0.4047058823529412 0.5940246045694201 0.44 0.5307557117750439 0.4776470588235294 0.46924428822495606 0.5129411764705882 0.4288224956063269 0.5388235294117647 0.3585237258347979 0.5764705882352941 0.29349736379613356 0.6023529411764705 0.27768014059753954 0.6094117647058823 0.2583479789103691 0.6 0.24077328646748683 0.6 0.20738137082601055 0.5858823529411765 0.17926186291739896 0.571764705882353 0.14762741652021089 0.5458823529411765 0.12302284710017575 0.5223529411764706 0.1195079086115993 0.5105882352941177
5 0.19507908611599298 0.6023529411764705 0.18629173989455183 0.5976470588235294 0.17223198594024605 0.5858823529411765 0.15817223198594024 0.5835294117647059 0.14235500878734622 0.6094117647058823 0.13005272407732865 0.6352941176470588 0.12302284710017575 0.6541176470588236 0.12302284710017575 0.6635294117647059 0.13532513181019332 0.668235294117647 0.14235500878734622 0.668235294117647 0.15114235500878734 0.6658823529411765 0.15992970123022848 0.6541176470588236 0.17750439367311072 0.6305882352941177 0.18980667838312829 0.6141176470588235
0 0.5571177504393673 0.4611764705882353 0.6098418277680141 0.43058823529411766 0.6414762741652021 0.43058823529411766 0.6467486818980668 0.4611764705882353 0.6502636203866432 0.4894117647058824 0.6537785588752196 0.5152941176470588 0.655536028119508 0.5458823529411765 0.6520210896309314 0.5929411764705882 0.6537785588752196 0.6258823529411764 0.6502636203866432 0.6541176470588236 0.648506151142355 0.6752941176470588 0.6467486818980668 0.6823529411764706 0.6397188049209139 0.6870588235294117 0.6397188049209139 0.6635294117647059 0.6397188049209139 0.6376470588235295 0.6362038664323374 0.611764705882353 0.6309314586994728 0.5929411764705882 0.6239015817223199 0.5835294117647059 0.6133567662565905 0.571764705882353 0.5922671353251318 0.5623529411764706 0.5746924428822495 0.5670588235294117 0.5606326889279437 0.5764705882352941 0.5377855887521968 0.6 0.492091388400703 0.6141176470588235 0.44815465729349735 0.6305882352941177 0.45342706502636204 0.5529411764705883 0.4112478031634446 0.548235294117647 0.44815465729349735 0.5247058823529411
0 0.45342706502636204 0.5529411764705883 0.44815465729349735 0.6282352941176471 0.4094903339191564 0.6447058823529411 0.36731107205623903 0.6541176470588236 0.3286467486818981 0.6635294117647059 0.2759226713532513 0.6705882352941176 0.22144112478031636 0.6658823529411765 0.20035149384885764 0.6588235294117647 0.21616871704745166 0.6258823529411764 0.23198594024604569 0.6094117647058823 0.2565905096660808 0.6 0.2759226713532513 0.6094117647058823 0.31985940246045697 0.5929411764705882 0.35676625659050965 0.5764705882352941 0.4130052724077329 0.548235294117647
6 0.21968365553602812 0.7152941176470589 0.210896309314587 0.7223529411764706 0.210896309314587 0.7364705882352941 0.22144112478031636 0.7364705882352941 0.22671353251318102 0.7388235294117647 0.24077328646748683 0.7411764705882353 0.24956063268892795 0.7435294117647059 0.2583479789103691 0.7388235294117647 0.2478031634446397 0.7341176470588235 0.23550087873462214 0.731764705882353 0.22495606326889278 0.7247058823529412
6 0.34797891036906853 0.7176470588235294 0.3391915641476274 0.7270588235294118 0.3427065026362039 0.7364705882352941 0.3462214411247803 0.7364705882352941 0.34973637961335674 0.731764705882353 0.3532513181019332 0.7247058823529412
0 0.11775043936731107 0.5058823529411764 0.09490333919156414 0.5411764705882353 0.08260105448154657 0.5811764705882353 0.08084358523725835 0.6211764705882353 0.07908611599297012 0.6517647058823529 0.07557117750439367 0.6776470588235294 0.07381370826010544 0.7152941176470589 0.1054481546572935 0.7458823529411764 0.11599297012302284 0.7717647058823529 0.14235500878734622 0.7929411764705883 0.20210896309314588 0.8258823529411765 0.2583479789103691 0.8447058823529412 0.30579964850615116 0.8588235294117647 0.34797891036906853 0.8588235294117647 0.39015817223198596 0.851764705882353 0.45869947275922673 0.8423529411764706 0.46748681898066785 0.7694117647058824 0.47627416520210897 0.7364705882352941 0.4956063268892794 0.6776470588235294 0.5202108963093146 0.6376470588235295 0.5413005272407733 0.6094117647058823 0.539543057996485 0.5976470588235294 0.4727592267135325 0.6211764705882353 0.44639718804920914 0.6305882352941177 0.4147627416520211 0.6423529411764706 0.3391915641476274 0.6611764705882353 0.281195079086116 0.6705882352941176 0.24253075571177504 0.668235294117647 0.20035149384885764 0.6588235294117647 0.210896309314587 0.6352941176470588 0.21616871704745166 0.6258823529411764 0.23022847100175747 0.611764705882353 0.2565905096660808 0.6 0.24077328646748683 0.6 0.20210896309314588 0.5835294117647059 0.17926186291739896 0.571764705882353 0.12478031634446397 0.5247058823529411
5 0.08260105448154657 0.6541176470588236 0.1195079086115993 0.6870588235294117 0.11775043936731107 0.7458823529411764 0.07908611599297012 0.7152941176470589
5 0.2741652021089631 0.6494117647058824 0.29876977152899825 0.6164705882352941 0.3374340949033392 0.5905882352941176 0.3655536028119508 0.5788235294117647 0.3884007029876977 0.5788235294117647 0.4130052724077329 0.5811764705882353 0.4094903339191564 0.5976470588235294 0.39015817223198596 0.6211764705882353 0.3585237258347979 0.6494117647058824 0.31985940246045697 0.6658823529411765 0.28646748681898065 0.668235294117647 0.27240773286467485 0.6658823529411765