4 0.5414301929625426 0.10186757215619695 0.5437003405221339 0.07640067911714771 0.5482406356413166 0.057724957555178265 0.5459704880817253 0.030560271646859084 0.547105561861521 0.0050933786078098476 0.5391600454029511 0.003395585738539898 0.5380249716231555 0.030560271646859084 0.5368898978433598 0.05432937181663837 0.5380249716231555 0.06451612903225806 0.5391600454029511 0.07979626485568761 0.5334846765039728 0.09168081494057725 0.5266742338251986 0.10865874363327674 0.5300794551645857 0.15110356536502548 0.5346197502837684 0.15449915110356535 0.5346197502837684 0.17232597623089982 0.5368898978433598 0.15449915110356535 0.5380249716231555 0.1969439728353141 0.5391600454029511 0.16808149405772496 0.5380249716231555 0.13582342954159593 0.5414301929625426 0.10186757215619695
4 0.5164585698070374 0.25806451612903225 0.5107832009080591 0.27843803056027167 0.5096481271282634 0.298811544991511 0.5119182746878547 0.3089983022071307 0.5236638206583428 0.2583597843803056 0.5338483405221339 0.1783836349745331 0.5266742338251986 0.19524617996604415 0.5232690124858116 0.20882852292020374 0.5198637911464246 0.23089983022071306 0.5164585698070374 0.25806451612903225
3 0.5198637911464246 0.2037351443123939 0.5232690124858116 0.200339558573854 0.5209988649262202 0.19524617996604415 0.5187287173666288 0.19864176570458403 0.5198637911464246 0.2037351443123939
5 0.6118047673098751 0.3463497453310696 0.6004540295119183 0.34465195246179964 0.58683314415437 0.34125636672325976 0.5800227014755959 0.3293718166383701 0.5777525539160046 0.3361629881154499 0.5743473325766175 0.36502546689303905 0.5732122587968218 0.3921901528013582 0.5788876276958003 0.3921901528013582 0.6004540295119183 0.37860780984719866 0.6242905788876277 0.3616298811544992 0.637911464245176 0.35144312393887944 0.6345062429057888 0.34974533106960953 0.6254256526674233 0.34804753820033957 0.6118047673098751 0.3463497453310696
8 0.5278093076049943 0.025466893039049237 0.5266742338251986 0.01867572156196944 0.5209988649262202 0.02037351443123939 0.5187287173666288 0.023769100169779286 0.5164585698070374 0.027164685908319185 0.5141884222474461 0.03225806451612903 0.5164585698070374 0.03735144312393888 0.5141884222474461 0.042444821731748725 0.5119182746878547 0.04923599320882852 0.5153234960272418 0.04923599320882852 0.5187287173666288 0.044142614601018676 0.5221339387060159 0.035653650254668934 0.5244040862656073 0.030560271646859084 0.5278093076049943 0.025466893039049237
3 0.5459704880817253 0.400679117147708 0.5493757094211124 0.4091680814940577 0.5561861520998865 0.4091680814940577 0.5595913734392736 0.40407470288624786 0.5459704880817253 0.400679117147708
3 0.49375709421112374 0.4057724957555178 0.4982973893303065 0.4091680814940577 0.5039727582292849 0.4091680814940577 0.5107832009080591 0.39728353140916806 0.5085130533484676 0.3870967741935484 0.4960272417707151 0.3853989813242784 0.49148694665153236 0.3938879456706282 0.49375709421112374 0.4057724957555178
3 0.5266742338251986 0.34125636672325976 0.5255391600454029 0.32597623089983024 0.5198637911464246 0.3174872665534805 0.5119182746878547 0.32088285229202035 0.5017026106696936 0.33276740237691 0.4948921679909194 0.35144312393887944 0.4960272417707151 0.3633276740237691 0.49943246311010214 0.37521222410865873 0.5062429057888763 0.3769100169779287 0.5175936435868331 0.3684210526315789 0.5175936435868331 0.3616298811544992 0.5232690124858116 0.3531409168081494 0.5266742338251986 0.34125636672325976
3 0.5618615209988649 0.366723259762309 0.5664018161180476 0.3361629881154499 0.5539160045402951 0.34295415959252973 0.547105561861521 0.3599320882852292 0.5459704880817253 0.37860780984719866 0.5561861520998865 0.3904923599320883 0.5618615209988649 0.366723259762309
8 0.5255391600454029 0.28862478777589134 0.5232690124858116 0.2920203735144312 0.5198637911464246 0.30220713073005095 0.5175936435868331 0.3073005093378608 0.5164585698070374 0.31239388794567063 0.5141884222474461 0.3174872665534805 0.5198637911464246 0.3174872665534805 0.5221339387060159 0.3073005093378608 0.5232690124858116 0.29711375212224106 0.5255391600454029 0.28862478777589134
8 0.3961407491486947 0.4159592529711375 0.3927355278093076 0.41935483870967744 0.39160045402951194 0.42614601018675724 0.39160045402951194 0.4312393887945671 0.3938706015891033 0.432937181663837 0.3961407491486947 0.4227504244482173 0.39841089670828606 0.41765704584040747 0.39841089670828606 0.4142614601018676 0.3961407491486947 0.4159592529711375
0 0.4733257661748014 0.7843803056027164 0.4699205448354143 0.7775891341256367 0.45970488081725314 0.765704584040747 0.44835414301929627 0.7572156196943973 0.42224744608399545 0.7504244482173175 0.40068104426787743 0.7877758913412564 0.38933030646992056 0.8149405772495756 0.3688989784335982 0.8539898132427843 0.36095346197502837 0.8624787775891342 0.36095346197502837 0.8709677419354839 0.3620885357548241 0.8998302207130731 0.3654937570942111 0.9252971137521222 0.37003405221339386 0.9473684210526315 0.3745743473325766 0.966044142614601 0.37911464245175935 0.9711375212224108 0.3995459704880817 0.9439728353140917 0.43246311010215666 0.8794567062818336 0.45970488081725314 0.8217317487266553 0.4733257661748014 0.7843803056027164
0 0.44040862656072643 0.8964346349745331 0.4517593643586833 0.8675721561969439 0.46538024971623154 0.8370118845500849 0.48354143019296253 0.7894736842105263 0.49716231555051077 0.7487266553480475 0.5130533484676504 0.7045840407470289 0.5278093076049943 0.6519524617996605 0.5425652667423383 0.5959252971137521 0.5561861520998865 0.5432937181663837 0.5664018161180476 0.499151103565365 0.565266742338252 0.48217317487266553 0.5573212258796821 0.5076400679117148 0.5505107832009081 0.533106960950764 0.5391600454029511 0.5704584040747029 0.52894438138479 0.6078098471986417 0.5141884222474461 0.6587436332767402 0.4960272417707151 0.7164685908319185 0.48240635641316687 0.7538200339558574 0.4733257661748014 0.7809847198641766 0.45970488081725314 0.8132427843803056 0.4426787741203178 0.8539898132427843 0.42338251986379116 0.8913412563667232 0.39841089670828606 0.9388794567062818 0.4086265607264472 0.9524617996604414 0.4199772985244041 0.9320882852292021 0.4279228149829739 0.9185059422750425 0.44040862656072643 0.8964346349745331