3 0.3368237347294939 0.655011655011655 0.3472949389179756 0.6736596736596736 0.35602094240837695 0.6456876456876457 0.3612565445026178 0.6247086247086248 0.3647469458987784 0.5687645687645687 0.35602094240837695 0.5384615384615384 0.34205933682373474 0.5151515151515151 0.33856893542757416 0.5314685314685315 0.33158813263525305 0.5710955710955711 0.32809773123909247 0.5897435897435898 0.32809773123909247 0.634032634032634 0.3368237347294939 0.655011655011655
3 0.41361256544502617 0.9090909090909091 0.4258289703315881 0.9370629370629371 0.4467713787085515 0.951048951048951 0.4572425828970332 0.958041958041958 0.47469458987783597 0.951048951048951 0.4816753926701571 0.9254079254079254 0.4781849912739965 0.8974358974358975 0.4712041884816754 0.8648018648018648 0.450261780104712 0.8414918414918415 0.4258289703315881 0.8135198135198135 0.4083769633507853 0.7948717948717948 0.387434554973822 0.7878787878787878 0.387434554973822 0.8181818181818182 0.39092495636998253 0.8461538461538461 0.4048865619546248 0.8741258741258742 0.41361256544502617 0.9090909090909091
5 0.643979057591623 0.5501165501165501 0.6492146596858639 0.5920745920745921 0.6561954624781849 0.6410256410256411 0.6684118673647469 0.6783216783216783 0.6788830715532286 0.682983682983683 0.699825479930192 0.682983682983683 0.7120418848167539 0.655011655011655 0.7155322862129145 0.6013986013986014 0.7155322862129145 0.5641025641025641 0.7033158813263525 0.5174825174825175 0.6945898778359512 0.4568764568764569 0.6823734729493892 0.4172494172494173 0.6666666666666666 0.40559440559440557 0.6509598603839442 0.4428904428904429 0.6369982547993019 0.4568764568764569 0.6335078534031413 0.49184149184149184 0.6404886561954625 0.5244755244755245 0.643979057591623 0.5501165501165501
6 0.5671902268760908 0.40326340326340326 0.5532286212914486 0.40326340326340326 0.5584642233856894 0.4195804195804196 0.5671902268760908 0.4219114219114219 0.5759162303664922 0.41025641025641024 0.5671902268760908 0.40326340326340326
6 0.5741710296684118 0.4405594405594406 0.5602094240837696 0.4358974358974359 0.5619546247818499 0.4522144522144522 0.5724258289703316 0.4568764568764569 0.5794066317626527 0.4522144522144522 0.5741710296684118 0.4405594405594406
6 0.6649214659685864 0.7925407925407926 0.6561954624781849 0.7808857808857809 0.6544502617801047 0.8065268065268065 0.6596858638743456 0.8158508158508159 0.6666666666666666 0.8088578088578089 0.6649214659685864 0.7925407925407926
0 0.5165794066317626 0.585081585081585 0.5200698080279232 0.627039627039627 0.5322862129144852 0.662004662004662 0.5427574171029669 0.7156177156177156 0.5532286212914486 0.6993006993006993 0.5654450261780105 0.675990675990676 0.5759162303664922 0.6456876456876457 0.5776614310645725 0.6060606060606061 0.5776614310645725 0.5594405594405595 0.5706806282722513 0.5244755244755245 0.5445026178010471 0.4428904428904429 0.5305410122164049 0.42424242424242425 0.506108202443281 0.40093240093240096 0.49214659685863876 0.3962703962703963 0.4799301919720768 0.38694638694638694 0.47469458987783597 0.40559440559440557 0.4886561954624782 0.4568764568764569 0.49912739965095987 0.5011655011655012 0.5078534031413613 0.5477855477855478 0.5165794066317626 0.585081585081585
0 0.4328097731239092 0.18414918414918416 0.4572425828970332 0.18414918414918416 0.47469458987783597 0.18414918414918416 0.5026178010471204 0.18414918414918416 0.5340314136125655 0.18414918414918416 0.5462478184991274 0.18414918414918416 0.5619546247818499 0.18414918414918416 0.5445026178010471 0.17016317016317017 0.5078534031413613 0.16783216783216784 0.4816753926701571 0.16317016317016317 0.4607329842931937 0.16317016317016317 0.4397905759162304 0.16317016317016317 0.41535776614310643 0.16783216783216784 0.39965095986038396 0.1655011655011655 0.37521815008726006 0.17482517482517482 0.36649214659685864 0.18414918414918416 0.3472949389179756 0.19347319347319347 0.36300174520069806 0.20512820512820512 0.39790575916230364 0.19114219114219114 0.41535776614310643 0.1888111888111888 0.4328097731239092 0.18414918414918416
0 0.3193717277486911 0.19813519813519814 0.33507853403141363 0.19347319347319347 0.3333333333333333 0.1351981351981352 0.3263525305410122 0.10955710955710955 0.31762652705061084 0.0675990675990676 0.2931937172774869 0.055944055944055944 0.2792321116928447 0.08158508158508158 0.2774869109947644 0.12121212121212122 0.28272251308900526 0.1445221445221445 0.3019197207678883 0.16783216783216784 0.3193717277486911 0.19813519813519814
0 0.4737548656195463 1 0.48342059336823734 0.9627039627039627 0.4956369982547993 0.8974358974358975 0.5095986038394416 0.8065268065268065 0.525305410122164 0.6713286713286714 0.5270506108202443 0.6153846153846154 0.493891797556719 0.43356643356643354 0.35602094240837695 0.2331002331002331 0.3403141361256545 0.23776223776223776 0.3298429319371728 0.2517482517482518 0.3333333333333333 0.2937062937062937 0.33507853403141363 0.3822843822843823 0.3368237347294939 0.46153846153846156 0.3368237347294939 0.5291375291375291 0.33507853403141363 0.578088578088578 0.3333333333333333 0.6177156177156177 0.33158813263525305 0.655011655011655 0.3298429319371728 0.6899766899766899 0.3263525305410122 0.717948717948718 0.32111692844677137 0.7319347319347319 0.34205933682373474 0.8041958041958042 0.3647469458987784 0.8741258741258742 0.3856893542757417 0.9393939393939394 0.40663176265270506 0.9883449883449883 0.4140153036649215 1 0.4737548656195463 1
0 0.624490982547993 1 0.6230366492146597 0.9976689976689976 0.6335078534031413 0.993006993006993 0.6509598603839442 0.9487179487179487 0.6666666666666666 0.8811188811188811 0.6841186736474695 0.7902097902097902 0.6893542757417103 0.7645687645687645 0.7137870855148342 0.7412587412587412 0.7364746945898778 0.696969696969697 0.7382198952879581 0.6526806526806527 0.7399650959860384 0.578088578088578 0.7242582897033158 0.46853146853146854 0.7120418848167539 0.4125874125874126 0.680628272251309 0.3473193473193473 0.62478184991274 0.3473193473193473 0.5671902268760908 0.3333333333333333 0.4869109947643979 0.2913752913752914 0.4816753926701571 0.32167832167832167 0.46596858638743455 0.3916083916083916 0.5026178010471204 0.3962703962703963 0.5305410122164049 0.4172494172494173 0.5462478184991274 0.44522144522144524 0.5636998254799301 0.49184149184149184 0.5741710296684118 0.5407925407925408 0.5794066317626527 0.578088578088578 0.581151832460733 0.6363636363636364 0.5776614310645725 0.6573426573426573 0.5584642233856894 0.6946386946386947 0.5427574171029669 0.7226107226107226 0.5322862129144852 0.682983682983683 0.5235602094240838 0.6503496503496503 0.518324607329843 0.696969696969697 0.5095986038394416 0.7645687645687645 0.5026178010471204 0.8228438228438228 0.493891797556719 0.8787878787878788 0.4816753926701571 0.9300699300699301 0.47294938917975565 0.9673659673659674 0.4652337643979058 1 0.624490982547993 1