3 0.6228813559322034 0.5735294117647058 0.6807909604519774 0.5504201680672269 0.713276836158192 0.5378151260504201 0.7288135593220338 0.5168067226890757 0.7740112994350282 0.523109243697479 0.8234463276836158 0.5714285714285714 0.7556497175141242 0.6029411764705882 0.7217514124293786 0.6113445378151261 0.7005649717514124 0.5861344537815126 0.672316384180791 0.5735294117647058 0.6468926553672316 0.5714285714285714
3 0.8234463276836158 0.5714285714285714 0.826271186440678 0.6050420168067226 0.8008474576271186 0.6533613445378151 0.7528248587570622 0.6785714285714286 0.7401129943502824 0.6407563025210085 0.7231638418079096 0.6113445378151261 0.7542372881355932 0.6050420168067226
3 0.4548022598870056 0.5630252100840336 0.4759887005649718 0.592436974789916 0.5155367231638418 0.6680672268907563 0.4844632768361582 0.7542016806722689 0.4180790960451977 0.7626050420168067 0.4081920903954802 0.773109243697479 0.3898305084745763 0.7394957983193278 0.384180790960452 0.6239495798319328 0.4011299435028249 0.5735294117647058 0.4279661016949153 0.5462184873949579
3 0.5056497175141242 0.6995798319327731 0.5169491525423728 0.707983193277311 0.519774011299435 0.6764705882352942 0.5282485875706214 0.6554621848739496 0.5466101694915254 0.6281512605042017 0.577683615819209 0.5966386554621849 0.5805084745762712 0.5819327731092437 0.5734463276836158 0.5777310924369747 0.5522598870056498 0.5903361344537815 0.5338983050847458 0.6281512605042017 0.518361581920904 0.6659663865546218
3 0.4929378531073446 0.7352941176470589 0.5112994350282486 0.7352941176470589 0.5084745762711864 0.7647058823529411 0.4971751412429379 0.7752100840336135 0.4844632768361582 0.7605042016806722
0 0.002824858757062147 0.8151260504201681 0.15677966101694915 0.8088235294117647 0.2838983050847458 0.7962184873949579 0.3714689265536723 0.7815126050420168 0.4350282485875706 0.7626050420168067 0.481638418079096 0.7584033613445378 0.4971751412429379 0.7773109243697479 0.5070621468926554 0.7710084033613446 0.5028248587570622 0.8130252100840336 0.5127118644067796 0.8214285714285714 0.5098870056497176 0.8403361344537815 0.5084745762711864 0.884453781512605 0.3686440677966102 0.8739495798319328 0.15677966101694915 0.8697478991596639 0.002824858757062147 0.8676470588235294
6 0.9322033898305084 0.6743697478991597 0.9392655367231638 0.6680672268907563 0.942090395480226 0.6785714285714286 0.9364406779661016 0.6869747899159664 0.9322033898305084 0.6827731092436975
6 0.769774011299435 0.6764705882352942 0.786723163841808 0.6701680672268907 0.8008474576271186 0.6680672268907563 0.8149717514124294 0.6890756302521008 0.827683615819209 0.6974789915966386 0.8488700564971752 0.6974789915966386 0.847457627118644 0.7058823529411765 0.8319209039548022 0.7121848739495799 0.8050847457627118 0.7121848739495799 0.7937853107344632 0.7289915966386554 0.7966101694915254 0.7457983193277311 0.7853107344632768 0.7626050420168067 0.7740112994350282 0.7689075630252101 0.768361581920904 0.7373949579831933 0.7782485875706214 0.7205882352941176 0.7711864406779662 0.6974789915966386
8 0.8319209039548022 0.6218487394957983 0.8587570621468926 0.6071428571428571 0.8545197740112994 0.5987394957983193 0.8333333333333334 0.6029411764705882 0.8290960451977402 0.6113445378151261
8 0.8502824858757062 0.6218487394957983 0.8771186440677966 0.6113445378151261 0.882768361581921 0.6239495798319328 0.8728813559322034 0.6323529411764706 0.8516949152542372 0.6323529411764706
8 0.2867231638418079 0.7815126050420168 0.3446327683615819 0.773109243697479 0.3531073446327684 0.7836134453781513 0.3432203389830508 0.7878151260504201 0.3403954802259887 0.7836134453781513 0.2923728813559322 0.7857142857142857