5 0.08955223880597014 0.45089285714285715 0.11641791044776119 0.48214285714285715 0.14776119402985075 0.5089285714285714 0.15671641791044777 0.43973214285714285 0.14328358208955225 0.43526785714285715 0.09850746268656717 0.40848214285714285 0.08955223880597014 0.45089285714285715
3 0.3716417910447761 0.16741071428571427 0.3686567164179104 0.17857142857142858 0.3686567164179104 0.19196428571428573 0.3716417910447761 0.19866071428571427 0.3850746268656716 0.19866071428571427 0.3895522388059702 0.19642857142857142 0.3895522388059702 0.17633928571428573 0.382089552238806 0.16294642857142858 0.3716417910447761 0.16741071428571427
3 0.40746268656716417 0.15848214285714285 0.4059701492537313 0.171875 0.408955223880597 0.18526785714285715 0.41492537313432837 0.19642857142857142 0.4223880597014925 0.19642857142857142 0.42835820895522386 0.18973214285714285 0.4298507462686567 0.18080357142857142 0.4298507462686567 0.16517857142857142 0.42686567164179107 0.15848214285714285 0.4208955223880597 0.15401785714285715 0.41492537313432837 0.15178571428571427 0.40746268656716417 0.15848214285714285
3 0.4597014925373134 0.140625 0.4597014925373134 0.14732142857142858 0.46567164179104475 0.14508928571428573 0.4716417910447761 0.13839285714285715 0.46417910447761196 0.13839285714285715 0.4597014925373134 0.140625
3 0.3238805970149254 0.6316964285714286 0.3358208955223881 0.5982142857142857 0.3328358208955224 0.5870535714285714 0.3164179104477612 0.5870535714285714 0.30149253731343284 0.5848214285714286 0.25671641791044775 0.5825892857142857 0.21940298507462686 0.6004464285714286 0.19701492537313434 0.6294642857142857 0.1880597014925373 0.6584821428571429 0.191044776119403 0.6741071428571429 0.208955223880597 0.6986607142857143 0.2537313432835821 0.7075892857142857 0.29701492537313434 0.7008928571428571 0.3238805970149254 0.6316964285714286
8 0.3761194029850746 0.4642857142857143 0.382089552238806 0.46875 0.3805970149253731 0.45089285714285715 0.373134328358209 0.4419642857142857 0.3761194029850746 0.4642857142857143
8 0.5507462686567164 0.4955357142857143 0.5507462686567164 0.5066964285714286 0.5552238805970149 0.5133928571428571 0.5626865671641791 0.5200892857142857 0.5582089552238806 0.5066964285714286 0.5567164179104478 0.49330357142857145 0.5507462686567164 0.4955357142857143
8 0.5671641791044776 0.4955357142857143 0.5716417910447761 0.4955357142857143 0.5716417910447761 0.484375 0.5626865671641791 0.484375 0.5671641791044776 0.4955357142857143
8 0.5656716417910448 0.5044642857142857 0.573134328358209 0.5066964285714286 0.5716417910447761 0.49776785714285715 0.5656716417910448 0.5044642857142857
8 0.5074626865671642 0.5200892857142857 0.5104477611940299 0.5200892857142857 0.517910447761194 0.5133928571428571 0.5283582089552239 0.5111607142857143 0.5268656716417911 0.5044642857142857 0.5208955223880597 0.5066964285714286 0.5208955223880597 0.5022321428571429 0.5119402985074627 0.5044642857142857 0.5104477611940299 0.5111607142857143 0.5029850746268657 0.5178571428571429 0.5074626865671642 0.5200892857142857
8 0.5029850746268657 0.43526785714285715 0.5074626865671642 0.44419642857142855 0.5194029850746269 0.4486607142857143 0.5238805970149254 0.43526785714285715 0.5134328358208955 0.4330357142857143 0.5044776119402985 0.43080357142857145 0.5029850746268657 0.43526785714285715
8 0.4880597014925373 0.49107142857142855 0.48656716417910445 0.4955357142857143 0.48208955223880595 0.5044642857142857 0.4880597014925373 0.5133928571428571 0.49402985074626865 0.5133928571428571 0.49402985074626865 0.5 0.4880597014925373 0.49107142857142855
8 0.3895522388059702 0.5334821428571429 0.4059701492537313 0.5223214285714286 0.4014925373134328 0.5089285714285714 0.3880597014925373 0.5133928571428571 0.3776119402985075 0.5267857142857143 0.3895522388059702 0.5334821428571429
8 0.4835820895522388 0.5535714285714286 0.4925373134328358 0.5558035714285714 0.49701492537313435 0.5513392857142857 0.4880597014925373 0.5334821428571429 0.4791044776119403 0.5111607142857143 0.4716417910447761 0.5133928571428571 0.4746268656716418 0.5223214285714286 0.4835820895522388 0.5535714285714286
8 0.43582089552238806 0.42857142857142855 0.43582089552238806 0.4419642857142857 0.4462686567164179 0.4642857142857143 0.4552238805970149 0.4799107142857143 0.4537313432835821 0.4575892857142857 0.4462686567164179 0.4419642857142857 0.44328358208955226 0.4263392857142857 0.4373134328358209 0.41517857142857145 0.43582089552238806 0.42857142857142855
3 0.3417910447761194 0.48214285714285715 0.35522388059701493 0.5133928571428571 0.373134328358209 0.5200892857142857 0.39850746268656717 0.5491071428571429 0.41940298507462687 0.5446428571428571 0.42686567164179107 0.5446428571428571 0.45671641791044776 0.5558035714285714 0.48507462686567165 0.5848214285714286 0.491044776119403 0.6116071428571429 0.4955223880597015 0.6205357142857143 0.5014925373134328 0.6116071428571429 0.5074626865671642 0.5758928571428571 0.49701492537313435 0.5558035714285714 0.4835820895522388 0.5267857142857143 0.4671641791044776 0.5089285714285714 0.4552238805970149 0.4642857142857143 0.4537313432835821 0.41294642857142855 0.4343283582089552 0.41964285714285715 0.417910447761194 0.41964285714285715 0.38656716417910447 0.4107142857142857 0.3641791044776119 0.42410714285714285 0.3402985074626866 0.43080357142857145 0.3358208955223881 0.453125 0.3417910447761194 0.48214285714285715
3 0.4537313432835821 0.4174107142857143 0.45223880597014926 0.44419642857142855 0.46417910447761196 0.4642857142857143 0.48656716417910445 0.46205357142857145 0.5029850746268657 0.44419642857142855 0.5014925373134328 0.40848214285714285 0.47761194029850745 0.38839285714285715 0.4537313432835821 0.4174107142857143
3 0.5059701492537313 0.5401785714285714 0.5119402985074627 0.5647321428571429 0.5253731343283582 0.5915178571428571 0.5432835820895522 0.6138392857142857 0.5746268656716418 0.609375 0.6044776119402985 0.59375 0.6417910447761194 0.59375 0.6626865671641791 0.5825892857142857 0.664179104477612 0.5535714285714286 0.6656716417910448 0.5089285714285714 0.664179104477612 0.4375 0.6582089552238806 0.39732142857142855 0.6343283582089553 0.3861607142857143 0.5895522388059702 0.38169642857142855 0.5552238805970149 0.3861607142857143 0.5432835820895522 0.4017857142857143 0.5238805970149254 0.4174107142857143 0.4925373134328358 0.453125 0.48507462686567165 0.5022321428571429 0.5059701492537313 0.5401785714285714
3 0.5686567164179105 0.6339285714285714 0.5835820895522388 0.6316964285714286 0.5955223880597015 0.625 0.5925373134328358 0.6183035714285714 0.5686567164179105 0.6183035714285714 0.5582089552238806 0.6294642857142857 0.5686567164179105 0.6339285714285714
0 0.44328358208955226 0.390625 0.44328358208955226 0.43526785714285715 0.4582089552238806 0.46651785714285715 0.46567164179104475 0.5022321428571429 0.48955223880597015 0.5513392857142857 0.49850746268656715 0.578125 0.5 0.65625 0.5208955223880597 0.6651785714285714 0.573134328358209 0.6361607142857143 0.5850746268656717 0.6294642857142857 0.591044776119403 0.625 0.6208955223880597 0.6205357142857143 0.6611940298507463 0.6071428571428571 0.6626865671641791 0.5714285714285714 0.6671641791044776 0.515625 0.6701492537313433 0.47098214285714285 0.6701492537313433 0.3950892857142857 0.655223880597015 0.34375 0.5522388059701493 0.34151785714285715 0.44328358208955226 0.328125 0.44328358208955226 0.390625
0 0.31044776119402984 0.5379464285714286 0.34328358208955223 0.5959821428571429 0.36268656716417913 0.578125 0.3686567164179104 0.5736607142857143 0.3970149253731343 0.5558035714285714 0.4537313432835821 0.5513392857142857 0.4835820895522388 0.5982142857142857 0.4925373134328358 0.6294642857142857 0.48507462686567165 0.6584821428571429 0.4955223880597015 0.6964285714285714 0.5059701492537313 0.6897321428571429 0.5044776119402985 0.6741071428571429 0.5014925373134328 0.6205357142857143 0.5044776119402985 0.5825892857142857 0.5 0.5558035714285714 0.48507462686567165 0.5290178571428571 0.4597014925373134 0.4732142857142857 0.4537313432835821 0.4486607142857143 0.4537313432835821 0.421875 0.408955223880597 0.41294642857142855 0.3880597014925373 0.4107142857142857 0.3567164179104478 0.4330357142857143 0.32686567164179103 0.43973214285714285 0.3 0.4486607142857143 0.30597014925373134 0.46875 0.3358208955223881 0.47098214285714285 0.32985074626865674 0.47098214285714285 0.28507462686567164 0.4888392857142857 0.31044776119402984 0.5379464285714286
1 0.3761194029850746 0.6227678571428571 0.3716417910447761 0.625 0.373134328358209 0.6339285714285714 0.373134328358209 0.6361607142857143 0.3746268656716418 0.6450892857142857 0.3805970149253731 0.65625 0.3850746268656716 0.6450892857142857 0.3850746268656716 0.6383928571428571 0.382089552238806 0.6316964285714286 0.382089552238806 0.6205357142857143 0.3761194029850746 0.6227678571428571
8 0.18358208955223881 0.6852678571428571 0.191044776119403 0.6875 0.19402985074626866 0.6785714285714286 0.1880597014925373 0.6763392857142857 0.18208955223880596 0.6785714285714286 0.18358208955223881 0.6852678571428571
8 0.18358208955223881 0.6919642857142857 0.1880597014925373 0.6941964285714286 0.1865671641791045 0.6897321428571429 0.18358208955223881 0.6875 0.18358208955223881 0.6919642857142857
8 0.21343283582089553 0.7120535714285714 0.22388059701492538 0.7098214285714286 0.23134328358208955 0.7053571428571429 0.21791044776119403 0.703125 0.20746268656716418 0.7098214285714286 0.21343283582089553 0.7120535714285714
0 0.20597014925373133 0.4263392857142857 0.19552238805970149 0.4486607142857143 0.2044776119402985 0.4888392857142857 0.208955223880597 0.5133928571428571 0.23432835820895523 0.5022321428571429 0.2626865671641791 0.49330357142857145 0.27761194029850744 0.4888392857142857 0.30597014925373134 0.47544642857142855 0.33134328358208953 0.4642857142857143 0.3358208955223881 0.44642857142857145 0.3447761194029851 0.43080357142857145 0.3522388059701492 0.421875 0.35074626865671643 0.41517857142857145 0.33432835820895523 0.390625 0.3074626865671642 0.38169642857142855 0.2880597014925373 0.3794642857142857 0.25970149253731345 0.3861607142857143 0.23283582089552238 0.3950892857142857 0.20597014925373133 0.4263392857142857
3 0.6328358208955224 0.625 0.5477611940298508 0.6517857142857143 0.5253731343283582 0.6473214285714286 0.5014925373134328 0.6383928571428571 0.491044776119403 0.6517857142857143 0.48955223880597015 0.6763392857142857 0.4955223880597015 0.6986607142857143 0.5164179104477612 0.6875 0.6492537313432836 0.6361607142857143 0.6328358208955224 0.625
5 0.191044776119403 0.6517857142857143 0.191044776119403 0.6428571428571429 0.18507462686567164 0.6450892857142857 0.18507462686567164 0.6540178571428571 0.191044776119403 0.6517857142857143
5 0.46865671641791046 0.5290178571428571 0.44328358208955226 0.515625 0.4223880597014925 0.515625 0.39104477611940297 0.5223214285714286 0.3641791044776119 0.5424107142857143 0.3358208955223881 0.5602678571428571 0.3208955223880597 0.5736607142857143 0.33432835820895523 0.59375 0.3522388059701492 0.5825892857142857 0.3746268656716418 0.5669642857142857 0.39850746268656717 0.5558035714285714 0.4164179104477612 0.5491071428571429 0.43582089552238806 0.5446428571428571 0.4507462686567164 0.5491071428571429 0.4701492537313433 0.5647321428571429 0.4835820895522388 0.5825892857142857 0.491044776119403 0.6049107142857143 0.491044776119403 0.6160714285714286 0.5044776119402985 0.609375 0.491044776119403 0.5558035714285714 0.46865671641791046 0.5290178571428571