6 0.4818295739348371 0.3096828046744574 0.4818295739348371 0.34474123539232054 0.4818295739348371 0.4265442404006678 0.4755639097744361 0.4666110183639399 0.4768170426065163 0.5250417362270451 0.4931077694235589 0.5584307178631052 0.5068922305764411 0.5500834724540902 0.5093984962406015 0.5400667779632721 0.5119047619047619 0.5166944908180301 0.5144110275689223 0.493322203672788 0.5206766917293233 0.4666110183639399 0.5269423558897243 0.4248747913188648 0.5332080200501254 0.4081803005008347 0.5357142857142857 0.3814691151919866 0.5294486215538847 0.3313856427378965 0.518170426065163 0.3096828046744574 0.4993734335839599 0.2863105175292154 0.4906015037593985 0.2929883138564274 0.4818295739348371 0.3096828046744574
6 0.4906015037593985 0.7287145242070117 0.4818295739348371 0.7186978297161937 0.4793233082706767 0.7370617696160268 0.4868421052631579 0.7387312186978298 0.4906015037593985 0.7287145242070117
6 0.4793233082706767 0.7186978297161937 0.4793233082706767 0.7220367278797997 0.4818295739348371 0.7253756260434057 0.4818295739348371 0.7287145242070117 0.4843358395989975 0.7337228714524207 0.4868421052631579 0.7337228714524207 0.4906015037593985 0.7320534223706177 0.4918546365914787 0.7287145242070117 0.4918546365914787 0.7220367278797997 0.4880952380952381 0.7170283806343907 0.4830827067669173 0.7153589315525877 0.4793233082706767 0.7153589315525877 0.4793233082706767 0.7186978297161937
6 0.4818295739348371 0.7103505843071787 0.4830827067669173 0.7053422370617696 0.4805764411027569 0.7036727879799666 0.4768170426065163 0.7053422370617696 0.4793233082706767 0.7086811352253757 0.4818295739348371 0.7103505843071787
6 0.5244360902255639 0.6936560934891486 0.5269423558897243 0.6903171953255426 0.5256892230576441 0.6869782971619366 0.5219298245614035 0.6869782971619366 0.5206766917293233 0.6903171953255426 0.5244360902255639 0.6936560934891486
6 0.5457393483709273 0.6803005008347245 0.5494987468671679 0.6803005008347245 0.5520050125313283 0.6736227045075125 0.5494987468671679 0.6719532554257095 0.5469924812030075 0.6702838063439065 0.5457393483709273 0.6736227045075125 0.543233082706767 0.6736227045075125 0.543233082706767 0.6769616026711185 0.5457393483709273 0.6803005008347245
6 0.5382205513784462 0.7186978297161937 0.5407268170426065 0.7170283806343907 0.5407268170426065 0.7136894824707847 0.5382205513784462 0.7120200333889817 0.5357142857142857 0.7120200333889817 0.5369674185463659 0.7170283806343907 0.5382205513784462 0.7186978297161937
6 0.5595238095238095 0.494991652754591 0.5570175438596491 0.494991652754591 0.5570175438596491 0.501669449081803 0.5607769423558897 0.505008347245409 0.5620300751879699 0.5 0.5595238095238095 0.494991652754591
8 0.4517543859649123 0.6285475792988314 0.45050125313283207 0.6168614357262103 0.44799498746867167 0.5968280467445742 0.44799498746867167 0.5801335559265443 0.4467418546365915 0.5601001669449082 0.4467418546365915 0.5434056761268782 0.44298245614035087 0.5317195325542571 0.4392230576441103 0.5283806343906511 0.43796992481203006 0.5367278797996661 0.43796992481203006 0.5601001669449082 0.4392230576441103 0.5801335559265443 0.44047619047619047 0.5934891485809682 0.4442355889724311 0.6185308848080133 0.4467418546365915 0.6235392320534223 0.44548872180451127 0.6268781302170284 0.4467418546365915 0.6385642737896494 0.44799498746867167 0.6485809682804674 0.4517543859649123 0.6636060100166945 0.4542606516290727 0.6686143572621035 0.4605263157894737 0.6752921535893155 0.4642857142857143 0.6786310517529215 0.4542606516290727 0.6485809682804674 0.45300751879699247 0.6435726210350584 0.4517543859649123 0.6285475792988314
8 0.4755639097744361 0.5283806343906511 0.4755639097744361 0.5183639398998331 0.4768170426065163 0.510016694490818 0.4755639097744361 0.496661101836394 0.4755639097744361 0.48497495826377296 0.4755639097744361 0.4699499165275459 0.4755639097744361 0.46327212020033387 0.4718045112781955 0.4565943238731219 0.4667919799498747 0.4582637729549249 0.4617794486215539 0.4682804674457429 0.4592731829573935 0.48163606010016696 0.4592731829573935 0.494991652754591 0.4605263157894737 0.511686143572621 0.4630325814536341 0.5317195325542571 0.4655388471177945 0.5450751252086812 0.4730576441102757 0.5434056761268782 0.4743107769423559 0.5400667779632721 0.4755639097744361 0.5283806343906511
8 0.4141604010025063 0.41485809682804675 0.41040100250626566 0.41485809682804675 0.4091478696741855 0.4265442404006678 0.4091478696741855 0.4332220367278798 0.41290726817042606 0.4265442404006678 0.41541353383458646 0.42153589315525875 0.4141604010025063 0.41485809682804675
8 0.518170426065163 0.5818030050083473 0.5219298245614035 0.5934891485809682 0.5256892230576441 0.6018363939899833 0.5307017543859649 0.6068447412353923 0.5294486215538847 0.5951585976627712 0.5244360902255639 0.5834724540901502 0.5219298245614035 0.5734557595993323 0.5194235588972431 0.5517529215358932 0.5156641604010025 0.5467445742904842 0.5144110275689223 0.5517529215358932 0.5156641604010025 0.5634390651085142 0.518170426065163 0.5818030050083473
8 0.5219298245614035 0.6068447412353923 0.5194235588972431 0.5984974958263773 0.5194235588972431 0.5934891485809682 0.5156641604010025 0.5851419031719532 0.5131578947368421 0.5801335559265443 0.5131578947368421 0.5868113522537562 0.5156641604010025 0.5968280467445742 0.5219298245614035 0.6068447412353923
8 0.4730576441102757 0.5651085141903172 0.4680451127819549 0.5717863105175293 0.4655388471177945 0.5751252086811353 0.4605263157894737 0.5918196994991652 0.4680451127819549 0.5918196994991652 0.4692982456140351 0.5884808013355592 0.4743107769423559 0.5784641068447413 0.4768170426065163 0.5951585976627712 0.4805764411027569 0.6101836393989983 0.4843358395989975 0.6202003338898163 0.4906015037593985 0.6185308848080133 0.4893483709273183 0.6135225375626043 0.4843358395989975 0.6068447412353923 0.4843358395989975 0.5918196994991652 0.4868421052631579 0.5834724540901502 0.4880952380952381 0.5651085141903172 0.4868421052631579 0.5567612687813022 0.4843358395989975 0.5784641068447413 0.4780701754385965 0.5634390651085142 0.4730576441102757 0.5651085141903172
8 0.5043859649122807 0.6101836393989983 0.5056390977443609 0.6168614357262103 0.5093984962406015 0.6385642737896494 0.5131578947368421 0.6469115191986644 0.5194235588972431 0.6585976627712855 0.5219298245614035 0.6569282136894825 0.5206766917293233 0.6519198664440734 0.5194235588972431 0.6402337228714524 0.5119047619047619 0.6185308848080133 0.5081453634085213 0.6068447412353923 0.4993734335839599 0.5934891485809682 0.5006265664160401 0.6018363939899833 0.5043859649122807 0.6101836393989983
8 0.5620300751879699 0.5300500834724541 0.5720551378446115 0.5317195325542571 0.5783208020050126 0.5233722871452421 0.5845864661654135 0.5166944908180301 0.5845864661654135 0.510016694490818 0.5833333333333334 0.501669449081803 0.5808270676691729 0.48664440734557596 0.5745614035087719 0.48497495826377296 0.5733082706766918 0.503338898163606 0.5695488721804511 0.5150250417362271 0.5645363408521303 0.5200333889816361 0.5620300751879699 0.5300500834724541
8 0.4291979949874687 0.2028380634390651 0.43796992481203006 0.2045075125208681 0.44799498746867167 0.19782971619365608 0.4492481203007519 0.18614357262103506 0.44799498746867167 0.17946577629382304 0.4442355889724311 0.167779632721202 0.4367167919799499 0.167779632721202 0.4291979949874687 0.17612687813021702 0.4216791979949875 0.18280467445742904 0.4191729323308271 0.1911519198664441 0.4291979949874687 0.2028380634390651
8 0.40037593984962405 0.23121869782971619 0.39035087719298245 0.2362270450751252 0.4041353383458647 0.2395659432387312 0.41290726817042606 0.2328881469115192 0.40037593984962405 0.23121869782971619
8 0.5419799498746867 0.166110183639399 0.5369674185463659 0.17111853088480802 0.5394736842105263 0.18781302170283806 0.5457393483709273 0.18948247078464106 0.5482456140350878 0.18113522537562604 0.5457393483709273 0.17111853088480802 0.5419799498746867 0.166110183639399
8 0.5858395989974937 0.3113522537562604 0.5808270676691729 0.29799666110183637 0.5770676691729323 0.27629382303839733 0.5720551378446115 0.2595993322203673 0.568295739348371 0.2612687813021703 0.5670426065162907 0.27295492487479134 0.5720551378446115 0.2929883138564274 0.5758145363408521 0.31302170283806346 0.5845864661654135 0.34140233722871455 0.5845864661654135 0.3564273789649416 0.5908521303258145 0.34808013355592654 0.5883458646616542 0.3313856427378965 0.5858395989974937 0.3113522537562604
8 0.300125313283208 0.3046744574290484 0.300125313283208 0.2913188647746244 0.29385964912280704 0.2879799666110184 0.29636591478696744 0.3013355592654424 0.29385964912280704 0.31302170283806346 0.2951127819548872 0.32303839732888145 0.29887218045112784 0.34307178631051755 0.300125313283208 0.32637729549248745 0.30137844611528825 0.31969949916527546 0.300125313283208 0.3046744574290484
3 0.4718045112781955 0.6669449081803005 0.4655388471177945 0.6402337228714524 0.4567669172932331 0.6101836393989983 0.4492481203007519 0.6001669449081803 0.43295739348370926 0.5918196994991652 0.42042606516290726 0.5918196994991652 0.40789473684210525 0.5951585976627712 0.40288220551378445 0.6001669449081803 0.3966165413533835 0.6101836393989983 0.40037593984962405 0.6268781302170284 0.4041353383458647 0.6368948247078464 0.4116541353383459 0.6535893155258765 0.42042606516290726 0.6752921535893155 0.4216791979949875 0.6886477462437396 0.42543859649122806 0.7003338898163606 0.44047619047619047 0.7036727879799666 0.4517543859649123 0.7103505843071787 0.4642857142857143 0.7170283806343907 0.4805764411027569 0.7203672787979967 0.4793233082706767 0.7070116861435726 0.4768170426065163 0.6919866444073456 0.4718045112781955 0.6669449081803005
0 0.5219298245614035 0.2579298831385643 0.5031328320802005 0.2011686143572621 0.4868421052631579 0.16277128547579298 0.4605263157894737 0.07762938230383973 0.44799498746867167 0.09098497495826377 0.4981203007518797 0.2345575959933222 0.5332080200501254 0.34641068447412354 0.568295739348371 0.4532554257095159 0.5833333333333334 0.48998330550918195 0.5921052631578947 0.513355592654424 0.6058897243107769 0.5400667779632721 0.618421052631579 0.5217028380634391 0.6021303258145363 0.49165275459098495 0.5833333333333334 0.4532554257095159 0.5457393483709273 0.3347245409015025 0.5219298245614035 0.2579298831385643