0 0.4731673747810858 0 0.45796847635726795 0.03154205607476635 0.44921190893169877 0.05023364485981308 0.44395796847635727 0.07126168224299065 0.46147110332749564 0.06658878504672897 0.489492119089317 0.054906542056074766 0.5035026269702276 0.04789719626168224 0.5175131348511384 0.04088785046728972 0.5350262697022767 0.036214953271028034 0.5700525394045534 0.038551401869158876 0.5875656742556917 0.038551401869158876 0.6085814360770578 0.0455607476635514 0.6313485113835376 0.05724299065420561 0.6436077057793345 0.06658878504672897 0.7014010507880911 0.08995327102803738 0.7486865148861647 0.11098130841121495 0.7802101576182137 0.12967289719626168 0.776707530647986 0.10397196261682243 0.7732049036777583 0.08294392523364486 0.7679509632224168 0.054906542056074766 0.7626970227670753 0.036214953271028034 0.7574430823117339 0.02453271028037383 0.7504378283712785 0.012850467289719626 0.7434325744308231 0.0011682242990654205 0.7425569176882661 0 0.4731673747810858 0
0 0.6348511383537653 0.3142523364485981 0.6366024518388792 0.3282710280373832 0.638353765323993 0.3399532710280374 0.638353765323993 0.3516355140186916 0.6401050788091068 0.3633177570093458 0.6453590192644484 0.375 0.648861646234676 0.3820093457943925 0.6576182136602452 0.3866822429906542 0.6646234676007006 0.3866822429906542 0.6716287215411558 0.38434579439252337 0.680385288966725 0.3820093457943925 0.6891418563922942 0.375 0.7066549912434326 0.35864485981308414 0.7224168126094571 0.3422897196261682 0.7364273204903677 0.32593457943925236 0.7469352014010507 0.3072429906542056 0.7556917688266199 0.2908878504672897 0.6348511383537653 0.286214953271028 0.6348511383537653 0.3002336448598131 0.6348511383537653 0.3142523364485981
6 0.5945709281961471 0.9801401869158879 0.5893169877408057 0.9707943925233645 0.5735551663747811 0.9707943925233645 0.5647985989492119 0.9801401869158879 0.5875656742556917 0.9801401869158879 0.5945709281961471 0.9801401869158879
6 0.5393559054290717 1 0.531523642732049 0.9731308411214953 0.5245183887915937 0.9707943925233645 0.5297723292469352 0.991822429906542 0.5320973485113836 1 0.5393559054290717 1
3 0.6112297635726796 1 0.6033274956217163 0.9567757009345794 0.5647985989492119 0.9357476635514018 0.5332749562171629 0.9380841121495327 0.5437828371278459 0.9591121495327103 0.5577933450087565 0.9824766355140186 0.5621716287215411 1 0.6112297635726796 1
2 0.47197898423817863 0.8983644859813084 0.5157618213660246 0.9217289719626168 0.5385288966725044 0.9217289719626168 0.5437828371278459 0.9030373831775701 0.5455341506129597 0.8235981308411215 0.5262697022767076 0.8329439252336449 0.5017513134851138 0.844626168224299 0.478984238178634 0.8492990654205608 0.4649737302977233 0.8539719626168224 0.4649737302977233 0.8773364485981309 0.47197898423817863 0.8983644859813084
0 0.5227670753064798 0.5712616822429907 0.5 0.5992990654205608 0.46672504378283713 0.6507009345794392 0.44220665499124345 0.7231308411214953 0.4404553415061296 0.7955607476635514 0.45446584938704027 0.8516355140186916 0.5017513134851138 0.8422897196261683 0.5402802101576182 0.8235981308411215 0.542031523642732 0.8095794392523364 0.5437828371278459 0.727803738317757 0.5437828371278459 0.6296728971962616 0.5385288966725044 0.5735981308411215 0.5227670753064798 0.5712616822429907
3 0.4784893012259195 0 0.45621716287215414 0.0455607476635514 0.47197898423817863 0.04322429906542056 0.5 0.005841121495327103 0.5507880910683012 0.026869158878504672 0.6068301225919439 0.026869158878504672 0.6366024518388792 0.02219626168224299 0.6471103327495622 0.0011682242990654205 0.6471853887915937 0 0.4784893012259195 0
3 0.6313485113835376 0.06425233644859812 0.5875656742556917 0.04088785046728972 0.5245183887915937 0.0455607476635514 0.4404553415061296 0.07359813084112149 0.42819614711033277 0.09929906542056074 0.40367775831873903 0.169392523364486 0.4649737302977233 0.1927570093457944 0.489492119089317 0.1647196261682243 0.4947460595446585 0.2091121495327103 0.5630472854640981 0.24182242990654207 0.5945709281961471 0.2628504672897196 0.6295971978984238 0.26985981308411217 0.6313485113835376 0.2161214953271028 0.6366024518388792 0.13200934579439252 0.6313485113835376 0.06425233644859812
3 0.5245183887915937 0.25817757009345793 0.5087565674255692 0.25116822429906543 0.4912434325744308 0.2324766355140187 0.4702276707530648 0.22546728971962618 0.4702276707530648 0.2558411214953271 0.45446584938704027 0.3142523364485981 0.47723292469352013 0.33294392523364486 0.6103327495621717 0.39602803738317754 0.638353765323993 0.39135514018691586 0.6225919439579685 0.2908878504672897 0.5402802101576182 0.25817757009345793 0.5245183887915937 0.25817757009345793
3 0.3861646234676007 0.5572429906542056 0.3809106830122592 0.5245327102803738 0.36514886164623467 0.5408878504672897 0.36865148861646235 0.5665887850467289 0.3861646234676007 0.5782710280373832 0.40367775831873903 0.5689252336448598 0.3861646234676007 0.5572429906542056
3 0.47723292469352013 0.41939252336448596 0.45271453590192645 0.4077102803738318 0.44746059544658495 0.3633177570093458 0.4106830122591944 0.35397196261682246 0.4019264448336252 0.4147196261682243 0.38441330998248685 0.5151869158878505 0.39316987740805603 0.552570093457944 0.43870402802101577 0.5852803738317757 0.47723292469352013 0.6063084112149533 0.4982486865148862 0.5385514018691588 0.5122591943957968 0.47313084112149534 0.5017513134851138 0.4310747663551402 0.47723292469352013 0.41939252336448596
3 0.5262697022767076 0.42406542056074764 0.5 0.5572429906542056 0.4807355516637478 0.6086448598130841 0.48774080560420313 0.6156542056074766 0.5297723292469352 0.5665887850467289 0.5455341506129597 0.594626168224299 0.5472854640980735 0.6530373831775701 0.5753064798598949 0.6623831775700935 0.6103327495621717 0.6226635514018691 0.62784588441331 0.5502336448598131 0.6838879159369528 0.4941588785046729 0.7189141856392294 0.4264018691588785 0.7504378283712785 0.3679906542056075 0.7276707530647986 0.3352803738317757 0.680385288966725 0.38434579439252337 0.6471103327495622 0.3866822429906542 0.5963222416812609 0.3726635514018692 0.5753064798598949 0.3399532710280374 0.542031523642732 0.3399532710280374 0.5262697022767076 0.42406542056074764
0 0.5718038528896673 0.03154205607476635 0.5245183887915937 0.03387850467289719 0.4754816112084063 0.052570093457943924 0.4352014010507881 0.07126168224299065 0.38966725043782835 0.17172897196261683 0.4001751313485114 0.18574766355140188 0.44746059544658495 0.2091121495327103 0.5070052539404554 0.2441588785046729 0.5455341506129597 0.2628504672897196 0.5788091068301225 0.27920560747663553 0.6243432574430823 0.2838785046728972 0.6436077057793345 0.2932242990654206 0.7014010507880911 0.2932242990654206 0.7591943957968477 0.3002336448598131 0.7749562171628721 0.2488317757009346 0.7802101576182137 0.20677570093457945 0.7802101576182137 0.12266355140186916 0.7276707530647986 0.0969626168224299 0.6471103327495622 0.06191588785046729 0.6068301225919439 0.038551401869158876 0.5718038528896673 0.03154205607476635
5 0.6564923695271454 0 0.6541155866900175 0.02219626168224299 0.648861646234676 0.0455607476635514 0.6523642732049036 0.052570093457943924 0.6926444833625219 0.06658878504672897 0.7346760070052539 0.0852803738317757 0.7697022767075307 0.10864485981308411 0.7679509632224168 0.08761682242990654 0.7574430823117339 0.04322429906542056 0.7469352014010507 0.01985981308411215 0.7350262697022767 0 0.6564923695271454 0
5 0.6471103327495622 0.10630841121495327 0.6541155866900175 0.13200934579439252 0.659369527145359 0.17172897196261683 0.6506129597197898 0.2044392523364486 0.638353765323993 0.272196261682243 0.6961471103327496 0.272196261682243 0.7451838879159369 0.2675233644859813 0.7504378283712785 0.2651869158878505 0.7626970227670753 0.22780373831775702 0.7697022767075307 0.1810747663551402 0.7697022767075307 0.13434579439252337 0.7399299474605955 0.12032710280373832 0.7119089316987741 0.10864485981308411 0.6786339754816112 0.09462616822429906 0.6506129597197898 0.0852803738317757 0.6471103327495622 0.10630841121495327
4 0.33149862346760073 1 0.3318739054290718 0.9964953271028038 0.3318739054290718 0.9848130841121495 0.3266199649737303 0.9731308411214953 0.31961471103327493 0.9801401869158879 0.3161120840630473 0.9731308411214953 0.3108581436077058 0.9661214953271028 0.30560420315236425 0.9544392523364486 0.30560420315236425 0.9450934579439252 0.30910683012259194 0.9380841121495327 0.30910683012259194 0.9310747663551402 0.30560420315236425 0.9217289719626168 0.29859894921190894 0.9077102803738317 0.29159369527145357 0.9007009345794392 0.28633975481611207 0.9077102803738317 0.29159369527145357 0.9217289719626168 0.29334500875656744 0.9310747663551402 0.28809106830122594 0.9404205607476636 0.28108581436077057 0.9427570093457944 0.27583187390542907 0.9357476635514018 0.27057793345008757 0.9287383177570093 0.2635726795096322 0.9310747663551402 0.26532399299474607 0.9427570093457944 0.27057793345008757 0.9521028037383178 0.2775831873905429 0.9614485981308412 0.28108581436077057 0.9684579439252337 0.28633975481611207 0.9801401869158879 0.29509632224168125 0.991822429906542 0.30122591943957966 1 0.33149862346760073 1
0 0.5192644483362522 0.3703271028037383 0.5122591943957968 0.3679906542056075 0.5017513134851138 0.3633177570093458 0.4929947460595447 0.36098130841121495 0.4807355516637478 0.35630841121495327 0.4702276707530648 0.35630841121495327 0.4649737302977233 0.36098130841121495 0.45971978984238177 0.3633177570093458 0.45621716287215414 0.3703271028037383 0.45446584938704027 0.3773364485981308 0.45446584938704027 0.3820093457943925 0.45271453590192645 0.38901869158878505 0.45446584938704027 0.39602803738317754 0.45621716287215414 0.4030373831775701 0.46147110332749564 0.4100467289719626 0.46672504378283713 0.4147196261682243 0.47197898423817863 0.41705607476635514 0.47723292469352013 0.41939252336448596 0.4842381786339755 0.4217289719626168 0.4947460595446585 0.4217289719626168 0.5 0.4217289719626168 0.5070052539404554 0.4217289719626168 0.5122591943957968 0.41705607476635514 0.5175131348511384 0.4147196261682243 0.5245183887915937 0.4077102803738318 0.5280210157618214 0.4007009345794392 0.5297723292469352 0.39135514018691586 0.5297723292469352 0.3820093457943925 0.5262697022767076 0.3726635514018692 0.5192644483362522 0.3703271028037383
5 0.5308837390542908 1 0.5245183887915937 0.9754672897196262 0.4702276707530648 0.9731308411214953 0.47786702101576184 1 0.5308837390542908 1