3 0.5995607613469985 0.07087628865979381 0.5995607613469985 0.055412371134020616 0.5805270863836017 0.06314432989690721 0.5585651537335286 0.07087628865979381 0.5585651537335286 0.09664948453608248 0.5717423133235725 0.15850515463917525 0.5937042459736457 0.1791237113402062 0.6273792093704246 0.1791237113402062 0.6156661786237189 0.125 0.6010248901903368 0.07603092783505154 0.5995607613469985 0.07087628865979381
6 0.4956076134699854 0.836340206185567 0.48975109809663253 0.8672680412371134 0.4956076134699854 0.8621134020618557 0.4985358711566618 0.8595360824742269 0.5014641288433382 0.8492268041237113 0.5029282576866764 0.854381443298969 0.5058565153733529 0.8518041237113402 0.5087847730600292 0.8518041237113402 0.5117130307467057 0.836340206185567 0.5058565153733529 0.836340206185567 0.4956076134699854 0.836340206185567
6 0.5175695461200586 0.7306701030927835 0.5175695461200586 0.7358247422680413 0.5248901903367497 0.7229381443298969 0.527818448023426 0.7255154639175257 0.527818448023426 0.7280927835051546 0.5322108345534406 0.7229381443298969 0.5395314787701317 0.7048969072164949 0.54099560761347 0.6945876288659794 0.5439238653001464 0.6920103092783505 0.5468521229868228 0.6920103092783505 0.5527086383601757 0.6739690721649485 0.5512445095168375 0.6713917525773195 0.527818448023426 0.6765463917525774 0.5175695461200586 0.7306701030927835
6 0.5717423133235725 0.6868556701030928 0.5702781844802343 0.6945876288659794 0.5761346998535871 0.6868556701030928 0.5790629575402635 0.6765463917525774 0.5805270863836017 0.6688144329896907 0.5732064421669106 0.6713917525773195 0.5717423133235725 0.6868556701030928
6 0.5980966325036603 0.6765463917525774 0.6024890190336749 0.663659793814433 0.5966325036603221 0.663659793814433 0.5980966325036603 0.6765463917525774
6 0.5468521229868228 0.3801546391752577 0.5439238653001464 0.37242268041237114 0.5380673499267935 0.375 0.54099560761347 0.38273195876288657 0.5468521229868228 0.3801546391752577
6 0.5556368960468521 0.38788659793814434 0.5527086383601757 0.3904639175257732 0.5468521229868228 0.3904639175257732 0.5439238653001464 0.3956185567010309 0.5512445095168375 0.4059278350515464 0.5585651537335286 0.39819587628865977 0.5556368960468521 0.38788659793814434
6 0.5600292825768668 0.41881443298969073 0.5585651537335286 0.42396907216494845 0.5629575402635432 0.4265463917525773 0.5629575402635432 0.41881443298969073 0.5600292825768668 0.41881443298969073
6 0.5512445095168375 0.4368556701030928 0.5527086383601757 0.4368556701030928 0.5556368960468521 0.43943298969072164 0.5571010248901903 0.43427835051546393 0.5527086383601757 0.42912371134020616 0.5497803806734992 0.42912371134020616 0.5512445095168375 0.4368556701030928
6 0.5439238653001464 0.42396907216494845 0.5453879941434846 0.42396907216494845 0.5453879941434846 0.4162371134020619 0.5483162518301611 0.4162371134020619 0.5468521229868228 0.4110824742268041 0.5439238653001464 0.41365979381443296 0.5439238653001464 0.42396907216494845
6 0.5043923865300146 0.31572164948453607 0.5014641288433382 0.31572164948453607 0.5014641288433382 0.32087628865979384 0.5043923865300146 0.32087628865979384 0.5043923865300146 0.31572164948453607
6 0.5117130307467057 0.32087628865979384 0.5102489019033675 0.31829896907216493 0.5087847730600292 0.31829896907216493 0.5073206442166911 0.3234536082474227 0.5117130307467057 0.3234536082474227 0.5117130307467057 0.32087628865979384
6 0.5219619326500732 0.5992268041237113 0.5175695461200586 0.5992268041237113 0.5175695461200586 0.604381443298969 0.5204978038067349 0.604381443298969 0.5219619326500732 0.5992268041237113
6 0.5351390922401171 0.836340206185567 0.5395314787701317 0.8389175257731959 0.54099560761347 0.8337628865979382 0.5395314787701317 0.8286082474226805 0.5366032210834554 0.8286082474226805 0.5351390922401171 0.836340206185567
6 0.5732064421669106 0.14561855670103094 0.5761346998535871 0.15335051546391754 0.58199121522694 0.16623711340206185 0.5878477306002928 0.16881443298969073 0.5922401171303074 0.17396907216494845 0.5995607613469985 0.17396907216494845 0.5863836017569546 0.1559278350515464 0.5907759882869692 0.15335051546391754 0.5834553440702782 0.1481958762886598 0.5863836017569546 0.14304123711340205 0.5805270863836017 0.1404639175257732 0.5775988286969254 0.13015463917525774 0.5790629575402635 0.125 0.5805270863836017 0.11984536082474227 0.58199121522694 0.11211340206185567 0.5761346998535871 0.11469072164948453 0.5732064421669106 0.12757731958762886 0.5732064421669106 0.14561855670103094
6 0.6142020497803806 0.15850515463917525 0.609809663250366 0.15335051546391754 0.6112737920937042 0.15077319587628865 0.609809663250366 0.1481958762886598 0.6127379209370425 0.14304123711340205 0.6127379209370425 0.1404639175257732 0.6156661786237189 0.13788659793814434 0.6127379209370425 0.1327319587628866 0.6127379209370425 0.12757731958762886 0.6083455344070278 0.12242268041237113 0.6068814055636896 0.11984536082474227 0.6039531478770132 0.11211340206185567 0.6024890190336749 0.10695876288659793 0.5995607613469985 0.10438144329896908 0.5951683748169839 0.10438144329896908 0.5922401171303074 0.10438144329896908 0.5907759882869692 0.10695876288659793 0.5907759882869692 0.1095360824742268 0.5937042459736457 0.12242268041237113 0.5966325036603221 0.13015463917525774 0.5980966325036603 0.13530927835051546 0.6010248901903368 0.14561855670103094 0.6024890190336749 0.1559278350515464 0.6112737920937042 0.16623711340206185 0.6142020497803806 0.16623711340206185 0.6142020497803806 0.15850515463917525
0 0.6142020497803806 0.17654639175257733 0.6112737920937042 0.16108247422680413 0.6068814055636896 0.15335051546391754 0.6054172767203514 0.1481958762886598 0.6039531478770132 0.13788659793814434 0.6010248901903368 0.13530927835051546 0.5995607613469985 0.12757731958762886 0.5966325036603221 0.125 0.5951683748169839 0.1095360824742268 0.5893118594436311 0.10695876288659793 0.5834553440702782 0.10438144329896908 0.5790629575402635 0.1018041237113402 0.5761346998535871 0.10438144329896908 0.5775988286969254 0.10695876288659793 0.5790629575402635 0.1095360824742268 0.58199121522694 0.11211340206185567 0.5849194729136163 0.11211340206185567 0.5878477306002928 0.1172680412371134 0.5878477306002928 0.13015463917525774 0.5878477306002928 0.13530927835051546 0.5893118594436311 0.1404639175257732 0.5907759882869692 0.1481958762886598 0.5922401171303074 0.1559278350515464 0.5966325036603221 0.16623711340206185 0.6024890190336749 0.1791237113402062 0.6068814055636896 0.18427835051546393 0.6156661786237189 0.19458762886597938 0.6200585651537335 0.19458762886597938 0.6142020497803806 0.17654639175257733
6 0.5600292825768668 0.16881443298969073 0.5600292825768668 0.16623711340206185 0.5585651537335286 0.16623711340206185 0.5585651537335286 0.1713917525773196 0.5614934114202049 0.1713917525773196 0.5600292825768668 0.16881443298969073
6 0.5629575402635432 0.38788659793814434 0.5658857979502196 0.38788659793814434 0.5658857979502196 0.3801546391752577 0.5629575402635432 0.3801546391752577 0.5629575402635432 0.3853092783505155 0.5614934114202049 0.3853092783505155 0.5614934114202049 0.39304123711340205 0.5629575402635432 0.38788659793814434
6 0.5717423133235725 0.37242268041237114 0.5702781844802343 0.37242268041237114 0.5702781844802343 0.375 0.5717423133235725 0.37757731958762886 0.5717423133235725 0.37242268041237114
6 0.5702781844802343 0.3698453608247423 0.5673499267935578 0.36726804123711343 0.5644216691068814 0.36211340206185566 0.5644216691068814 0.36726804123711343 0.5658857979502196 0.3698453608247423 0.568814055636896 0.37242268041237114 0.5702781844802343 0.3698453608247423
3 0.5834553440702782 0.6378865979381443 0.5761346998535871 0.6481958762886598 0.5761346998535871 0.6585051546391752 0.5790629575402635 0.6688144329896907 0.5863836017569546 0.6739690721649485 0.5849194729136163 0.6971649484536082 0.5849194729136163 0.7229381443298969 0.5922401171303074 0.7280927835051546 0.5995607613469985 0.6920103092783505 0.609809663250366 0.6378865979381443 0.5834553440702782 0.6378865979381443