3 0.4539130434782609 0.6 0.49043478260869566 0.5744186046511628 0.49391304347826087 0.5837209302325581 0.5008695652173913 0.5906976744186047 0.48869565217391303 0.6046511627906976 0.4765217391304348 0.6116279069767442 0.4678260869565217 0.6139534883720931 0.4608695652173913 0.6093023255813953
8 0.871304347826087 0.5813953488372093 0.8869565217391304 0.5953488372093023 0.8991304347826087 0.6186046511627907 0.8973913043478261 0.6325581395348837 0.888695652173913 0.6139534883720931 0.8765217391304347 0.5930232558139535
8 0.8156521739130435 0.6255813953488372 0.8417391304347827 0.6139534883720931 0.8469565217391304 0.6325581395348837 0.84 0.6325581395348837 0.8382608695652174 0.6255813953488372 0.8191304347826087 0.6325581395348837
8 0.8173913043478261 0.6395348837209303 0.8347826086956521 0.6325581395348837 0.8278260869565217 0.6534883720930232 0.8278260869565217 0.6697674418604651 0.8173913043478261 0.6744186046511628 0.8191304347826087 0.6558139534883721
8 0.7895652173913044 0.6372093023255814 0.8034782608695652 0.6348837209302326 0.7982608695652174 0.6511627906976745 0.7982608695652174 0.6674418604651163 0.8034782608695652 0.686046511627907 0.8 0.6930232558139535 0.7913043478260869 0.6906976744186046 0.7895652173913044 0.672093023255814 0.7878260869565218 0.6511627906976745 0.7808695652173913 0.6465116279069767 0.782608695652174 0.6395348837209303
8 0.6660869565217391 0.6953488372093023 0.6869565217391305 0.6883720930232559 0.7026086956521739 0.6837209302325581 0.7130434782608696 0.6837209302325581 0.7026086956521739 0.6906976744186046 0.6904347826086956 0.6953488372093023 0.6782608695652174 0.7 0.6695652173913044 0.7023255813953488
8 0.7147826086956521 0.6837209302325581 0.7182608695652174 0.7 0.7356521739130435 0.6883720930232559 0.7321739130434782 0.6767441860465117 0.7217391304347827 0.6767441860465117
8 0.7078260869565217 0.6930232558139535 0.6939130434782609 0.6976744186046512 0.6695652173913044 0.7046511627906977 0.6504347826086957 0.7093023255813954 0.6504347826086957 0.7209302325581395 0.671304347826087 0.7162790697674418 0.688695652173913 0.7116279069767442 0.7008695652173913 0.7046511627906977
8 0.6243478260869565 0.6534883720930232 0.6313043478260869 0.6534883720930232 0.6313043478260869 0.6953488372093023 0.6260869565217392 0.6953488372093023
8 0.5530434782608695 0.6790697674418604 0.5582608695652174 0.6813953488372093 0.5617391304347826 0.6906976744186046 0.5582608695652174 0.6976744186046512 0.5530434782608695 0.686046511627907
8 0.5443478260869565 0.6813953488372093 0.551304347826087 0.6813953488372093 0.5530434782608695 0.6930232558139535 0.5565217391304348 0.7023255813953488 0.551304347826087 0.7046511627906977 0.5478260869565217 0.6906976744186046
8 0.6939130434782609 0.6162790697674418 0.7008695652173913 0.6139534883720931 0.7026086956521739 0.6255813953488372 0.6956521739130435 0.6255813953488372
8 0.648695652173913 0.6139534883720931 0.6539130434782608 0.6372093023255814 0.6608695652173913 0.6348837209302326 0.6556521739130434 0.6232558139534884 0.662608695652174 0.6232558139534884 0.6608695652173913 0.6139534883720931
8 0.6313043478260869 0.7674418604651163 0.6295652173913043 0.7581395348837209 0.6365217391304347 0.7534883720930232 0.64 0.7651162790697674
8 0.4765217391304348 0.7395348837209302 0.49043478260869566 0.7395348837209302 0.49217391304347824 0.7465116279069768 0.48 0.7465116279069768
8 0.4991304347826087 0.7418604651162791 0.5113043478260869 0.7418604651162791 0.5113043478260869 0.7511627906976744 0.4991304347826087 0.7488372093023256
8 0.5234782608695652 0.6953488372093023 0.528695652173913 0.6930232558139535 0.5373913043478261 0.7162790697674418 0.5339130434782609 0.7186046511627907
3 0.40695652173913044 0.5767441860465117 0.41043478260869565 0.5511627906976744 0.4260869565217391 0.5209302325581395 0.4434782608695652 0.5093023255813953 0.4434782608695652 0.5348837209302325 0.4365217391304348 0.5511627906976744 0.42782608695652175 0.5674418604651162 0.42086956521739133 0.5744186046511628
3 0.36695652173913046 0.5279069767441861 0.37217391304347824 0.5046511627906977 0.39304347826086955 0.5325581395348837 0.4052173913043478 0.5604651162790698 0.4052173913043478 0.5790697674418605 0.38956521739130434 0.5697674418604651 0.37565217391304345 0.5465116279069767
8 0.40347826086956523 0.5790697674418605 0.4017391304347826 0.5883720930232558 0.4052173913043478 0.5976744186046512
8 0.40869565217391307 0.5813953488372093 0.40869565217391307 0.586046511627907 0.41043478260869565 0.5930232558139535
8 0.8 0.6906976744186046 0.8191304347826087 0.6906976744186046 0.808695652173913 0.6790697674418604
3 0.7791304347826087 0.48604651162790696 0.7565217391304347 0.4883720930232558 0.7373913043478261 0.4906976744186046 0.7217391304347827 0.49767441860465117 0.7165217391304348 0.5046511627906977 0.7339130434782609 0.5046511627906977 0.7495652173913043 0.5093023255813953 0.7617391304347826 0.513953488372093 0.7773913043478261 0.5116279069767442 0.782608695652174 0.5 0.782608695652174 0.49534883720930234
0 0.49043478260869566 0.5581395348837209 0.4539130434782609 0.5906976744186047 0.44173913043478263 0.5883720930232558 0.4295652173913043 0.5837209302325581 0.391304347826087 0.5651162790697675 0.391304347826087 0.5790697674418605 0.4226086956521739 0.5976744186046512 0.4365217391304348 0.6046511627906976 0.4504347826086956 0.6093023255813953 0.4608695652173913 0.6093023255813953 0.48695652173913045 0.5813953488372093 0.49043478260869566 0.586046511627907 0.4973913043478261 0.5953488372093023 0.5078260869565218 0.6023255813953489 0.5252173913043479 0.6069767441860465 0.5530434782608695 0.6116279069767442 0.5860869565217391 0.6139534883720931 0.6173913043478261 0.6139534883720931 0.6365217391304347 0.6116279069767442 0.6434782608695652 0.6069767441860465 0.64 0.5906976744186047 0.6278260869565218 0.5953488372093023 0.5895652173913043 0.5976744186046512 0.5565217391304348 0.5930232558139535 0.5373913043478261 0.5930232558139535 0.52 0.5906976744186047
0 0.4365217391304348 0.40232558139534885 0.44869565217391305 0.40232558139534885 0.48 0.4046511627906977 0.5008695652173913 0.40930232558139534 0.52 0.42093023255813955 0.5391304347826087 0.4372093023255814 0.5617391304347826 0.45813953488372094 0.5826086956521739 0.4790697674418605 0.6 0.49767441860465117 0.6121739130434782 0.5116279069767442 0.6208695652173913 0.5279069767441861 0.6295652173913043 0.541860465116279 0.6608695652173913 0.541860465116279 0.7130434782608696 0.5395348837209303 0.7513043478260869 0.5348837209302325 0.7860869565217391 0.5302325581395348 0.8104347826086956 0.5255813953488372 0.8295652173913044 0.5186046511627908 0.8452173913043478 0.5046511627906977 0.8747826086956522 0.4790697674418605 0.8765217391304347 0.4906976744186046 0.8747826086956522 0.5 0.8347826086956521 0.5348837209302325 0.8052173913043478 0.5511627906976744 0.768695652173913 0.5627906976744186 0.7234782608695652 0.5651162790697675 0.6817391304347826 0.5697674418604651 0.6278260869565218 0.5720930232558139 0.6156521739130435 0.5674418604651162 0.5947826086956521 0.5302325581395348 0.5704347826086956 0.4906976744186046 0.5443478260869565 0.46511627906976744 0.5095652173913043 0.43488372093023253 0.48869565217391303 0.4255813953488372 0.46608695652173915 0.42093023255813955 0.44869565217391305 0.4186046511627907 0.43130434782608695 0.413953488372093 0.42782608695652175 0.4046511627906977