8 0.4918444165621079 0.6016666666666667 0.4993726474278545 0.615 0.5081555834378921 0.6266666666666667 0.5131744040150564 0.645 0.5119196988707654 0.6733333333333333 0.5043914680050188 0.69 0.5043914680050188 0.6733333333333333 0.5043914680050188 0.6566666666666666 0.5031367628607277 0.64 0.4993726474278545 0.6266666666666667 0.4905897114178168 0.6183333333333333
8 0.3751568381430364 0.43 0.3864491844416562 0.43833333333333335 0.397741530740276 0.45166666666666666 0.4090338770388959 0.47 0.4190715181932246 0.4866666666666667 0.42659974905897113 0.49833333333333335 0.4328732747804266 0.5166666666666667 0.4353826850690088 0.5333333333333333 0.44165621079046424 0.55 0.4328732747804266 0.5533333333333333 0.42785445420326224 0.5333333333333333 0.4228356336260979 0.515 0.41530740276035133 0.49833333333333335 0.4090338770388959 0.485 0.4002509410288582 0.4716666666666667 0.3877038895859473 0.45666666666666667 0.38017565872020076 0.445
8 0.4341279799247177 0.625 0.43036386449184444 0.63 0.42910915934755334 0.635 0.42910915934755334 0.6416666666666667 0.4328732747804266 0.6383333333333333 0.4366373902132999 0.6333333333333333 0.4366373902132999 0.6283333333333333
8 0.3462986198243413 0.31666666666666665 0.3462986198243413 0.31333333333333335 0.3462986198243413 0.30833333333333335 0.3437892095357591 0.30666666666666664 0.34127979924717694 0.3016666666666667 0.342534504391468 0.2966666666666667 0.33877038895859474 0.29333333333333333 0.33751568381430364 0.3016666666666667 0.33751568381430364 0.305 0.33877038895859474 0.31 0.34127979924717694 0.30833333333333335 0.34127979924717694 0.315 0.3437892095357591 0.31666666666666665
3 0.6148055207026348 0.8633333333333333 0.48180677540777916 0.5366666666666666 0.479297365119197 0.47833333333333333 0.4880803011292346 0.455 0.49435382685069007 0.42 0.5232120451693852 0.385 0.5445420326223338 0.3466666666666667 0.5407779171894604 0.305 0.534504391468005 0.25166666666666665 0.5219573400250941 0.23166666666666666 0.5006273525721455 0.22833333333333333 0.4617314930991217 0.21333333333333335 0.4353826850690088 0.21333333333333335 0.4015056461731493 0.195 0.37892095357590966 0.18333333333333332 0.36637390213299875 0.18166666666666667 0.3475533249686324 0.205 0.34127979924717694 0.225 0.3337515683814304 0.23666666666666666 0.328732747804266 0.2633333333333333 0.3237139272271016 0.275 0.31493099121706397 0.3016666666666667 0.31493099121706397 0.3283333333333333 0.3174404015056462 0.37 0.3212045169385194 0.40166666666666667 0.34127979924717694 0.40166666666666667 0.35131744040150564 0.415 0.37892095357590966 0.445 0.3989962358845671 0.4816666666666667 0.40401505646173147 0.5083333333333333 0.4090338770388959 0.545 0.41405269761606023 0.58 0.4190715181932246 0.63 0.4466750313676286 0.82 0.46925972396486826 0.7966666666666666 0.4868255959849435 0.7633333333333333 0.4905897114178168 0.6633333333333333
3 0.6010037641154329 0.14166666666666666 0.5696361355081556 0.13666666666666666 0.5257214554579673 0.13666666666666666 0.479297365119197 0.125 0.4479297365119197 0.125 0.4328732747804266 0.14166666666666666 0.4203262233375157 0.15333333333333332 0.3889585947302384 0.15833333333333333 0.38017565872020076 0.16166666666666665 0.3877038895859473 0.17833333333333334 0.41656210790464243 0.18333333333333332 0.4491844416562108 0.20166666666666666 0.47176913425345046 0.20166666666666666 0.5006273525721455 0.18666666666666668 0.5294855708908407 0.18166666666666667 0.5432873274780426 0.17833333333333334 0.5633626097867002 0.17
0 0.6072772898368883 0.4766666666666667 0.6210790464240903 0.45666666666666667 0.6311166875784191 0.43666666666666665 0.6398996235884568 0.4166666666666667 0.64366373902133 0.39166666666666666 0.6424090338770388 0.36333333333333334 0.6273525721455459 0.3466666666666667 0.616060225846926 0.34 0.6072772898368883 0.31333333333333335 0.588456712672522 0.2783333333333333 0.5784190715181933 0.27166666666666667 0.560853199498118 0.2783333333333333 0.5533249686323714 0.29 0.5495608531994981 0.31666666666666665 0.548306148055207 0.335 0.5508155583437893 0.3566666666666667 0.548306148055207 0.37666666666666665 0.5407779171894604 0.38666666666666666 0.5319949811794228 0.39166666666666666 0.5219573400250941 0.405 0.5219573400250941 0.4216666666666667 0.5269761606022585 0.43833333333333335 0.5395232120451694 0.455 0.5583437892095358 0.4683333333333333 0.5821831869510665 0.4766666666666667
8 0.5846925972396487 0.49666666666666665 0.5784190715181933 0.49833333333333335 0.5759096612296111 0.5 0.5809284818067754 0.5016666666666667 0.5821831869510665 0.505 0.5821831869510665 0.5133333333333333 0.5809284818067754 0.5183333333333333 0.5759096612296111 0.5233333333333333 0.5771643663739021 0.5283333333333333 0.5809284818067754 0.53 0.5846925972396487 0.5316666666666666 0.588456712672522 0.5316666666666666 0.588456712672522 0.5266666666666666 0.588456712672522 0.52 0.588456712672522 0.515 0.5872020075282308 0.51 0.5872020075282308 0.5033333333333333 0.5872020075282308 0.49833333333333335
6 0.40401505646173147 0.4866666666666667 0.4127979924717691 0.4683333333333333 0.4466750313676286 0.545 0.43914680050188204 0.5666666666666667 0.43036386449184444 0.5666666666666667
8 0.5520702634880803 0.465 0.548306148055207 0.46166666666666667 0.5432873274780426 0.4666666666666667 0.5407779171894604 0.4716666666666667 0.5432873274780426 0.4766666666666667 0.5470514429109159 0.475 0.5508155583437893 0.4716666666666667
6 0.42659974905897113 0.625 0.42785445420326224 0.6483333333333333 0.44416562107904645 0.6516666666666666 0.4366373902132999 0.6183333333333333
8 0.5457967377666249 0.4633333333333333 0.5445420326223338 0.4583333333333333 0.5395232120451694 0.45666666666666667 0.5370138017565872 0.45666666666666667 0.5370138017565872 0.465 0.5395232120451694 0.4666666666666667 0.5432873274780426 0.4683333333333333
8 0.5319949811794228 0.445 0.5282308657465495 0.44 0.5244667503136763 0.44 0.5232120451693852 0.44333333333333336 0.5219573400250941 0.4483333333333333 0.5232120451693852 0.4533333333333333 0.5282308657465495 0.45166666666666666 0.5294855708908407 0.4483333333333333
8 0.5734002509410289 0.5116666666666667 0.589711417816813 0.5516666666666666 0.5984943538268507 0.5433333333333333 0.5872020075282308 0.5066666666666667
8 0.5570890840652447 0.8 0.5533249686323714 0.8033333333333333 0.5508155583437893 0.8083333333333333 0.5533249686323714 0.815 0.5570890840652447 0.8133333333333334 0.5595984943538268 0.81 0.5595984943538268 0.805
5 0.6336260978670013 0.42833333333333334 0.5984943538268507 0.4716666666666667 0.5633626097867002 0.465 0.533249686323714 0.43833333333333335 0.520702634880803 0.4266666666666667 0.5219573400250941 0.41 0.5319949811794228 0.38 0.5407779171894604 0.375 0.5508155583437893 0.33 0.5545796737766625 0.29 0.5683814303638645 0.2783333333333333 0.588456712672522 0.28 0.6035131744040151 0.28833333333333333 0.6260978670012547 0.31833333333333336 0.6348808030112923 0.35333333333333333 0.6411543287327478 0.37833333333333335
0 0.5909661229611042 0.15833333333333333 0.5357590966122961 0.18166666666666667 0.5181932245922208 0.18833333333333332 0.5056461731493099 0.18833333333333332 0.4868255959849435 0.19333333333333333 0.47176913425345046 0.195 0.45545796737766625 0.19166666666666668 0.42534504391468003 0.17666666666666667 0.39146800501882056 0.17166666666666666 0.3713927227101631 0.17 0.39397741530740277 0.19333333333333333 0.4127979924717691 0.20166666666666666 0.44040150564617314 0.21166666666666667 0.465495608531995 0.22833333333333333 0.48557089084065247 0.22 0.5144291091593476 0.22833333333333333 0.5407779171894604 0.325 0.5407779171894604 0.22333333333333333 0.5457967377666249 0.20166666666666666