8 0.3695652173913043 0.7208835341365462 0.37084398976982097 0.7248995983935743 0.3772378516624041 0.7228915662650602 0.3797953964194373 0.7228915662650602 0.38491048593350385 0.7208835341365462 0.3900255754475703 0.7208835341365462 0.39514066496163686 0.7188755020080321 0.40153452685422 0.714859437751004 0.4092071611253197 0.7128514056224899 0.4156010230179028 0.7088353413654619 0.4040920716112532 0.7108433734939759 0.40025575447570333 0.7128514056224899 0.39514066496163686 0.714859437751004 0.3900255754475703 0.7168674698795181 0.3836317135549872 0.7168674698795181 0.38107416879795397 0.7188755020080321 0.3721227621483376 0.7188755020080321 0.3734015345268542 0.714859437751004 0.37595907928388744 0.7108433734939759 0.38235294117647056 0.7068273092369478 0.38618925831202044 0.7048192771084337 0.3938618925831202 0.7008032128514057 0.39641943734015345 0.6967871485943775 0.3874680306905371 0.7008032128514057 0.37851662404092073 0.7048192771084337 0.37595907928388744 0.7068273092369478 0.37084398976982097 0.7108433734939759 0.3695652173913043 0.7208835341365462
8 0.38235294117647056 0.748995983935743 0.3874680306905371 0.7469879518072289 0.39514066496163686 0.7449799196787149 0.40153452685422 0.7409638554216867 0.4079283887468031 0.7369477911646586 0.4143222506393862 0.7329317269076305 0.41048593350383633 0.7329317269076305 0.4040920716112532 0.7369477911646586 0.39514066496163686 0.7409638554216867 0.3887468030690537 0.7449799196787149 0.3797953964194373 0.7469879518072289 0.38235294117647056 0.748995983935743
8 0.30051150895140666 0.7590361445783133 0.31074168797953966 0.7590361445783133 0.32225063938618925 0.7590361445783133 0.3350383631713555 0.7570281124497992 0.34398976982097185 0.7550200803212851 0.35294117647058826 0.7530120481927711 0.3593350383631714 0.748995983935743 0.3554987212276215 0.751004016064257 0.34782608695652173 0.7530120481927711 0.3414322250639386 0.7530120481927711 0.32608695652173914 0.7550200803212851 0.3145780051150895 0.7570281124497992 0.2928388746803069 0.7570281124497992 0.30051150895140666 0.7590361445783133
8 0.3414322250639386 0.8554216867469879 0.34782608695652173 0.8534136546184738 0.3516624040920716 0.8514056224899599 0.3554987212276215 0.8493975903614458 0.36445012787723785 0.8473895582329317 0.36828644501278773 0.8453815261044176 0.37084398976982097 0.8413654618473896 0.3670076726342711 0.8433734939759037 0.3593350383631714 0.8453815261044176 0.35421994884910485 0.8473895582329317 0.35038363171355497 0.8493975903614458 0.3452685421994885 0.8534136546184738 0.33631713554987214 0.8554216867469879 0.3414322250639386 0.8554216867469879
5 0.18925831202046037 0.7730923694779116 0.19820971867007672 0.8032128514056225 0.20332480818414322 0.8152610441767069 0.21355498721227623 0.8273092369477911 0.22762148337595908 0.8333333333333334 0.24680306905370844 0.8393574297188755 0.2672634271099744 0.8433734939759037 0.2851662404092072 0.8453815261044176 0.3030690537084399 0.8473895582329317 0.31585677749360613 0.8453815261044176 0.3235294117647059 0.8373493975903614 0.32608695652173914 0.8293172690763052 0.3248081841432225 0.8192771084337349 0.3171355498721228 0.8072289156626506 0.3069053708439898 0.7991967871485943 0.29411764705882354 0.7951807228915663 0.2774936061381074 0.7931726907630522 0.24680306905370844 0.7891566265060241 0.23529411764705882 0.785140562248996 0.21611253196930946 0.7831325301204819 0.20332480818414322 0.7771084337349398 0.18925831202046037 0.7730923694779116
6 0.09718670076726342 0.6265060240963856 0.1010230179028133 0.6305220883534136 0.10230179028132992 0.6325301204819277 0.10485933503836317 0.6285140562248996 0.10741687979539642 0.6265060240963856 0.10358056265984655 0.6265060240963856 0.09846547314578005 0.6244979919678715 0.09718670076726342 0.6265060240963856
6 0.1010230179028133 0.642570281124498 0.09974424552429667 0.6465863453815262 0.1010230179028133 0.6485943775100401 0.10230179028132992 0.6485943775100401 0.10358056265984655 0.6465863453815262 0.10485933503836317 0.6465863453815262 0.10613810741687979 0.6485943775100401 0.10613810741687979 0.6506024096385542 0.10869565217391304 0.6506024096385542 0.10869565217391304 0.6526104417670683 0.10997442455242967 0.6526104417670683 0.11125319693094629 0.6546184738955824 0.11125319693094629 0.6606425702811245 0.11381074168797954 0.6606425702811245 0.11381074168797954 0.6626506024096386 0.11636828644501279 0.6626506024096386 0.11892583120204604 0.6666666666666666 0.12148337595907928 0.6686746987951807 0.12404092071611253 0.6706827309236948 0.1278772378516624 0.6706827309236948 0.12915601023017903 0.6767068273092369 0.13171355498721227 0.6767068273092369 0.1329923273657289 0.678714859437751 0.13427109974424553 0.6807228915662651 0.13938618925831203 0.6807228915662651 0.14194373401534527 0.6807228915662651 0.1445012787723785 0.6827309236947792 0.14705882352941177 0.6867469879518072 0.14705882352941177 0.6827309236947792 0.14578005115089515 0.678714859437751 0.14194373401534527 0.678714859437751 0.14066496163682865 0.6767068273092369 0.13938618925831203 0.6726907630522089 0.13554987212276215 0.6706827309236948 0.13171355498721227 0.6646586345381527 0.1278772378516624 0.6606425702811245 0.1265984654731458 0.6586345381526104 0.12404092071611253 0.6566265060240963 0.12148337595907928 0.6566265060240963 0.12276214833759591 0.6606425702811245 0.12531969309462915 0.6646586345381527 0.1278772378516624 0.6646586345381527 0.13171355498721227 0.6686746987951807 0.13427109974424553 0.6746987951807228 0.13171355498721227 0.6726907630522089 0.1265984654731458 0.6666666666666666 0.12404092071611253 0.6666666666666666 0.12020460358056266 0.6646586345381527 0.11892583120204604 0.6626506024096386 0.11764705882352941 0.6586345381526104 0.11381074168797954 0.6566265060240963 0.11253196930946291 0.6506024096385542 0.10997442455242967 0.6485943775100401 0.10613810741687979 0.6465863453815262 0.10613810741687979 0.642570281124498 0.10230179028132992 0.6405622489959839 0.1010230179028133 0.642570281124498
6 0.09846547314578005 0.6445783132530121 0.09846547314578005 0.642570281124498 0.09974424552429667 0.642570281124498 0.09974424552429667 0.6405622489959839 0.09718670076726342 0.6405622489959839 0.09718670076726342 0.6445783132530121 0.09846547314578005 0.6445783132530121
6 0.1010230179028133 0.6405622489959839 0.10358056265984655 0.6405622489959839 0.10358056265984655 0.6385542168674698 0.1010230179028133 0.6385542168674698 0.1010230179028133 0.6405622489959839
6 0.1534526854219949 0.7008032128514057 0.15089514066496162 0.7008032128514057 0.15089514066496162 0.7048192771084337 0.15217391304347827 0.7048192771084337 0.15217391304347827 0.7128514056224899 0.1534526854219949 0.7128514056224899 0.1534526854219949 0.7008032128514057
6 0.1547314578005115 0.6967871485943775 0.1547314578005115 0.6947791164658634 0.1585677749360614 0.6947791164658634 0.159846547314578 0.6927710843373494 0.159846547314578 0.6907630522088354 0.1585677749360614 0.6907630522088354 0.1585677749360614 0.6927710843373494 0.15728900255754474 0.6927710843373494 0.15728900255754474 0.6867469879518072 0.15601023017902813 0.6867469879518072 0.15601023017902813 0.6887550200803213 0.1547314578005115 0.6887550200803213 0.1547314578005115 0.6907630522088354 0.1534526854219949 0.6907630522088354 0.1534526854219949 0.6967871485943775 0.1547314578005115 0.6967871485943775
6 0.1585677749360614 0.6867469879518072 0.159846547314578 0.6867469879518072 0.16112531969309463 0.6887550200803213 0.1636828644501279 0.6887550200803213 0.1649616368286445 0.6907630522088354 0.16751918158567775 0.6907630522088354 0.170076726342711 0.6927710843373494 0.17135549872122763 0.6907630522088354 0.17135549872122763 0.6887550200803213 0.17263427109974425 0.6887550200803213 0.17263427109974425 0.6847389558232931 0.16879795396419436 0.6847389558232931 0.16879795396419436 0.6807228915662651 0.16624040920716113 0.6807228915662651 0.1636828644501279 0.6807228915662651 0.16240409207161124 0.678714859437751 0.159846547314578 0.6807228915662651 0.159846547314578 0.6827309236947792 0.16112531969309463 0.6847389558232931 0.1585677749360614 0.6847389558232931 0.1585677749360614 0.6867469879518072
3 0.1547314578005115 0.6887550200803213 0.1636828644501279 0.6967871485943775 0.17263427109974425 0.6907630522088354 0.16879795396419436 0.678714859437751 0.17263427109974425 0.6706827309236948 0.17774936061381075 0.6566265060240963 0.18542199488491048 0.6485943775100401 0.18286445012787725 0.6365461847389559 0.17391304347826086 0.642570281124498 0.1649616368286445 0.6586345381526104 0.1585677749360614 0.6746987951807228 0.1547314578005115 0.6887550200803213
6 0.1867007672634271 0.7523427048192771 0.1867007672634271 0.748995983935743 0.18542199488491048 0.7469879518072289 0.18542199488491048 0.751004016064257 0.1867007672634271 0.7523427048192771
6 0.18925831202046037 0.7530120481927711 0.18734015345268543 0.7530120481927711 0.18925831202046037 0.7550200803212851 0.18925831202046037 0.7530120481927711
6 0.8388746803069054 0.5401606425702812 0.8388746803069054 0.536144578313253 0.8388746803069054 0.5281124497991968 0.8350383631713555 0.5321285140562249 0.8324808184143222 0.5401606425702812 0.829923273657289 0.5461847389558233 0.8286445012787724 0.5522088353413654 0.819693094629156 0.5602409638554217 0.8363171355498721 0.5481927710843374 0.8388746803069054 0.5401606425702812