3 0.37924528301886795 0.6379598662207357 0.3855345911949686 0.653010033444816 0.3867924528301887 0.6647157190635451 0.3867924528301887 0.6864548494983278 0.38427672955974845 0.709866220735786 0.3805031446540881 0.7232441471571907 0.37295597484276727 0.7366220735785953 0.3767295597484277 0.7533444816053512 0.38930817610062896 0.7416387959866221 0.4056603773584906 0.7316053511705686 0.41320754716981134 0.7198996655518395 0.42955974842767297 0.7198996655518395 0.4345911949685535 0.6998327759197325 0.4345911949685535 0.6663879598662207 0.43836477987421385 0.6346153846153846 0.43836477987421385 0.612876254180602 0.4270440251572327 0.6011705685618729 0.40314465408805034 0.6045150501672241 0.37924528301886795 0.6078595317725752 0.37924528301886795 0.6379598662207357
3 0.49748427672955975 0.5108695652173914 0.4911949685534591 0.5259197324414716 0.48867924528301887 0.5459866220735786 0.48364779874213837 0.5844481605351171 0.4748427672955975 0.6229096989966555 0.47232704402515724 0.6647157190635451 0.479874213836478 0.6513377926421404 0.48742138364779874 0.6262541806020067 0.4987421383647799 0.6262541806020067 0.4987421383647799 0.612876254180602 0.5012578616352201 0.5877926421404682 0.5012578616352201 0.5610367892976589 0.5050314465408805 0.532608695652174 0.5050314465408805 0.5108695652173914 0.49748427672955975 0.5108695652173914
6 0.4748427672955975 0.5292642140468228 0.47358490566037736 0.5409698996655519 0.4660377358490566 0.5476588628762542 0.4610062893081761 0.5510033444816054 0.46226415094339623 0.5409698996655519 0.4559748427672956 0.544314381270903 0.45220125786163523 0.5560200668896321 0.449685534591195 0.5660535117056856 0.44339622641509435 0.5760869565217391 0.4408805031446541 0.5861204013377926 0.43836477987421385 0.6011705685618729 0.4371069182389937 0.612876254180602 0.4421383647798742 0.6262541806020067 0.4547169811320755 0.6112040133779264 0.45849056603773586 0.5894648829431438 0.459748427672956 0.5794314381270903 0.45723270440251573 0.572742474916388 0.46226415094339623 0.56438127090301 0.47232704402515724 0.5560200668896321 0.48238993710691824 0.5426421404682275 0.4861635220125786 0.5259197324414716 0.4748427672955975 0.5292642140468228
6 0.4056603773584906 0.5861204013377926 0.39937106918238996 0.5944816053511706 0.3905660377358491 0.6045150501672241 0.4006289308176101 0.6045150501672241 0.40943396226415096 0.5978260869565217 0.4169811320754717 0.592809364548495 0.41446540880503147 0.5827759197324415 0.41949685534591197 0.5710702341137124 0.4056603773584906 0.5861204013377926
8 0.5163522012578616 0.3971571906354515 0.5176100628930818 0.387123745819398 0.520125786163522 0.3737458193979933 0.5226415094339623 0.36705685618729095 0.5251572327044025 0.358695652173913 0.5276729559748428 0.3503344481605351 0.5251572327044025 0.34364548494983277 0.5226415094339623 0.3503344481605351 0.5188679245283019 0.358695652173913 0.5176100628930818 0.36705685618729095 0.5138364779874214 0.3754180602006689 0.5113207547169811 0.38545150501672243 0.510062893081761 0.39548494983277593 0.5113207547169811 0.40551839464882944 0.5125786163522013 0.4122073578595318 0.5138364779874214 0.4188963210702341 0.5163522012578616 0.407190635451505 0.5163522012578616 0.3971571906354515
8 0.5289308176100629 0.30183946488294316 0.5213836477987421 0.30351170568561875 0.5150943396226415 0.30518394648829433 0.5125786163522013 0.31187290969899667 0.5113207547169811 0.318561872909699 0.5176100628930818 0.3168896321070234 0.5176100628930818 0.3219063545150502 0.5150943396226415 0.33361204013377926 0.5138364779874214 0.34364548494983277 0.5088050314465409 0.35535117056856186 0.5075471698113208 0.36538461538461536 0.5025157232704403 0.3804347826086957 0.5037735849056604 0.387123745819398 0.5075471698113208 0.387123745819398 0.5062893081761006 0.3804347826086957 0.5113207547169811 0.3704013377926421 0.5138364779874214 0.358695652173913 0.5188679245283019 0.34531772575250835 0.520125786163522 0.3302675585284281 0.5238993710691824 0.3202341137123746 0.5276729559748428 0.3102006688963211 0.5289308176100629 0.3085284280936455 0.5339622641509434 0.3068561872909699 0.5352201257861635 0.30183946488294316 0.5289308176100629 0.30183946488294316
8 0.5062893081761006 0.3285953177257525 0.5050314465408805 0.33361204013377926 0.5037735849056604 0.3403010033444816 0.5025157232704403 0.34531772575250835 0.5012578616352201 0.3503344481605351 0.4987421383647799 0.35702341137123744 0.49748427672955975 0.3637123745819398 0.4962264150943396 0.3720735785953177 0.5 0.3754180602006689 0.5012578616352201 0.36705685618729095 0.5037735849056604 0.3603678929765886 0.5062893081761006 0.3486622073578595 0.5075471698113208 0.338628762541806 0.510062893081761 0.3285953177257525 0.5062893081761006 0.3285953177257525
8 0.4647798742138365 0.338628762541806 0.4710691823899371 0.3285953177257525 0.47232704402515724 0.3219063545150502 0.4660377358490566 0.3219063545150502 0.4610062893081761 0.32525083612040134 0.45345911949685536 0.3285953177257525 0.44842767295597485 0.3319397993311037 0.4459119496855346 0.33695652173913043 0.45849056603773586 0.3403010033444816 0.4647798742138365 0.338628762541806
8 0.4849056603773585 0.5158862876254181 0.48238993710691824 0.5426421404682275 0.4748427672955975 0.5510033444816054 0.4660377358490566 0.5660535117056856 0.459748427672956 0.5827759197324415 0.4559748427672956 0.612876254180602 0.44716981132075473 0.6229096989966555 0.43333333333333335 0.6262541806020067 0.4345911949685535 0.6496655518394648 0.4320754716981132 0.6881270903010034 0.4371069182389937 0.7115384615384616 0.44716981132075473 0.7015050167224081 0.46352201257861636 0.6914715719063546 0.47358490566037736 0.669732441471572 0.4748427672955975 0.6413043478260869 0.47735849056603774 0.6112040133779264 0.4811320754716981 0.5827759197324415 0.48867924528301887 0.5627090301003345 0.4911949685534591 0.5292642140468228 0.4937106918238994 0.5025083612040134 0.4849056603773585 0.5158862876254181
6 0.5113207547169811 0.5108695652173914 0.5150943396226415 0.5142140468227425 0.5188679245283019 0.5158862876254181 0.5226415094339623 0.5175585284280937 0.5264150943396226 0.5209030100334449 0.5289308176100629 0.5259197324414716 0.5314465408805031 0.5275919732441472 0.5377358490566038 0.5275919732441472 0.5415094339622641 0.5309364548494984 0.5427672955974843 0.532608695652174 0.5427672955974843 0.5392976588628763 0.5427672955974843 0.5459866220735786 0.5452830188679245 0.5459866220735786 0.5465408805031446 0.5426421404682275 0.5490566037735849 0.5376254180602007 0.5477987421383648 0.5275919732441472 0.5440251572327044 0.5225752508361204 0.5352201257861635 0.5192307692307693 0.5289308176100629 0.5175585284280937 0.5238993710691824 0.5142140468227425 0.5176100628930818 0.5091973244147158 0.5125786163522013 0.5058528428093646 0.5113207547169811 0.5108695652173914
8 0.5691823899371069 0.027591973244147156 0.5716981132075472 0.029264214046822744 0.5754716981132075 0.029264214046822744 0.5754716981132075 0.024247491638795988 0.5767295597484277 0.020903010033444816 0.580503144654088 0.020903010033444816 0.5817610062893082 0.017558528428093644 0.5842767295597484 0.01588628762541806 0.5880503144654088 0.014214046822742474 0.5880503144654088 0.01254180602006689 0.5893081761006289 0.007525083612040134 0.5880503144654088 0.004180602006688963 0.5842767295597484 0.004180602006688963 0.580503144654088 0.005852842809364548 0.5792452830188679 0.007525083612040134 0.5767295597484277 0.00919732441471572 0.5742138364779874 0.01254180602006689 0.5716981132075472 0.017558528428093644 0.5691823899371069 0.0225752508361204 0.5691823899371069 0.027591973244147156
8 0.5817610062893082 0.005852842809364548 0.5779874213836478 0.007525083612040134 0.5742138364779874 0.010869565217391304 0.5716981132075472 0.01588628762541806 0.570440251572327 0.019230769230769232 0.5691823899371069 0.024247491638795988 0.5691823899371069 0.029264214046822744 0.5742138364779874 0.029264214046822744 0.5742138364779874 0.025919732441471572 0.5754716981132075 0.0225752508361204 0.5779874213836478 0.0225752508361204 0.5792452830188679 0.019230769230769232 0.5817610062893082 0.01588628762541806 0.5855345911949685 0.01588628762541806 0.5893081761006289 0.01254180602006689 0.5893081761006289 0.007525083612040134 0.5855345911949685 0.005852842809364548 0.5817610062893082 0.005852842809364548
8 0.5666666666666667 0.10953177257525083 0.560377358490566 0.10785953177257525 0.5578616352201258 0.112876254180602 0.5515723270440251 0.112876254180602 0.5515723270440251 0.11789297658862877 0.5641509433962264 0.11956521739130435 0.5666666666666667 0.112876254180602 0.5666666666666667 0.10953177257525083
0 0.5050314465408805 0.38210702341137126 0.48742138364779874 0.3603678929765886 0.469811320754717 0.3536789297658863 0.44339622641509435 0.3486622073578595 0.4257861635220126 0.3503344481605351 0.42327044025157234 0.3620401337792642 0.4371069182389937 0.3603678929765886 0.45220125786163523 0.36538461538461536 0.46226415094339623 0.36705685618729095 0.47358490566037736 0.3720735785953177 0.49748427672955975 0.3887959866220736 0.5050314465408805 0.38210702341137126