3 0.7614795918367347 0.6278118609406953 0.7551020408163265 0.6175869120654397 0.7487244897959183 0.5971370143149284 0.7538265306122449 0.5787321063394683 0.764030612244898 0.5501022494887525 0.7704081632653061 0.5194274028629857 0.7755102040816326 0.4867075664621677 0.7818877551020408 0.4621676891615542 0.7895408163265306 0.4376278118609407 0.8022959183673469 0.41922290388548056 0.8201530612244898 0.4069529652351738 0.8367346938775511 0.3967280163599182 0.8558673469387755 0.3824130879345603 0.8686224489795918 0.36809815950920244 0.8724489795918368 0.38650306748466257 0.8801020408163265 0.3987730061349693 0.8839285714285714 0.4110429447852761 0.8813775510204082 0.4458077709611452 0.8737244897959183 0.48261758691206547 0.8724489795918368 0.49897750511247446 0.8647959183673469 0.50920245398773 0.8545918367346939 0.5194274028629857 0.8494897959183674 0.5255623721881391 0.8545918367346939 0.5501022494887525 0.8545918367346939 0.5664621676891616 0.8405612244897959 0.5746421267893661 0.8188775510204082 0.5930470347648262 0.7971938775510204 0.6114519427402862 0.7806122448979592 0.6278118609406953 0.7704081632653061 0.6380368098159509
3 0.7716836734693877 0.6462167689161554 0.7704081632653061 0.656441717791411 0.7729591836734694 0.6646216768916156 0.7831632653061225 0.6584867075664622 0.7844387755102041 0.6462167689161554 0.7793367346938775 0.6421267893660532
3 0.8507653061224489 0.591002044989775 0.8545918367346939 0.5869120654396728 0.8584183673469388 0.5869120654396728 0.8571428571428571 0.5950920245398773 0.8545918367346939 0.6032719836400818 0.8482142857142857 0.6094069529652352 0.8469387755102041 0.5991820040899796
6 0.798469387755102 0.49079754601226994 0.8010204081632653 0.48057259713701433 0.8035714285714286 0.46830265848670755 0.8086734693877551 0.45807770961145194 0.8112244897959183 0.4601226993865031 0.8086734693877551 0.46830265848670755 0.8086734693877551 0.4785276073619632 0.8125 0.4723926380368098 0.8163265306122449 0.4662576687116564 0.8227040816326531 0.4560327198364008 0.8163265306122449 0.4703476482617587 0.8112244897959183 0.48261758691206547 0.8099489795918368 0.4867075664621677 0.8112244897959183 0.49079754601226994 0.8125 0.49693251533742333 0.8125 0.5010224948875256 0.8086734693877551 0.5071574642126789 0.8048469387755102 0.5153374233128835 0.7997448979591837 0.523517382413088 0.8035714285714286 0.50920245398773 0.8048469387755102 0.49897750511247446 0.8048469387755102 0.4948875255623722 0.8010204081632653 0.5030674846625767 0.7971938775510204 0.5132924335378323 0.7946428571428571 0.5173824130879345 0.7971938775510204 0.5071574642126789 0.8010204081632653 0.49693251533742333 0.8073979591836735 0.48466257668711654 0.8061224489795918 0.4723926380368098 0.8010204081632653 0.48466257668711654
3 0.6326530612244898 0.6912065439672802 0.6275510204081632 0.7014314928425358 0.625 0.7198364008179959 0.6262755102040817 0.7280163599182005 0.6326530612244898 0.7300613496932515 0.6403061224489796 0.7259713701431493 0.6415816326530612 0.7239263803680982 0.6377551020408163 0.7177914110429447 0.6352040816326531 0.7055214723926381
3 0.6186224489795918 0.7607361963190185 0.6377551020408163 0.7423312883435583 0.6581632653061225 0.7259713701431493 0.6862244897959183 0.7116564417177914 0.7002551020408163 0.7055214723926381 0.6938775510204082 0.7198364008179959 0.6849489795918368 0.7341513292433538 0.6760204081632653 0.7464212678936605 0.6530612244897959 0.7668711656441718 0.6313775510204082 0.7852760736196319 0.6186224489795918 0.7975460122699386 0.6173469387755102 0.7832310838445807 0.6173469387755102 0.7709611451942741
5 0.6556122448979592 0.6728016359918201 0.6543367346938775 0.6503067484662577 0.6581632653061225 0.6380368098159509 0.673469387755102 0.6257668711656442 0.7614795918367347 0.5705521472392638 0.8673469387755102 0.5010224948875256 0.8533163265306123 0.5153374233128835 0.8533163265306123 0.523517382413088 0.8545918367346939 0.5316973415132924 0.8558673469387755 0.5378323108384458 0.8545918367346939 0.5541922290388548 0.8520408163265306 0.5644171779141104 0.8341836734693877 0.5746421267893661 0.7474489795918368 0.6298568507157464 0.7091836734693877 0.656441717791411 0.6760204081632653 0.6768916155419223 0.6632653061224489 0.6789366053169734
0 0.610969387755102 0.4560327198364008 0.6173469387755102 0.48261758691206547 0.6262755102040817 0.5439672801635992 0.6301020408163265 0.5869120654396728 0.6339285714285714 0.6196319018404908 0.6352040816326531 0.6400817995910021 0.6377551020408163 0.6789366053169734 0.6415816326530612 0.7075664621676891 0.6479591836734694 0.7198364008179959 0.6530612244897959 0.7198364008179959 0.6517857142857143 0.7239263803680982 0.6454081632653061 0.7280163599182005 0.6377551020408163 0.7239263803680982 0.6339285714285714 0.7055214723926381 0.6313775510204082 0.689161554192229 0.625 0.6073619631901841 0.6224489795918368 0.5766871165644172 0.6211734693877551 0.5501022494887525 0.6173469387755102 0.523517382413088 0.6122448979591837 0.47648261758691207
0 0.7627551020408163 0.5664621676891616 0.764030612244898 0.6012269938650306 0.7614795918367347 0.6257668711656442 0.7589285714285714 0.65439672801636 0.7538265306122449 0.6584867075664622 0.7538265306122449 0.6462167689161554 0.7538265306122449 0.6339468302658486 0.7563775510204082 0.623721881390593 0.7589285714285714 0.6134969325153374 0.7589285714285714 0.6053169734151329 0.7602040816326531 0.588957055214724 0.7602040816326531 0.5766871165644172
0 0.7831632653061225 0.6257668711656442 0.7844387755102041 0.6175869120654397 0.7908163265306123 0.6114519427402862 0.8010204081632653 0.6032719836400818 0.8086734693877551 0.5950920245398773 0.8163265306122449 0.588957055214724 0.8214285714285714 0.5848670756646217 0.826530612244898 0.5828220858895705 0.8316326530612245 0.5787321063394683 0.8341836734693877 0.5746421267893661 0.8392857142857143 0.5746421267893661 0.8469387755102041 0.5705521472392638 0.8520408163265306 0.5685071574642127 0.8558673469387755 0.5685071574642127 0.8507653061224489 0.5439672801635992 0.8507653061224489 0.5378323108384458 0.8507653061224489 0.5337423312883436 0.8507653061224489 0.523517382413088 0.8558673469387755 0.5153374233128835 0.8571428571428571 0.5112474437627812 0.8724489795918368 0.49693251533742333 0.8813775510204082 0.4274028629856851 0.8839285714285714 0.35787321063394684 0.889030612244898 0.35173824130879344 0.8864795918367347 0.41513292433537835 0.8762755102040817 0.49897750511247446 0.8813775510204082 0.5051124744376279 0.8839285714285714 0.5112474437627812 0.8813775510204082 0.5194274028629857 0.8801020408163265 0.5255623721881391 0.8788265306122449 0.5337423312883436 0.875 0.5460122699386503 0.8711734693877551 0.5766871165644172 0.8622448979591837 0.5828220858895705 0.8558673469387755 0.5807770961145194 0.8392857142857143 0.5869120654396728 0.7895408163265306 0.6257668711656442
0 0.701530612244898 0.11860940695296524 0.7130102040816326 0.1083844580777096 0.7206632653061225 0.14314928425357873 0.7372448979591837 0.2331288343558282 0.7448979591836735 0.2903885480572597 0.7474489795918368 0.3149284253578732 0.7385204081632653 0.3169734151329243 0.7321428571428571 0.26789366053169733 0.7219387755102041 0.21267893660531698