8 0.6973058637083994 0.7136842105263158 0.6782884310618067 0.7073684210526315 0.6608557844690967 0.7052631578947368 0.6434231378763867 0.7031578947368421 0.6323296354992076 0.6989473684210527 0.6164817749603804 0.6926315789473684 0.606973058637084 0.6884210526315789 0.5974643423137876 0.6863157894736842 0.5863708399366085 0.6757894736842105 0.5800316957210776 0.6694736842105263 0.5673534072900158 0.6652631578947369 0.5625990491283677 0.6631578947368421 0.5594294770206022 0.6673684210526316 0.5847860538827259 0.6863157894736842 0.5768621236133122 0.6905263157894737 0.5752773375594294 0.6947368421052632 0.5768621236133122 0.7010526315789474 0.5832012678288431 0.7031578947368421 0.5974643423137876 0.7073684210526315 0.6133122028526149 0.7157894736842105 0.624405705229794 0.72 0.6275752773375595 0.7221052631578947 0.6386687797147385 0.728421052631579 0.6513470681458003 0.7305263157894737 0.6640253565768621 0.7389473684210527 0.687797147385103 0.7410526315789474 0.7131537242472267 0.7368421052631579 0.7083993660855784 0.7326315789473684 0.687797147385103 0.728421052631579 0.694136291600634 0.728421052631579 0.6988906497622821 0.7221052631578947
8 0.45641838351822506 0.5810526315789474 0.44849445324881143 0.5768421052631579 0.43898573692551507 0.5747368421052632 0.43740095087163233 0.5747368421052632 0.4437400950871632 0.5726315789473684 0.4469096671949287 0.5705263157894737 0.4469096671949287 0.5663157894736842 0.44849445324881143 0.5621052631578948 0.4500792393026941 0.5705263157894737 0.45641838351822506 0.5768421052631579
8 0.508716323296355 0.5957894736842105 0.5055467511885895 0.5957894736842105 0.5023771790808241 0.5936842105263158 0.5071315372424723 0.5915789473684211 0.5103011093502378 0.5915789473684211 0.5134706814580031 0.5936842105263158 0.5134706814580031 0.5978947368421053
8 0.5277337559429477 0.7684210526315789 0.5213946117274167 0.7621052631578947 0.5134706814580031 0.7536842105263157 0.5134706814580031 0.76
8 0.5879556259904913 0.8042105263157895 0.5752773375594294 0.7978947368421052 0.561014263074485 0.7852631578947369 0.5530903328050714 0.7789473684210526 0.5451664025356577 0.7726315789473684 0.5404120443740095 0.7747368421052632 0.5499207606973059 0.7873684210526316 0.5578446909667195 0.7894736842105263 0.5641838351822503 0.7978947368421052
8 0.45800316957210774 0.6294736842105263 0.4754358161648177 0.6336842105263157 0.48019017432646594 0.6378947368421053 0.4865293185419968 0.6421052631578947 0.49445324881141045 0.6463157894736842 0.5007923930269413 0.6484210526315789 0.5134706814580031 0.6568421052631579 0.5213946117274167 0.6673684210526316 0.5166402535657686 0.671578947368421 0.5055467511885895 0.6673684210526316 0.4928684627575277 0.6610526315789473 0.48335974643423135 0.6568421052631579 0.4786053882725832 0.6547368421052632 0.4659270998415214 0.6526315789473685 0.46275752773375595 0.6505263157894737 0.4595879556259905 0.64
8 0.508716323296355 0.6821052631578948 0.5182250396196514 0.6884210526315789 0.5166402535657686 0.6989473684210527 0.5071315372424723 0.6968421052631579 0.5071315372424723 0.6926315789473684
8 0.554675118858954 0.4842105263157895 0.5515055467511886 0.48 0.5499207606973059 0.47578947368421054 0.5594294770206022 0.47368421052631576 0.5625990491283677 0.47578947368421054 0.5625990491283677 0.48210526315789476
8 0.5515055467511886 0.5663157894736842 0.5324881141045958 0.5621052631578948 0.5198098256735341 0.5578947368421052 0.5103011093502378 0.5515789473684211 0.5118858954041204 0.5452631578947369 0.5229793977812995 0.5473684210526316 0.5356576862123613 0.5515789473684211 0.5483359746434231 0.5557894736842105 0.5562599049128367 0.5663157894736842
8 0.6640253565768621 0.7410526315789474 0.6671949286846276 0.7621052631578947 0.6640253565768621 0.7789473684210526 0.6576862123613312 0.7936842105263158 0.6545166402535658 0.8042105263157895 0.652931854199683 0.8126315789473684 0.6703645007923931 0.8147368421052632 0.6893819334389857 0.8168421052631579 0.7004754358161648 0.8147368421052632 0.7083993660855784 0.8063157894736842 0.7115689381933439 0.7894736842105263 0.7147385103011094 0.7747368421052632 0.7147385103011094 0.7684210526315789 0.7147385103011094 0.7578947368421053 0.7147385103011094 0.7452631578947368 0.7115689381933439 0.7389473684210527 0.6973058637083994 0.7389473684210527 0.6751188589540412 0.7452631578947368
8 0.6212361331220285 0.5368421052631579 0.6370839936608558 0.5431578947368421 0.6418383518225039 0.5536842105263158 0.6339144215530903 0.5578947368421052 0.6259904912836767 0.5494736842105263
3 0.4009508716323296 0.5221052631578947 0.41996830427892234 0.4631578947368421 0.4405705229793978 0.4568421052631579 0.4611727416798732 0.47368421052631576 0.48811410459587956 0.4905263157894737 0.5039619651347068 0.49894736842105264 0.5182250396196514 0.5073684210526316 0.5324881141045958 0.5136842105263157 0.5467511885895404 0.5242105263157895 0.561014263074485 0.5347368421052632 0.5736925515055468 0.5494736842105263 0.5832012678288431 0.5621052631578948 0.5879556259904913 0.5747368421052632 0.5784469096671949 0.5747368421052632 0.5562599049128367 0.5684210526315789 0.5277337559429477 0.56 0.5118858954041204 0.5621052631578948 0.5023771790808241 0.5810526315789474 0.5007923930269413 0.5936842105263158 0.5023771790808241 0.608421052631579 0.5023771790808241 0.6189473684210526 0.4896988906497623 0.6252631578947369 0.4786053882725832 0.6294736842105263 0.45800316957210774 0.6231578947368421 0.4405705229793978 0.5810526315789474 0.4231378763866878 0.5515789473684211
8 0.5736925515055468 0.5536842105263158 0.5800316957210776 0.5621052631578948 0.5832012678288431 0.5684210526315789 0.5832012678288431 0.5747368421052632 0.5800316957210776 0.5684210526315789 0.5752773375594294 0.56
8 0.2583201267828843 0.42105263157894735 0.2583201267828843 0.4147368421052632 0.25673534072900156 0.4105263157894737 0.25356576862123614 0.4147368421052632 0.2551505546751189 0.42105263157894735 0.2551505546751189 0.42736842105263156 0.25990491283676703 0.42736842105263156 0.26465927099841524 0.42947368421052634 0.26782884310618066 0.42736842105263156 0.26782884310618066 0.4231578947368421 0.26148969889064977 0.4231578947368421
8 0.5007923930269413 0.5010526315789474 0.5198098256735341 0.5031578947368421 0.5372424722662441 0.5157894736842106 0.5451664025356577 0.5242105263157895 0.5309033280507132 0.5263157894736842 0.508716323296355 0.5157894736842106
8 0.7369255150554676 0.7094736842105264 0.722662440570523 0.6968421052631579 0.7083993660855784 0.6947368421052632 0.7337559429477021 0.6926315789473684 0.7448494453248812 0.7010526315789474 0.751188589540412 0.728421052631579 0.7543581616481775 0.7431578947368421 0.7543581616481775 0.7621052631578947 0.7543581616481775 0.791578947368421 0.7464342313787639 0.8042105263157895 0.7385103011093502 0.7978947368421052 0.7448494453248812 0.7789473684210526 0.7480190174326465 0.76 0.7448494453248812 0.7178947368421053
8 0.5118858954041204 0.48210526315789476 0.5166402535657686 0.48210526315789476 0.5293185419968305 0.4905263157894737 0.5419968304278923 0.49894736842105264 0.5309033280507132 0.49894736842105264 0.5229793977812995 0.4905263157894737
8 0.866877971473851 0.6378947368421053 0.8652931854199684 0.6378947368421053 0.8637083993660856 0.6442105263157895 0.866877971473851 0.6463157894736842 0.8684627575277337 0.6442105263157895 0.8700475435816165 0.64
8 0.8652931854199684 0.6778947368421052 0.8605388272583201 0.6778947368421052 0.8589540412044374 0.6863157894736842 0.8637083993660856 0.6884210526315789 0.8684627575277337 0.6863157894736842 0.8700475435816165 0.6821052631578948 0.8684627575277337 0.68
6 0.393026941362916 0.5052631578947369 0.3993660855784469 0.5094736842105263 0.40570522979397783 0.5178947368421053 0.40570522979397783 0.5242105263157895 0.40887480190174325 0.52 0.40729001584786056 0.5094736842105263 0.4009508716323296 0.5031578947368421 0.3977812995245642 0.5031578947368421
0 0.15847860538827258 0.47789473684210526 0.17115689381933438 0.4568421052631579 0.329635499207607 0.6042105263157894 0.32171156893819336 0.6484210526315789
8 0.5198098256735341 0.671578947368421 0.5309033280507132 0.6757894736842105 0.5340729001584786 0.6842105263157895 0.5372424722662441 0.6947368421052632 0.5277337559429477 0.6947368421052632 0.526148969889065 0.6884210526315789 0.5198098256735341 0.6757894736842105 0.5229793977812995 0.6821052631578948
8 0.6339144215530903 0.7747368421052632 0.6053882725832013 0.7684210526315789 0.5990491283676703 0.7578947368421053 0.6164817749603804 0.7621052631578947 0.624405705229794 0.7663157894736842
8 0.7147385103011094 0.7578947368421053 0.7353407290015848 0.76 0.7416798732171157 0.7578947368421053 0.7591125198098256 0.7578947368421053 0.7527733755942948 0.7642105263157895 0.7448494453248812 0.7663157894736842 0.7353407290015848 0.7663157894736842 0.7305863708399366 0.7663157894736842 0.7210776545166403 0.7663157894736842 0.7179080824088748 0.7663157894736842
8 0.6465927099841522 0.7431578947368421 0.5974643423137876 0.7178947368421053 0.5990491283676703 0.7115789473684211 0.6465927099841522 0.7305263157894737
6 0.652931854199683 0.5978947368421053 0.6545166402535658 0.5936842105263158 0.6561014263074485 0.5978947368421053 0.6561014263074485 0.6042105263157894 0.652931854199683 0.6042105263157894
8 0.6212361331220285 0.7326315789473684 0.6101426307448494 0.7326315789473684 0.6148969889064976 0.728421052631579
8 0.7432646592709984 0.7242105263157895 0.7480190174326465 0.7389473684210527 0.7496038034865293 0.7452631578947368 0.7527733755942948 0.7494736842105263 0.7527733755942948 0.7410526315789474 0.751188589540412 0.728421052631579 0.7464342313787639 0.7263157894736842
8 0.572107765451664 0.7031578947368421 0.5277337559429477 0.671578947368421 0.5293185419968305 0.6652631578947369 0.5800316957210776 0.6968421052631579
8 0.7496038034865293 0.7663157894736842 0.7432646592709984 0.7705263157894737 0.7416798732171157 0.7789473684210526 0.7400950871632329 0.7873684210526316 0.7416798732171157 0.7936842105263158 0.7448494453248812 0.7936842105263158 0.7480190174326465 0.7873684210526316 0.751188589540412 0.7873684210526316 0.7527733755942948 0.7810526315789473 0.7543581616481775 0.7747368421052632 0.7543581616481775 0.7684210526315789 0.7527733755942948 0.7663157894736842
8 0.5229793977812995 0.6610526315789473 0.5245641838351822 0.6589473684210526 0.5245641838351822 0.6526315789473685 0.526148969889065 0.6463157894736842 0.5293185419968305 0.6589473684210526 0.5293185419968305 0.6610526315789473 0.5277337559429477 0.6673684210526316 0.526148969889065 0.6652631578947369
8 0.866877971473851 0.6757894736842105 0.8700475435816165 0.68 0.8637083993660856 0.6842105263157895 0.8621236133122029 0.68
8 0.5103011093502378 0.4926315789473684 0.5213946117274167 0.4905263157894737 0.5324881141045958 0.49473684210526314 0.5229793977812995 0.4842105263157895 0.5134706814580031 0.4842105263157895 0.5182250396196514 0.4863157894736842
1 0.3898573692551506 0.6821052631578948 0.3993660855784469 0.6884210526315789 0.40570522979397783 0.7031578947368421 0.40253565768621236 0.7094736842105264 0.39461172741679873 0.7094736842105264 0.3898573692551506 0.7031578947368421 0.38827258320126784 0.6947368421052632