8 0.6127622377622378 0.29859484777517564 0.6075174825174825 0.31030444964871196 0.6075174825174825 0.31733021077283374 0.6127622377622378 0.30562060889929743 0.6162587412587412 0.2962529274004684 0.6127622377622378 0.29859484777517564
8 0.597027972027972 0.08548009367681499 0.5865384615384616 0.09016393442622951 0.5725524475524476 0.09250585480093677 0.5725524475524476 0.09953161592505855 0.5795454545454546 0.09953161592505855 0.590034965034965 0.09718969555035128 0.6005244755244755 0.09250585480093677 0.6075174825174825 0.09016393442622951 0.597027972027972 0.08548009367681499
8 0.5218531468531469 0.41569086651053866 0.5096153846153846 0.4133489461358314 0.4973776223776224 0.4180327868852459 0.5061188811188811 0.42271662763466045 0.5183566433566433 0.4274004683840749 0.5288461538461539 0.42271662763466045 0.5218531468531469 0.41569086651053866
8 0.618006993006993 0.2611241217798595 0.611013986013986 0.2611241217798595 0.6162587412587412 0.27049180327868855 0.6232517482517482 0.275175644028103 0.6284965034965035 0.27049180327868855 0.618006993006993 0.2611241217798595
8 0.5917832167832168 0.2611241217798595 0.5847902097902098 0.2611241217798595 0.5865384615384616 0.27049180327868855 0.5935314685314685 0.2775175644028103 0.6005244755244755 0.2728337236533958 0.6022727272727273 0.2611241217798595 0.5917832167832168 0.2611241217798595
8 0.5498251748251748 0.17681498829039813 0.5515734265734266 0.19086651053864168 0.5655594405594405 0.17681498829039813 0.5847902097902098 0.16042154566744732 0.583041958041958 0.15807962529274006 0.5533216783216783 0.1721311475409836 0.5498251748251748 0.17681498829039813
8 0.5480769230769231 0.25175644028103045 0.5463286713286714 0.26346604215456676 0.541083916083916 0.275175644028103 0.5323426573426573 0.29156908665105385 0.5218531468531469 0.30562060889929743 0.5236013986013986 0.3126463700234192 0.5323426573426573 0.30327868852459017 0.5428321678321678 0.29156908665105385 0.5463286713286714 0.2822014051522248 0.5515734265734266 0.2728337236533958 0.5533216783216783 0.2611241217798595 0.5568181818181818 0.24004683840749413 0.5515734265734266 0.23536299765807964 0.5393356643356644 0.2259953161592506 0.5445804195804196 0.23536299765807964 0.5480769230769231 0.25175644028103045
3 0.6617132867132867 0.09484777517564402 0.638986013986014 0.08313817330210772 0.6022727272727273 0.08548009367681499 0.5795454545454546 0.16042154566744732 0.5183566433566433 0.21194379391100704 0.5568181818181818 0.24004683840749413 0.5515734265734266 0.275175644028103 0.5935314685314685 0.28454332552693207 0.618006993006993 0.26346604215456676 0.631993006993007 0.22833723653395785 0.6372377622377622 0.14637002341920374 0.6774475524475524 0.10889929742388758 0.6617132867132867 0.09484777517564402
3 0.6123251748251748 0 0.6075174825174825 0.00117096018735363 0.5620629370629371 0.00351288056206089 0.5498251748251748 0.01756440281030445 0.5795454545454546 0.02927400468384075 0.6057692307692307 0.01990632318501171 0.6407342657342657 0.02224824355971897 0.6617132867132867 0.01522248243559719 0.6791958041958042 0.00351288056206089 0.6722027972027972 0 0.6123251748251748 0
0 0.3277972027972028 0.38992974238875877 0.333041958041958 0.3665105386416862 0.3575174825174825 0.3711943793911007 0.3924825174825175 0.3618266978922717 0.42744755244755245 0.3430913348946136 0.4606643356643357 0.32435597189695553 0.48863636363636365 0.30562060889929743 0.4991258741258741 0.2775175644028103 0.4938811188811189 0.24707259953161592 0.47115384615384615 0.22833723653395785 0.4396853146853147 0.22833723653395785 0.4012237762237762 0.23302107728337237 0.35926573426573427 0.25878220140515223 0.34003496503496505 0.27985948477751754 0.32604895104895104 0.30562060889929743 0.32255244755244755 0.32669789227166274 0.32255244755244755 0.3477751756440281 0.3277972027972028 0.38992974238875877
5 0.5166083916083916 0.8044496487119438 0.5428321678321678 0.8864168618266979 0.597027972027972 0.8793911007025761 0.5777972027972028 0.7997658079625293 0.5166083916083916 0.8044496487119438
5 0.618006993006993 0.24707259953161592 0.6232517482517482 0.20725995316159251 0.6145104895104895 0.20023419203747073 0.6022727272727273 0.2423887587822014 0.618006993006993 0.24707259953161592
5 0.6424825174825175 0.09016393442622951 0.6512237762237763 0.07142857142857142 0.6442307692307693 0.05737704918032787 0.631993006993007 0.06206088992974239 0.6267482517482518 0.07611241217798595 0.6424825174825175 0.09016393442622951
0 0.5515734265734266 0.10655737704918032 0.5777972027972028 0.09484777517564402 0.597027972027972 0.09484777517564402 0.6005244755244755 0.08548009367681499 0.5847902097902098 0.08548009367681499 0.5603146853146853 0.09250585480093677 0.5340909090909091 0.10421545667447307 0.5201048951048951 0.10889929742388758 0.5096153846153846 0.10889929742388758 0.4973776223776224 0.10655737704918032 0.4956293706293706 0.11358313817330211 0.5078671328671329 0.11592505854800937 0.5288461538461539 0.11826697892271663 0.5515734265734266 0.10655737704918032
0 0.6062062937062938 0 0.6022727272727273 0.00117096018735363 0.5655594405594405 0.01053864168618267 0.5638111888111889 0.01990632318501171 0.5743006993006993 0.026932084309133488 0.590034965034965 0.026932084309133488 0.6075174825174825 0.01522248243559719 0.631993006993007 0.00351288056206089 0.6634615384615384 0.00351288056206089 0.6628059440559441 0 0.6062062937062938 0
3 0.6999562937062938 0 0.6966783216783217 0.00585480093676815 0.7036713286713286 0.01053864168618267 0.7176573426573427 0.01053864168618267 0.7082167832167833 0 0.6999562937062938 0
3 0.45367132867132864 0.1955503512880562 0.44667832167832167 0.20023419203747073 0.44493006993006995 0.20725995316159251 0.44493006993006995 0.21662763466042154 0.45367132867132864 0.21662763466042154 0.4659090909090909 0.21428571428571427 0.47115384615384615 0.20023419203747073 0.45367132867132864 0.1955503512880562