8 0.45454545454545453 0.7488372093023256 0.4737762237762238 0.7511627906976744 0.48951048951048953 0.7441860465116279 0.5122377622377622 0.7348837209302326 0.5174825174825175 0.7465116279069768 0.5367132867132867 0.7488372093023256 0.5262237762237763 0.7604651162790698 0.513986013986014 0.7651162790697674 0.493006993006993 0.7604651162790698 0.4807692307692308 0.7674418604651163 0.46678321678321677 0.772093023255814 0.4597902097902098 0.7697674418604651 0.4493006993006993 0.7627906976744186
8 0.3356643356643357 0.7627906976744186 0.34965034965034963 0.7581395348837209 0.36363636363636365 0.7558139534883721 0.3793706293706294 0.7534883720930232 0.3968531468531469 0.7604651162790698 0.4125874125874126 0.7604651162790698 0.4020979020979021 0.772093023255814 0.3916083916083916 0.7697674418604651 0.38286713286713286 0.7627906976744186 0.3688811188811189 0.7651162790697674 0.35664335664335667 0.7697674418604651 0.3409090909090909 0.772093023255814
8 0.3881118881118881 0.9348837209302325 0.40034965034965037 0.9302325581395349 0.4143356643356643 0.9255813953488372 0.42832167832167833 0.9186046511627907 0.44405594405594406 0.9162790697674419 0.458041958041958 0.9046511627906977 0.4737762237762238 0.9 0.486013986013986 0.8953488372093024 0.4825174825174825 0.9093023255813953 0.4755244755244755 0.9186046511627907 0.46503496503496505 0.9255813953488372 0.458041958041958 0.9325581395348838 0.44755244755244755 0.9395348837209302 0.43356643356643354 0.9441860465116279 0.42482517482517484 0.9534883720930233 0.4143356643356643 0.9511627906976744 0.3986013986013986 0.9534883720930233 0.38636363636363635 0.9465116279069767
8 0.3758741258741259 0.7883720930232558 0.3916083916083916 0.7883720930232558 0.4090909090909091 0.786046511627907 0.42657342657342656 0.7883720930232558 0.42832167832167833 0.8046511627906977 0.4353146853146853 0.8116279069767441 0.4318181818181818 0.8302325581395349 0.42832167832167833 0.8465116279069768 0.42482517482517484 0.858139534883721 0.41083916083916083 0.872093023255814 0.40384615384615385 0.8837209302325582 0.39335664335664333 0.8953488372093024 0.38636363636363635 0.9069767441860465 0.3776223776223776 0.9093023255813953 0.36713286713286714 0.9 0.3618881118881119 0.8930232558139535 0.3531468531468531 0.872093023255814 0.34965034965034963 0.8604651162790697 0.3531468531468531 0.8395348837209302 0.36013986013986016 0.8209302325581396 0.36538461538461536 0.8023255813953488
8 0.3951048951048951 0.8930232558139535 0.40734265734265734 0.8860465116279069 0.4143356643356643 0.8767441860465116 0.42832167832167833 0.872093023255814 0.4423076923076923 0.872093023255814 0.4423076923076923 0.8813953488372093 0.42657342657342656 0.8837209302325582 0.4195804195804196 0.8883720930232558 0.41083916083916083 0.8953488372093024 0.4020979020979021 0.9 0.3951048951048951 0.9023255813953488
8 0.3041958041958042 0.7930232558139535 0.3479020979020979 0.7930232558139535 0.38461538461538464 0.7906976744186046 0.3706293706293706 0.8046511627906977 0.3321678321678322 0.8046511627906977 0.3076923076923077 0.8023255813953488
0 0.8828671328671329 0.32558139534883723 0.8828671328671329 0.37209302325581395 0.8776223776223776 0.4372093023255814 0.8671328671328671 0.48604651162790696 0.8391608391608392 0.5767441860465117 0.8583916083916084 0.5627906976744186 0.8881118881118881 0.5348837209302325 0.9125874125874126 0.5023255813953489 0.9318181818181818 0.4418604651162791 0.9475524475524476 0.39069767441860465 0.9545454545454546 0.35348837209302325 0.9458041958041958 0.31627906976744186 0.9388111888111889 0.2930232558139535
0 0.8793706293706294 0.3325581395348837 0.8776223776223776 0.4069767441860465 0.8723776223776224 0.45348837209302323 0.8601398601398601 0.5 0.8444055944055944 0.5441860465116279 0.833916083916084 0.5790697674418605 0.7832167832167832 0.6186046511627907 0.7115384615384616 0.6906976744186046 0.7272727272727273 0.6186046511627907 0.736013986013986 0.5488372093023256 0.7342657342657343 0.48372093023255813 0.7325174825174825 0.4511627906976744 0.7325174825174825 0.4069767441860465 0.7709790209790209 0.3930232558139535 0.8041958041958042 0.39069767441860465 0.8444055944055944 0.3930232558139535 0.8653846153846154 0.37906976744186044 0.8671328671328671 0.3581395348837209 0.8653846153846154 0.3372093023255814
0 0.8846153846153846 0.16279069767441862 0.8828671328671329 0.18372093023255814 0.8828671328671329 0.2534883720930233 0.8828671328671329 0.3023255813953488 0.8828671328671329 0.3186046511627907 0.8776223776223776 0.3209302325581395 0.8758741258741258 0.2441860465116279 0.8723776223776224 0.19534883720930232 0.8706293706293706 0.16511627906976745
3 0.7902097902097902 0.6116279069767442 0.7884615384615384 0.5627906976744186 0.7972027972027972 0.5093023255813953 0.8111888111888111 0.46511627906976744 0.8181818181818182 0.43488372093023253 0.8304195804195804 0.42093023255813955 0.8496503496503497 0.41627906976744183 0.8618881118881119 0.41627906976744183 0.8741258741258742 0.4186046511627907 0.8741258741258742 0.4325581395348837 0.8636363636363636 0.4720930232558139 0.8566433566433567 0.5 0.8461538461538461 0.5255813953488372 0.8426573426573427 0.5581395348837209 0.8304195804195804 0.5744186046511628
3 0.9073426573426573 0.3209302325581395 0.9248251748251748 0.30930232558139537 0.9353146853146853 0.30465116279069765 0.9440559440559441 0.3116279069767442 0.9475524475524476 0.3209302325581395 0.9527972027972028 0.32790697674418606 0.9545454545454546 0.3488372093023256 0.9493006993006993 0.3883720930232558 0.9388111888111889 0.4186046511627907 0.9300699300699301 0.4441860465116279 0.9195804195804196 0.46744186046511627 0.9125874125874126 0.4906976744186046 0.9073426573426573 0.5093023255813953 0.8951048951048951 0.5255813953488372 0.8776223776223776 0.5395348837209303 0.8671328671328671 0.5511627906976744 0.8566433566433567 0.5674418604651162 0.8426573426573427 0.5767441860465117 0.8391608391608392 0.5604651162790698 0.8461538461538461 0.5232558139534884 0.8636363636363636 0.47674418604651164 0.8741258741258742 0.42790697674418604 0.8828671328671329 0.3883720930232558