6 0.5432873274780426 0.6834170854271356 0.5495608531994981 0.6934673366834171 0.5520702634880803 0.7152428810720268 0.5432873274780426 0.7185929648241206 0.5357590966122961 0.7102177554438861 0.5357590966122961 0.6867671691792295
8 0.424090338770389 0.7939698492462312 0.44416562107904645 0.8040201005025126 0.465495608531995 0.8123953098827471 0.46925972396486826 0.8257956448911222 0.451693851944793 0.8324958123953099 0.4353826850690088 0.8324958123953099 0.4203262233375157 0.8224455611390284 0.41405269761606023 0.8040201005025126 0.41405269761606023 0.7939698492462312
8 0.2860727728983689 0.7169179229480737 0.30489335006273527 0.7202680067001676 0.3174404015056462 0.7202680067001676 0.3437892095357591 0.7319932998324958 0.34127979924717694 0.7453936348408711 0.3237139272271016 0.7453936348408711 0.2973651191969887 0.7403685092127303 0.28858218318695106 0.7353433835845896 0.2797992471769134 0.7252931323283082
5 0.35131744040150564 0.7420435510887772 0.3575909661229611 0.7487437185929648 0.370138017565872 0.7504187604690117 0.38268506900878296 0.7587939698492462 0.383939774153074 0.7839195979899497 0.37641154328732745 0.7989949748743719 0.3575909661229611 0.7989949748743719 0.34880803011292344 0.7922948073701842 0.3450439146800502 0.7738693467336684 0.3450439146800502 0.7537688442211056 0.3450439146800502 0.7470686767169179
3 0.2672521957340025 0.7671691792294807 0.27603513174404015 0.7453936348408711 0.29234629861982436 0.7420435510887772 0.3174404015056462 0.7537688442211056 0.3212045169385194 0.7738693467336684 0.3212045169385194 0.7872696817420436 0.2722710163111669 0.7839195979899497
8 0.35131744040150564 0.7303182579564489 0.3739021329987453 0.7386934673366834 0.39146800501882056 0.7671691792294807 0.37766624843161856 0.7571189279731994 0.3588456712672522 0.7487437185929648
5 0.0903387703889586 0.6683417085427136 0.16813048933500627 0.7068676716917923 0.2572145545796738 0.7353433835845896 0.2572145545796738 0.8157453936348409 0.17440401505646172 0.7822445561139029 0.11417816813048934 0.7520938023450586 0.09410288582183186 0.7370184254606366 0.09159347553324969 0.7035175879396985
1 0.685069008782936 0.7169179229480737 0.6838143036386449 0.6750418760469011 0.6913425345043914 0.6633165829145728 0.698870765370138 0.6716917922948074 0.6925972396486826 0.6934673366834171
1 0.6649937264742786 0.8676716917922948 0.6725219573400251 0.8743718592964824 0.671267252195734 0.8877721943048577 0.6637390213299874 0.8911222780569514 0.6599749058971142 0.88107202680067
1 0.6900878293601004 0.7973199329983249 0.698870765370138 0.8006700167504187 0.6925972396486826 0.8324958123953099 0.6863237139272271 0.8224455611390284 0.6875784190715182 0.8107202680067002
1 0.7013801756587202 0.7303182579564489 0.7063989962358845 0.7437185929648241 0.698870765370138 0.7604690117252931 0.6938519447929736 0.7487437185929648 0.6938519447929736 0.7353433835845896
3 0.42534504391468003 0.7152428810720268 0.4316185696361355 0.695142378559464 0.4592220828105395 0.6750418760469011 0.47176913425345046 0.6917922948073701 0.4742785445420326 0.7135678391959799 0.45796737766624845 0.7202680067001676 0.4366373902132999 0.7202680067001676
3 0.46925972396486826 0.6817420435510888 0.47176913425345046 0.661641541038526 0.4604767879548306 0.6633165829145728