8 0.2732049036777583 0.6346604215456675 0.28546409807355516 0.5995316159250585 0.30998248686514884 0.5901639344262295 0.37653239929947463 0.5995316159250585 0.4308231173380035 0.6088992974238876 0.4203152364273205 0.6206088992974239 0.37653239929947463 0.6276346604215457 0.37828371278458844 0.65807962529274 0.38528896672504376 0.6697892271662763 0.3309982486865149 0.6651053864168618 0.2732049036777583 0.6370023419203747
3 0.4816112084063047 0.6065573770491803 0.5043782837127846 0.5573770491803278 0.5569176882661997 0.5175644028103045 0.5691768826619965 0.4566744730679157 0.6287215411558669 0.43559718969555034 0.6795096322241682 0.4847775175644028 0.6760070052539404 0.5292740046838408 0.681260945709282 0.5644028103044496 0.6392294220665499 0.6229508196721312 0.6252189141856392 0.6697892271662763 0.5779334500875657 0.6885245901639344 0.5236427320490368 0.6885245901639344 0.5481611208406305 0.6651053864168618 0.5359019264448336 0.6323185011709602 0.4938704028021016 0.629976580796253
8 0.4273204903677758 0.6838407494145199 0.5201401050788091 0.6932084309133489 0.5866900175131349 0.6908665105386417 0.5726795096322241 0.7166276346604216 0.542907180385289 0.7494145199063232 0.5096322241681261 0.7447306791569087 0.4886164623467601 0.7377049180327869 0.4413309982486865 0.711943793911007 0.329246935201401 0.7002341920374707 0.3274956217162872 0.65807962529274
8 0.5761821366024519 0.6557377049180327 0.6234676007005254 0.6416861826697893 0.6409807355516638 0.6533957845433255 0.5849387040280211 0.6885245901639344 0.5621716287215411 0.6885245901639344 0.4886164623467601 0.6861826697892272 0.38178633975481613 0.6533957845433255 0.5359019264448336 0.6697892271662763
8 0.4763572679509632 0.6159250585480094 0.4851138353765324 0.5784543325526932 0.5078809106830122 0.5597189695550351 0.5446584938704028 0.5409836065573771 0.5919439579684763 0.5620608899297423 0.6059544658493871 0.6112412177985949 0.5726795096322241 0.6533957845433255 0.542907180385289 0.6627634660421545 0.5464098073555166 0.6323185011709602 0.5691768826619965 0.6065573770491803 0.5621716287215411 0.5667447306791569 0.5341506129597198 0.5714285714285714 0.5026269702276708 0.5971896955503513 0.4921190893169877 0.6252927400468384
0 0.44308231173380036 0.6370023419203747 0.46760070052539404 0.639344262295082 0.5288966725043783 0.6416861826697893 0.5359019264448336 0.667447306791569 0.5078809106830122 0.667447306791569 0.47285464098073554 0.667447306791569 0.44308231173380036 0.6651053864168618
2 0.5288966725043783 0.3583138173302108 0.5919439579684763 0.36533957845433257 0.6357267950963222 0.37236533957845436 0.637478108581436 0.39344262295081966 0.5919439579684763 0.4426229508196721 0.5551663747810858 0.44730679156908665 0.5026269702276708 0.4379391100702576 0.5078809106830122 0.3864168618266979
0 0.22416812609457093 0.5339578454332553 0.37302977232924694 0.5667447306791569 0.45183887915936954 0.5690866510538641 0.4746059544658494 0.5667447306791569 0.45709281961471104 0.5901639344262295 0.436077057793345 0.5995316159250585 0.37478108581436076 0.5971896955503513 0.287215411558669 0.5761124121779859 0.22942206654991243 0.5620608899297423 0.1628721541155867 0.5362997658079626 0.14535901926444833 0.5199063231850117 0.16112084063047286 0.49882903981264637 0.1733800350262697 0.5105386416861827
5 0.7355516637478109 0.550351288056206 0.7355516637478109 0.5175644028103045 0.7285464098073555 0.4894613583138173 0.7180385288966725 0.47306791569086654 0.7057793345008757 0.468384074941452 0.6900175131348512 0.477751756440281 0.6760070052539404 0.5081967213114754 0.6690017513134852 0.5433255269320844 0.6672504378283712 0.5667447306791569 0.6742556917688266 0.5667447306791569 0.6742556917688266 0.5456674473067916 0.6795096322241682 0.5245901639344263 0.681260945709282 0.5105386416861827 0.6847635726795096 0.5035128805620609 0.6882661996497373 0.4964871194379391 0.6970227670753065 0.4894613583138173 0.7040280210157618 0.48711943793911006 0.7110332749562172 0.48711943793911006 0.7180385288966725 0.4964871194379391 0.7215411558669002 0.5152224824355972 0.723292469352014 0.5386416861826698 0.7250437828371279 0.5526932084309133
5 0.2486865148861646 0.4262295081967213 0.3239929947460595 0.43559718969555034 0.3222416812609457 0.5105386416861827 0.2504378283712785 0.49414519906323184
0 0.6690017513134852 0.47306791569086654 0.6637478108581436 0.4519906323185012 0.660245183887916 0.4309133489461358 0.658493870402802 0.3981264637002342 0.647985989492119 0.41217798594847777 0.649737302977233 0.4519906323185012
0 0.51138353765324 0.5128805620608899 0.5551663747810858 0.5152224824355972 0.6129597197898424 0.5199063231850117 0.6514886164623468 0.5199063231850117 0.670753064798599 0.5245901639344263 0.7110332749562172 0.5456674473067916 0.6935201401050788 0.550351288056206 0.6567425569176882 0.550351288056206 0.6094570928196147 0.550351288056206 0.5569176882661997 0.5409836065573771 0.5253940455341506 0.5339578454332553 0.4991243432574431 0.522248243559719 0.500875656742557 0.5105386416861827