3 0.5253878702397743 0.8287037037037037 0.5239774330042313 0.7657407407407407 0.5183356840620592 0.7305555555555555 0.5183356840620592 0.7101851851851851 0.48871650211565587 0.7212962962962963 0.4915373765867419 0.7490740740740741 0.5197461212976022 0.825 0.5253878702397743 0.8287037037037037
3 0.43370944992947813 0.7842592592592592 0.4393511988716502 0.825 0.4506346967559944 0.8472222222222222 0.4619181946403385 0.8342592592592593 0.47461212976022565 0.8046296296296296 0.48166431593794073 0.7638888888888888 0.47320169252468264 0.6953703703703704 0.4633286318758815 0.6916666666666667 0.44922425952045136 0.7342592592592593 0.43370944992947813 0.7842592592592592
3 0.504231311706629 0.9194444444444444 0.5084626234132581 0.9101851851851852 0.5098730606488011 0.8842592592592593 0.49576868829337095 0.8472222222222222 0.4689703808180536 0.8564814814814815 0.47461212976022565 0.8842592592592593 0.4929478138222849 0.9175925925925926 0.504231311706629 0.9194444444444444
3 0.6071932299012694 0.7898148148148149 0.5973201692524682 0.7842592592592592 0.5916784203102962 0.787962962962963 0.6015514809590973 0.8212962962962963 0.6071932299012694 0.825 0.6086036671368125 0.8046296296296296 0.6071932299012694 0.7898148148148149
3 0.6043723554301833 0.7657407407407407 0.5959097320169252 0.7564814814814815 0.5874471086036671 0.7509259259259259 0.5860366713681241 0.7638888888888888 0.6001410437235543 0.7824074074074074 0.6071932299012694 0.787962962962963 0.6086036671368125 0.7768518518518519 0.6043723554301833 0.7657407407407407
3 0.6071932299012694 0.7268518518518519 0.5916784203102962 0.7175925925925926 0.5888575458392101 0.7194444444444444 0.5944992947813822 0.7435185185185185 0.6071932299012694 0.7638888888888888 0.6086036671368125 0.7490740740740741 0.6071932299012694 0.7268518518518519
3 0.6015514809590973 0.7212962962962963 0.6057827926657263 0.7157407407407408 0.6015514809590973 0.6972222222222222 0.5874471086036671 0.6712962962962963 0.5874471086036671 0.6861111111111111 0.5930888575458392 0.7101851851851851 0.6015514809590973 0.7212962962962963
3 0.4774330042313117 0.9472222222222222 0.48730606488011285 0.9435185185185185 0.49576868829337095 0.9305555555555556 0.48589562764456984 0.9231481481481482 0.4788434414668547 0.925 0.47320169252468264 0.9361111111111111 0.4774330042313117 0.9472222222222222
3 0.44781382228490835 0.9342592592592592 0.46473906911142454 0.9546296296296296 0.47320169252468264 0.950925925925926 0.4675599435825106 0.9342592592592592 0.44499294781382226 0.8972222222222223 0.422425952045134 0.8638888888888889 0.41819464033850495 0.8731481481481481 0.42524682651622003 0.8935185185185185 0.44781382228490835 0.9342592592592592
3 0.5620592383638928 0.6046296296296296 0.5451339915373766 0.6268518518518519 0.5451339915373766 0.6398148148148148 0.5846262341325811 0.6694444444444444 0.581805359661495 0.6342592592592593 0.577574047954866 0.6064814814814815 0.5620592383638928 0.6046296296296296
3 0.5211565585331452 0.8842592592592593 0.5267983074753173 0.8694444444444445 0.5282087447108603 0.8453703703703703 0.5070521861777151 0.8472222222222222 0.501410437235543 0.8527777777777777 0.5084626234132581 0.875 0.5211565585331452 0.8842592592592593
3 0.6325811001410437 0.9324074074074075 0.6424541607898449 0.9361111111111111 0.6833568406205924 0.8972222222222223 0.6889985895627645 0.8675925925925926 0.6805359661495064 0.7935185185185185 0.6720733427362482 0.7935185185185185 0.6636107193229901 0.8787037037037037 0.6325811001410437 0.9324074074074075
0 0.5846262341325811 0.8842592592592593 0.5860366713681241 0.8805555555555555 0.580394922425952 0.8435185185185186 0.5705218617771509 0.8212962962962963 0.5366713681241185 0.7805555555555556 0.5366713681241185 0.8157407407407408 0.5380818053596615 0.8416666666666667 0.5550070521861777 0.8583333333333333 0.5846262341325811 0.8842592592592593
3 0.5239774330042313 0.5435185185185185 0.5352609308885754 0.5194444444444445 0.5324400564174894 0.5046296296296297 0.5267983074753173 0.47129629629629627 0.5267983074753173 0.44166666666666665 0.5197461212976022 0.4324074074074074 0.49576868829337095 0.45092592592592595 0.4844851904090268 0.44166666666666665 0.49717912552891397 0.5064814814814815 0.5126939351198871 0.5509259259259259 0.5239774330042313 0.5435185185185185
3 0.5521861777150917 0.5824074074074074 0.5521861777150917 0.5564814814814815 0.5394922425952046 0.525 0.5225669957686883 0.5527777777777778 0.5197461212976022 0.5694444444444444 0.5183356840620592 0.5935185185185186 0.5282087447108603 0.6138888888888889 0.5465444287729196 0.6027777777777777 0.5521861777150917 0.5824074074074074
3 0.5719322990126939 0.5842592592592593 0.5620592383638928 0.5712962962962963 0.5521861777150917 0.600925925925926 0.5592383638928068 0.6064814814814815 0.5677009873060649 0.6027777777777777 0.5719322990126939 0.5842592592592593
3 0.4421720733427362 0.8675925925925926 0.44781382228490835 0.8638888888888889 0.44781382228490835 0.8416666666666667 0.43370944992947813 0.8287037037037037 0.4322990126939351 0.8361111111111111 0.43511988716502115 0.8564814814814815 0.4421720733427362 0.8675925925925926
0 0.42524682651622003 0.47685185185185186 0.422425952045134 0.5027777777777778 0.41678420310296194 0.5361111111111111 0.4097320169252468 0.5768518518518518 0.39562764456981664 0.6509259259259259 0.3857545839210155 0.6768518518518518 0.3815232722143865 0.6953703703703704 0.3843441466854725 0.7175925925925926 0.3942172073342736 0.7509259259259259 0.4026798307475317 0.8009259259259259 0.41114245416078987 0.8268518518518518 0.41678420310296194 0.8564814814814815 0.41819464033850495 0.8712962962962963 0.42524682651622003 0.8935185185185185 0.4393511988716502 0.9194444444444444 0.4506346967559944 0.937962962962963 0.4633286318758815 0.9527777777777777 0.4774330042313117 0.9490740740740741 0.49576868829337095 0.937962962962963 0.5155148095909732 0.9064814814814814 0.5253878702397743 0.8638888888888889 0.5338504936530324 0.850925925925926 0.5423131170662906 0.8490740740740741 0.5380818053596615 0.8416666666666667 0.5366713681241185 0.825 0.5366713681241185 0.7824074074074074 0.5366713681241185 0.7527777777777778 0.5352609308885754 0.6527777777777778 0.4830747531734838 0.4842592592592593 0.47461212976022565 0.4546296296296296 0.45768688293370946 0.43796296296296294 0.4379407616361072 0.425 0.42806770098730607 0.4287037037037037 0.42806770098730607 0.44907407407407407 0.42524682651622003 0.47685185185185186