6 0.617462311557789 0.1343906510851419 0.6187185929648241 0.13939899833055092 0.6237437185929648 0.14273789649415694 0.6300251256281407 0.14607679465776294 0.6413316582914573 0.14774624373956594 0.6488693467336684 0.14607679465776294 0.6513819095477387 0.13772954924874792 0.6589195979899497 0.13606010016694492 0.6639447236180904 0.12771285475792987 0.6639447236180904 0.11936560934891485 0.6664572864321608 0.10767946577629382 0.6626884422110553 0.10434056761268781 0.6576633165829145 0.0993322203672788 0.6551507537688442 0.09432387312186978 0.6526381909547738 0.09432387312186978 0.6501256281407035 0.09766277128547579 0.6413316582914573 0.09599332220367279 0.6350502512562815 0.09599332220367279 0.6275125628140703 0.10267111853088481 0.6199748743718593 0.11101836393989983 0.6162060301507538 0.12604340567612687 0.617462311557789 0.1343906510851419
6 0.6149497487437185 0.03589315525876461 0.625 0.03923205342237062 0.6337939698492462 0.03923205342237062 0.6275125628140703 0.0325542570951586 0.6224874371859297 0.0325542570951586 0.617462311557789 0.02921535893155259 0.6124371859296482 0.027545909849749584 0.6086683417085427 0.0325542570951586 0.6011306532663316 0.034223706176961605 0.6149497487437185 0.03589315525876461
6 0.6488693467336684 0.045909849749582635 0.6689698492462312 0.052587646076794656 0.6802763819095478 0.055926544240400666 0.6802763819095478 0.05091819699499165 0.6765075376884422 0.045909849749582635 0.6727386934673367 0.03923205342237062 0.667713567839196 0.040901502504173626 0.6614321608040201 0.04257095158597663 0.6501256281407035 0.040901502504173626 0.6476130653266332 0.03589315525876461 0.6438442211055276 0.03589315525876461 0.6375628140703518 0.04257095158597663 0.6488693467336684 0.045909849749582635
6 0.6865577889447236 0.05759599332220367 0.6940954773869347 0.06093489148580968 0.7054020100502513 0.0659432387312187 0.7116834170854272 0.0659432387312187 0.7129396984924623 0.05926544240400668 0.7116834170854272 0.05425709515859766 0.7066582914572864 0.052587646076794656 0.7003768844221105 0.052587646076794656 0.6978643216080402 0.04757929883138564 0.6928391959798995 0.045909849749582635 0.6878140703517588 0.05091819699499165 0.6827889447236181 0.05425709515859766 0.6865577889447236 0.05759599332220367
8 0.3548994974874372 0.9190317195325542 0.3636934673366834 0.9140233722871453 0.3699748743718593 0.9056761268781303 0.37374371859296485 0.9006677796327212 0.3800251256281407 0.8956594323873122 0.3850502512562814 0.8873121869782972 0.3900753768844221 0.8806343906510852 0.3951005025125628 0.8706176961602671 0.40515075376884424 0.8572621035058431 0.40891959798994976 0.8505843071786311 0.4026381909547739 0.8522537562604341 0.396356783919598 0.8589315525876461 0.38756281407035176 0.8706176961602671 0.3800251256281407 0.8806343906510852 0.37625628140703515 0.8906510851419032 0.3712311557788945 0.8956594323873122 0.3636934673366834 0.9040066777963273 0.35615577889447236 0.9090150250417363 0.3498743718592965 0.9140233722871453 0.34484924623115576 0.9207011686143572 0.3398241206030151 0.9190317195325542 0.3373115577889447 0.9257095158597662 0.3360552763819096 0.9307178631051753 0.3373115577889447 0.9373956594323873 0.34610552763819097 0.9290484140233722 0.3548994974874372 0.9190317195325542
8 0.34233668341708545 0.9190317195325542 0.34610552763819097 0.9123539232053423 0.35113065326633164 0.9073455759599333 0.3611809045226131 0.9023372287145242 0.36746231155778897 0.9006677796327212 0.3699748743718593 0.8923205342237062 0.36243718592964824 0.8956594323873122 0.3599246231155779 0.8889816360601002 0.3548994974874372 0.8856427378964942 0.3473618090452261 0.8956594323873122 0.3435929648241206 0.9056761268781303 0.3385678391959799 0.9207011686143572 0.34233668341708545 0.9190317195325542
8 0.39886934673366836 0.8522537562604341 0.40766331658291455 0.837228714524207 0.4064070351758794 0.832220367278798 0.39886934673366836 0.837228714524207 0.3925879396984925 0.835559265442404 0.3863065326633166 0.835559265442404 0.3863065326633166 0.843906510851419 0.38756281407035176 0.8522537562604341 0.39886934673366836 0.8522537562604341
8 0.4453517587939699 0.4332220367278798 0.45037688442211055 0.41986644407345575 0.45163316582914576 0.4015025041736227 0.45540201005025127 0.3797996661101836 0.4591708542713568 0.3597662771285476 0.46168341708542715 0.3347245409015025 0.46545226130653267 0.31469115191986646 0.47173366834170855 0.28130217028380633 0.47675879396984927 0.24624373956594323 0.4704773869346734 0.25292153589315525 0.46545226130653267 0.27462437395659434 0.46168341708542715 0.2929883138564274 0.45414572864321606 0.3113522537562604 0.45163316582914576 0.3280467445742905 0.45163316582914576 0.34808013355592654 0.44660804020100503 0.3831385642737897 0.44409547738693467 0.4081803005008347 0.439070351758794 0.44323873121869783 0.4453517587939699 0.4332220367278798
8 0.4139447236180904 0.3397328881469115 0.41520100502512564 0.31969949916527546 0.4164572864321608 0.3030050083472454 0.4202261306532663 0.27796327212020033 0.4202261306532663 0.25459098497495825 0.41520100502512564 0.2696160267111853 0.4126884422110553 0.2846410684474123 0.4101758793969849 0.3046744574290484 0.4101758793969849 0.31969949916527546 0.4101758793969849 0.3363939899833055 0.4139447236180904 0.3397328881469115
8 0.4943467336683417 0.08764607679465776 0.4880653266331658 0.08096828046744574 0.4780150753768844 0.07929883138564274 0.4780150753768844 0.06928213689482471 0.4780150753768844 0.06093489148580968 0.48178391959798994 0.05091819699499165 0.47675879396984927 0.04424040066777963 0.4704773869346734 0.04757929883138564 0.46796482412060303 0.05759599332220367 0.4704773869346734 0.0659432387312187 0.4704773869346734 0.07762938230383973 0.46796482412060303 0.08263772954924875 0.4629396984924623 0.08764607679465776 0.4629396984924623 0.1010016694490818 0.4729899497487437 0.10267111853088481 0.47550251256281406 0.10767946577629382 0.48178391959798994 0.11936560934891485 0.48304020100502515 0.12771285475792987 0.49183417085427134 0.1327212020033389 0.4956030150753769 0.12604340567612687 0.4943467336683417 0.11101836393989983 0.5006281407035176 0.11268781302170283 0.5081658291457286 0.11769616026711185 0.5131909547738693 0.11769616026711185 0.5157035175879398 0.10767946577629382 0.503140703517588 0.10267111853088481 0.4943467336683417 0.08764607679465776
8 0.4224874371859297 0 0.4202261306532663 0.007512520868113523 0.41896984924623115 0.019198664440734557 0.42525125628140703 0.022537562604340568 0.42902010050251255 0.022537562604340568 0.4265075376884422 0.02921535893155259 0.42525125628140703 0.03923205342237062 0.42525125628140703 0.049248747913188645 0.4353015075376884 0.04257095158597663 0.4415829145728643 0.0325542570951586 0.4478643216080402 0.027545909849749584 0.4528894472361809 0.020868113522537562 0.45540201005025127 0.014190317195325543 0.4629396984924623 0.015859766277128547 0.4704773869346734 0.020868113522537562 0.47675879396984927 0.02921535893155259 0.48680904522613067 0.034223706176961605 0.49309045226130654 0.03923205342237062 0.5018844221105527 0.027545909849749584 0.5144472361809045 0.02587646076794658 0.5232412060301508 0.02587646076794658 0.532035175879397 0.024207011686143573 0.5295226130653267 0.017529215358931552 0.5207286432160804 0.015859766277128547 0.5043969849246231 0.012520868113522538 0.4943467336683417 0.009181969949916527 0.48304020100502515 0.015859766277128547 0.47550251256281406 0.015859766277128547 0.4692211055276382 0.010851419031719533 0.4629396984924623 0.005843071786310518 0.45414572864321606 0.0008347245409015025 0.4478643216080402 0 0.4224874371859297 0
3 0.4262562814070352 0 0.42273869346733667 0.005843071786310518 0.4239949748743719 0.027545909849749584 0.4353015075376884 0.05091819699499165 0.4415829145728643 0.0642737896494157 0.4528894472361809 0.08764607679465776 0.46168341708542715 0.10267111853088481 0.45414572864321606 0.11602671118530884 0.45791457286432163 0.13606010016694492 0.4692211055276382 0.15108514190317196 0.4792713567839196 0.11936560934891485 0.4880653266331658 0.10434056761268781 0.503140703517588 0.11101836393989983 0.5157035175879398 0.11268781302170283 0.5244974874371859 0.09766277128547579 0.5232412060301508 0.07929883138564274 0.5232412060301508 0.06260434056761269 0.5232412060301508 0.040901502504173626 0.5244974874371859 0.030884808013355594 0.5282663316582915 0.020868113522537562 0.510678391959799 0.014190317195325543 0.49309045226130654 0.012520868113522538 0.4805276381909548 0.009181969949916527 0.4591708542713568 0.0025041736227045075 0.4415829145728643 0.0008347245409015025 0.4381281407035176 0 0.4262562814070352 0
8 0.3897927135678392 1 0.3913316582914573 0.9941569282136895 0.40515075376884424 0.9440734557595993 0.41896984924623115 0.9223706176961602 0.4428391959798995 0.8889816360601002 0.4214824120603015 0.8956594323873122 0.45163316582914576 0.8572621035058431 0.46796482412060303 0.827212020033389 0.45414572864321606 0.827212020033389 0.4415829145728643 0.827212020033389 0.4239949748743719 0.837228714524207 0.4126884422110553 0.842237061769616 0.3850502512562814 0.8906510851419032 0.3611809045226131 0.9323873121869783 0.34484924623115576 0.9707846410684474 0.33781407035175876 1 0.3897927135678392 1