6 0.8405365126676602 0.5008375209380235 0.8375558867362146 0.5058626465661642 0.842026825633383 0.5108877721943048 0.8405365126676602 0.5142378559463987 0.842026825633383 0.5192629815745393 0.8405365126676602 0.5226130653266332 0.8375558867362146 0.52428810720268 0.834575260804769 0.5276381909547738 0.8390461997019374 0.5326633165829145 0.842026825633383 0.5326633165829145 0.8450074515648286 0.5309882747068677 0.8450074515648286 0.5025125628140703 0.8405365126676602 0.5008375209380235
6 0.8241430700447094 0.22278056951423786 0.8211624441132638 0.22110552763819097 0.819672131147541 0.21273031825795644 0.812220566318927 0.21273031825795644 0.8107302533532041 0.21608040201005024 0.8077496274217586 0.21775544388609716 0.812220566318927 0.22445561139028475 0.8152011922503726 0.22613065326633167 0.8137108792846498 0.23283082077051925 0.8181818181818182 0.23283082077051925 0.8226527570789866 0.23283082077051925 0.8241430700447094 0.24120603015075376 0.8315946348733234 0.23785594639865998 0.8315946348733234 0.23283082077051925 0.8286140089418778 0.23115577889447236 0.8286140089418778 0.22613065326633167 0.8241430700447094 0.22613065326633167 0.8241430700447094 0.22278056951423786
6 0.8002980625931445 0.18257956448911222 0.797317436661699 0.19095477386934673 0.8032786885245902 0.19262981574539365 0.8047690014903129 0.19597989949748743 0.8062593144560357 0.19932998324958123 0.8092399403874814 0.20603015075376885 0.812220566318927 0.20435510887772193 0.8137108792846498 0.20100502512562815 0.8077496274217586 0.18927973199329984 0.8002980625931445 0.18257956448911222
6 0.7540983606557377 0.10720268006700168 0.7496274217585693 0.11055276381909548 0.7436661698956781 0.11390284757118928 0.7406855439642325 0.11892797319932999 0.7451564828614009 0.12395309882747069 0.7466467958271237 0.1273031825795645 0.7511177347242921 0.12562814070351758 0.7540983606557377 0.12227805695142378 0.7555886736214605 0.11725293132328309 0.7600596125186289 0.12060301507537688 0.7570789865871833 0.12227805695142378 0.7540983606557377 0.12395309882747069 0.7540983606557377 0.1306532663316583 0.7496274217585693 0.1323283082077052 0.7481371087928465 0.1390284757118928 0.7540983606557377 0.1407035175879397 0.7570789865871833 0.13400335008375208 0.7600596125186289 0.1323283082077052 0.7660208643815202 0.12227805695142378 0.7660208643815202 0.11892797319932999 0.7630402384500745 0.11557788944723618 0.7615499254843517 0.11390284757118928 0.7585692995529061 0.10887772194304858 0.7540983606557377 0.10720268006700168
6 0.7719821162444114 0.1541038525963149 0.7734724292101341 0.1490787269681742 0.7690014903129657 0.1474036850921273 0.767511177347243 0.1541038525963149 0.7719821162444114 0.1541038525963149
6 0.7466467958271237 0.1423785594639866 0.7421758569299552 0.1474036850921273 0.7391952309985097 0.1541038525963149 0.7406855439642325 0.15912897822445563 0.7436661698956781 0.1624790619765494 0.7481371087928465 0.15577889447236182 0.7526080476900149 0.1457286432160804 0.7466467958271237 0.1423785594639866
6 0.7287630402384501 0.1708542713567839 0.7228017883755589 0.17922948073701842 0.7257824143070045 0.18090452261306533 0.7272727272727273 0.18425460636515914 0.7317436661698957 0.18425460636515914 0.7347242921013413 0.17587939698492464 0.7332339791356185 0.17420435510887772 0.7287630402384501 0.1708542713567839
6 0.6825633383010432 0.2663316582914573 0.6795827123695977 0.26800670016750416 0.669150521609538 0.2797319932998325 0.6736214605067065 0.2830820770519263 0.6825633383010432 0.2663316582914573
6 0.6020864381520119 0.2964824120603015 0.5991058122205664 0.3015075376884422 0.6005961251862891 0.30318257956448913 0.6050670640834576 0.3015075376884422 0.6035767511177347 0.2964824120603015 0.6020864381520119 0.2964824120603015
6 0.5350223546944859 0.12562814070351758 0.555886736214605 0.15912897822445563 0.563338301043219 0.16750418760469013 0.5603576751117735 0.1574539363484087 0.5529061102831595 0.1407035175879397 0.5394932935916542 0.12562814070351758 0.5350223546944859 0.12562814070351758
3 0.8330849478390462 0.5527638190954773 0.8330849478390462 0.5661641541038526 0.8315946348733234 0.5912897822445561 0.8315946348733234 0.609715242881072 0.8301043219076006 0.6247906197654941 0.8301043219076006 0.6515912897822446 0.8360655737704918 0.626465661641541 0.8464977645305514 0.6180904522613065 0.8450074515648286 0.5041876046901173 0.8360655737704918 0.509212730318258 0.8315946348733234 0.5142378559463987 0.8301043219076006 0.5326633165829145 0.8330849478390462 0.5527638190954773
8 0.6825633383010432 0.24120603015075376 0.6915052160953801 0.24288107202680068 0.6929955290611028 0.24623115577889448 0.7034277198211625 0.23283082077051925 0.6944858420268256 0.23450586264656617 0.6900149031296572 0.23618090452261306 0.6721311475409836 0.23785594639865998 0.6825633383010432 0.24120603015075376
8 0.6527570789865872 0.2663316582914573 0.65424739195231 0.2696817420435511 0.6661698956780924 0.271356783919598 0.6736214605067065 0.271356783919598 0.6780923994038748 0.2663316582914573 0.6751117734724292 0.2663316582914573 0.6527570789865872 0.2663316582914573
8 0.6870342771982116 0.19430485762144054 0.6855439642324889 0.18927973199329984 0.6810730253353204 0.19095477386934673 0.6795827123695977 0.19430485762144054 0.6810730253353204 0.19932998324958123 0.6870342771982116 0.19932998324958123 0.6900149031296572 0.20268006700167504 0.6944858420268256 0.20435510887772193 0.6929955290611028 0.19932998324958123 0.6870342771982116 0.19430485762144054
8 0.6751117734724292 0.17252931323283083 0.6795827123695977 0.17252931323283083 0.6885245901639344 0.17755443886097153 0.6900149031296572 0.17252931323283083 0.6825633383010432 0.16917922948073702 0.6780923994038748 0.16750418760469013 0.6721311475409836 0.16917922948073702 0.6751117734724292 0.17252931323283083
8 0.6706408345752608 0.1306532663316583 0.6587183308494784 0.10887772194304858 0.6616989567809239 0.11892797319932999 0.6661698956780924 0.1273031825795645 0.6676602086438153 0.1323283082077052 0.669150521609538 0.1390284757118928 0.6736214605067065 0.1490787269681742 0.6810730253353204 0.16080402010050251 0.684053651266766 0.1574539363484087 0.6795827123695977 0.1490787269681742 0.6706408345752608 0.1306532663316583
8 0.6900149031296572 0.21273031825795644 0.6959761549925484 0.21440536013400335 0.7034277198211625 0.21608040201005024 0.7049180327868853 0.21440536013400335 0.698956780923994 0.21273031825795644 0.6974664679582713 0.20938023450586266 0.6900149031296572 0.21105527638190955 0.6900149031296572 0.21273031825795644
8 0.6527570789865872 0.135678391959799 0.646795827123696 0.13400335008375208 0.6363636363636364 0.13400335008375208 0.6199701937406855 0.1306532663316583 0.6110283159463488 0.1273031825795645 0.6080476900149031 0.1306532663316583 0.6035767511177347 0.1306532663316583 0.5976154992548435 0.1323283082077052 0.5842026825633383 0.1306532663316583 0.5678092399403875 0.12897822445561138 0.5543964232488823 0.1323283082077052 0.5618479880774963 0.1323283082077052 0.5707898658718331 0.135678391959799 0.5782414307004471 0.13400335008375208 0.5827123695976155 0.135678391959799 0.5886736214605067 0.1373534338358459 0.5931445603576752 0.135678391959799 0.6005961251862891 0.135678391959799 0.6050670640834576 0.13400335008375208 0.6154992548435171 0.13400335008375208 0.6304023845007451 0.135678391959799 0.646795827123696 0.1390284757118928 0.6527570789865872 0.1390284757118928 0.6646795827123696 0.1423785594639866 0.6661698956780924 0.1407035175879397 0.6616989567809239 0.1373534338358459 0.6527570789865872 0.135678391959799
8 0.6184798807749627 0.12227805695142378 0.6095380029806259 0.12060301507537688 0.6065573770491803 0.12395309882747069 0.6110283159463488 0.12562814070351758 0.6140089418777943 0.12562814070351758 0.6214605067064084 0.12897822445561138 0.6274217585692996 0.1273031825795645 0.6348733233979136 0.12897822445561138 0.6438152011922503 0.1306532663316583 0.6527570789865872 0.1306532663316583 0.6602086438152012 0.1306532663316583 0.6497764530551415 0.1273031825795645 0.6289120715350224 0.12395309882747069 0.6184798807749627 0.12227805695142378
8 0.6512667660208644 0.10720268006700168 0.6512667660208644 0.10217755443886097 0.6378539493293591 0.10217755443886097 0.6304023845007451 0.10217755443886097 0.6333830104321908 0.10552763819095477 0.6512667660208644 0.10720268006700168
8 0.7108792846497765 0.18927973199329984 0.713859910581222 0.19095477386934673 0.7123695976154992 0.18257956448911222 0.7078986587183308 0.17587939698492464 0.7093889716840537 0.18425460636515914 0.7108792846497765 0.18927973199329984
8 0.5737704918032787 0.11390284757118928 0.5827123695976155 0.1273031825795645 0.5842026825633383 0.12227805695142378 0.5767511177347243 0.11222780569514237 0.5737704918032787 0.11390284757118928
8 0.5603576751117735 0.12060301507537688 0.5514157973174366 0.12227805695142378 0.5484351713859911 0.12897822445561138 0.555886736214605 0.1323283082077052 0.5618479880774963 0.12897822445561138 0.5692995529061102 0.12897822445561138 0.5603576751117735 0.12060301507537688
8 0.5737704918032787 0.12897822445561138 0.5663189269746647 0.11725293132328309 0.5648286140089419 0.12060301507537688 0.5707898658718331 0.12897822445561138 0.5737704918032787 0.12897822445561138
8 0.5782414307004471 0.11055276381909548 0.587183308494784 0.12227805695142378 0.5886736214605067 0.11892797319932999 0.5812220566318927 0.10887772194304858 0.5782414307004471 0.11055276381909548
8 0.6825633383010432 0.09547738693467336 0.6810730253353204 0.08542713567839195 0.6423248882265276 0.07872696817420435 0.646795827123696 0.08710217755443886 0.6825633383010432 0.09547738693467336
8 0.7078986587183308 0.16750418760469013 0.7049180327868853 0.16917922948073702 0.7078986587183308 0.17252931323283083 0.7093889716840537 0.17420435510887772 0.736214605067064 0.17420435510887772 0.7347242921013413 0.16750418760469013 0.7272727272727273 0.1708542713567839 0.713859910581222 0.1708542713567839 0.7078986587183308 0.16750418760469013
8 0.713859910581222 0.15912897822445563 0.7049180327868853 0.15912897822445563 0.7049180327868853 0.1624790619765494 0.713859910581222 0.16080402010050251 0.7153502235469449 0.16415410385259632 0.7198211624441133 0.16415410385259632 0.7228017883755589 0.1658291457286432 0.7228017883755589 0.1624790619765494 0.7183308494783904 0.16080402010050251 0.713859910581222 0.15912897822445563
8 0.7049180327868853 0.1457286432160804 0.7019374068554396 0.1423785594639866 0.6974664679582713 0.1423785594639866 0.698956780923994 0.1457286432160804 0.7034277198211625 0.1474036850921273 0.706408345752608 0.1490787269681742 0.7153502235469449 0.1507537688442211 0.7183308494783904 0.152428810720268 0.7198211624441133 0.1457286432160804 0.713859910581222 0.1440536013400335 0.7049180327868853 0.1457286432160804
8 0.7153502235469449 0.1423785594639866 0.7198211624441133 0.1474036850921273 0.7257824143070045 0.1373534338358459 0.7213114754098361 0.135678391959799 0.7198211624441133 0.1390284757118928 0.7168405365126677 0.1390284757118928 0.7153502235469449 0.1423785594639866
8 0.7242921013412816 0.13400335008375208 0.7302533532041728 0.1273031825795645 0.7287630402384501 0.12060301507537688 0.7242921013412816 0.12395309882747069 0.7242921013412816 0.12897822445561138 0.7242921013412816 0.13400335008375208
8 0.7809239940387481 0.16415410385259632 0.7868852459016393 0.1658291457286432 0.7913561847988078 0.17420435510887772 0.797317436661699 0.17755443886097153 0.7749627421758569 0.1440536013400335 0.7690014903129657 0.16415410385259632 0.7809239940387481 0.16415410385259632
3 0.5976154992548435 0.11892797319932999 0.6095380029806259 0.11892797319932999 0.6095380029806259 0.10385259631490787 0.5991058122205664 0.09882747068676717 0.5916542473919523 0.10217755443886097 0.5976154992548435 0.11892797319932999
6 0.65424739195231 0.4221105527638191 0.6557377049180327 0.42546063651591287 0.6602086438152012 0.4288107202680067 0.6616989567809239 0.4187604690117253 0.6587183308494784 0.4187604690117253 0.65424739195231 0.4221105527638191
6 0.6885245901639344 0.2830820770519263 0.6915052160953801 0.2830820770519263 0.6929955290611028 0.2864321608040201 0.6959761549925484 0.2814070351758794 0.6944858420268256 0.2797319932998325 0.6929955290611028 0.27638190954773867 0.6900149031296572 0.2797319932998325 0.6885245901639344 0.2830820770519263
8 0.5797317436661699 0.08207705192629816 0.5946348733233979 0.08877721943048576 0.5991058122205664 0.08542713567839195 0.5886736214605067 0.07872696817420435 0.5797317436661699 0.08207705192629816