3 0.3736842105263158 0.6806526806526807 0.4649122807017544 0.6596736596736597 0.48596491228070177 0.6853146853146853 0.4614035087719298 0.7575757575757576 0.42280701754385963 0.7808857808857809 0.37543859649122807 0.7668997668997669 0.356140350877193 0.7389277389277389
3 0.5947368421052631 0.48951048951048953 0.6192982456140351 0.4755244755244755 0.6473684210526316 0.49417249417249415 0.6526315789473685 0.5361305361305362 0.6508771929824562 0.5641025641025641 0.6298245614035087 0.5897435897435898 0.6035087719298246 0.5734265734265734 0.5877192982456141 0.5454545454545454 0.5877192982456141 0.5221445221445221
0 0.22982456140350876 0.8251748251748252 0.37543859649122807 0.8578088578088578 0.4368421052631579 0.8601398601398601 0.5140350877192983 0.8251748251748252 0.5561403508771929 0.7972027972027972 0.5543859649122806 0.7715617715617715 0.5175438596491229 0.7925407925407926 0.44912280701754387 0.8158508158508159 0.41228070175438597 0.8298368298368298 0.3456140350877193 0.8251748251748252
8 0.22631578947368422 0.7016317016317016 0.24561403508771928 0.717948717948718 0.24385964912280703 0.7552447552447552 0.24385964912280703 0.7762237762237763 0.22105263157894736 0.7762237762237763
8 0.2578947368421053 0.7296037296037297 0.2719298245614035 0.7412587412587412 0.26842105263157895 0.7668997668997669 0.2543859649122807 0.7995337995337995
8 0.2964912280701754 0.7435897435897436 0.3105263157894737 0.7482517482517482 0.3105263157894737 0.7762237762237763 0.29473684210526313 0.7902097902097902 0.2824561403508772 0.7738927738927739
8 0.3280701754385965 0.752913752913753 0.3473684210526316 0.7645687645687645 0.3298245614035088 0.8111888111888111 0.30701754385964913 0.8088578088578089
8 0.16666666666666666 0.7272727272727273 0.1912280701754386 0.7296037296037297 0.1912280701754386 0.7645687645687645 0.1824561403508772 0.7808857808857809
8 0.22456140350877193 0.8368298368298368 0.24210526315789474 0.8414918414918415 0.24385964912280703 0.8648018648018648
8 0.19473684210526315 0.752913752913753 0.22807017543859648 0.7668997668997669 0.256140350877193 0.7668997668997669 0.26666666666666666 0.7692307692307693 0.2631578947368421 0.8251748251748252 0.20350877192982456 0.8111888111888111 0.18421052631578946 0.7925407925407926
8 0.1543859649122807 0.7435897435897436 0.16842105263157894 0.7435897435897436 0.18070175438596492 0.7808857808857809 0.16140350877192983 0.7855477855477856
5 0.12280701754385964 0.5687645687645687 0.12631578947368421 0.5501165501165501 0.11929824561403508 0.5268065268065268 0.10526315789473684 0.5291375291375291 0.09824561403508772 0.5477855477855478 0.09824561403508772 0.5687645687645687 0.10175438596491228 0.5920745920745921 0.11754385964912281 0.585081585081585
3 0.6 0.6177156177156177 0.5631578947368421 0.6363636363636364 0.5368421052631579 0.6363636363636364 0.5210526315789473 0.6317016317016317 0.5368421052631579 0.6083916083916084 0.5543859649122806 0.5734265734265734 0.5614035087719298 0.5641025641025641 0.5807017543859649 0.5687645687645687 0.5912280701754385 0.585081585081585
0 0.2736842105263158 0.6876456876456877 0.30350877192982456 0.6806526806526807 0.33157894736842103 0.6806526806526807 0.38421052631578945 0.6736596736596736 0.4245614035087719 0.6666666666666666 0.45964912280701753 0.6573426573426573 0.48947368421052634 0.6503496503496503 0.5087719298245614 0.6386946386946387 0.5280701754385965 0.6153846153846154 0.543859649122807 0.585081585081585 0.5526315789473685 0.5571095571095571 0.5526315789473685 0.5384615384615384 0.531578947368421 0.5454545454545454 0.4964912280701754 0.5617715617715617 0.4649122807017544 0.5664335664335665 0.40350877192982454 0.578088578088578 0.35964912280701755 0.585081585081585 0.3298245614035088 0.5990675990675991 0.3017543859649123 0.6247086247086248 0.2719298245614035 0.6713286713286714