8 0.723943661971831 0.5130260521042084 0.852112676056338 0.49498997995991983 0.8901408450704226 0.503006012024048 0.8816901408450705 0.5090180360721442 0.8436619718309859 0.5150300601202404 0.7253521126760564 0.5210420841683366
8 0.8507042253521127 0.5531062124248497 0.8816901408450705 0.5390781563126252 0.8845070422535212 0.5490981963927856 0.8535211267605634 0.5591182364729459
8 0.5380281690140845 0.5430861723446894 0.5704225352112676 0.5350701402805611 0.5971830985915493 0.5370741482965932 0.5929577464788732 0.5430861723446894 0.5676056338028169 0.5450901803607214 0.5380281690140845 0.5551102204408818
8 0.5971830985915493 0.5751503006012024 0.6704225352112676 0.5731462925851704 0.6704225352112676 0.5871743486973948 0.5929577464788732 0.591182364729459
8 0.5873239436619718 0.6092184368737475 0.6323943661971831 0.6072144288577155 0.6309859154929578 0.6132264529058116 0.5873239436619718 0.6172344689378757
8 0.5140845070422535 0.8416833667334669 0.47464788732394364 0.8296593186372746 0.4225352112676056 0.8196392785571143 0.3704225352112676 0.8196392785571143 0.31690140845070425 0.8176352705410822 0.19436619718309858 0.8056112224448898 0.19014084507042253 0.8156312625250501 0.20985915492957746 0.8176352705410822 0.3056338028169014 0.8256513026052105 0.3873239436619718 0.8296593186372746 0.423943661971831 0.8296593186372746 0.47746478873239434 0.8396793587174348 0.5154929577464789 0.8537074148296593
8 0.27887323943661974 0.6613226452905812 0.43380281690140843 0.6713426853707415 0.43661971830985913 0.6773547094188377 0.31971830985915495 0.6753507014028056 0.36338028169014086 0.6833667334669339 0.4183098591549296 0.6913827655310621 0.4126760563380282 0.7014028056112225 0.39859154929577467 0.7014028056112225
8 0.3929577464788732 0.5390781563126252 0.44929577464788734 0.5430861723446894 0.44929577464788734 0.5531062124248497 0.3901408450704225 0.5450901803607214
8 0.4507042253521127 0.6733466933867736 0.4887323943661972 0.6833667334669339 0.48732394366197185 0.6893787575150301 0.4507042253521127 0.6793587174348698
8 0.5450704225352113 0.6713426853707415 0.5704225352112676 0.6793587174348698 0.5676056338028169 0.6893787575150301 0.5408450704225352 0.6793587174348698
8 0.5971830985915493 0.625250501002004 0.547887323943662 0.625250501002004 0.5422535211267606 0.6372745490981964 0.5901408450704225 0.6513026052104208 0.5971830985915493 0.6432865731462926 0.5732394366197183 0.6352705410821643 0.5957746478873239 0.6312625250501002
6 0.9028169014084507 0.6933867735470942 0.9126760563380282 0.6893787575150301 0.9154929577464789 0.6953907815631263 0.9154929577464789 0.7034068136272545 0.9154929577464789 0.7154308617234469
1 0.5169014084507042 0.8677354709418837 0.5154929577464789 0.8797595190380761 0.4535211267605634 0.8717434869739479 0.37746478873239436 0.8597194388777555 0.2971830985915493 0.8496993987975952 0.2028169014084507 0.8356713426853707 0.16901408450704225 0.8336673346693386 0.1267605633802817 0.8236472945891784 0.12816901408450704 0.8196392785571143 0.223943661971831 0.8276553106212425 0.3112676056338028 0.8336673346693386 0.33098591549295775 0.8416833667334669 0.39436619718309857 0.8496993987975952 0.4084507042253521 0.845691382765531 0.43380281690140843 0.8476953907815631 0.4563380281690141 0.8557114228456913 0.4859154929577465 0.8577154308617234
1 0.9478873239436619 0.8697394789579158 0.9633802816901409 0.8617234468937875 0.9661971830985916 0.8777555110220441 0.9605633802816902 0.8817635270541082 0.9464788732394366 0.8877755511022044 0.9309859154929577 0.8857715430861723 0.9436619718309859 0.8797595190380761
8 0.46901408450704224 0.4729458917835671 0.6239436619718309 0.4468937875751503 0.6267605633802817 0.45691382765531063 0.47183098591549294 0.48096192384769537
8 0.08732394366197183 0.41282565130260523 0.12253521126760564 0.41282565130260523 0.11549295774647887 0.4468937875751503 0.015492957746478873 0.43687374749499 0.04507042253521127 0.4228456913827655 0.06338028169014084 0.4248496993987976 0.07746478873239436 0.4188376753507014
3 0.5704225352112676 0.593186372745491 0.5985915492957746 0.6412825651302605 0.5788732394366197 0.6633266533066132 0.5633802816901409 0.6953907815631263 0.5507042253521127 0.7194388777555111 0.5309859154929577 0.7595190380761523 0.5197183098591549 0.7995991983967936 0.46901408450704224 0.7895791583166333 0.5028169014084507 0.7114228456913828 0.5309859154929577 0.6513026052104208
3 0.6211267605633802 0.5410821643286573 0.6563380281690141 0.5370741482965932 0.6591549295774648 0.5571142284569138 0.6197183098591549 0.561122244488978
3 0.8845070422535212 0.4589178356713427 0.9070422535211268 0.5090180360721442 0.8507042253521127 0.5831663326653307 0.8112676056338028 0.6092184368737475 0.7859154929577464 0.6032064128256514 0.7169014084507043 0.5851703406813628 0.6971830985915493 0.5591182364729459 0.6633802816901408 0.5170340681362725 0.6873239436619718 0.43887775551102204 0.7464788732394366 0.4248496993987976 0.819718309859155 0.42685370741482964
3 0.7169014084507043 0.156312625250501 0.747887323943662 0.17034068136272545 0.7788732394366197 0.16032064128256512 0.8183098591549296 0.09819639278557114 0.8126760563380282 0.02404809619238477 0.7971830985915493 0.002004008016032064 0.704225352112676 0 0.704225352112676 0.0781563126252505
3 0.30704225352112674 0.8156312625250501 0.31690140845070425 0.8517034068136272 0.34788732394366195 0.8557114228456913 0.4 0.8637274549098196 0.4169014084507042 0.8557114228456913 0.4267605633802817 0.8356713426853707 0.4197183098591549 0.8156312625250501 0.3619718309859155 0.811623246492986 0.3154929577464789 0.8076152304609219
3 0.16619718309859155 0.3306613226452906 0.4619718309859155 0.3807615230460922 0.6366197183098592 0.4148296593186373 0.643661971830986 0.4529058116232465 0.5619718309859155 0.591182364729459 0.4732394366197183 0.7635270541082164 0.45492957746478874 0.7955911823647295 0.3971830985915493 0.7995991983967936 0.2746478873239437 0.7975951903807615 0.24366197183098592 0.7775551102204409 0.1563380281690141 0.7735470941883767 0.14647887323943662 0.7254509018036072 0.14084507042253522 0.6893787575150301 0.16901408450704225 0.6312625250501002 0.2267605633802817 0.5551102204408818 0.21971830985915494 0.49899799599198397 0.14788732394366197 0.4188376753507014 0.14507042253521127 0.3587174348697395
0 0.6732394366197183 0.44288577154308617 0.6267605633802817 0.5270541082164328 0.5859154929577465 0.5951903807615231 0.5521126760563381 0.6653306613226453 0.5295774647887324 0.7074148296593187 0.4971830985915493 0.7675350701402806 0.4704225352112676 0.7975951903807615 0.44929577464788734 0.7975951903807615 0.5225352112676056 0.655310621242485 0.5802816901408451 0.5571142284569138 0.6507042253521127 0.44889779559118237 0.6887323943661972 0.38877755511022044