8 0.4474153297682709 0.5273311897106109 0.44919786096256686 0.5144694533762058 0.4536541889483066 0.4967845659163987 0.4572192513368984 0.4807073954983923 0.4572192513368984 0.4630225080385852 0.45276292335115864 0.47106109324758844 0.44919786096256686 0.4871382636655949 0.4474153297682709 0.49356913183279744 0.44295900178253117 0.5 0.4376114081996435 0.5080385852090032 0.4322638146167558 0.5176848874598071 0.43137254901960786 0.5257234726688103 0.428698752228164 0.5418006430868167 0.4269162210338681 0.5530546623794212 0.42602495543672014 0.5659163987138264 0.4233511586452763 0.5787781350482315 0.41889483065953653 0.5868167202572347 0.4206773618538324 0.5916398713826366 0.42513368983957217 0.5868167202572347 0.42780748663101603 0.5803858520900321 0.4304812834224599 0.572347266881029 0.43493761140819964 0.5659163987138264 0.4393939393939394 0.5643086816720257 0.44206773618538325 0.5482315112540193 0.44385026737967914 0.5418006430868167 0.4474153297682709 0.5273311897106109
8 0.357397504456328 0.3633440514469453 0.3538324420677362 0.364951768488746 0.35472370766488415 0.3729903536977492 0.357397504456328 0.3762057877813505 0.3609625668449198 0.3778135048231511 0.36452762923351156 0.38102893890675243 0.3716577540106952 0.3842443729903537 0.3761140819964349 0.3890675241157556 0.3805704099821747 0.3858520900321543 0.3868092691622103 0.38263665594855306 0.39126559714795006 0.37942122186495175 0.3966131907308378 0.38102893890675243 0.4001782531194296 0.38102893890675243 0.4055258467023173 0.3890675241157556 0.4090909090909091 0.3987138263665595 0.4126559714795009 0.4067524115755627 0.4206773618538324 0.3954983922829582 0.4233511586452763 0.39228295819935693 0.4269162210338681 0.38263665594855306 0.4295900178253119 0.3762057877813505 0.43315508021390375 0.364951768488746 0.43672014260249553 0.3536977491961415 0.44028520499108736 0.3408360128617363 0.4411764705882353 0.32636655948553056 0.43672014260249553 0.3215434083601286 0.428698752228164 0.3279742765273312 0.42245989304812837 0.3311897106109325 0.41532976827094475 0.3311897106109325 0.4126559714795009 0.3327974276527331 0.40463458110516937 0.33440514469453375 0.3983957219251337 0.33762057877813506 0.3948306595365419 0.3392282958199357 0.3939393939393939 0.3360128617363344 0.3983957219251337 0.3247588424437299 0.4001782531194296 0.319935691318328 0.40463458110516937 0.3102893890675241 0.40998217468805703 0.2990353697749196 0.41532976827094475 0.2942122186495177 0.4206773618538324 0.28938906752411575 0.42780748663101603 0.2797427652733119 0.43404634581105167 0.2733118971061093 0.4295900178253119 0.26688102893890675 0.4233511586452763 0.25562700964630225 0.4180035650623886 0.2508038585209003 0.4126559714795009 0.24758842443729903 0.40819964349376114 0.24437299035369775 0.4019607843137255 0.24437299035369775 0.39750445632798576 0.2459807073954984 0.39928698752228164 0.2540192926045016 0.3939393939393939 0.26366559485530544 0.39126559714795006 0.2717041800643087 0.3859180035650624 0.28135048231511256 0.38235294117647056 0.2877813504823151 0.3770053475935829 0.30064308681672025 0.375222816399287 0.3070739549839228 0.37967914438502676 0.3135048231511254 0.3761140819964349 0.3215434083601286 0.3805704099821747 0.3311897106109325 0.38324420677361853 0.3392282958199357 0.3770053475935829 0.34887459807073956 0.37344028520499106 0.3553054662379421 0.375222816399287 0.36012861736334406 0.3716577540106952 0.3665594855305466 0.36541889483065954 0.3665594855305466 0.3600713012477718 0.3665594855305466 0.357397504456328 0.3633440514469453
8 0.483065953654189 0.46141479099678456 0.48128342245989303 0.4678456591639871 0.4803921568627451 0.47266881028938906 0.47950089126559714 0.4758842443729904 0.4786096256684492 0.4790996784565916 0.47771836007130125 0.48231511254019294 0.4786096256684492 0.4871382636655949 0.4803921568627451 0.4887459807073955 0.482174688057041 0.4903536977491961 0.483065953654189 0.4871382636655949 0.482174688057041 0.48392282958199356 0.482174688057041 0.4807073954983923 0.483065953654189 0.4758842443729904 0.4839572192513369 0.4694533762057878 0.48484848484848486 0.4630225080385852 0.48484848484848486 0.45819935691318325 0.483065953654189 0.46141479099678456
8 0.5418894830659536 0.30064308681672025 0.5436720142602496 0.3022508038585209 0.5445632798573975 0.30064308681672025 0.5445632798573975 0.2942122186495177 0.5427807486631016 0.2942122186495177 0.5418894830659536 0.297427652733119 0.5418894830659536 0.30064308681672025
8 0.4661319073083779 0.4533762057877814 0.46880570409982175 0.45980707395498394 0.47058823529411764 0.45819935691318325 0.4679144385026738 0.44855305466237944 0.46524064171123 0.4437299035369775 0.46345811051693403 0.4453376205787781 0.464349376114082 0.45016077170418006 0.4661319073083779 0.4533762057877814
8 0.4090909090909091 0.5916398713826366 0.40730837789661317 0.6012861736334405 0.40641711229946526 0.612540192926045 0.4055258467023173 0.6189710610932476 0.4055258467023173 0.6286173633440515 0.40730837789661317 0.6237942122186495 0.40998217468805703 0.6093247588424437 0.4126559714795009 0.594855305466238 0.4126559714795009 0.5868167202572347 0.410873440285205 0.5836012861736335 0.4090909090909091 0.5916398713826366
8 0.3948306595365419 0.6945337620578779 0.3939393939393939 0.6977491961414791 0.393048128342246 0.7041800643086816 0.393048128342246 0.7090032154340836 0.393048128342246 0.7154340836012861 0.39215686274509803 0.7218649517684887 0.3939393939393939 0.7234726688102894 0.3948306595365419 0.7154340836012861 0.39572192513368987 0.7090032154340836 0.3966131907308378 0.702572347266881 0.3966131907308378 0.6977491961414791 0.3966131907308378 0.6945337620578779 0.3948306595365419 0.6945337620578779
8 0.2727272727272727 0.8794212218649518 0.2718360071301248 0.882636655948553 0.2727272727272727 0.887459807073955 0.27450980392156865 0.8938906752411575 0.27540106951871657 0.8987138263665595 0.27807486631016043 0.8987138263665595 0.27807486631016043 0.8922829581993569 0.27807486631016043 0.8858520900321544 0.27629233511586454 0.8810289389067524 0.27450980392156865 0.8762057877813505 0.2727272727272727 0.8794212218649518
8 0.2700534759358289 0.3729903536977492 0.2700534759358289 0.37942122186495175 0.27540106951871657 0.3778135048231511 0.2807486631016043 0.3762057877813505 0.28342245989304815 0.36977491961414793 0.2798573975044563 0.36816720257234725 0.27450980392156865 0.36977491961414793 0.2700534759358289 0.3729903536977492
8 0.29411764705882354 0.45016077170418006 0.2967914438502674 0.4517684887459807 0.2994652406417112 0.44694533762057875 0.2994652406417112 0.44212218649517687 0.2976827094474153 0.43890675241157556 0.29322638146167557 0.4453376205787781 0.29411764705882354 0.45016077170418006
0 0.578176725490196 1 0.5864527629233511 0.8745980707395499 0.5909090909090909 0.8360128617363344 0.5998217468805704 0.747588424437299 0.6185383244206774 0.6318327974276527 0.6354723707664884 0.545016077170418 0.6595365418894831 0.42765273311897106 0.6488413547237076 0.44212218649517687 0.6078431372549019 0.6141479099678456 0.589126559714795 0.7122186495176849 0.5828877005347594 0.752411575562701 0.571301247771836 0.8713826366559485 0.5663411613190731 1 0.578176725490196 1