8 0.1825503355704698 0.48443579766536965 0.18523489932885906 0.49416342412451364 0.17181208053691274 0.4961089494163424 0.1825503355704698 0.5058365758754864 0.20536912751677852 0.5116731517509727 0.2174496644295302 0.5155642023346303 0.22684563758389262 0.519455252918288 0.2295302013422819 0.5097276264591439 0.21879194630872484 0.5 0.20134228187919462 0.490272373540856 0.1906040268456376 0.48443579766536965 0.1825503355704698 0.48443579766536965
8 0.2080536912751678 0.5350194552529183 0.2 0.5233463035019456 0.1825503355704698 0.5252918287937743 0.1906040268456376 0.5350194552529183 0.20268456375838925 0.5486381322957199 0.20536912751677852 0.5583657587548638 0.2214765100671141 0.5680933852140078 0.23087248322147652 0.5778210116731517 0.24295302013422818 0.5836575875486382 0.24295302013422818 0.566147859922179 0.2389261744966443 0.5583657587548638 0.23758389261744967 0.546692607003891 0.22416107382550335 0.5408560311284046 0.2174496644295302 0.5389105058365758 0.2080536912751678 0.5350194552529183
8 0.3422818791946309 0.6186770428015564 0.3476510067114094 0.6342412451361867 0.363758389261745 0.642023346303502 0.36778523489932885 0.6517509727626459 0.37583892617449666 0.6400778210116731 0.374496644295302 0.6206225680933852 0.37583892617449666 0.5992217898832685 0.3731543624161074 0.5836575875486382 0.3624161073825503 0.5836575875486382 0.34630872483221475 0.5778210116731517 0.3436241610738255 0.5953307392996109 0.3422818791946309 0.6186770428015564
8 0.3436241610738255 0.556420233463035 0.3503355704697987 0.5680933852140078 0.3651006711409396 0.566147859922179 0.3731543624161074 0.566147859922179 0.37583892617449666 0.5544747081712063 0.36644295302013424 0.546692607003891 0.35704697986577183 0.546692607003891 0.3476510067114094 0.5447470817120622 0.3436241610738255 0.556420233463035
8 0.3932885906040268 0.603112840466926 0.3959731543624161 0.5914396887159533 0.38523489932885907 0.5894941634241245 0.37718120805369126 0.5992217898832685 0.3865771812080537 0.603112840466926 0.3932885906040268 0.603112840466926
8 0.3865771812080537 0.6498054474708171 0.3812080536912752 0.6653696498054474 0.3865771812080537 0.6731517509727627 0.3959731543624161 0.6653696498054474 0.40268456375838924 0.6556420233463035 0.40671140939597317 0.6381322957198443 0.3946308724832215 0.6284046692607004 0.3825503355704698 0.6264591439688716 0.3812080536912752 0.6381322957198443 0.3865771812080537 0.6498054474708171
8 0.39731543624161075 0.5544747081712063 0.4053691275167785 0.5544747081712063 0.4053691275167785 0.546692607003891 0.39731543624161075 0.5428015564202334 0.38791946308724834 0.5447470817120622 0.38791946308724834 0.556420233463035 0.39731543624161075 0.5544747081712063
8 0.4483221476510067 0.585603112840467 0.4577181208053691 0.585603112840467 0.4697986577181208 0.5817120622568094 0.4697986577181208 0.5719844357976653 0.4577181208053691 0.5739299610894941 0.4429530201342282 0.566147859922179 0.4429530201342282 0.5758754863813229 0.4483221476510067 0.585603112840467
8 0.5812080536912752 0.7587548638132295 0.5892617449664429 0.7529182879377432 0.6 0.754863813229572 0.6053691275167785 0.7684824902723736 0.6067114093959731 0.7782101167315175 0.6093959731543624 0.7879377431906615 0.6120805369127517 0.7996108949416343 0.6201342281879194 0.7976653696498055 0.6335570469798658 0.7937743190661478 0.6416107382550336 0.7879377431906615 0.6416107382550336 0.7782101167315175 0.6322147651006711 0.7840466926070039 0.6241610738255033 0.7821011673151751 0.6161073825503356 0.7723735408560312 0.6120805369127517 0.7529182879377432 0.6080536912751678 0.7373540856031129 0.5932885906040268 0.7373540856031129 0.574496644295302 0.7373540856031129 0.5771812080536913 0.7490272373540856 0.5812080536912752 0.7587548638132295
8 0.6080536912751678 0.8210116731517509 0.614765100671141 0.8190661478599222 0.6120805369127517 0.8093385214007782 0.5973154362416108 0.8073929961089494 0.5959731543624162 0.7996108949416343 0.5932885906040268 0.791828793774319 0.5932885906040268 0.7762645914396887 0.5852348993288591 0.7723735408560312 0.5932885906040268 0.8171206225680934 0.6 0.8171206225680934 0.6080536912751678 0.8210116731517509
8 0.6228187919463087 0.8540856031128404 0.6335570469798658 0.8560311284046692 0.6510067114093959 0.8501945525291829 0.6644295302013423 0.8443579766536965 0.6778523489932886 0.8385214007782101 0.6671140939597315 0.8268482490272373 0.6805369127516778 0.8229571984435797 0.6953020134228188 0.8151750972762646 0.702013422818792 0.8073929961089494 0.6912751677852349 0.8035019455252919 0.6791946308724832 0.8073929961089494 0.6657718120805369 0.8054474708171206 0.6577181208053692 0.8054474708171206 0.6510067114093959 0.8132295719844358 0.6442953020134228 0.8190661478599222 0.6335570469798658 0.8151750972762646 0.6281879194630873 0.8151750972762646 0.6214765100671141 0.8035019455252919 0.614765100671141 0.8151750972762646 0.6134228187919463 0.8287937743190662 0.614765100671141 0.8365758754863813 0.6174496644295302 0.8463035019455253 0.6228187919463087 0.8540856031128404
8 0.6724832214765101 0.7976653696498055 0.6859060402684564 0.7996108949416343 0.6966442953020134 0.7996108949416343 0.7006711409395974 0.7879377431906615 0.6926174496644295 0.7879377431906615 0.6778523489932886 0.7898832684824902 0.661744966442953 0.7859922178988327 0.6496644295302013 0.7782101167315175 0.6496644295302013 0.791828793774319 0.6590604026845638 0.7976653696498055 0.6724832214765101 0.7976653696498055
8 0.3530201342281879 0.4455252918287938 0.35838926174496644 0.4571984435797665 0.35838926174496644 0.4727626459143969 0.35838926174496644 0.4883268482490272 0.3691275167785235 0.4980544747081712 0.3731543624161074 0.48443579766536965 0.374496644295302 0.4669260700389105 0.37718120805369126 0.45330739299610895 0.3691275167785235 0.4474708171206226 0.3530201342281879 0.4455252918287938
8 0.23355704697986576 0.19844357976653695 0.2348993288590604 0.20622568093385213 0.2523489932885906 0.20817120622568094 0.26308724832214764 0.21011673151750973 0.2738255033557047 0.21011673151750973 0.2697986577181208 0.20233463035019456 0.25906040268456376 0.20038910505836577 0.24563758389261744 0.19649805447470817 0.23355704697986576 0.19844357976653695
8 0.2536912751677852 0.22568093385214008 0.26174496644295303 0.22762645914396887 0.2684563758389262 0.2237354085603113 0.26040268456375837 0.2198443579766537 0.25100671140939596 0.2140077821011673 0.24697986577181208 0.22178988326848248 0.2536912751677852 0.22568093385214008
8 0.18523489932885906 0.42217898832684825 0.18120805369127516 0.4143968871595331 0.17315436241610738 0.4163424124513619 0.17986577181208055 0.42412451361867703 0.18523489932885906 0.42217898832684825
3 0.5624161073825503 0.642023346303502 0.5704697986577181 0.6614785992217899 0.5986577181208054 0.7315175097276264 0.6026845637583893 0.7120622568093385 0.6093959731543624 0.6789883268482491 0.6281879194630873 0.6536964980544747 0.636241610738255 0.6400778210116731 0.6268456375838927 0.6108949416342413 0.614765100671141 0.585603112840467 0.6053691275167785 0.5544747081712063 0.5852348993288591 0.5447470817120622 0.5570469798657718 0.5330739299610895 0.5221476510067115 0.6011673151750972 0.5436241610738255 0.622568093385214 0.5624161073825503 0.642023346303502
3 0.6 0.8443579766536965 0.6174496644295302 0.8482490272373541 0.6322147651006711 0.8501945525291829 0.6510067114093959 0.8521400778210116 0.6697986577181209 0.8385214007782101 0.6966442953020134 0.8171206225680934 0.7073825503355705 0.791828793774319 0.6657718120805369 0.7821011673151751 0.6429530201342282 0.7840466926070039 0.6295302013422819 0.7684824902723736 0.6053691275167785 0.7412451361867705 0.5812080536912752 0.7431906614785992 0.5825503355704698 0.7684824902723736 0.5892617449664429 0.7996108949416343 0.6 0.8443579766536965
3 0.3785234899328859 0.566147859922179 0.37986577181208053 0.603112840466926 0.37718120805369126 0.6439688715953308 0.37718120805369126 0.669260700389105 0.3946308724832215 0.6926070038910506 0.4053691275167785 0.6575875486381323 0.4174496644295302 0.6303501945525292 0.425503355704698 0.6089494163424124 0.4469798657718121 0.5933852140077821 0.4604026845637584 0.5933852140077821 0.47114093959731546 0.5933852140077821 0.487248322147651 0.603112840466926 0.48590604026845635 0.5875486381322957 0.4966442953020134 0.5817120622568094 0.5288590604026846 0.5914396887159533 0.5369127516778524 0.5622568093385214 0.5516778523489932 0.5311284046692607 0.5583892617449664 0.5155642023346303 0.5463087248322148 0.5019455252918288 0.5181208053691275 0.49221789883268485 0.5100671140939598 0.47470817120622566 0.487248322147651 0.4571984435797665 0.4671140939597315 0.4474708171206226 0.4483221476510067 0.4474708171206226 0.42013422818791946 0.46303501945525294 0.39731543624161075 0.4883268482490272 0.3812080536912752 0.49221789883268485 0.3812080536912752 0.5038910505836576 0.37986577181208053 0.5272373540856031 0.3785234899328859 0.566147859922179
3 0.3395973154362416 0.5428015564202334 0.3422818791946309 0.5875486381322957 0.3503355704697987 0.6245136186770428 0.3597315436241611 0.6614785992217899 0.3718120805369127 0.6770428015564203 0.37986577181208053 0.5933852140077821 0.37718120805369126 0.5486381322957199 0.3395973154362416 0.5428015564202334
0 0.37986577181208053 0.3521400778210117 0.37583892617449666 0.3326848249027237 0.36778523489932885 0.321011673151751 0.35570469798657717 0.3151750972762646 0.348993288590604 0.29961089494163423 0.348993288590604 0.28793774319066145 0.3409395973154362 0.27431906614785995 0.338255033557047 0.28793774319066145 0.338255033557047 0.29961089494163423 0.3409395973154362 0.3093385214007782 0.3422818791946309 0.3229571984435798 0.3436241610738255 0.33657587548638135 0.3436241610738255 0.3521400778210117 0.3503355704697987 0.3638132295719844 0.35436241610738256 0.3754863813229572 0.35570469798657717 0.38910505836575876 0.35436241610738256 0.40077821011673154 0.35436241610738256 0.4143968871595331 0.3530201342281879 0.4280155642023346 0.3422818791946309 0.4260700389105058 0.33691275167785234 0.4357976653696498 0.34630872483221475 0.44163424124513617 0.35704697986577183 0.44357976653696496 0.36644295302013424 0.4474708171206226 0.3812080536912752 0.4455252918287938 0.3825503355704698 0.42023346303501946 0.3812080536912752 0.3968871595330739 0.3825503355704698 0.36964980544747084 0.37986577181208053 0.3521400778210117