5 0.7031446540880503 0.3612040133779264 0.6742138364779874 0.3511705685618729 0.6628930817610063 0.3377926421404682 0.6528301886792452 0.3210702341137124 0.6452830188679245 0.3010033444816054 0.6477987421383647 0.28595317725752506 0.650314465408805 0.27424749163879597 0.6540880503144654 0.2625418060200669 0.6591194968553459 0.24749163879598662 0.6628930817610063 0.23244147157190637 0.6742138364779874 0.22408026755852842 0.6817610062893081 0.21739130434782608 0.6880503144654088 0.21237458193979933 0.6968553459119496 0.20735785953177258 0.7044025157232704 0.20066889632107024 0.7169811320754716 0.19732441471571907 0.740880503144654 0.1939799331103679 0.7635220125786164 0.20234113712374582 0.7723270440251573 0.205685618729097 0.7761006289308177 0.22073578595317725 0.7748427672955975 0.24749163879598662 0.7710691823899372 0.2792642140468227 0.7685534591194969 0.3076923076923077 0.7672955974842768 0.3311036789297659 0.7660377358490567 0.3511705685618729 0.7584905660377359 0.36454849498327757
6 0.820125786163522 0.6872909698996655 0.8327044025157233 0.6956521739130435 0.8314465408805032 0.705685618729097 0.8251572327044026 0.725752508361204 0.820125786163522 0.7424749163879598 0.8213836477987422 0.7558528428093646 0.8176100628930818 0.7709030100334449 0.8251572327044026 0.774247491638796 0.8213836477987422 0.7909698996655519 0.8138364779874214 0.8010033444816054 0.7987421383647799 0.8110367892976589 0.7823899371069183 0.81438127090301 0.779874213836478 0.7926421404682275 0.8 0.7307692307692307 0.810062893081761 0.7006688963210702
6 0.8025157232704403 0.68561872909699 0.7924528301886793 0.68561872909699 0.7811320754716982 0.6822742474916388 0.7710691823899372 0.697324414715719 0.7610062893081762 0.717391304347826 0.7610062893081762 0.7391304347826086 0.7610062893081762 0.7525083612040134 0.759748427672956 0.7709030100334449 0.7610062893081762 0.7809364548494984 0.7610062893081762 0.7926421404682275 0.7685534591194969 0.7959866220735786 0.7786163522012579 0.7926421404682275 0.8012578616352202 0.7123745819397993
6 0.7333333333333333 0.7391304347826086 0.7459119496855345 0.7491638795986622 0.7433962264150943 0.7709030100334449 0.7421383647798742 0.8043478260869565 0.7358490566037735 0.822742474916388 0.720754716981132 0.8210702341137124 0.7270440251572327 0.8444816053511706 0.7333333333333333 0.8561872909698997 0.7295597484276729 0.8729096989966555 0.7194968553459119 0.8511705685618729 0.7081761006289308 0.8494983277591973 0.7018867924528301 0.8494983277591973 0.6930817610062893 0.8277591973244147 0.7044025157232704 0.8244147157190636 0.730817610062893 0.7675585284280937 0.7270440251572327 0.754180602006689 0.7232704402515723 0.7424749163879598 0.7232704402515723 0.782608695652174 0.7169811320754716 0.7725752508361204 0.7144654088050314 0.7575250836120402 0.7044025157232704 0.7424749163879598 0.70062893081761 0.7508361204013378 0.7031446540880503 0.7608695652173914 0.7081761006289308 0.7709030100334449 0.7119496855345911 0.782608695652174 0.7220125786163522 0.7926421404682275
6 0.7635220125786164 0.8595317725752508 0.769811320754717 0.862876254180602 0.7748427672955975 0.8795986622073578 0.7710691823899372 0.8946488294314381 0.759748427672956 0.8913043478260869 0.7547169811320755 0.8795986622073578 0.7584905660377359 0.8695652173913043
6 0.7433962264150943 0.8494983277591973 0.7522012578616353 0.8612040133779264 0.7509433962264151 0.8745819397993311 0.7459119496855345 0.8862876254180602 0.7396226415094339 0.903010033444816 0.7270440251572327 0.903010033444816 0.7295597484276729 0.8896321070234113 0.7371069182389937 0.8678929765886287
6 0.9522012578616352 0.919732441471572 0.9647798742138365 0.9247491638795987 0.9735849056603774 0.9331103678929766 0.9610062893081761 0.9347826086956522 0.9534591194968554 0.9331103678929766 0.9459119496855346 0.9247491638795987
6 0.9584905660377359 0.9648829431438127 0.9672955974842767 0.959866220735786 0.9861635220125786 0.9682274247491639 0.9949685534591195 0.9765886287625418 0.9987421383647799 0.9849498327759197 0.989937106918239 0.9832775919732442 0.979874213836478 0.9765886287625418 0.969811320754717 0.9749163879598662
6 0.3949685534591195 0.22408026755852842 0.4125786163522013 0.23244147157190637 0.4389937106918239 0.2525083612040134 0.4817610062893082 0.28595317725752506 0.5308176100628931 0.3193979933110368 0.5635220125786163 0.34448160535117056 0.6062893081761006 0.3745819397993311 0.6389937106918239 0.40301003344481606 0.660377358490566 0.42474916387959866 0.6767295597484276 0.44481605351170567 0.670440251572327 0.45819397993311034 0.6477987421383647 0.451505016722408 0.6213836477987421 0.431438127090301 0.6025157232704402 0.4080267558528428 0.5849056603773585 0.38461538461538464 0.5610062893081761 0.3712374581939799 0.5421383647798742 0.3612040133779264 0.5270440251572327 0.34615384615384615 0.5044025157232704 0.32608695652173914 0.4767295597484277 0.3093645484949833 0.4578616352201258 0.29264214046822745 0.4389937106918239 0.2792642140468227 0.42515723270440253 0.26755852842809363 0.4138364779874214 0.2525083612040134 0.4025157232704403 0.24247491638795987
6 0.38113207547169814 0.4916387959866221 0.39245283018867927 0.4916387959866221 0.4037735849056604 0.49498327759197325 0.41132075471698115 0.5083612040133779 0.4125786163522013 0.5183946488294314 0.40628930817610065 0.5183946488294314 0.39622641509433965 0.5117056856187291 0.3886792452830189 0.5066889632107023
6 0.33584905660377357 0.43812709030100333 0.34088050314465407 0.44481605351170567 0.3433962264150943 0.45819397993311034 0.3371069182389937 0.4531772575250836
6 0.43144654088050316 0.5351170568561873 0.44025157232704404 0.5418060200668896 0.4440251572327044 0.5535117056856187 0.43522012578616354 0.5535117056856187 0.43144654088050316 0.5451505016722408
6 0.3132075471698113 0.22073578595317725 0.3182389937106918 0.22742474916387959 0.31949685534591193 0.24414715719063546 0.32075471698113206 0.2508361204013378 0.3283018867924528 0.25418060200668896 0.3383647798742138 0.2625418060200669 0.33081761006289306 0.27591973244147155 0.3333333333333333 0.28595317725752506 0.3371069182389937 0.30267558528428096 0.3383647798742138 0.32608695652173914 0.34088050314465407 0.3511705685618729 0.34088050314465407 0.362876254180602 0.3433962264150943 0.3779264214046823 0.33459119496855344 0.3745819397993311 0.33081761006289306 0.35785953177257523 0.3270440251572327 0.3311036789297659 0.3220125786163522 0.3010033444816054 0.3182389937106918 0.2709030100334448 0.31446540880503143 0.2525083612040134 0.30943396226415093 0.23411371237458195
6 0.3182389937106918 0.27591973244147155 0.3081761006289308 0.23244147157190637 0.30440251572327043 0.2692307692307692 0.2968553459119497 0.26588628762541805 0.2981132075471698 0.2725752508361204 0.3031446540880503 0.2826086956521739 0.3018867924528302 0.2909698996655518 0.3081761006289308 0.3010033444816054 0.31069182389937106 0.31270903010033446 0.3132075471698113 0.3177257525083612 0.3169811320754717 0.3210702341137124 0.31949685534591193 0.32608695652173914 0.32075471698113206 0.33444816053511706 0.32075471698113206 0.342809364548495 0.3220125786163522 0.3528428093645485 0.32452830188679244 0.362876254180602 0.3283018867924528 0.3729096989966555 0.33081761006289306 0.3762541806020067 0.33081761006289306 0.36622073578595316 0.32578616352201256 0.3411371237458194 0.3220125786163522 0.3193979933110368 0.32075471698113206 0.2993311036789298
6 0.3069182389937107 0.18394648829431437 0.30566037735849055 0.18729096989966554 0.30566037735849055 0.1956521739130435 0.3031446540880503 0.1956521739130435 0.2981132075471698 0.18729096989966554 0.2943396226415094 0.1806020066889632 0.29056603773584905 0.17391304347826086 0.2842767295597484 0.16555183946488294 0.28050314465408804 0.16220735785953178 0.27672955974842767 0.16220735785953178 0.2729559748427673 0.16220735785953178 0.27044025157232704 0.16387959866220736 0.27169811320754716 0.1705685618729097 0.27672955974842767 0.17558528428093645 0.28050314465408804 0.18227424749163879 0.2830188679245283 0.19230769230769232 0.2880503144654088 0.20066889632107024 0.2918238993710692 0.20903010033444816 0.2981132075471698 0.21906354515050167 0.3031446540880503 0.22742474916387959 0.30440251572327043 0.23244147157190637 0.3069182389937107 0.23578595317725753 0.3081761006289308 0.23244147157190637 0.30943396226415093 0.22742474916387959 0.30943396226415093 0.21070234113712374 0.30943396226415093 0.20066889632107024
6 0.16855345911949685 0.1488294314381271 0.17358490566037735 0.1588628762541806 0.1761006289308176 0.16387959866220736 0.18238993710691823 0.17391304347826086 0.18742138364779873 0.18394648829431437 0.19245283018867926 0.19732441471571907 0.19748427672955976 0.20735785953177258 0.2 0.21906354515050167 0.1949685534591195 0.21070234113712374 0.18867924528301888 0.20066889632107024 0.18364779874213835 0.19230769230769232 0.17735849056603772 0.18561872909698995 0.17358490566037735 0.17892976588628762 0.17232704402515722 0.1705685618729097 0.1710691823899371 0.16387959866220736 0.16855345911949685 0.15719063545150502
6 0.1220125786163522 0.05518394648829431 0.11949685534591195 0.06020066889632107 0.11949685534591195 0.07023411371237458 0.11320754716981132 0.06856187290969899 0.11320754716981132 0.07357859531772576 0.11320754716981132 0.08193979933110368 0.10943396226415095 0.08528428093645485 0.11069182389937107 0.09364548494983277 0.11446540880503145 0.09866220735785954 0.11949685534591195 0.1020066889632107 0.12327044025157233 0.10033444816053512 0.12452830188679245 0.09698996655518395 0.12830188679245283 0.08862876254180602 0.13081761006289308 0.09531772575250837 0.13459119496855346 0.09531772575250837 0.13584905660377358 0.10033444816053512 0.13962264150943396 0.11036789297658862 0.14339622641509434 0.12374581939799331 0.1459119496855346 0.13377926421404682 0.1471698113207547 0.14381270903010032 0.1509433962264151 0.15719063545150502 0.1559748427672956 0.1688963210702341 0.15974842767295597 0.17892976588628762 0.16477987421383647 0.18394648829431437 0.1660377358490566 0.17725752508361203 0.16226415094339622 0.16387959866220736 0.15723270440251572 0.1454849498327759 0.15220125786163521 0.12709030100334448 0.1471698113207547 0.11371237458193979 0.1421383647798742 0.10033444816053512 0.13584905660377358 0.08862876254180602 0.13081761006289308 0.0802675585284281 0.1270440251572327 0.07525083612040134 0.12452830188679245 0.06521739130434782 0.12452830188679245 0.05852842809364549
3 0.2578616352201258 0.1505016722408027 0.2779874213836478 0.19230769230769232 0.2943396226415094 0.22909698996655517 0.2943396226415094 0.25418060200668896 0.2968553459119497 0.2792642140468227 0.3081761006289308 0.3093645484949833 0.3169811320754717 0.34615384615384615 0.27672955974842767 0.2959866220735786 0.23773584905660378 0.225752508361204 0.22767295597484277 0.17558528428093645 0.21257861635220127 0.1588628762541806 0.21635220125786164 0.12374581939799331 0.2339622641509434 0.1254180602006689
3 0.3383647798742138 0.2040133779264214 0.32578616352201256 0.19063545150501673 0.31949685534591193 0.17558528428093645 0.32955974842767294 0.16555183946488294 0.3484276729559748 0.16387959866220736 0.3584905660377358 0.17892976588628762 0.36981132075471695 0.19230769230769232 0.379874213836478 0.205685618729097 0.389937106918239 0.2140468227424749 0.4 0.225752508361204 0.3937106918238994 0.23745819397993312 0.37484276729559746 0.23411371237458195 0.3723270440251572 0.21906354515050167 0.3635220125786163 0.2040133779264214 0.34591194968553457 0.19732441471571907
3 0.39119496855345914 0.27759197324414714 0.4025157232704403 0.29264214046822745 0.41509433962264153 0.3177257525083612 0.4276729559748428 0.35451505016722407 0.44528301886792454 0.3729096989966555 0.46163522012578617 0.39464882943143814 0.48050314465408805 0.41304347826086957 0.49559748427672956 0.42642140468227424 0.519496855345912 0.431438127090301 0.5383647798742138 0.4214046822742475 0.5534591194968553 0.39464882943143814 0.5471698113207547 0.3745819397993311 0.5345911949685535 0.3612040133779264 0.5169811320754717 0.34615384615384615 0.5006289308176101 0.3377926421404682 0.48930817610062893 0.32441471571906355 0.47044025157232705 0.31270903010033446 0.4440251572327044 0.2959866220735786 0.4327044025157233 0.2826086956521739 0.42012578616352203 0.26588628762541805 0.4125786163522013 0.25752508361204013 0.4 0.24247491638795987 0.38742138364779877 0.2391304347826087
3 0.36855345911949683 0.3411371237458194 0.39119496855345914 0.36622073578595316 0.4088050314465409 0.411371237458194 0.42515723270440253 0.4498327759197324 0.4477987421383648 0.47491638795986624 0.4389937106918239 0.5150501672240803 0.41132075471698115 0.5066889632107023 0.39622641509433965 0.4866220735785953 0.379874213836478 0.46153846153846156 0.3635220125786163 0.43812709030100333 0.35471698113207545 0.4297658862876254 0.35471698113207545 0.4013377926421405 0.35974842767295595 0.3712374581939799
6 0.5081761006289308 0.33612040133779264 0.5106918238993711 0.3411371237458194 0.5182389937106918 0.3494983277591973 0.5245283018867924 0.362876254180602 0.5308176100628931 0.3762541806020067 0.5371069182389937 0.3896321070234114 0.5446540880503145 0.3996655518394649 0.5522012578616352 0.4180602006688963 0.5622641509433962 0.4414715719063545 0.5748427672955975 0.4665551839464883 0.5874213836477987 0.49331103678929766 0.6 0.5183946488294314 0.6138364779874214 0.5418060200668896 0.6213836477987421 0.5618729096989966 0.6163522012578616 0.5618729096989966 0.6062893081761006 0.5451505016722408 0.5974842767295597 0.5317725752508361 0.5836477987421383 0.5016722408026756 0.5773584905660377 0.4816053511705686 0.5647798742138365 0.459866220735786 0.5547169811320755 0.43478260869565216 0.5421383647798742 0.4096989966555184 0.5345911949685535 0.3979933110367893 0.5232704402515723 0.3745819397993311 0.5132075471698113 0.35785953177257523 0.4981132075471698 0.3277591973244147 0.49559748427672956 0.3193979933110368 0.5031446540880503 0.3277591973244147 0.5044025157232704 0.3311036789297659
6 0.5710691823899371 0.3762541806020067 0.5786163522012578 0.391304347826087 0.5861635220125786 0.40301003344481606 0.5962264150943396 0.4180602006688963 0.6037735849056604 0.431438127090301 0.610062893081761 0.44648829431438125 0.6176100628930817 0.46153846153846156 0.6251572327044025 0.47157190635451507 0.6339622641509434 0.4882943143812709 0.6477987421383647 0.5066889632107023 0.6490566037735849 0.5150501672240803 0.6427672955974842 0.5083612040133779 0.6352201257861635 0.4983277591973244 0.6276729559748427 0.4866220735785953 0.620125786163522 0.4765886287625418 0.610062893081761 0.46153846153846156 0.5937106918238994 0.431438127090301 0.5849056603773585 0.41304347826086957 0.5773584905660377 0.40301003344481606 0.5748427672955975 0.3963210702341137 0.569811320754717 0.3862876254180602 0.5660377358490566 0.3745819397993311
8 0.47924528301886793 0.4498327759197324 0.4867924528301887 0.4665551839464883 0.49056603773584906 0.479933110367893 0.4981132075471698 0.4899665551839465 0.5018867924528302 0.5016722408026756 0.5044025157232704 0.5150501672240803 0.5081761006289308 0.5250836120401338 0.5081761006289308 0.5334448160535117 0.49937106918238994 0.5167224080267558 0.49433962264150944 0.5033444816053512 0.49056603773584906 0.4882943143812709 0.48553459119496856 0.4765886287625418 0.4830188679245283 0.46488294314381273 0.48050314465408805 0.45652173913043476
6 0.42641509433962266 0.391304347826087 0.4327044025157233 0.40301003344481606 0.4389937106918239 0.41638795986622074 0.4440251572327044 0.431438127090301 0.45031446540880504 0.44481605351170567 0.4540880503144654 0.459866220735786 0.4591194968553459 0.47157190635451507 0.46540880503144655 0.4816053511705686 0.4691823899371069 0.4916387959866221 0.4742138364779874 0.5050167224080268 0.4691823899371069 0.5033444816053512 0.4641509433962264 0.4882943143812709 0.4578616352201258 0.4782608695652174 0.4528301886792453 0.4665551839464883 0.4490566037735849 0.45484949832775917 0.4440251572327044 0.4414715719063545 0.43522012578616354 0.42642140468227424 0.4327044025157233 0.411371237458194 0.42641509433962266 0.4013377926421405
6 0.7610062893081762 0.717391304347826 0.7509433962264151 0.717391304347826 0.7433962264150943 0.7090301003344481 0.740880503144654 0.6989966555183946 0.7320754716981132 0.6839464882943144 0.7295597484276729 0.6906354515050167 0.7358490566037735 0.7023411371237458 0.7396226415094339 0.7190635451505016 0.7333333333333333 0.7240802675585284 0.7257861635220125 0.7207357859531772 0.7194968553459119 0.7207357859531772 0.7132075471698113 0.7224080267558528 0.7194968553459119 0.7274247491638796 0.740880503144654 0.7307692307692307 0.7459119496855345 0.7341137123745819 0.7509433962264151 0.7441471571906354 0.7584905660377359 0.7591973244147158 0.759748427672956 0.745819397993311 0.7559748427672957 0.7357859531772575 0.7534591194968554 0.7290969899665551
6 0.7886792452830189 0.8193979933110368 0.7962264150943397 0.8361204013377926 0.8 0.8528428093645485 0.8062893081761007 0.8729096989966555 0.8125786163522013 0.8929765886287625 0.8163522012578617 0.9130434782608695 0.8238993710691824 0.9264214046822743 0.8264150943396227 0.9364548494983278 0.8226415094339623 0.9431438127090301 0.8163522012578617 0.9264214046822743 0.8062893081761007 0.9013377926421404 0.8037735849056604 0.8795986622073578 0.7974842767295598 0.8612040133779264 0.7937106918238994 0.8461538461538461 0.7874213836477988 0.8311036789297659 0.7823899371069183 0.8127090301003345
6 0.8754716981132076 0.8561872909698997 0.8867924528301887 0.8745819397993311 0.8905660377358491 0.8929765886287625 0.8943396226415095 0.9063545150501672 0.8918238993710692 0.882943143812709 0.8842767295597485 0.8595317725752508
8 0.10566037735849057 0.05351170568561873 0.1069182389937107 0.05852842809364549 0.10817610062893082 0.06688963210702341 0.1119496855345912 0.07357859531772576 0.11446540880503145 0.08193979933110368 0.11320754716981132 0.08695652173913043 0.11069182389937107 0.08193979933110368 0.10817610062893082 0.07692307692307693 0.10817610062893082 0.07190635451505016 0.10440251572327044 0.06521739130434782
8 0.1069182389937107 0.08862876254180602 0.10943396226415095 0.09531772575250837 0.11069182389937107 0.1020066889632107 0.11446540880503145 0.11036789297658862 0.1169811320754717 0.11705685618729098 0.11949685534591195 0.12374581939799331 0.12075471698113208 0.13043478260869565 0.12327044025157233 0.13712374581939799 0.12452830188679245 0.14715719063545152 0.1270440251572327 0.15384615384615385 0.1270440251572327 0.16555183946488294 0.12830188679245283 0.17391304347826086 0.12955974842767295 0.17892976588628762 0.12955974842767295 0.18227424749163879 0.1270440251572327 0.17892976588628762 0.12578616352201258 0.17391304347826086 0.12327044025157233 0.1688963210702341 0.12327044025157233 0.1605351170568562 0.1220125786163522 0.15551839464882944 0.1220125786163522 0.1505016722408027 0.12075471698113208 0.14381270903010032 0.12075471698113208 0.13879598662207357 0.11949685534591195 0.13377926421404682 0.1169811320754717 0.12709030100334448 0.1169811320754717 0.12207357859531773 0.11446540880503145 0.11705685618729098 0.1119496855345912 0.11204013377926421 0.11069182389937107 0.10869565217391304 0.10943396226415095 0.10535117056856187 0.10817610062893082 0.10033444816053512 0.1069182389937107 0.09698996655518395 0.1069182389937107 0.09364548494983277 0.10440251572327044 0.0903010033444816
8 0.5132075471698113 0.44481605351170567 0.5169811320754717 0.4498327759197324 0.519496855345912 0.45484949832775917 0.5220125786163522 0.46321070234113715 0.5245283018867924 0.47157190635451507 0.5283018867924528 0.479933110367893 0.5320754716981132 0.4882943143812709 0.5371069182389937 0.49331103678929766 0.5408805031446541 0.5033444816053512 0.5345911949685535 0.5050167224080268 0.5308176100628931 0.4983277591973244 0.5283018867924528 0.4882943143812709 0.5245283018867924 0.4816053511705686 0.5220125786163522 0.47491638795986624 0.519496855345912 0.4682274247491639 0.5169811320754717 0.46153846153846156 0.5144654088050314 0.45484949832775917 0.5132075471698113 0.4498327759197324 0.5106918238993711 0.44481605351170567
8 0.4490566037735849 0.45484949832775917 0.4528301886792453 0.46153846153846156 0.45660377358490567 0.4698996655518395 0.4591194968553459 0.4782608695652174 0.4628930817610063 0.4866220735785953 0.4641509433962264 0.49498327759197325 0.47044025157232705 0.5016722408026756 0.4716981132075472 0.5133779264214047 0.4742138364779874 0.520066889632107 0.47044025157232705 0.520066889632107 0.4666666666666667 0.5133779264214047 0.4641509433962264 0.5066889632107023 0.46163522012578617 0.5016722408026756 0.46037735849056605 0.49498327759197325 0.4591194968553459 0.4899665551839465 0.45660377358490567 0.48327759197324416 0.45534591194968554 0.479933110367893 0.4528301886792453 0.47157190635451507 0.45031446540880504 0.4682274247491639 0.4490566037735849 0.46321070234113715 0.4477987421383648 0.45819397993311034
8 0.7194968553459119 0.81438127090301 0.7245283018867924 0.822742474916388 0.7270440251572327 0.8327759197324415 0.7295597484276729 0.8411371237458194 0.7333333333333333 0.8461538461538461 0.7358490566037735 0.8561872909698997 0.7396226415094339 0.8695652173913043 0.7446540880503144 0.8779264214046822 0.7471698113207547 0.8896321070234113 0.7433962264150943 0.8963210702341137 0.7396226415094339 0.8862876254180602 0.7358490566037735 0.8762541806020067 0.7333333333333333 0.8662207357859532 0.7295597484276729 0.8561872909698997 0.7257861635220125 0.8461538461538461 0.7232704402515723 0.8344481605351171 0.720754716981132 0.8244147157190636 0.7194968553459119 0.8193979933110368
8 0.7509433962264151 0.8929765886287625 0.7522012578616353 0.9046822742474916 0.7559748427672957 0.9147157190635451 0.7584905660377359 0.9230769230769231 0.759748427672956 0.9331103678929766 0.7622641509433963 0.9431438127090301 0.7647798742138365 0.9531772575250836 0.7635220125786164 0.9615384615384616 0.7584905660377359 0.9548494983277592 0.7547169811320755 0.9431438127090301 0.7509433962264151 0.9297658862876255 0.7484276729559748 0.919732441471572 0.7471698113207547 0.9113712374581939 0.7471698113207547 0.9046822742474916 0.7471698113207547 0.8979933110367893
8 0.7823899371069183 0.8110367892976589 0.7861635220125787 0.8177257525083612 0.7886792452830189 0.822742474916388 0.7911949685534592 0.8327759197324415 0.7924528301886793 0.8411371237458194 0.7937106918238994 0.8511705685618729 0.7886792452830189 0.8461538461538461 0.7861635220125787 0.8361204013377926 0.7836477987421384 0.8260869565217391 0.7811320754716982 0.8193979933110368
8 0.879245283018868 0.8494983277591973 0.8855345911949686 0.8595317725752508 0.889308176100629 0.8678929765886287 0.8930817610062893 0.8779264214046822 0.8943396226415095 0.8846153846153846 0.8955974842767296 0.8979933110367893 0.8981132075471698 0.9063545150501672 0.8930817610062893 0.9046822742474916 0.8918238993710692 0.8963210702341137 0.8880503144654088 0.8846153846153846 0.8880503144654088 0.8729096989966555 0.8855345911949686 0.8678929765886287 0.8805031446540881 0.8595317725752508 0.8754716981132076 0.8528428093645485
8 0.7333333333333333 0.7374581939799331 0.7396226415094339 0.7441471571906354 0.7433962264150943 0.754180602006689 0.7471698113207547 0.7591973244147158 0.7509433962264151 0.7658862876254181 0.7534591194968554 0.7709030100334449 0.7559748427672957 0.7759197324414716 0.7572327044025158 0.7859531772575251 0.7572327044025158 0.7926421404682275 0.759748427672956 0.8010033444816054 0.7547169811320755 0.7976588628762542 0.7496855345911949 0.7909698996655519 0.7433962264150943 0.782608695652174 0.7459119496855345 0.7809364548494984 0.7345911949685534 0.7642140468227425 0.7333333333333333 0.7558528428093646 0.730817610062893 0.7508361204013378 0.7383647798742138 0.7558528428093646 0.7383647798742138 0.7575250836120402 0.7421383647798742 0.7675585284280937 0.7534591194968554 0.7842809364548495 0.7484276729559748 0.7759197324414716 0.7459119496855345 0.7675585284280937
8 0.8490566037735849 0.9013377926421404 0.8540880503144654 0.8996655518394648 0.8578616352201258 0.8996655518394648 0.8628930817610063 0.8996655518394648 0.8666666666666667 0.9013377926421404 0.8679245283018868 0.9046822742474916 0.8641509433962264 0.9046822742474916 0.8603773584905661 0.9046822742474916 0.8566037735849057 0.9046822742474916 0.8528301886792453 0.9046822742474916 0.8490566037735849 0.9046822742474916
8 0.9471698113207547 0.9214046822742475 0.9534591194968554 0.9214046822742475 0.9584905660377359 0.9247491638795987 0.9635220125786164 0.9280936454849499 0.9685534591194969 0.9264214046822743 0.9735849056603774 0.931438127090301 0.9773584905660377 0.9381270903010034 0.9811320754716981 0.9448160535117057 0.9823899371069182 0.9515050167224081 0.9874213836477987 0.9615384615384616 0.989937106918239 0.9682274247491639 0.9924528301886792 0.9765886287625418 0.9911949685534591 0.9816053511705686 0.9849056603773585 0.979933110367893 0.9811320754716981 0.9782608695652174 0.9735849056603774 0.9749163879598662 0.969811320754717 0.9732441471571907 0.9635220125786164 0.9698996655518395 0.9622641509433962 0.9615384615384616 0.9672955974842767 0.9615384615384616 0.9710691823899371 0.9665551839464883 0.9773584905660377 0.9682274247491639 0.9811320754716981 0.9715719063545151 0.9849056603773585 0.9732441471571907 0.979874213836478 0.9648829431438127 0.9773584905660377 0.9565217391304348 0.9735849056603774 0.9498327759197325 0.969811320754717 0.9414715719063546 0.9647798742138365 0.9381270903010034 0.9622641509433962 0.9381270903010034 0.9572327044025157 0.9364548494983278 0.9534591194968554 0.9331103678929766 0.949685534591195 0.931438127090301 0.9446540880503145 0.9280936454849499 0.9421383647798742 0.9214046822742475
8 0.9886792452830189 0.9682274247491639 0.9823899371069182 0.9565217391304348 0.9786163522012579 0.9431438127090301 0.9735849056603774 0.931438127090301 0.9685534591194969 0.9247491638795987 0.9723270440251572 0.9381270903010034 0.9761006289308176 0.9498327759197325 0.9836477987421384 0.9648829431438127
8 0.8440251572327044 0.6421404682274248 0.8503144654088051 0.6471571906354515 0.8528301886792453 0.6538461538461539 0.8553459119496856 0.6605351170568562 0.8591194968553459 0.6672240802675585 0.8628930817610063 0.6739130434782609 0.8628930817610063 0.6789297658862876 0.8591194968553459 0.6789297658862876 0.8553459119496856 0.6755852842809364 0.8528301886792453 0.6705685618729097 0.8515723270440252 0.6655518394648829 0.8503144654088051 0.6605351170568562 0.8465408805031447 0.657190635451505 0.8452830188679246 0.6521739130434783 0.8427672955974843 0.6471571906354515
8 0.9622641509433962 0.8963210702341137 0.9572327044025157 0.8779264214046822 0.9509433962264151 0.8645484949832776 0.9471698113207547 0.8545150501672241 0.9433962264150944 0.842809364548495 0.9358490566037736 0.8344481605351171 0.929559748427673 0.8311036789297659 0.9345911949685535 0.8411371237458194 0.9421383647798742 0.8494983277591973 0.9459119496855346 0.8612040133779264 0.9509433962264151 0.8729096989966555 0.9584905660377359 0.8862876254180602
8 0.39245283018867927 0.22408026755852842 0.39748427672955977 0.23076923076923078 0.4025157232704403 0.23578595317725753 0.4125786163522013 0.2491638795986622 0.41635220125786165 0.2591973244147157 0.4037735849056604 0.24749163879598662 0.39622641509433965 0.2391304347826087
8 0.8628930817610063 0.6739130434782609 0.8591194968553459 0.6655518394648829 0.8566037735849057 0.6588628762541806 0.8528301886792453 0.6521739130434783 0.8490566037735849 0.6471571906354515 0.8440251572327044 0.6538461538461539 0.8427672955974843 0.6605351170568562 0.8465408805031447 0.6672240802675585 0.8515723270440252 0.6688963210702341 0.8566037735849057 0.6739130434782609 0.8578616352201258 0.6872909698996655
8 0.4075471698113208 0.23411371237458195 0.41635220125786165 0.24247491638795987 0.42138364779874216 0.2491638795986622 0.42515723270440253 0.2591973244147157 0.4327044025157233 0.26588628762541805 0.4289308176100629 0.26755852842809363 0.42515723270440253 0.26588628762541805 0.4226415094339623 0.2625418060200669 0.42012578616352203 0.25585284280936454 0.4188679245283019 0.2525083612040134 0.41635220125786165 0.2491638795986622 0.4138364779874214 0.24749163879598662 0.41132075471698115 0.24247491638795987 0.4088050314465409 0.2391304347826087
8 0.720754716981132 0.7876254180602007 0.7157232704402515 0.7709030100334449 0.710691823899371 0.7558528428093646 0.7056603773584905 0.745819397993311 0.6918238993710691 0.7207357859531772 0.6893081761006289 0.7090301003344481 0.6842767295597484 0.7023411371237458 0.6855345911949685 0.7123745819397993 0.690566037735849 0.725752508361204 0.6955974842767295 0.7374581939799331 0.7018867924528301 0.7474916387959866 0.7056603773584905 0.7558528428093646 0.7094339622641509 0.7642140468227425 0.7157232704402515 0.7775919732441472
8 0.41635220125786165 0.23578595317725753 0.42138364779874216 0.2408026755852843 0.4238993710691824 0.24414715719063546 0.42641509433962266 0.24749163879598662 0.43018867924528303 0.2508361204013378 0.43144654088050316 0.25418060200668896 0.43647798742138366 0.2591973244147157 0.4389937106918239 0.26421404682274247 0.44025157232704404 0.26755852842809363 0.44025157232704404 0.2725752508361204 0.4427672955974843 0.27591973244147155 0.4377358490566038 0.27591973244147155 0.43522012578616354 0.2725752508361204 0.43522012578616354 0.26755852842809363 0.43144654088050316 0.2608695652173913 0.4289308176100629 0.25752508361204013 0.4276729559748428 0.25418060200668896 0.42515723270440253 0.2508361204013378 0.4226415094339623 0.24749163879598662 0.42138364779874216 0.24414715719063546 0.4188679245283019 0.2408026755852843 0.4176100628930818 0.2391304347826087
8 0.7559748427672957 0.9448160535117057 0.7559748427672957 0.931438127090301 0.7522012578616353 0.9180602006688964 0.7484276729559748 0.9096989966555183 0.7459119496855345 0.903010033444816 0.740880503144654 0.9113712374581939 0.7433962264150943 0.919732441471572 0.7484276729559748 0.9214046822742475 0.7509433962264151 0.9280936454849499 0.7547169811320755 0.9364548494983278
8 0.43144654088050316 0.24749163879598662 0.43522012578616354 0.2508361204013378 0.4389937106918239 0.25585284280936454 0.44150943396226416 0.25752508361204013 0.4440251572327044 0.2608695652173913 0.44654088050314467 0.2625418060200669 0.4490566037735849 0.26588628762541805 0.45157232704402517 0.2692307692307692 0.4540880503144654 0.2725752508361204 0.45534591194968554 0.27424749163879597 0.45157232704402517 0.27591973244147155 0.4477987421383648 0.2709030100334448 0.4440251572327044 0.26755852842809363 0.44025157232704404 0.2608695652173913 0.4377358490566038 0.2591973244147157 0.43647798742138366 0.25585284280936454
8 0.8767295597484277 0.8795986622073578 0.8716981132075472 0.8795986622073578 0.8704402515723271 0.882943143812709 0.8729559748427673 0.8846153846153846 0.8754716981132076 0.8846153846153846 0.8779874213836478 0.8812709030100334
8 0.4540880503144654 0.26588628762541805 0.4578616352201258 0.2692307692307692 0.46163522012578617 0.2725752508361204 0.4628930817610063 0.27591973244147155 0.4666666666666667 0.2792642140468227 0.4666666666666667 0.2842809364548495 0.4641509433962264 0.28595317725752506 0.46163522012578617 0.2826086956521739 0.4591194968553459 0.2792642140468227 0.4578616352201258 0.27591973244147155 0.4540880503144654 0.2692307692307692
8 0.9018867924528302 0.9013377926421404 0.89937106918239 0.8879598662207357 0.8955974842767296 0.8779264214046822 0.8930817610062893 0.8662207357859532 0.8867924528301887 0.8528428093645485 0.8805031446540881 0.8344481605351171 0.879245283018868 0.8411371237458194 0.8830188679245283 0.8494983277591973 0.8867924528301887 0.8612040133779264 0.8918238993710692 0.8729096989966555 0.8955974842767296 0.882943143812709 0.8981132075471698 0.8929765886287625
8 0.46037735849056605 0.26588628762541805 0.4641509433962264 0.2709030100334448 0.4691823899371069 0.27591973244147155 0.4716981132075472 0.2792642140468227 0.47547169811320755 0.2826086956521739 0.47924528301886793 0.2842809364548495 0.4817610062893082 0.28929765886287623 0.48553459119496856 0.29264214046822745 0.4880503144654088 0.2976588628762542 0.4918238993710692 0.3060200668896321 0.49559748427672956 0.31270903010033446 0.49937106918238994 0.3193979933110368 0.5031446540880503 0.3277591973244147 0.5081761006289308 0.33277591973244147 0.5094339622641509 0.3377926421404682 0.5132075471698113 0.342809364548495 0.5132075471698113 0.3494983277591973 0.5094339622641509 0.34615384615384615 0.5056603773584906 0.342809364548495 0.5031446540880503 0.3377926421404682 0.5018867924528302 0.33277591973244147 0.4981132075471698 0.32608695652173914 0.49559748427672956 0.3210702341137124 0.4930817610062893 0.3177257525083612 0.48930817610062893 0.31270903010033446 0.4880503144654088 0.3076923076923077 0.48427672955974843 0.30434782608695654 0.4817610062893082 0.2993311036789298 0.47924528301886793 0.29431438127090304 0.4767295597484277 0.29264214046822745 0.4742138364779874 0.2909698996655518 0.4729559748427673 0.28595317725752506 0.47044025157232705 0.2842809364548495 0.4691823899371069 0.2809364548494983 0.46037735849056605 0.2692307692307692
8 0.6566037735849056 0.6471571906354515 0.6540880503144654 0.6404682274247492 0.650314465408805 0.6337792642140468 0.6477987421383647 0.6287625418060201 0.6440251572327044 0.6304347826086957 0.6465408805031446 0.637123745819398 0.6490566037735849 0.6404682274247492 0.6515723270440251 0.6454849498327759 0.6553459119496855 0.6505016722408027
8 0.529559748427673 0.3093645484949833 0.5345911949685535 0.31605351170568563 0.539622641509434 0.32441471571906355 0.5446540880503145 0.33277591973244147 0.549685534591195 0.3411371237458194 0.5559748427672956 0.34782608695652173 0.5584905660377358 0.3528428093645485 0.5610062893081761 0.3595317725752508 0.5660377358490566 0.36622073578595316 0.5685534591194968 0.3729096989966555 0.5723270440251572 0.3795986622073579 0.5761006289308176 0.38461538461538464 0.5786163522012578 0.3896321070234114 0.5823899371069182 0.39464882943143814 0.5849056603773585 0.3996655518394649 0.5861635220125786 0.40468227424749165 0.589937106918239 0.4096989966555184 0.5937106918238994 0.41471571906354515 0.5949685534591195 0.4197324414715719 0.6 0.42642140468227424 0.6037735849056604 0.4331103678929766 0.6075471698113207 0.4397993311036789 0.6113207547169811 0.44648829431438125 0.6138364779874214 0.451505016722408 0.6163522012578616 0.45652173913043476 0.6188679245283019 0.46153846153846156 0.6213836477987421 0.4665551839464883 0.6238993710691824 0.47157190635451507 0.6276729559748427 0.4765886287625418 0.630188679245283 0.479933110367893 0.6327044025157232 0.4866220735785953 0.6352201257861635 0.4899665551839465 0.6377358490566037 0.49498327759197325 0.640251572327044 0.5 0.6427672955974842 0.5066889632107023 0.6452830188679245 0.5117056856187291 0.6490566037735849 0.5167224080267558 0.6528301886792452 0.5250836120401338 0.6566037735849056 0.5351170568561873 0.6616352201257861 0.5468227424749164 0.6666666666666666 0.5568561872909699 0.6729559748427673 0.5702341137123745 0.6716981132075471 0.5752508361204013 0.6691823899371069 0.5702341137123745 0.6679245283018868 0.5652173913043478 0.6641509433962264 0.560200668896321 0.6616352201257861 0.5518394648829431 0.6566037735849056 0.5484949832775919 0.6553459119496855 0.5434782608695652 0.6528301886792452 0.5384615384615384 0.650314465408805 0.5317725752508361 0.6465408805031446 0.5250836120401338 0.6440251572327044 0.520066889632107 0.640251572327044 0.5133779264214047 0.6377358490566037 0.5100334448160535 0.6364779874213836 0.5033444816053512 0.6339622641509434 0.49665551839464883 0.630188679245283 0.49331103678929766 0.6289308176100629 0.4882943143812709 0.6251572327044025 0.48494983277591974 0.6238993710691824 0.479933110367893 0.6213836477987421 0.47491638795986624 0.6188679245283019 0.47157190635451507 0.6163522012578616 0.4665551839464883 0.6138364779874214 0.459866220735786 0.6113207547169811 0.45652173913043476 0.6088050314465409 0.451505016722408 0.6062893081761006 0.44481605351170567 0.6037735849056604 0.4397993311036789 0.6 0.43645484949832775 0.5987421383647799 0.431438127090301 0.5962264150943396 0.4280936454849498 0.5924528301886792 0.4230769230769231 0.5911949685534591 0.4180602006688963 0.5874213836477987 0.41471571906354515 0.5861635220125786 0.411371237458194 0.5836477987421383 0.4080267558528428 0.5811320754716981 0.40468227424749165 0.579874213836478 0.3996655518394649 0.5773584905660377 0.3963210702341137
8 0.6427672955974842 0.6321070234113713 0.6364779874213836 0.6337792642140468 0.6327044025157232 0.6337792642140468 0.6276729559748427 0.6337792642140468 0.6188679245283019 0.637123745819398 0.6138364779874214 0.6387959866220736 0.610062893081761 0.6404682274247492 0.6138364779874214 0.6438127090301003 0.6188679245283019 0.6421404682274248 0.6251572327044025 0.6404682274247492 0.6314465408805031 0.6404682274247492 0.6377358490566037 0.6387959866220736
8 0.5257861635220126 0.31438127090301005 0.529559748427673 0.3177257525083612 0.5320754716981132 0.3210702341137124 0.5345911949685535 0.32608695652173914 0.5371069182389937 0.3311036789297659 0.5408805031446541 0.33612040133779264 0.5433962264150943 0.3411371237458194 0.5471698113207547 0.34782608695652173 0.5509433962264151 0.3511705685618729 0.5547169811320755 0.35785953177257523 0.5559748427672956 0.362876254180602 0.5509433962264151 0.3612040133779264 0.5484276729559748 0.35451505016722407 0.5446540880503145 0.3494983277591973 0.5408805031446541 0.34448160535117056 0.5383647798742138 0.3411371237458194 0.5358490566037736 0.33612040133779264 0.5320754716981132 0.3311036789297659 0.529559748427673 0.3277591973244147 0.5270440251572327 0.32274247491638797 0.5257861635220126 0.3193979933110368
8 0.7157232704402515 0.6488294314381271 0.7182389937106918 0.657190635451505 0.7220125786163522 0.6655518394648829 0.7232704402515723 0.6722408026755853 0.7245283018867924 0.6806020066889632 0.7182389937106918 0.6688963210702341 0.7169811320754716 0.6622073578595318 0.7132075471698113 0.6538461538461539
8 0.5245283018867924 0.362876254180602 0.5283018867924528 0.3695652173913043 0.5333333333333333 0.38294314381270905 0.5383647798742138 0.391304347826087 0.5433962264150943 0.40301003344481606 0.549685534591195 0.41304347826086957 0.5547169811320755 0.4230769230769231 0.559748427672956 0.4331103678929766 0.5672955974842767 0.44481605351170567 0.5723270440251572 0.45819397993311034 0.579874213836478 0.47324414715719065 0.5861635220125786 0.4882943143812709 0.5937106918238994 0.5 0.5974842767295597 0.5117056856187291 0.6037735849056604 0.5234113712374582 0.6113207547169811 0.5351170568561873 0.6138364779874214 0.5451505016722408 0.620125786163522 0.5535117056856187 0.6213836477987421 0.5618729096989966 0.6276729559748427 0.5668896321070234 0.6276729559748427 0.5735785953177257 0.6213836477987421 0.5719063545150501 0.6176100628930817 0.5652173913043478 0.6138364779874214 0.5568561872909699 0.610062893081761 0.5468227424749164 0.6050314465408805 0.5384615384615384 0.6 0.5301003344481605 0.5949685534591195 0.5217391304347826 0.5924528301886792 0.5167224080267558 0.5886792452830188 0.5066889632107023 0.5823899371069182 0.49665551839464883 0.579874213836478 0.4916387959866221 0.5761006289308176 0.48494983277591974 0.5735849056603773 0.4765886287625418 0.569811320754717 0.4682274247491639 0.5660377358490566 0.459866220735786 0.5622641509433962 0.4498327759197324 0.5584905660377358 0.4431438127090301 0.5547169811320755 0.43478260869565216 0.5522012578616352 0.42474916387959866 0.549685534591195 0.4197324414715719 0.5459119496855346 0.41471571906354515 0.5408805031446541 0.4080267558528428 0.5371069182389937 0.3996655518394649 0.5333333333333333 0.391304347826087 0.5283018867924528 0.38127090301003347 0.5270440251572327 0.3729096989966555 0.5245283018867924 0.36789297658862874
8 0.3232704402515723 0.4397993311036789 0.32075471698113206 0.43478260869565216 0.3169811320754717 0.43478260869565216 0.31572327044025156 0.431438127090301 0.31572327044025156 0.42642140468227424 0.3132075471698113 0.4214046822742475 0.30943396226415093 0.41638795986622074 0.3081761006289308 0.4096989966555184 0.30440251572327043 0.40468227424749165 0.3018867924528302 0.4013377926421405 0.2993710691823899 0.39464882943143814 0.2968553459119497 0.3979933110367893 0.2993710691823899 0.40635451505016723 0.3018867924528302 0.411371237458194 0.30440251572327043 0.41638795986622074 0.3081761006289308 0.4214046822742475 0.31069182389937106 0.42474916387959866 0.3119496855345912 0.4280936454849498 0.3132075471698113 0.431438127090301 0.3132075471698113 0.43812709030100333 0.31446540880503143 0.4414715719063545 0.3182389937106918 0.4414715719063545 0.32075471698113206 0.4414715719063545
8 0.5949685534591195 0.3896321070234114 0.6050314465408805 0.40635451505016723 0.6088050314465409 0.4180602006688963 0.6163522012578616 0.4297658862876254 0.6276729559748427 0.4431438127090301 0.6339622641509434 0.45652173913043476 0.640251572327044 0.451505016722408 0.6352201257861635 0.4414715719063545 0.6251572327044025 0.4297658862876254 0.6163522012578616 0.41638795986622074 0.6113207547169811 0.40301003344481606 0.6050314465408805 0.39464882943143814
8 0.5320754716981132 0.5284280936454849 0.529559748427673 0.5217391304347826 0.5270440251572327 0.5150501672240803 0.5245283018867924 0.5066889632107023 0.5220125786163522 0.5 0.5182389937106918 0.49498327759197325 0.5182389937106918 0.5066889632107023 0.519496855345912 0.5133779264214047 0.5220125786163522 0.520066889632107 0.5245283018867924 0.5250836120401338 0.5283018867924528 0.5317725752508361
8 0.6088050314465409 0.391304347826087 0.6163522012578616 0.40468227424749165 0.6238993710691824 0.41304347826086957 0.630188679245283 0.4230769230769231 0.6364779874213836 0.4331103678929766 0.6465408805031446 0.44648829431438125 0.6553459119496855 0.451505016722408 0.6515723270440251 0.43812709030100333 0.6452830188679245 0.4280936454849498 0.6377358490566037 0.41638795986622074 0.630188679245283 0.4096989966555184 0.6226415094339622 0.3963210702341137
8 0.5886792452830188 0.5434782608695652 0.5823899371069182 0.5351170568561873 0.5811320754716981 0.5267558528428093 0.5748427672955975 0.520066889632107 0.5735849056603773 0.5267558528428093 0.5761006289308176 0.5317725752508361 0.5761006289308176 0.5367892976588629 0.5786163522012578 0.540133779264214 0.5836477987421383 0.5418060200668896
8 0.6314465408805031 0.4013377926421405 0.6427672955974842 0.41304347826086957 0.6465408805031446 0.4197324414715719 0.6515723270440251 0.4331103678929766 0.6591194968553459 0.4414715719063545 0.6666666666666666 0.44816053511705684 0.6654088050314465 0.4414715719063545 0.6641509433962264 0.4331103678929766 0.6566037735849056 0.42474916387959866 0.6440251572327044 0.40468227424749165
8 0.559748427672956 0.5317725752508361 0.5559748427672956 0.5217391304347826 0.5509433962264151 0.5167224080267558 0.5433962264150943 0.5066889632107023 0.5371069182389937 0.49665551839464883 0.5308176100628931 0.48327759197324416 0.5270440251572327 0.4682274247491639 0.5207547169811321 0.4531772575250836 0.5169811320754717 0.451505016722408 0.519496855345912 0.46153846153846156 0.5220125786163522 0.4698996655518395 0.5245283018867924 0.479933110367893 0.5320754716981132 0.49665551839464883 0.5358490566037736 0.5016722408026756 0.539622641509434 0.5083612040133779 0.5433962264150943 0.5167224080267558 0.5471698113207547 0.5234113712374582 0.5509433962264151 0.5301003344481605 0.5559748427672956 0.5334448160535117 0.559748427672956 0.5384615384615384
8 0.6150943396226415 0.48494983277591974 0.6188679245283019 0.4899665551839465 0.6213836477987421 0.49665551839464883 0.6264150943396226 0.5016722408026756 0.630188679245283 0.5066889632107023 0.6339622641509434 0.5150501672240803 0.6377358490566037 0.520066889632107 0.6415094339622641 0.5284280936454849 0.6427672955974842 0.5351170568561873 0.6477987421383647 0.5418060200668896 0.6515723270440251 0.5501672240802675 0.6528301886792452 0.5535117056856187 0.6553459119496855 0.5585284280936454 0.6566037735849056 0.5652173913043478 0.660377358490566 0.5702341137123745 0.6616352201257861 0.5769230769230769 0.6566037735849056 0.5719063545150501 0.6540880503144654 0.5652173913043478 0.650314465408805 0.5585284280936454 0.6490566037735849 0.5518394648829431 0.6465408805031446 0.5484949832775919 0.6452830188679245 0.5468227424749164 0.6415094339622641 0.5418060200668896 0.640251572327044 0.5384615384615384 0.6377358490566037 0.5334448160535117 0.6352201257861635 0.5301003344481605 0.6327044025157232 0.5250836120401338 0.6314465408805031 0.5217391304347826 0.6289308176100629 0.5167224080267558 0.6276729559748427 0.5133779264214047 0.6251572327044025 0.5100334448160535 0.6226415094339622 0.5050167224080268 0.620125786163522 0.5 0.6176100628930817 0.49498327759197325 0.6150943396226415 0.4916387959866221 0.6150943396226415 0.4866220735785953
8 0.4490566037735849 0.580267558528428 0.4427672955974843 0.5785953177257525 0.4377358490566038 0.5819397993311036 0.4289308176100629 0.5819397993311036 0.4226415094339623 0.5819397993311036 0.4276729559748428 0.5869565217391305 0.43522012578616354 0.5852842809364549 0.44150943396226416 0.5852842809364549 0.44528301886792454 0.5852842809364549 0.4490566037735849 0.5852842809364549 0.4528301886792453 0.5819397993311036
8 0.6578616352201258 0.4882943143812709 0.6628930817610063 0.49498327759197325 0.6691823899371069 0.5 0.6729559748427673 0.5100334448160535 0.6767295597484276 0.5167224080267558 0.680503144654088 0.5250836120401338 0.6855345911949685 0.5301003344481605 0.6918238993710691 0.5384615384615384 0.6943396226415094 0.5468227424749164 0.70062893081761 0.560200668896321 0.7056603773584905 0.5702341137123745 0.7094339622641509 0.5819397993311036 0.7056603773584905 0.580267558528428 0.70062893081761 0.568561872909699 0.6955974842767295 0.5635451505016722 0.6867924528301886 0.5484949832775919 0.6830188679245283 0.5351170568561873 0.670440251572327 0.5217391304347826 0.6666666666666666 0.5133779264214047 0.6616352201257861 0.5066889632107023 0.6591194968553459 0.49498327759197325
8 0.7911949685534592 0.6354515050167224 0.7886792452830189 0.6254180602006689 0.7836477987421384 0.6187290969899666 0.779874213836478 0.6120401337792643 0.7748427672955975 0.6020066889632107 0.7685534591194969 0.5919732441471572 0.7622641509433963 0.5852842809364549 0.7572327044025158 0.5752508361204013 0.7509433962264151 0.5668896321070234 0.7471698113207547 0.5635451505016722 0.7496855345911949 0.5719063545150501 0.7522012578616353 0.5785953177257525 0.7559748427672957 0.5836120401337793 0.7610062893081762 0.5903010033444817 0.7647798742138365 0.596989966555184 0.7710691823899372 0.6036789297658863 0.7748427672955975 0.6103678929765887 0.7786163522012579 0.6187290969899666 0.7811320754716982 0.6237458193979933 0.7861635220125787 0.6270903010033445
8 0.670440251572327 0.4882943143812709 0.6742138364779874 0.49331103678929766 0.6792452830188679 0.5016722408026756 0.6830188679245283 0.5083612040133779 0.6880503144654088 0.5150501672240803 0.6930817610062893 0.5217391304347826 0.6968553459119496 0.5284280936454849 0.6981132075471698 0.5367892976588629 0.70062893081761 0.5451505016722408 0.6981132075471698 0.5418060200668896 0.6943396226415094 0.5367892976588629 0.6918238993710691 0.5301003344481605 0.6880503144654088 0.5217391304347826 0.6830188679245283 0.5183946488294314 0.6792452830188679 0.5133779264214047 0.6779874213836478 0.5083612040133779 0.6754716981132075 0.5050167224080268 0.6729559748427673 0.5 0.6716981132075471 0.49665551839464883 0.6691823899371069 0.4916387959866221
8 0.8138364779874214 0.6806020066889632 0.8188679245283019 0.6789297658862876 0.8276729559748428 0.6789297658862876 0.8352201257861636 0.6789297658862876 0.8402515723270441 0.6806020066889632 0.8402515723270441 0.68561872909699 0.8402515723270441 0.6889632107023411 0.8402515723270441 0.6956521739130435 0.8402515723270441 0.7023411371237458 0.8402515723270441 0.7073578595317725 0.8364779874213837 0.7090301003344481 0.8339622641509434 0.7140468227424749 0.8314465408805032 0.7157190635451505 0.8301886792452831 0.7190635451505016 0.8289308176100629 0.7274247491638796 0.8264150943396227 0.7307692307692307 0.8251572327044026 0.7374581939799331 0.8238993710691824 0.7441471571906354 0.8213836477987422 0.7508361204013378 0.8213836477987422 0.7558528428093646 0.8188679245283019 0.7591973244147158 0.8163522012578617 0.7642140468227425 0.8150943396226416 0.7692307692307693 0.8150943396226416 0.774247491638796 0.8138364779874214 0.7775919732441472 0.8213836477987422 0.7792642140468228 0.8264150943396227 0.7809364548494984 0.8289308176100629 0.7842809364548495 0.8264150943396227 0.7892976588628763 0.820125786163522 0.7876254180602007 0.8150943396226416 0.7892976588628763 0.8163522012578617 0.794314381270903 0.8188679245283019 0.7976588628762542 0.8176100628930818 0.802675585284281 0.8125786163522013 0.802675585284281 0.810062893081761 0.7976588628762542 0.8062893081761007 0.7926421404682275 0.8025157232704403 0.7926421404682275 0.8 0.7926421404682275 0.8 0.782608695652174 0.7949685534591195 0.7792642140468228 0.7937106918238994 0.7725752508361204 0.789937106918239 0.782608695652174 0.7874213836477988 0.7892976588628763 0.7874213836477988 0.7959866220735786 0.7861635220125787 0.802675585284281 0.789937106918239 0.8076923076923077 0.7924528301886793 0.8110367892976589 0.7962264150943397 0.8127090301003345 0.8 0.81438127090301 0.8050314465408805 0.8160535117056856 0.8050314465408805 0.8193979933110368 0.7949685534591195 0.8193979933110368 0.7911949685534592 0.8177257525083612 0.7874213836477988 0.81438127090301 0.7836477987421384 0.8127090301003345 0.779874213836478 0.8043478260869565 0.7786163522012579 0.7976588628762542 0.779874213836478 0.7909698996655519 0.7861635220125787 0.7692307692307693 0.7962264150943397 0.7357859531772575 0.8037735849056604 0.7090301003344481 0.8088050314465409 0.6989966555183946 0.8113207547169812 0.6889632107023411
8 0.6817610062893081 0.4899665551839465 0.6880503144654088 0.49498327759197325 0.6943396226415094 0.5016722408026756 0.6968553459119496 0.5066889632107023 0.6993710691823899 0.5133779264214047 0.7031446540880503 0.5183946488294314 0.7081761006289308 0.5234113712374582 0.7144654088050314 0.5301003344481605 0.7169811320754716 0.5367892976588629 0.7194968553459119 0.5451505016722408 0.7194968553459119 0.5501672240802675 0.7157232704402515 0.5484949832775919 0.7132075471698113 0.5434782608695652 0.710691823899371 0.5384615384615384 0.7081761006289308 0.5317725752508361 0.7044025157232704 0.5284280936454849 0.70062893081761 0.5250836120401338 0.6981132075471698 0.5217391304347826 0.6955974842767295 0.5167224080267558 0.6930817610062893 0.5117056856187291 0.690566037735849 0.5066889632107023 0.6880503144654088 0.5016722408026756 0.6855345911949685 0.4983277591973244 0.6830188679245283 0.49498327759197325
8 0.8037735849056604 0.6956521739130435 0.8050314465408805 0.68561872909699 0.810062893081761 0.6789297658862876 0.8088050314465409 0.6705685618729097 0.8050314465408805 0.6605351170568562 0.8 0.6588628762541806 0.7937106918238994 0.657190635451505 0.7861635220125787 0.657190635451505 0.779874213836478 0.6588628762541806 0.7761006289308177 0.6588628762541806 0.7761006289308177 0.6655518394648829 0.7773584905660378 0.6722408026755853 0.779874213836478 0.6755852842809364 0.7811320754716982 0.6806020066889632 0.7786163522012579 0.6822742474916388 0.7761006289308177 0.6839464882943144 0.7748427672955975 0.6889632107023411 0.7723270440251573 0.6872909698996655 0.7710691823899372 0.6839464882943144 0.7685534591194969 0.6839464882943144 0.7672955974842768 0.6889632107023411 0.7685534591194969 0.6923076923076923 0.7685534591194969 0.6939799331103679 0.7685534591194969 0.697324414715719 0.7660377358490567 0.6923076923076923 0.7635220125786164 0.6889632107023411 0.7635220125786164 0.6939799331103679 0.7647798742138365 0.697324414715719 0.7647798742138365 0.7023411371237458 0.7660377358490567 0.7073578595317725 0.769811320754717 0.7123745819397993 0.7748427672955975 0.7157190635451505 0.779874213836478 0.7157190635451505 0.7836477987421384 0.717391304347826 0.7874213836477988 0.7157190635451505 0.7886792452830189 0.7157190635451505 0.7911949685534592 0.7157190635451505 0.7974842767295598 0.7107023411371237 0.8012578616352202 0.7090301003344481 0.8025157232704403 0.7023411371237458
8 0.7333333333333333 0.5568561872909699 0.7421383647798742 0.5652173913043478 0.7471698113207547 0.5735785953177257 0.7522012578616353 0.5819397993311036 0.7584905660377359 0.5886287625418061 0.7660377358490567 0.6003344481605352 0.769811320754717 0.6120401337792643 0.7622641509433963 0.6103678929765887 0.7584905660377359 0.6036789297658863 0.7522012578616353 0.5936454849498328 0.7459119496855345 0.5869565217391305 0.7433962264150943 0.580267558528428 0.7383647798742138 0.5719063545150501 0.7333333333333333 0.5652173913043478
8 0.47924528301886793 0.5301003344481605 0.47924528301886793 0.5384615384615384 0.48427672955974843 0.5451505016722408 0.4930817610062893 0.5518394648829431 0.5031446540880503 0.560200668896321 0.5081761006289308 0.5702341137123745 0.5132075471698113 0.5719063545150501 0.5182389937106918 0.5702341137123745 0.5245283018867924 0.5702341137123745 0.5245283018867924 0.5769230769230769 0.5270440251572327 0.5819397993311036 0.5333333333333333 0.5769230769230769 0.5333333333333333 0.5702341137123745 0.5320754716981132 0.5618729096989966 0.5270440251572327 0.5585284280936454 0.5220125786163522 0.5551839464882943 0.529559748427673 0.5501672240802675 0.5358490566037736 0.5518394648829431 0.5459119496855346 0.5535117056856187 0.5559748427672956 0.5551839464882943 0.5635220125786163 0.5551839464882943 0.5761006289308176 0.5585284280936454 0.5836477987421383 0.5635451505016722 0.5723270440251572 0.568561872909699 0.5773584905660377 0.5869565217391305 0.5823899371069182 0.5936454849498328 0.5874213836477987 0.6020066889632107 0.5987421383647799 0.6053511705685619 0.610062893081761 0.6070234113712375 0.6188679245283019 0.6120401337792643 0.6352201257861635 0.6204013377926422 0.6452830188679245 0.6304347826086957 0.6515723270440251 0.6304347826086957 0.6566037735849056 0.6354515050167224 0.6691823899371069 0.6387959866220736 0.6779874213836478 0.6387959866220736 0.6893081761006289 0.6454849498327759 0.6993710691823899 0.6454849498327759 0.7044025157232704 0.6488294314381271 0.7094339622641509 0.6505016722408027 0.7132075471698113 0.657190635451505 0.7157232704402515 0.6672240802675585 0.7194968553459119 0.677257525083612 0.7245283018867924 0.6822742474916388 0.7245283018867924 0.6722408026755853 0.7232704402515723 0.6622073578595318 0.720754716981132 0.6521739130434783 0.7232704402515723 0.6471571906354515 0.7283018867924528 0.6538461538461539 0.7333333333333333 0.6605351170568562 0.7396226415094339 0.6638795986622074 0.7459119496855345 0.6655518394648829 0.7534591194968554 0.6655518394648829 0.7622641509433963 0.6622073578595318 0.7735849056603774 0.6605351170568562 0.7811320754716982 0.6605351170568562 0.7886792452830189 0.657190635451505 0.7962264150943397 0.6538461538461539 0.7949685534591195 0.6438127090301003 0.789937106918239 0.637123745819398 0.7811320754716982 0.6204013377926422 0.7635220125786164 0.6036789297658863 0.7610062893081762 0.5936454849498328 0.7534591194968554 0.5869565217391305 0.720754716981132 0.5819397993311036 0.7144654088050314 0.5719063545150501 0.7119496855345911 0.5585284280936454 0.7144654088050314 0.5484949832775919 0.7132075471698113 0.5367892976588629 0.7119496855345911 0.5267558528428093 0.7018867924528301 0.5066889632107023 0.6893081761006289 0.49331103678929766 0.6754716981132075 0.4782608695652174 0.6742138364779874 0.4882943143812709 0.6767295597484276 0.4983277591973244 0.6779874213836478 0.5066889632107023 0.6716981132075471 0.5016722408026756 0.6679245283018868 0.4916387959866221 0.6628930817610063 0.4882943143812709 0.6578616352201258 0.4816053511705686 0.6515723270440251 0.4682274247491639 0.640251572327044 0.45819397993311034 0.6389937106918239 0.44816053511705684 0.6327044025157232 0.4397993311036789 0.6289308176100629 0.4414715719063545 0.6314465408805031 0.4531772575250836 0.6364779874213836 0.46488294314381273 0.6440251572327044 0.4698996655518395 0.6477987421383647 0.4782608695652174 0.6553459119496855 0.4899665551839465 0.6591194968553459 0.5033444816053512 0.6679245283018868 0.5150501672240803 0.6742138364779874 0.5301003344481605 0.680503144654088 0.5384615384615384 0.6867924528301886 0.5501672240802675 0.690566037735849 0.5585284280936454 0.6918238993710691 0.5668896321070234 0.6842767295597484 0.5585284280936454 0.6779874213836478 0.5501672240802675 0.6729559748427673 0.5367892976588629 0.6679245283018868 0.5267558528428093 0.6566037735849056 0.5117056856187291 0.6515723270440251 0.5016722408026756 0.650314465408805 0.5117056856187291 0.6528301886792452 0.5234113712374582 0.6452830188679245 0.5100334448160535 0.6389937106918239 0.4983277591973244 0.6364779874213836 0.4916387959866221 0.6314465408805031 0.5016722408026756 0.6352201257861635 0.5066889632107023 0.6415094339622641 0.5167224080267558 0.6452830188679245 0.5284280936454849 0.6477987421383647 0.5284280936454849 0.650314465408805 0.5418060200668896 0.6327044025157232 0.5150501672240803 0.6188679245283019 0.49331103678929766 0.6163522012578616 0.4866220735785953 0.6176100628930817 0.5016722408026756 0.6276729559748427 0.5083612040133779 0.6314465408805031 0.520066889632107 0.6352201257861635 0.5301003344481605 0.6389937106918239 0.5418060200668896 0.6440251572327044 0.5518394648829431 0.6440251572327044 0.5618729096989966 0.6440251572327044 0.568561872909699 0.6415094339622641 0.5735785953177257 0.6314465408805031 0.5735785953177257 0.6213836477987421 0.5735785953177257 0.6150943396226415 0.5735785953177257 0.6088050314465409 0.5702341137123745 0.6 0.568561872909699 0.5924528301886792 0.5585284280936454 0.5911949685534591 0.5484949832775919 0.5811320754716981 0.5434782608695652 0.5647798742138365 0.5418060200668896 0.5572327044025157 0.540133779264214 0.5534591194968553 0.540133779264214 0.5433962264150943 0.5351170568561873 0.5333333333333333 0.5351170568561873 0.5245283018867924 0.5351170568561873 0.5182389937106918 0.5367892976588629 0.5144654088050314 0.5418060200668896 0.5144654088050314 0.5501672240802675 0.5169811320754717 0.5585284280936454 0.5094339622641509 0.5551839464882943 0.5044025157232704 0.5434782608695652 0.49937106918238994 0.5367892976588629 0.49433962264150944 0.540133779264214 0.48553459119496856 0.5384615384615384
8 0.6150943396226415 0.5100334448160535 0.6226415094339622 0.5183946488294314 0.630188679245283 0.5284280936454849 0.6364779874213836 0.5434782608695652 0.6427672955974842 0.5535117056856187 0.6465408805031446 0.5618729096989966 0.6515723270440251 0.5702341137123745 0.6515723270440251 0.5785953177257525 0.6440251572327044 0.5719063545150501 0.6389937106918239 0.5635451505016722 0.6339622641509434 0.5551839464882943 0.6289308176100629 0.5451505016722408 0.6238993710691824 0.5334448160535117 0.620125786163522 0.5250836120401338 0.6163522012578616 0.5167224080267558
8 0.4276729559748428 0.520066889632107 0.41635220125786165 0.5133779264214047 0.41132075471698115 0.5183946488294314 0.39748427672955977 0.520066889632107 0.4 0.5317725752508361 0.4050314465408805 0.5367892976588629 0.410062893081761 0.5418060200668896 0.4125786163522013 0.5501672240802675 0.4226415094339623 0.5585284280936454 0.4226415094339623 0.5518394648829431 0.4226415094339623 0.5418060200668896 0.42515723270440253 0.5317725752508361 0.4327044025157233 0.5267558528428093
8 0.7257861635220125 0.6739130434782609 0.7320754716981132 0.6822742474916388 0.7371069182389937 0.6906354515050167 0.7421383647798742 0.7040133779264214 0.7471698113207547 0.7157190635451505 0.7534591194968554 0.7240802675585284 0.7584905660377359 0.7324414715719063 0.7647798742138365 0.745819397993311 0.7672955974842768 0.7591973244147158 0.7710691823899372 0.7709030100334449 0.7761006289308177 0.7876254180602007 0.7710691823899372 0.7842809364548495 0.7660377358490567 0.7759197324414716 0.7610062893081762 0.7642140468227425 0.7584905660377359 0.7525083612040134 0.7534591194968554 0.7408026755852842 0.7496855345911949 0.7324414715719063 0.7459119496855345 0.7224080267558528 0.740880503144654 0.7140468227424749 0.7383647798742138 0.705685618729097 0.7358490566037735 0.697324414715719 0.7320754716981132 0.6889632107023411 0.7283018867924528 0.68561872909699 0.7232704402515723 0.6789297658862876
8 0.14968553459119496 0.16722408026755853 0.1471698113207547 0.1605351170568562 0.1421383647798742 0.15217391304347827 0.13459119496855346 0.1505016722408027 0.13333333333333333 0.15384615384615385 0.12830188679245283 0.1588628762541806 0.1220125786163522 0.16387959866220736 0.12578616352201258 0.17224080267558528 0.12830188679245283 0.17725752508361203 0.1320754716981132 0.1806020066889632 0.13459119496855346 0.17391304347826086 0.1421383647798742 0.1705685618729097 0.1459119496855346 0.1705685618729097 0.1509433962264151 0.17224080267558528
8 0.690566037735849 0.7190635451505016 0.6993710691823899 0.7290969899665551 0.7044025157232704 0.7391304347826086 0.710691823899371 0.7508361204013378 0.7144654088050314 0.7625418060200669 0.7194968553459119 0.7759197324414716 0.7232704402515723 0.7859531772575251 0.7232704402515723 0.8010033444816054 0.7232704402515723 0.8127090301003345 0.7194968553459119 0.8043478260869565 0.7169811320754716 0.7926421404682275 0.7132075471698113 0.7809364548494984 0.710691823899371 0.7692307692307693 0.7069182389937106 0.7591973244147158 0.7031446540880503 0.7508361204013378 0.6993710691823899 0.7408026755852842 0.6918238993710691 0.7240802675585284
8 0.17861635220125785 0.22073578595317725 0.17735849056603772 0.21070234113712374 0.1710691823899371 0.20234113712374582 0.16981132075471697 0.1956521739130435 0.16477987421383647 0.18561872909698995 0.15849056603773584 0.17558528428093645 0.15345911949685534 0.1705685618729097 0.1559748427672956 0.1806020066889632 0.15723270440251572 0.18896321070234115 0.15849056603773584 0.1939799331103679 0.16477987421383647 0.2040133779264214 0.16855345911949685 0.205685618729097 0.1710691823899371 0.21237458193979933 0.17484276729559747 0.21739130434782608
8 0.610062893081761 0.6387959866220736 0.6213836477987421 0.6321070234113713 0.6276729559748427 0.6304347826086957 0.6377358490566037 0.6304347826086957 0.6440251572327044 0.6270903010033445 0.6528301886792452 0.6304347826086957 0.6452830188679245 0.6337792642140468 0.6339622641509434 0.6387959866220736 0.6264150943396226 0.6421404682274248 0.6150943396226415 0.6421404682274248
8 0.759748427672956 0.782608695652174 0.7559748427672957 0.7792642140468228 0.7534591194968554 0.774247491638796 0.7496855345911949 0.7709030100334449 0.7459119496855345 0.7625418060200669 0.7421383647798742 0.7675585284280937 0.7433962264150943 0.7759197324414716 0.7433962264150943 0.782608695652174 0.7371069182389937 0.7876254180602007 0.7433962264150943 0.794314381270903 0.7522012578616353 0.7926421404682275 0.7584905660377359 0.7892976588628763
8 0.1660377358490566 0.1488294314381271 0.1710691823899371 0.15551839464882944 0.17358490566037735 0.16387959866220736 0.17987421383647798 0.1705685618729097 0.18364779874213835 0.17892976588628762 0.189937106918239 0.19063545150501673 0.1949685534591195 0.20066889632107024 0.19874213836477989 0.21070234113712374 0.19622641509433963 0.21070234113712374 0.1949685534591195 0.20903010033444816 0.19245283018867926 0.205685618729097 0.19119496855345913 0.20066889632107024 0.189937106918239 0.19732441471571907 0.18867924528301888 0.19732441471571907 0.1861635220125786 0.1939799331103679 0.18364779874213835 0.18896321070234115 0.18238993710691823 0.18729096989966554 0.17987421383647798 0.18227424749163879 0.17861635220125785 0.17892976588628762 0.1761006289308176 0.17558528428093645 0.17484276729559747 0.17224080267558528 0.17358490566037735 0.1688963210702341 0.1710691823899371 0.16555183946488294 0.16981132075471697 0.16220735785953178 0.16855345911949685 0.1588628762541806 0.16729559748427672 0.15384615384615385
8 0.7446540880503144 0.8511705685618729 0.7396226415094339 0.842809364548495 0.7345911949685534 0.8361204013377926 0.7283018867924528 0.8260869565217391 0.7270440251572327 0.822742474916388 0.7333333333333333 0.8193979933110368 0.7358490566037735 0.81438127090301 0.7358490566037735 0.8043478260869565 0.7345911949685534 0.7976588628762542 0.7270440251572327 0.794314381270903 0.7220125786163522 0.802675585284281 0.7220125786163522 0.8110367892976589 0.7194968553459119 0.8244147157190636 0.7144654088050314 0.8260869565217391 0.7232704402515723 0.8327759197324415 0.730817610062893 0.8411371237458194 0.7320754716981132 0.8478260869565217 0.7383647798742138 0.8545150501672241
8 0.2742138364779874 0.16722408026755853 0.2792452830188679 0.17892976588628762 0.2842767295597484 0.18561872909698995 0.2893081761006289 0.1956521739130435 0.29559748427672955 0.205685618729097 0.30062893081761005 0.2157190635451505 0.30566037735849055 0.22909698996655517 0.30566037735849055 0.23578595317725753 0.3018867924528302 0.23244147157190637 0.2993710691823899 0.22742474916387959 0.2981132075471698 0.22073578595317725 0.29559748427672955 0.21739130434782608 0.2943396226415094 0.21237458193979933 0.2918238993710692 0.20903010033444816 0.29056603773584905 0.205685618729097 0.28679245283018867 0.20066889632107024 0.28553459119496855 0.1956521739130435 0.2830188679245283 0.19230769230769232 0.28176100628930817 0.18729096989966554 0.2792452830188679 0.18394648829431437 0.2779874213836478 0.18227424749163879 0.27547169811320754 0.17725752508361203 0.2742138364779874 0.17224080267558528 0.27169811320754716 0.1688963210702341
8 0.730817610062893 0.8612040133779264 0.7283018867924528 0.8478260869565217 0.7232704402515723 0.842809364548495 0.7194968553459119 0.8344481605351171 0.7169811320754716 0.8277591973244147 0.710691823899371 0.8277591973244147 0.7119496855345911 0.8361204013377926 0.7119496855345911 0.842809364548495 0.7157232704402515 0.842809364548495 0.7220125786163522 0.8545150501672241 0.7245283018867924 0.8612040133779264
8 0.42515723270440253 0.38461538461538464 0.4289308176100629 0.3896321070234114 0.4327044025157233 0.3979933110367893 0.43647798742138366 0.4096989966555184 0.4389937106918239 0.4180602006688963 0.4427672955974843 0.42474916387959866 0.44654088050314467 0.4331103678929766 0.45031446540880504 0.4431438127090301 0.4528301886792453 0.451505016722408 0.4578616352201258 0.46153846153846156 0.4591194968553459 0.4682274247491639 0.4628930817610063 0.4765886287625418 0.4641509433962264 0.4816053511705686 0.4666666666666667 0.4866220735785953 0.4691823899371069 0.49331103678929766 0.4666666666666667 0.49498327759197325 0.4641509433962264 0.4899665551839465 0.4628930817610063 0.48494983277591974 0.46037735849056605 0.479933110367893 0.4591194968553459 0.47491638795986624 0.45660377358490567 0.4698996655518395 0.4540880503144654 0.46153846153846156 0.4528301886792453 0.45652173913043476 0.45031446540880504 0.451505016722408 0.4477987421383648 0.44816053511705684 0.44528301886792454 0.4414715719063545 0.4427672955974843 0.43478260869565216 0.44025157232704404 0.4280936454849498 0.4377358490566038 0.4230769230769231 0.43522012578616354 0.41638795986622074 0.4327044025157233 0.4096989966555184 0.43144654088050316 0.40301003344481606 0.4289308176100629 0.3979933110367893 0.42641509433962266 0.39464882943143814 0.4238993710691824 0.3896321070234114
8 0.7081761006289308 0.8478260869565217 0.7069182389937106 0.8377926421404682 0.7044025157232704 0.8311036789297659 0.7031446540880503 0.8260869565217391 0.6981132075471698 0.8193979933110368 0.6930817610062893 0.8177257525083612 0.6918238993710691 0.822742474916388 0.6943396226415094 0.8277591973244147 0.6981132075471698 0.8361204013377926 0.70062893081761 0.8478260869565217 0.7031446540880503 0.8545150501672241