6 0.342534504391468 0.45226130653266333 0.3601003764115433 0.45226130653266333 0.36260978670012545 0.44221105527638194 0.35508155583437895 0.4338358458961474 0.33877038895859474 0.4304857621440536 0.33626097867001253 0.44221105527638194 0.342534504391468 0.45226130653266333
8 0.25094102885821834 0.5644891122278057 0.25094102885821834 0.5862646566164154 0.2584692597239649 0.6063651591289783 0.2722710163111669 0.6147403685092128 0.2797992471769134 0.6147403685092128 0.2797992471769134 0.6013400335008375 0.2722710163111669 0.5745393634840871 0.2659974905897114 0.5460636515912898 0.2559598494353827 0.541038525963149 0.25094102885821834 0.5644891122278057
8 0.3161856963613551 0.711892797319933 0.3161856963613551 0.7353433835845896 0.3199498117942284 0.7705192629815746 0.3237139272271016 0.7822445561139029 0.3312421580928482 0.7939698492462312 0.33751568381430364 0.7855946398659966 0.33500627352572143 0.7604690117252931 0.33500627352572143 0.7437185929648241 0.32622333751568383 0.7085427135678392 0.3161856963613551 0.711892797319933
5 0.28732747804265996 0.6549413735343383 0.27603513174404015 0.6649916247906198 0.27603513174404015 0.6901172529313233 0.2810539523212045 0.7018425460636516 0.2948557089084065 0.7068676716917923 0.3099121706398996 0.7068676716917923 0.31493099121706397 0.7068676716917923 0.3186951066499373 0.6984924623115578 0.3136762860727729 0.6901172529313233 0.3124215809284818 0.6733668341708543 0.30614805520702637 0.6566164154103853 0.28732747804265996 0.6549413735343383
3 0.2948557089084065 0.7386934673366834 0.2848180677540778 0.7386934673366834 0.28732747804265996 0.8040201005025126 0.2998745294855709 0.8107202680067002 0.3161856963613551 0.7989949748743719 0.3186951066499373 0.7772194304857621 0.3099121706398996 0.7437185929648241 0.2948557089084065 0.7386934673366834
8 0.3136762860727729 0.6884422110552764 0.32747804265997493 0.6984924623115578 0.3212045169385194 0.6683417085427136 0.2998745294855709 0.644891122278057 0.3074027603513174 0.6633165829145728 0.3136762860727729 0.6884422110552764
5 0.3608693889585948 1 0.3450439146800502 0.9430485762144054 0.3237139272271016 0.8241206030150754 0.26348808030112925 0.8241206030150754 0.28858218318695106 0.9346733668341709 0.3069322459222083 1 0.3608693889585948 1
1 0.35508155583437895 0.24288107202680068 0.33751568381430364 0.2529313232830821 0.36888331242158096 0.254606365159129 0.37766624843161856 0.24455611390284757 0.3713927227101631 0.23450586264656617 0.35508155583437895 0.24288107202680068
1 0.21455457967377667 0.2864321608040201 0.2245922208281054 0.2797319932998325 0.21957340025094102 0.2696817420435511 0.2095357590966123 0.271356783919598 0.20702634880803011 0.2814070351758794 0.21455457967377667 0.2864321608040201
1 0.2672521957340025 0.24958123953098826 0.27728983688833125 0.24623115577889448 0.27478042659974905 0.23450586264656617 0.25094102885821834 0.24288107202680068 0.2584692597239649 0.25125628140703515 0.2672521957340025 0.24958123953098826
1 0.3237139272271016 0.24120603015075376 0.32747804265997493 0.23115577889447236 0.3174404015056462 0.22445561139028475 0.30489335006273527 0.23450586264656617 0.3136762860727729 0.24120603015075376 0.3237139272271016 0.24120603015075376
3 0.34002509410288584 0.5343383584589615 0.33500627352572143 0.5561139028475712 0.33500627352572143 0.5845896147403685 0.33877038895859474 0.5996649916247906 0.35382685069008785 0.5912897822445561 0.36888331242158096 0.5544388609715243 0.35633626097867 0.5376884422110553 0.34002509410288584 0.5343383584589615
3 0.36386449184441655 0.541038525963149 0.37766624843161856 0.5527638190954773 0.37892095357590966 0.5376884422110553 0.36386449184441655 0.541038525963149