0 0.45549738219895286 1 0.4293193717277487 0.9698375870069605 0.41710296684118675 0.9303944315545244 0.39965095986038396 0.877030162412993 0.3612565445026178 0.8491879350348028 0.3263525305410122 0.8306264501160093 0.29842931937172773 0.8074245939675174 0.2844677137870855 0.8283062645011601 0.29668411867364747 0.8700696055684455 0.31239092495637 0.9211136890951276 0.33856893542757416 0.9930394431554525 0.3542757417102967 1 0.45549738219895286 1
0 0.38045375218150085 0.39211136890951276 0.35951134380453753 0.41531322505800466 0.3472949389179756 0.44779582366589327 0.36300174520069806 0.4709976798143852 0.38219895287958117 0.46635730858468677 0.39965095986038396 0.45011600928074247 0.4118673647469459 0.41531322505800466 0.40663176265270506 0.3805104408352668 0.38045375218150085 0.39211136890951276
8 0.4956369982547993 0.9002320185614849 0.5008726003490401 0.9211136890951276 0.5165794066317626 0.9118329466357309 0.5200698080279232 0.877030162412993 0.5165794066317626 0.8677494199535963 0.5026178010471204 0.877030162412993 0.4956369982547993 0.9002320185614849
8 0.493891797556719 0.8283062645011601 0.4956369982547993 0.8538283062645011 0.5113438045375218 0.8491879350348028 0.5130890052356021 0.8097447795823666 0.5095986038394416 0.7795823665893271 0.4956369982547993 0.7865429234338747 0.493891797556719 0.8283062645011601
8 0.47643979057591623 0.7540603248259861 0.47643979057591623 0.7749419953596288 0.5026178010471204 0.8097447795823666 0.49912739965095987 0.765661252900232 0.49912739965095987 0.7215777262180975 0.4886561954624782 0.6937354988399071 0.47643979057591623 0.7331786542923434 0.47643979057591623 0.7540603248259861
8 0.37347294938917974 0.8167053364269141 0.38917975567190227 0.839907192575406 0.4031413612565445 0.8445475638051044 0.39965095986038396 0.8236658932714617 0.39965095986038396 0.7888631090487239 0.387434554973822 0.7726218097447796 0.36649214659685864 0.777262180974478 0.37347294938917974 0.8167053364269141
8 0.3542757417102967 0.728538283062645 0.38045375218150085 0.7447795823665894 0.39267015706806285 0.7610208816705336 0.3961605584642234 0.7424593967517401 0.39267015706806285 0.7169373549883991 0.3717277486910995 0.7053364269141531 0.3542757417102967 0.7006960556844548 0.3542757417102967 0.728538283062645
8 0.39790575916230364 0.4756380510440835 0.38045375218150085 0.48491879350348027 0.37521815008726006 0.505800464037123 0.3717277486910995 0.5382830626450116 0.3787085514834206 0.5638051044083526 0.3787085514834206 0.5939675174013921 0.39267015706806285 0.5916473317865429 0.39790575916230364 0.5568445475638051 0.39790575916230364 0.5290023201856149 0.39965095986038396 0.5011600928074246 0.39790575916230364 0.4756380510440835
6 0.3193717277486911 0.5707656612529002 0.33507853403141363 0.5591647331786543 0.3263525305410122 0.531322505800464 0.30715532286212915 0.5336426914153132 0.30715532286212915 0.5568445475638051 0.3193717277486911 0.5707656612529002
6 0.34904013961605584 0.37354988399071926 0.3769633507853403 0.39211136890951276 0.38219895287958117 0.3619489559164733 0.36649214659685864 0.345707656612529 0.3472949389179756 0.3503480278422274 0.34904013961605584 0.37354988399071926
6 0.5357766143106457 0.8747099767981439 0.5305410122164049 0.8538283062645011 0.5200698080279232 0.8561484918793504 0.5218150087260035 0.8700696055684455 0.5357766143106457 0.8747099767981439
6 0.525305410122164 0.8283062645011601 0.5235602094240838 0.8074245939675174 0.5130890052356021 0.8004640371229699 0.5078534031413613 0.8213457076566125 0.525305410122164 0.8283062645011601
3 0.5977312390924956 1 0.5986038394415357 0.9976798143851509 0.568935427574171 0.9675174013921114 0.5514834205933682 0.9860788863109049 0.5287958115183246 0.9767981438515081 0.5165794066317626 0.9651972157772621 0.49912739965095987 0.9675174013921114 0.49214659685863876 0.9814385150812065 0.4841685357766143 1 0.5977312390924956 1