5 0.1659056316590563 0.7566844919786097 0.1735159817351598 0.7647058823529411 0.1750380517503805 0.786096256684492 0.1689497716894977 0.7941176470588235 0.1613394216133942 0.7780748663101604 0.1598173515981735 0.7647058823529411
8 0.2404870624048706 0.7540106951871658 0.2526636225266362 0.7513368983957219 0.2496194824961948 0.767379679144385 0.243531202435312 0.7807486631016043 0.2374429223744292 0.7807486631016043 0.2343987823439878 0.7700534759358288 0.2359208523592085 0.7647058823529411
8 0.2876712328767123 0.7700534759358288 0.2968036529680365 0.767379679144385 0.2968036529680365 0.7780748663101604 0.3013698630136986 0.7914438502673797 0.3013698630136986 0.8048128342245989 0.2907153729071537 0.7941176470588235 0.2846270928462709 0.7914438502673797 0.2770167427701674 0.7914438502673797 0.2754946727549467 0.7807486631016043 0.2785388127853881 0.7727272727272727
3 0.2328767123287671 0.5187165775401069 0.2420091324200913 0.48663101604278075 0.2617960426179604 0.45989304812834225 0.2922374429223744 0.42780748663101603 0.3165905631659056 0.41711229946524064 0.3394216133942161 0.4197860962566845 0.3455098934550989 0.43315508021390375 0.334855403348554 0.45454545454545453 0.3120243531202435 0.4893048128342246 0.2831050228310502 0.5240641711229946 0.2754946727549467 0.5374331550802139 0.2541856925418569 0.553475935828877 0.2374429223744292 0.5454545454545454
3 0.1415525114155251 0.4385026737967914 0.15220700152207 0.4037433155080214 0.1659056316590563 0.37967914438502676 0.1856925418569254 0.3502673796791444 0.1993911719939117 0.3342245989304813 0.213089802130898 0.339572192513369 0.2085235920852359 0.4037433155080214 0.1902587519025875 0.446524064171123 0.1765601217656012 0.45989304812834225 0.1567732115677321 0.47058823529411764 0.1491628614916286 0.4572192513368984
3 0.1171993911719939 0.5374331550802139 0.1400304414003044 0.5053475935828877 0.1567732115677321 0.5 0.1643835616438356 0.5187165775401069 0.1643835616438356 0.5614973262032086 0.1552511415525114 0.5909090909090909 0.15220700152207 0.606951871657754 0.1430745814307458 0.6363636363636364 0.1385083713850837 0.6497326203208557 0.1202435312024353 0.6363636363636364 0.1141552511415525 0.6149732620320856 0.1141552511415525 0.5775401069518716
3 0.2207001522070015 0.5561497326203209 0.2207001522070015 0.5802139037433155 0.2161339421613394 0.5962566844919787 0.2039573820395738 0.6042780748663101 0.2024353120243531 0.5935828877005348 0.2070015220700152 0.5775401069518716 0.213089802130898 0.5641711229946524
3 0.5844748858447488 0.39037433155080214 0.60882800608828 0.4144385026737968 0.6164383561643836 0.45187165775401067 0.6027397260273972 0.4732620320855615 0.573820395738204 0.45989304812834225 0.5646879756468798 0.43315508021390375 0.5662100456621004 0.40106951871657753
3 0.1704718417047184 0.5802139037433155 0.182648401826484 0.5882352941176471 0.1887366818873668 0.6203208556149733 0.1841704718417047 0.6336898395721925 0.1704718417047184 0.6363636363636364 0.1598173515981735 0.6096256684491979 0.1598173515981735 0.5909090909090909
3 0.6301369863013698 0.4919786096256685 0.6316590563165906 0.47593582887700536 0.624048706240487 0.48663101604278075 0.6179604261796042 0.5080213903743316 0.6164383561643836 0.5320855614973262 0.619482496194825 0.5561497326203209 0.6255707762557078 0.5641711229946524 0.6270928462709284 0.5320855614973262 0.6270928462709284 0.5053475935828877 0.6331811263318112 0.5026737967914439
3 0.6301369863013698 0.606951871657754 0.634703196347032 0.6390374331550802 0.6316590563165906 0.6631016042780749 0.6255707762557078 0.6443850267379679 0.624048706240487 0.6256684491978609 0.6255707762557078 0.6122994652406417
8 0.5053272450532724 0.5427807486631016 0.5205479452054794 0.5374331550802139 0.5449010654490106 0.5294117647058824 0.5616438356164384 0.5240641711229946 0.5829528158295282 0.5133689839572193 0.6027397260273972 0.5053475935828877 0.6179604261796042 0.5026737967914439 0.6118721461187214 0.5267379679144385 0.5829528158295282 0.5401069518716578 0.5372907153729072 0.5561497326203209 0.5144596651445966 0.5614973262032086 0.5053272450532724 0.5508021390374331
0 0.3318112633181126 0.2727272727272727 0.3455098934550989 0.28609625668449196 0.3729071537290715 0.3048128342245989 0.4627092846270928 0.3502673796791444 0.5296803652968036 0.3663101604278075 0.5707762557077626 0.3770053475935829 0.563165905631659 0.4197860962566845 0.5555555555555556 0.45454545454545453 0.5114155251141552 0.48663101604278075 0.4885844748858447 0.516042780748663 0.4596651445966514 0.5267379679144385 0.4124809741248097 0.5347593582887701 0.3622526636225266 0.5641711229946524 0.3120243531202435 0.5855614973262032 0.2800608828006088 0.6176470588235294 0.2709284627092846 0.606951871657754 0.2480974124809741 0.56951871657754 0.2465753424657534 0.553475935828877 0.2298325722983257 0.5347593582887701 0.213089802130898 0.5240641711229946 0.197869101978691 0.5106951871657754 0.1750380517503805 0.5053475935828877 0.1628614916286149 0.4893048128342246 0.1476407914764079 0.4679144385026738 0.1324200913242009 0.43315508021390375 0.1415525114155251 0.4037433155080214 0.1719939117199391 0.3449197860962567 0.2070015220700152 0.31283422459893045 0.2694063926940639 0.2887700534759358
0 0.106544901065449 0.7085561497326203 0.121765601217656 0.7433155080213903 0.1263318112633181 0.7967914438502673 0.1552511415525114 0.8556149732620321 0.1719939117199391 0.893048128342246 0.1917808219178082 0.9385026737967914 0.2222222222222222 0.9679144385026738 0.258751902587519 0.9866310160427807 0.2937595129375951 0.9919786096256684 0.3744292237442922 0.983957219251337 0.426179604261796 0.9598930481283422 0.441400304414003 0.9411764705882353 0.4398782343987823 0.8529411764705882 0.4505327245053272 0.7941176470588235 0.4611872146118721 0.7486631016042781 0.4992389649923896 0.6443850267379679 0.4627092846270928 0.6310160427807486 0.4155251141552511 0.6176470588235294 0.3622526636225266 0.6684491978609626 0.3226788432267884 0.679144385026738 0.2861491628614916 0.6844919786096256 0.2633181126331811 0.6737967914438503 0.2496194824961948 0.6524064171122995 0.2754946727549467 0.6149732620320856 0.2511415525114155 0.5588235294117647 0.2267884322678843 0.5320855614973262 0.1933028919330289 0.5053475935828877 0.1567732115677321 0.4786096256684492 0.136986301369863 0.42780748663101603 0.106544901065449 0.4732620320855615 0.1004566210045662 0.6149732620320856
0 0.5722983257229832 0.3770053475935829 0.6118721461187214 0.3449197860962567 0.6331811263318112 0.3850267379679144 0.639269406392694 0.45454545454545453 0.6407914764079148 0.5267379679144385 0.6423135464231354 0.6096256684491979 0.6377473363774734 0.7032085561497327 0.6164383561643836 0.7299465240641712 0.6164383561643836 0.6497326203208557 0.5601217656012176 0.5882352941176471 0.502283105022831 0.6443850267379679 0.4292237442922374 0.6310160427807486 0.410958904109589 0.6203208556149733 0.4642313546423135 0.5374331550802139 0.4840182648401826 0.5053475935828877 0.5342465753424658 0.4572192513368984 0.5540334855403348 0.44385026737967914