8 0.22560975609756098 0.6655011655011654 0.22560975609756098 0.6468531468531469 0.22560975609756098 0.6258741258741258 0.2186411149825784 0.5699300699300699 0.22038327526132404 0.5209790209790209 0.22038327526132404 0.5023310023310024 0.22386759581881532 0.4766899766899767 0.2186411149825784 0.46503496503496505 0.19599303135888502 0.46736596736596736 0.18728222996515678 0.46736596736596736 0.17857142857142858 0.493006993006993 0.18728222996515678 0.5862470862470862 0.19773519163763068 0.6631701631701632 0.21515679442508712 0.6748251748251748 0.23257839721254356 0.7144522144522144 0.23257839721254356 0.6911421911421911 0.22560975609756098 0.6655011655011654
8 0.3702090592334495 0.3554778554778555 0.37717770034843207 0.3414918414918415 0.382404181184669 0.3321678321678322 0.38414634146341464 0.3275058275058275 0.3789198606271777 0.3275058275058275 0.3719512195121951 0.3368298368298368 0.36846689895470386 0.34615384615384615 0.3667247386759582 0.3531468531468531 0.3614982578397213 0.3554778554778555 0.35627177700348434 0.3531468531468531 0.35627177700348434 0.34382284382284384 0.35452961672473865 0.3368298368298368 0.3614982578397213 0.3298368298368298 0.3667247386759582 0.3275058275058275 0.36846689895470386 0.31585081585081587 0.3614982578397213 0.3135198135198135 0.352787456445993 0.32517482517482516 0.3475609756097561 0.3321678321678322 0.3440766550522648 0.34615384615384615 0.3440766550522648 0.36013986013986016 0.3423344947735192 0.36713286713286714 0.3475609756097561 0.3764568764568765 0.3510452961672474 0.3787878787878788 0.3597560975609756 0.3787878787878788 0.36498257839721254 0.36713286713286714 0.3702090592334495 0.3554778554778555
8 0.2604529616724739 0.44638694638694637 0.2587108013937282 0.4324009324009324 0.25174216027874563 0.4324009324009324 0.25 0.4417249417249417 0.25174216027874563 0.458041958041958 0.25 0.47435897435897434 0.2621951219512195 0.479020979020979 0.2621951219512195 0.46503496503496505 0.2604529616724739 0.44638694638694637
8 0.4416376306620209 0.3531468531468531 0.4451219512195122 0.34615384615384615 0.44686411149825783 0.33916083916083917 0.45034843205574915 0.3321678321678322 0.4538327526132404 0.32517482517482516 0.45557491289198604 0.32051282051282054 0.4573170731707317 0.3111888111888112 0.4625435540069686 0.2948717948717949 0.46777003484320556 0.2762237762237762 0.4712543554006969 0.26456876456876455 0.4695121951219512 0.25990675990675993 0.4573170731707317 0.2692307692307692 0.4538327526132404 0.28088578088578087 0.44860627177700346 0.2972027972027972 0.4451219512195122 0.3041958041958042 0.4416376306620209 0.3041958041958042 0.43989547038327526 0.2925407925407925 0.43989547038327526 0.28088578088578087 0.43989547038327526 0.2738927738927739 0.43989547038327526 0.2668997668997669 0.436411149825784 0.2668997668997669 0.43118466898954705 0.2668997668997669 0.42770034843205573 0.28321678321678323 0.4294425087108014 0.2948717948717949 0.4294425087108014 0.30652680652680653 0.43118466898954705 0.3181818181818182 0.4294425087108014 0.3344988344988345 0.4259581881533101 0.34615384615384615 0.4259581881533101 0.3554778554778555 0.4294425087108014 0.36013986013986016 0.43989547038327526 0.36946386946386944 0.4416376306620209 0.36247086247086246 0.4416376306620209 0.3531468531468531
8 0.4625435540069686 0.34382284382284384 0.45905923344947736 0.3484848484848485 0.4538327526132404 0.36247086247086246 0.4451219512195122 0.3811188811188811 0.4416376306620209 0.38578088578088576 0.4416376306620209 0.39044289044289043 0.45034843205574915 0.3787878787878788 0.45557491289198604 0.3717948717948718 0.45905923344947736 0.36713286713286714 0.46602787456445993 0.3531468531468531 0.4729965156794425 0.33916083916083917 0.4729965156794425 0.3368298368298368 0.4625435540069686 0.34382284382284384
5 0.3893728222996516 0.7237762237762237 0.382404181184669 0.7354312354312355 0.3719512195121951 0.747086247086247 0.36846689895470386 0.7750582750582751 0.3667247386759582 0.8123543123543123 0.37717770034843207 0.8682983682983683 0.3858885017421603 0.8916083916083916 0.39634146341463417 0.8986013986013986 0.42247386759581884 0.8986013986013986 0.436411149825784 0.8986013986013986 0.44860627177700346 0.8939393939393939 0.45557491289198604 0.8916083916083916 0.4625435540069686 0.8776223776223776 0.45905923344947736 0.8403263403263403 0.44686411149825783 0.8076923076923077 0.43118466898954705 0.7494172494172494 0.4189895470383275 0.7331002331002331 0.4102787456445993 0.6911421911421911 0.3945993031358885 0.6958041958041958 0.3893728222996516 0.7237762237762237
3 0.6158536585365854 0.8962703962703963 0.6385017421602788 0.8869463869463869 0.6506968641114983 0.8519813519813519 0.6594076655052264 0.8193473193473193 0.6611498257839721 0.803030303030303 0.6646341463414634 0.7703962703962703 0.6646341463414634 0.7494172494172494 0.6559233449477352 0.7261072261072261 0.6489547038327527 0.7121212121212122 0.6385017421602788 0.7191142191142191 0.6315331010452961 0.7773892773892774 0.6297909407665505 0.7983682983682984 0.6141114982578397 0.8286713286713286 0.6001742160278746 0.8403263403263403 0.5844947735191638 0.837995337995338 0.5705574912891986 0.837995337995338 0.5653310104529616 0.8613053613053613 0.5775261324041812 0.8752913752913752 0.5949477351916377 0.8846153846153846 0.6158536585365854 0.8962703962703963
0 0.5862369337979094 0.155011655011655 0.5757839721254355 0.16200466200466201 0.5566202090592335 0.18997668997668998 0.5165505226480837 0.2668997668997669 0.43118466898954705 0.41375291375291373 0.4137630662020906 0.46736596736596736 0.4155052264808362 0.527972027972028 0.4294425087108014 0.5955710955710956 0.44686411149825783 0.6631701631701632 0.4695121951219512 0.7494172494172494 0.5060975609756098 0.8636363636363636 0.544425087108014 0.9545454545454546 0.5705574912891986 0.9988344988344988 0.5827526132404182 0.9965034965034965 0.5705574912891986 0.9755244755244755 0.5618466898954704 0.9638694638694638 0.5513937282229965 0.9452214452214452 0.5252613240418118 0.865967365967366 0.490418118466899 0.754079254079254 0.4799651567944251 0.7167832167832168 0.45034843205574915 0.5955710955710956 0.4329268292682927 0.513986013986014 0.436411149825784 0.4533799533799534 0.47473867595818814 0.38344988344988346 0.5322299651567944 0.2715617715617716 0.5757839721254355 0.17832167832167833 0.5914634146341463 0.15967365967365968 0.5862369337979094 0.155011655011655
0 0.40156794425087106 0.2738927738927739 0.4102787456445993 0.33916083916083917 0.3597560975609756 0.3881118881118881 0.3405923344947735 0.42773892773892774 0.3405923344947735 0.47435897435897434 0.3423344947735192 0.548951048951049 0.34930313588850176 0.6118881118881119 0.35452961672473865 0.6468531468531469 0.36498257839721254 0.6585081585081585 0.3702090592334495 0.6748251748251748 0.37543554006968644 0.7214452214452215 0.37543554006968644 0.7447552447552448 0.3945993031358885 0.7284382284382285 0.4189895470383275 0.7284382284382285 0.4137630662020906 0.6934731934731935 0.3945993031358885 0.6981351981351981 0.38414634146341464 0.6515151515151515 0.3702090592334495 0.6375291375291375 0.3614982578397213 0.6048951048951049 0.35452961672473865 0.5512820512820513 0.34930313588850176 0.47202797202797203 0.3597560975609756 0.4254079254079254 0.37369337979094075 0.4020979020979021 0.39634146341463417 0.3741258741258741 0.42421602787456447 0.3531468531468531 0.42247386759581884 0.2715617715617716 0.40156794425087106 0.2738927738927739
8 0.304006968641115 0.6118881118881119 0.2935540069686411 0.5792540792540792 0.2865853658536585 0.5606060606060606 0.2935540069686411 0.49533799533799533 0.27264808362369336 0.4976689976689977 0.27090592334494773 0.5116550116550117 0.2778745644599303 0.5722610722610723 0.28310104529616725 0.6212121212121212 0.304006968641115 0.6118881118881119
8 0.41202090592334495 0.2738927738927739 0.3893728222996516 0.2878787878787879 0.36846689895470386 0.32284382284382285 0.4155052264808362 0.2902097902097902 0.41202090592334495 0.2738927738927739
8 0.37717770034843207 0.8869463869463869 0.35452961672473865 0.817016317016317 0.34581881533101044 0.817016317016317 0.3667247386759582 0.8939393939393939 0.37543554006968644 0.8939393939393939 0.37717770034843207 0.8869463869463869