3 0.6775407779171895 0.5409015025041736 0.5972396486825596 0.2353923205342237 0.7641154328732748 0.13856427378964942 0.8143036386449184 0.1318864774624374 0.8782936010037641 0.15025041736227046 0.8883312421580929 0.22537562604340566 0.821831869510665 0.4757929883138564 0.7565872020075283 0.5141903171953256
8 0.6725219573400251 0.3823038397328882 0.6675031367628608 0.3606010016694491 0.7503136762860728 0.3121869782971619 0.7917189460476788 0.2938230383973289 0.8582183186951067 0.2637729549248748 0.8594730238393977 0.2904841402337229
8 0.8657465495608532 0.21702838063439064 0.8519447929736512 0.21702838063439064 0.8456712672521958 0.22203672787979967 0.835633626097867 0.2270450751252087 0.8243412797992472 0.2287145242070117 0.8117942283563363 0.2353923205342237 0.8030112923462986 0.24207011686143573 0.8331242158092849 0.2387312186978297 0.848180677540778 0.2337228714524207 0.8582183186951067 0.2287145242070117 0.8670012547051443 0.22537562604340566
8 0.8607277289836889 0.32387312186978295 0.890840652446675 0.31886477462437396 0.903387703889586 0.2337228714524207 0.8682559598494354 0.24040066777963273
8 0.8281053952321205 0.4290484140233723 0.8193224592220828 0.4373956594323873 0.8117942283563363 0.44407345575959933 0.8067754077791719 0.4524207011686144 0.795483061480552 0.4607679465776294 0.7867001254705144 0.4691151919866444 0.7804265997490589 0.48080133555926546 0.767879548306148 0.48914858096828046 0.7590966122961104 0.4958263772954925 0.7515683814303639 0.5008347245409015 0.7427854454203262 0.5091819699499165 0.7327478042659975 0.5125208681135225 0.7490589711417817 0.5108514190317195 0.7578419071518193 0.5091819699499165 0.7641154328732748 0.5041736227045075 0.7703889585947302 0.4991652754590985 0.7804265997490589 0.49081803005008345 0.7904642409033877 0.48247078464106846 0.7979924717691342 0.4741235392320534 0.8055207026348808 0.46243739565943237 0.8168130489335006 0.4540901502504174 0.8281053952321205 0.44073455759599334
8 0.7653701380175659 0.2370617696160267 0.7415307402760352 0.19198664440734559 0.7892095357590966 0.1686143572621035 0.8318695106649937 0.19532554257095158
8 0.7791718946047679 0.43906510851419034 0.7603513174404015 0.4507512520868113 0.7452948557089084 0.46243739565943237 0.7340025094102886 0.4691151919866444 0.7277289836888331 0.4774624373956594 0.7202007528230866 0.48747913188647746 0.7189460476787954 0.4974958263772955 0.7277289836888331 0.48747913188647746 0.7440401505646174 0.48080133555926546 0.7515683814303639 0.4724540901502504 0.7603513174404015 0.46243739565943237 0.767879548306148 0.4574290484140234 0.7766624843161857 0.4524207011686144
8 0.8042659974905897 0.2570951585976628 0.8005018820577164 0.2337228714524207 0.863237139272271 0.21202003338898165 0.8670012547051443 0.2303839732888147
8 0.8193224592220828 0.25208681135225375 0.8105395232120451 0.25208681135225375 0.8017565872020075 0.2570951585976628 0.8080301129234629 0.2621035058430718 0.8155583437892095 0.2604340567612688
8 0.7641154328732748 0.2687813021702838 0.794228356336261 0.2604340567612688 0.7854454203262233 0.2370617696160267 0.7427854454203262 0.25542570951585974
8 0.8180677540777918 0.19699499165275458 0.8017565872020075 0.2020033388981636 0.7917189460476788 0.20868113522537562 0.7779171894604768 0.21535893155258765 0.7641154328732748 0.22036727879799667 0.7565872020075283 0.2303839732888147 0.766624843161857 0.2287145242070117 0.7816813048933501 0.22203672787979967 0.7892095357590966 0.21869782971619364 0.8030112923462986 0.21368948247078465 0.8105395232120451 0.20701168614357263 0.8180677540777918 0.2020033388981636
8 0.7051442910915935 0.48914858096828046 0.7691342534504392 0.4307178631051753 0.8092848180677541 0.41736227045075125 0.8117942283563363 0.44574290484140233 0.7164366373902133 0.5041736227045075
8 0.7929736511919699 0.24373956594323873 0.7716436637390214 0.24707846410684475 0.7616060225846926 0.25375626043405675 0.7528230865746549 0.2604340567612688 0.7515683814303639 0.2671118530884808 0.7590966122961104 0.2687813021702838 0.7653701380175659 0.2621035058430718 0.7728983688833124 0.2587646076794658 0.7816813048933501 0.25375626043405675 0.7879548306148055 0.25041736227045075
8 0.726474278544542 0.5141903171953256 0.7967377666248432 0.4507512520868113 0.8255959849435383 0.4257095158597663 0.8331242158092849 0.44240400667779634 0.7340025094102886 0.5275459098497496
8 0.8005018820577164 0.28213689482470783 0.7892095357590966 0.2838063439065108 0.7816813048933501 0.2904841402337229 0.7766624843161857 0.29716193656093487 0.7854454203262233 0.29549248747913187 0.7904642409033877 0.2921535893155259
3 0.4629861982434128 0.7111853088480802 0.4868255959849435 0.8030050083472454 0.7076537013801757 0.6327212020033389 0.6599749058971142 0.5525876460767947
8 0.7979924717691342 0.18030050083472454 0.7892095357590966 0.18196994991652754 0.7779171894604768 0.18864774624373956 0.7703889585947302 0.18864774624373956 0.7641154328732748 0.19031719532554256 0.7565872020075283 0.19365609348914858 0.7515683814303639 0.19365609348914858 0.7528230865746549 0.20534223706176963 0.7616060225846926 0.21035058430717862 0.7703889585947302 0.21035058430717862 0.7779171894604768 0.2020033388981636 0.7829360100376411 0.2003338898163606 0.7967377666248432 0.1986644407345576 0.8042659974905897 0.19699499165275458 0.8030112923462986 0.18697829716193656
1 0.7189460476787954 0.21368948247078465 0.7114178168130489 0.19365609348914858 0.7490589711417817 0.17195325542570952 0.7590966122961104 0.19532554257095158
3 0.8720200752823086 0.11519198664440734 0.863237139272271 0.09515859766277128 0.8506900878293601 0.07679465776293823 0.8318695106649937 0.07679465776293823 0.7967377666248432 0.08681135225375626 0.7816813048933501 0.09348914858096828 0.7641154328732748 0.09682804674457429 0.7503136762860728 0.10684474123539232 0.7377666248431619 0.12353923205342238 0.7189460476787954 0.13689482470784642 0.6838143036386449 0.14524207011686144 0.6486825595984943 0.14858096828046743 0.6273525721455459 0.1652754590984975 0.6097867001254705 0.18030050083472454 0.589711417816813 0.19365609348914858 0.6047678795483061 0.1986644407345576 0.6260978670012547 0.19532554257095158 0.6587202007528231 0.19198664440734559 0.6787954830614805 0.18864774624373956 0.7164366373902133 0.17195325542570952 0.7277289836888331 0.1636060100166945 0.740276035131744 0.16026711185308848 0.7515683814303639 0.17028380634390652 0.7578419071518193 0.18196994991652754 0.7791718946047679 0.17362270450751252 0.8180677540777918 0.15859766277128548 0.8368883312421581 0.14357262103505844 0.8594730238393977 0.12687813021702837