4 0.3902439024390244 0.7668997668997669 0.3902439024390244 0.7645687645687645 0.3885017421602787 0.7599067599067599 0.38501742160278746 0.7552447552447552 0.38153310104529614 0.7505827505827506 0.3780487804878049 0.7435897435897436 0.37456445993031356 0.7342657342657343 0.37456445993031356 0.7226107226107226 0.37456445993031356 0.7156177156177156 0.37456445993031356 0.710955710955711 0.37456445993031356 0.703962703962704 0.37456445993031356 0.696969696969697 0.37282229965156793 0.6923076923076923 0.3693379790940767 0.6853146853146853 0.367595818815331 0.6806526806526807 0.3606271777003484 0.6713286713286714 0.3588850174216028 0.668997668997669 0.3501742160278746 0.6666666666666666 0.34494773519163763 0.6666666666666666 0.343205574912892 0.6713286713286714 0.34668989547038326 0.6783216783216783 0.3501742160278746 0.6853146853146853 0.35714285714285715 0.6923076923076923 0.3623693379790941 0.703962703962704 0.367595818815331 0.710955710955711 0.3693379790940767 0.717948717948718 0.37282229965156793 0.7249417249417249 0.37456445993031356 0.7365967365967366 0.37456445993031356 0.745920745920746 0.37630662020905925 0.7505827505827506 0.3797909407665505 0.7575757575757576 0.3832752613240418 0.7645687645687645 0.3867595818815331 0.7715617715617715
4 0.34146341463414637 0.6363636363636364 0.33797909407665505 0.6293706293706294 0.3327526132404181 0.6177156177156177 0.32926829268292684 0.6107226107226107 0.32578397212543553 0.6037296037296037 0.31881533101045295 0.5920745920745921 0.3170731707317073 0.585081585081585 0.3118466898954704 0.5804195804195804 0.30313588850174217 0.5734265734265734 0.2961672473867596 0.5664335664335665 0.29442508710801396 0.5617715617715617 0.289198606271777 0.5617715617715617 0.2857142857142857 0.5641025641025641 0.28397212543554007 0.5687645687645687 0.2857142857142857 0.5757575757575758 0.29094076655052264 0.5897435897435898 0.29442508710801396 0.5967365967365967 0.29965156794425085 0.6037296037296037 0.30662020905923343 0.6060606060606061 0.313588850174216 0.6083916083916084 0.31881533101045295 0.6153846153846154 0.32229965156794427 0.62004662004662 0.3240418118466899 0.627039627039627 0.3240418118466899 0.6363636363636364 0.3240418118466899 0.6433566433566433 0.32578397212543553 0.6503496503496503 0.32926829268292684 0.6503496503496503 0.3327526132404181 0.662004662004662 0.33797909407665505 0.6666666666666666 0.34146341463414637 0.6666666666666666 0.34668989547038326 0.662004662004662 0.34843205574912894 0.6596736596736597 0.34668989547038326 0.6503496503496503
4 0.37282229965156793 0.6713286713286714 0.3710801393728223 0.6713286713286714 0.3693379790940767 0.6736596736596736 0.3693379790940767 0.675990675990676 0.3693379790940767 0.6806526806526807 0.37282229965156793 0.6806526806526807 0.37456445993031356 0.6806526806526807 0.37456445993031356 0.6783216783216783 0.37630662020905925 0.675990675990676
4 0.3902439024390244 0.682983682983683 0.3885017421602787 0.682983682983683 0.3867595818815331 0.6853146853146853 0.3867595818815331 0.6899766899766899 0.3902439024390244 0.6923076923076923 0.39198606271777003 0.6923076923076923 0.39547038327526135 0.6946386946386947 0.39547038327526135 0.6923076923076923 0.39547038327526135 0.6876456876456877
4 0.4181184668989547 0.6993006993006993 0.4146341463414634 0.6946386946386947 0.41114982578397213 0.6923076923076923 0.4076655052264808 0.6923076923076923 0.40418118466898956 0.696969696969697 0.4076655052264808 0.6993006993006993 0.41114982578397213 0.7016317016317016 0.4146341463414634 0.703962703962704
4 0.43031358885017423 0.7482517482517482 0.4268292682926829 0.745920745920746 0.4250871080139373 0.7482517482517482 0.42160278745644597 0.752913752913753 0.42160278745644597 0.7599067599067599 0.4250871080139373 0.7645687645687645 0.42857142857142855 0.7622377622377622 0.43031358885017423 0.7552447552447552
1 0.35365853658536583 0.7365967365967366 0.34843205574912894 0.7226107226107226 0.34668989547038326 0.7156177156177156 0.34494773519163763 0.703962703962704 0.34146341463414637 0.6946386946386947 0.33797909407665505 0.6853146853146853 0.3362369337979094 0.6783216783216783 0.3327526132404181 0.6713286713286714 0.3310104529616725 0.6643356643356644 0.32752613240418116 0.6573426573426573 0.3240418118466899 0.6526806526806527 0.32229965156794427 0.6526806526806527 0.31881533101045295 0.6526806526806527 0.31881533101045295 0.655011655011655 0.31881533101045295 0.662004662004662 0.3240418118466899 0.6713286713286714 0.32752613240418116 0.682983682983683 0.3310104529616725 0.6923076923076923 0.3344947735191638 0.703962703962704 0.33797909407665505 0.7156177156177156 0.34146341463414637 0.7272727272727273 0.34494773519163763 0.7342657342657343 0.34843205574912894 0.7389277389277389 0.3519163763066202 0.7412587412587412
4 0.3327526132404181 0.48717948717948717 0.3327526132404181 0.49184149184149184 0.33797909407665505 0.4988344988344988 0.34146341463414637 0.5034965034965035 0.3397212543554007 0.5128205128205128 0.3344947735191638 0.5174825174825175 0.3240418118466899 0.5198135198135199 0.3205574912891986 0.5174825174825175 0.3153310104529617 0.5151515151515151 0.3118466898954704 0.5174825174825175 0.3083623693379791 0.5174825174825175 0.30139372822299654 0.5151515151515151 0.2979094076655052 0.5128205128205128 0.2926829268292683 0.5128205128205128 0.289198606271777 0.5174825174825175 0.2857142857142857 0.5221445221445221 0.2874564459930314 0.5407925407925408 0.2961672473867596 0.5477855477855478 0.29965156794425085 0.5571095571095571 0.3083623693379791 0.5571095571095571 0.3153310104529617 0.5524475524475524 0.32229965156794427 0.5501165501165501 0.32926829268292684 0.5501165501165501 0.3362369337979094 0.5524475524475524 0.34146341463414637 0.5501165501165501 0.343205574912892 0.5454545454545454 0.3397212543554007 0.5337995337995338 0.34146341463414637 0.5268065268065268 0.3501742160278746 0.5198135198135199 0.35365853658536583 0.5128205128205128 0.3501742160278746 0.5058275058275058 0.34494773519163763 0.4988344988344988 0.34146341463414637 0.48951048951048953
4 0.37456445993031356 0.5244755244755245 0.37282229965156793 0.5244755244755245 0.367595818815331 0.5268065268065268 0.3623693379790941 0.5198135198135199 0.3606271777003484 0.5198135198135199 0.3606271777003484 0.5221445221445221 0.3641114982578397 0.5268065268065268 0.36585365853658536 0.5314685314685315 0.36585365853658536 0.5337995337995338 0.3641114982578397 0.5384615384615384 0.3623693379790941 0.5407925407925408 0.3606271777003484 0.5454545454545454 0.35714285714285715 0.5524475524475524 0.35714285714285715 0.5547785547785548 0.3641114982578397 0.5547785547785548 0.3641114982578397 0.5524475524475524 0.367595818815331 0.5454545454545454 0.367595818815331 0.5407925407925408 0.3710801393728223 0.5431235431235432 0.37456445993031356 0.5501165501165501 0.3797909407665505 0.5547785547785548 0.3867595818815331 0.5571095571095571 0.3902439024390244 0.5571095571095571 0.3867595818815331 0.5454545454545454 0.38501742160278746 0.5407925407925408 0.3780487804878049 0.5314685314685315
4 0.6341463414634146 0.5827505827505828 0.6236933797909407 0.5687645687645687 0.6167247386759582 0.5664335664335665 0.60801393728223 0.5594405594405595 0.5993031358885017 0.5524475524475524 0.5905923344947736 0.5477855477855478 0.5853658536585366 0.5431235431235432 0.5801393728222997 0.5407925407925408 0.5696864111498258 0.5431235431235432 0.5592334494773519 0.5454545454545454 0.5470383275261324 0.5501165501165501 0.5418118466898955 0.5501165501165501 0.5331010452961672 0.5571095571095571 0.5121951219512195 0.5641025641025641 0.5069686411149826 0.5664335664335665 0.5017421602787456 0.5687645687645687 0.5052264808362369 0.5804195804195804 0.5104529616724739 0.5874125874125874 0.519163763066202 0.5897435897435898 0.5261324041811847 0.585081585081585 0.5348432055749129 0.578088578088578 0.5418118466898955 0.5734265734265734 0.5557491289198606 0.5710955710955711 0.5679442508710801 0.5664335664335665 0.5766550522648084 0.5641025641025641 0.5905923344947736 0.5687645687645687 0.5993031358885017 0.5757575757575758 0.6045296167247387 0.5804195804195804 0.6202090592334495 0.5944055944055944 0.627177700348432 0.5990675990675991 0.632404181184669 0.5967365967365967
4 0.5383275261324042 0.5268065268065268 0.5365853658536586 0.5198135198135199 0.5331010452961672 0.5151515151515151 0.5365853658536586 0.5034965034965035 0.5383275261324042 0.5011655011655012 0.5452961672473867 0.5011655011655012 0.5522648083623694 0.5058275058275058 0.5627177700348432 0.5104895104895105 0.5714285714285714 0.5151515151515151 0.5818815331010453 0.5174825174825175 0.5888501742160279 0.5151515151515151 0.5905923344947736 0.5081585081585082 0.5905923344947736 0.5011655011655012 0.5853658536585366 0.4988344988344988 0.5766550522648084 0.5011655011655012 0.5679442508710801 0.5034965034965035 0.5609756097560976 0.5034965034965035 0.5522648083623694 0.4988344988344988 0.5452961672473867 0.49417249417249415 0.5400696864111498 0.49184149184149184 0.5331010452961672 0.49184149184149184 0.5226480836236934 0.49417249417249415 0.5156794425087108 0.49417249417249415 0.5069686411149826 0.5011655011655012 0.5052264808362369 0.5058275058275058 0.5069686411149826 0.5151515151515151 0.5156794425087108 0.5198135198135199 0.5226480836236934 0.5221445221445221
4 0.5087108013937283 0.5314685314685315 0.5052264808362369 0.5314685314685315 0.5017421602787456 0.5314685314685315 0.5 0.5361305361305362 0.4965156794425087 0.5384615384615384 0.4912891986062718 0.5337995337995338 0.4843205574912892 0.5361305361305362 0.4843205574912892 0.5431235431235432 0.4930313588850174 0.5477855477855478 0.5034843205574913 0.5431235431235432 0.5104529616724739 0.5407925407925408
4 0.47909407665505227 0.5477855477855478 0.47038327526132406 0.5407925407925408 0.46689895470383275 0.5361305361305362 0.4616724738675958 0.5291375291375291 0.4547038327526132 0.5268065268065268 0.44947735191637633 0.5244755244755245 0.44076655052264807 0.5221445221445221 0.4337979094076655 0.5221445221445221 0.43205574912891986 0.5268065268065268 0.43902439024390244 0.5384615384615384 0.44773519163763065 0.5407925407925408 0.45818815331010454 0.5454545454545454 0.4686411149825784 0.5477855477855478 0.47560975609756095 0.5524475524475524
4 0.46689895470383275 0.5034965034965035 0.45993031358885017 0.5081585081585082 0.4547038327526132 0.5058275058275058 0.45121951219512196 0.4965034965034965 0.45121951219512196 0.48951048951048953 0.4425087108013937 0.48717948717948717 0.43902439024390244 0.4801864801864802 0.44076655052264807 0.4731934731934732 0.4547038327526132 0.48484848484848486 0.45818815331010454 0.48951048951048953 0.46689895470383275 0.48951048951048953 0.4721254355400697 0.48951048951048953 0.47909407665505227 0.49184149184149184 0.48257839721254353 0.4988344988344988 0.48257839721254353 0.5058275058275058 0.47560975609756095 0.5058275058275058
4 0.43031358885017423 0.5501165501165501 0.4250871080139373 0.5431235431235432 0.41986062717770034 0.5407925407925408 0.4163763066202091 0.5384615384615384 0.4094076655052265 0.5337995337995338 0.4181184668989547 0.5244755244755245 0.42160278745644597 0.5198135198135199 0.4250871080139373 0.5128205128205128 0.42160278745644597 0.5034965034965035 0.41289198606271776 0.4988344988344988 0.4076655052264808 0.4965034965034965 0.40069686411149824 0.49184149184149184 0.39372822299651566 0.48717948717948717 0.3867595818815331 0.4825174825174825 0.3780487804878049 0.4731934731934732 0.37456445993031356 0.47086247086247085 0.37456445993031356 0.4801864801864802 0.3797909407665505 0.48484848484848486 0.3867595818815331 0.49184149184149184 0.40069686411149824 0.5011655011655012 0.41986062717770034 0.5081585081585082 0.41986062717770034 0.5151515151515151 0.4094076655052265 0.5268065268065268 0.40418118466898956 0.5314685314685315 0.40418118466898956 0.5384615384615384 0.4076655052264808 0.5477855477855478 0.4163763066202091 0.5524475524475524 0.4268292682926829 0.5547785547785548
4 0.32578397212543553 0.4219114219114219 0.32578397212543553 0.43356643356643354 0.3240418118466899 0.43356643356643354 0.31881533101045295 0.4289044289044289 0.3170731707317073 0.4219114219114219 0.31881533101045295 0.4125874125874126 0.3240418118466899 0.40093240093240096 0.32578397212543553 0.3939393939393939 0.32578397212543553 0.38461538461538464 0.3240418118466899 0.37995337995337997 0.31881533101045295 0.3706293706293706 0.3118466898954704 0.36596736596736595 0.313588850174216 0.3613053613053613 0.3205574912891986 0.36363636363636365 0.3240418118466899 0.36596736596736595 0.32752613240418116 0.372960372960373 0.3310104529616725 0.37995337995337997 0.3327526132404181 0.38461538461538464 0.3327526132404181 0.3916083916083916 0.33797909407665505 0.3962703962703963 0.343205574912892 0.40093240093240096 0.34494773519163763 0.40093240093240096 0.34494773519163763 0.40559440559440557 0.3397212543554007 0.40792540792540793 0.3310104529616725 0.40559440559440557 0.32926829268292684 0.41025641025641024 0.32578397212543553 0.4149184149184149
4 0.35365853658536583 0.3962703962703963 0.3623693379790941 0.40326340326340326 0.367595818815331 0.40326340326340326 0.3780487804878049 0.3986013986013986 0.3832752613240418 0.3939393939393939 0.3902439024390244 0.38694638694638694 0.39372822299651566 0.38461538461538464 0.40069686411149824 0.3822843822843823 0.4076655052264808 0.37995337995337997 0.41289198606271776 0.37995337995337997 0.4163763066202091 0.3822843822843823 0.41114982578397213 0.38694638694638694 0.3989547038327526 0.38927738927738925 0.39372822299651566 0.3939393939393939 0.3902439024390244 0.40093240093240096 0.38501742160278746 0.40559440559440557 0.3780487804878049 0.40792540792540793 0.3710801393728223 0.4125874125874126 0.3710801393728223 0.4172494172494173 0.37282229965156793 0.42424242424242425 0.37456445993031356 0.4289044289044289 0.3797909407665505 0.43356643356643354 0.3867595818815331 0.4405594405594406 0.3797909407665505 0.44522144522144524 0.37630662020905925 0.45454545454545453 0.36585365853658536 0.4568764568764569 0.35714285714285715 0.46153846153846156 0.34668989547038326 0.46386946386946387 0.34146341463414637 0.4662004662004662 0.3327526132404181 0.4662004662004662 0.33797909407665505 0.4592074592074592 0.34668989547038326 0.45454545454545453 0.35714285714285715 0.44988344988344986 0.3641114982578397 0.44755244755244755 0.37456445993031356 0.4428904428904429 0.3710801393728223 0.4405594405594406 0.367595818815331 0.42424242424242425 0.36585365853658536 0.4149184149184149 0.3641114982578397 0.41025641025641024
4 0.37282229965156793 0.46153846153846156 0.37282229965156793 0.47086247086247085 0.3832752613240418 0.46853146853146854 0.3885017421602787 0.4662004662004662 0.39198606271777003 0.46153846153846156 0.397212543554007 0.4592074592074592 0.40418118466898956 0.4568764568764569 0.4094076655052265 0.4568764568764569 0.4146341463414634 0.46153846153846156 0.42160278745644597 0.46386946386946387 0.4250871080139373 0.4662004662004662 0.43031358885017423 0.4662004662004662 0.4355400696864111 0.46853146853146854 0.43902439024390244 0.47086247086247085 0.4442508710801394 0.47086247086247085 0.44947735191637633 0.46153846153846156 0.4547038327526132 0.46153846153846156 0.4616724738675958 0.46153846153846156 0.4686411149825784 0.46153846153846156 0.4738675958188153 0.46153846153846156 0.47560975609756095 0.4568764568764569 0.47735191637630664 0.4522144522144522 0.47735191637630664 0.44755244755244755 0.48257839721254353 0.4405594405594406 0.4843205574912892 0.43356643356643354 0.48606271777003485 0.42657342657342656 0.4808362369337979 0.42424242424242425 0.47560975609756095 0.43123543123543123 0.47560975609756095 0.4405594405594406 0.47038327526132406 0.44522144522144524 0.4651567944250871 0.44988344988344986 0.4564459930313589 0.44988344988344986 0.45121951219512196 0.44988344988344986 0.44773519163763065 0.44522144522144524 0.44773519163763065 0.4405594405594406 0.44076655052264807 0.4382284382284382 0.4355400696864111 0.4382284382284382 0.42857142857142855 0.4428904428904429 0.4181184668989547 0.44755244755244755 0.4076655052264808 0.44755244755244755 0.4024390243902439 0.44755244755244755 0.397212543554007 0.4522144522144522 0.39198606271777003 0.45454545454545453 0.3867595818815331 0.4568764568764569 0.3797909407665505 0.4592074592074592
4 0.4616724738675958 0.3986013986013986 0.45818815331010454 0.3939393939393939 0.4529616724738676 0.3939393939393939 0.4442508710801394 0.38927738927738925 0.4372822299651568 0.38694638694638694 0.43205574912891986 0.38461538461538464 0.4268292682926829 0.38461538461538464 0.42857142857142855 0.3939393939393939 0.4355400696864111 0.3986013986013986 0.44773519163763065 0.40326340326340326 0.4529616724738676 0.40792540792540793 0.45993031358885017 0.41025641025641024 0.4616724738675958 0.4125874125874126 0.4634146341463415 0.40792540792540793
4 0.4895470383275261 0.40093240093240096 0.4878048780487805 0.3986013986013986 0.4808362369337979 0.3986013986013986 0.47735191637630664 0.40559440559440557 0.47909407665505227 0.41025641025641024 0.48257839721254353 0.41025641025641024 0.4895470383275261 0.41025641025641024 0.4930313588850174 0.4125874125874126
4 0.5121951219512195 0.47086247086247085 0.5104529616724739 0.4731934731934732 0.5087108013937283 0.4731934731934732 0.5052264808362369 0.47086247086247085 0.5034843205574913 0.47086247086247085 0.49825783972125437 0.46853146853146854 0.49477351916376305 0.46853146853146854 0.4895470383275261 0.4662004662004662 0.48606271777003485 0.4662004662004662 0.47909407665505227 0.4662004662004662 0.47735191637630664 0.4662004662004662 0.4721254355400697 0.4662004662004662 0.4721254355400697 0.47086247086247085 0.4738675958188153 0.4731934731934732 0.4808362369337979 0.4731934731934732 0.48606271777003485 0.4731934731934732 0.4912891986062718 0.4731934731934732 0.49477351916376305 0.4755244755244755 0.4965156794425087 0.47785547785547783 0.5034843205574913 0.4801864801864802 0.5104529616724739 0.4801864801864802 0.5156794425087108 0.47785547785547783 0.5156794425087108 0.4755244755244755
4 0.5 0.44522144522144524 0.49825783972125437 0.44522144522144524 0.4965156794425087 0.44755244755244755 0.49825783972125437 0.4522144522144522 0.5 0.45454545454545453 0.5017421602787456 0.4568764568764569 0.5052264808362369 0.46386946386946387 0.5087108013937283 0.4662004662004662 0.5121951219512195 0.46853146853146854 0.5156794425087108 0.46853146853146854 0.5209059233449478 0.47086247086247085 0.5261324041811847 0.47086247086247085 0.5296167247386759 0.4755244755244755 0.5331010452961672 0.47785547785547783 0.5365853658536586 0.4801864801864802 0.5400696864111498 0.4825174825174825 0.5435540069686411 0.4825174825174825 0.5435540069686411 0.47785547785547783 0.5348432055749129 0.47086247086247085 0.5313588850174216 0.46853146853146854 0.5261324041811847 0.46386946386946387 0.5209059233449478 0.46386946386946387 0.5139372822299652 0.46153846153846156 0.5104529616724739 0.4568764568764569 0.5052264808362369 0.4522144522144522
4 0.5574912891986062 0.4662004662004662 0.554006968641115 0.4662004662004662 0.5487804878048781 0.4662004662004662 0.5487804878048781 0.46853146853146854 0.5470383275261324 0.4731934731934732 0.5522648083623694 0.47785547785547783 0.5592334494773519 0.47785547785547783 0.5644599303135889 0.4801864801864802 0.5679442508710801 0.48484848484848486 0.573170731707317 0.48717948717948717 0.5801393728222997 0.49184149184149184 0.5853658536585366 0.49184149184149184 0.5888501742160279 0.48951048951048953 0.5888501742160279 0.48484848484848486 0.5818815331010453 0.4801864801864802 0.5766550522648084 0.47785547785547783 0.5749128919860628 0.47086247086247085 0.578397212543554 0.46853146853146854 0.5836236933797909 0.4662004662004662 0.5871080139372822 0.4662004662004662 0.5905923344947736 0.46153846153846156 0.5923344947735192 0.4568764568764569 0.5905923344947736 0.44988344988344986 0.5853658536585366 0.44522144522144524 0.5801393728222997 0.44522144522144524 0.5766550522648084 0.44988344988344986 0.5679442508710801 0.46153846153846156 0.5627177700348432 0.46386946386946387
1 0.5139372822299652 0.7435897435897436 0.5069686411149826 0.7435897435897436 0.5017421602787456 0.7435897435897436 0.4965156794425087 0.7412587412587412 0.48606271777003485 0.7389277389277389 0.47909407665505227 0.7389277389277389 0.4686411149825784 0.7389277389277389 0.4616724738675958 0.7365967365967366 0.4529616724738676 0.7365967365967366 0.44773519163763065 0.7365967365967366 0.4372822299651568 0.7389277389277389 0.4355400696864111 0.7412587412587412 0.4372822299651568 0.7482517482517482 0.44076655052264807 0.7505827505827506 0.44773519163763065 0.752913752913753 0.45993031358885017 0.7552447552447552 0.46689895470383275 0.752913752913753 0.47560975609756095 0.7505827505827506 0.4808362369337979 0.7482517482517482 0.4878048780487805 0.7482517482517482
1 0.5383275261324042 0.6923076923076923 0.5331010452961672 0.6946386946386947 0.5052264808362369 0.6923076923076923 0.4895470383275261 0.6923076923076923 0.4686411149825784 0.6923076923076923 0.44947735191637633 0.6899766899766899 0.44076655052264807 0.6899766899766899 0.43902439024390244 0.6946386946386947 0.4425087108013937 0.6993006993006993 0.4547038327526132 0.7016317016317016 0.4721254355400697 0.7016317016317016 0.4895470383275261 0.7016317016317016 0.5052264808362369 0.6993006993006993 0.5174216027874564 0.6993006993006993 0.5331010452961672 0.6993006993006993 0.5400696864111498 0.696969696969697
8 0.7926829268292683 0.4289044289044289 0.7874564459930313 0.42657342657342656 0.7804878048780488 0.42424242424242425 0.7735191637630662 0.4289044289044289 0.759581881533101 0.4358974358974359 0.7473867595818815 0.4405594405594406 0.7439024390243902 0.4428904428904429 0.7456445993031359 0.44988344988344986 0.7543554006968641 0.4428904428904429 0.764808362369338 0.4382284382284382 0.7752613240418118 0.43356643356643354 0.7804878048780488 0.4289044289044289
5 0.6933797909407665 0.7972027972027972 0.6881533101045296 0.7832167832167832 0.8432055749128919 0.668997668997669 0.8519163763066202 0.6946386946386947 0.710801393728223 0.7995337995337995
0 0.8815331010452961 0.3752913752913753 0.8571428571428571 0.3916083916083916 0.789198606271777 0.4289044289044289 0.7421602787456446 0.44988344988344986 0.6707317073170732 0.47785547785547783 0.5975609756097561 0.5011655011655012 0.5365853658536586 0.5198135198135199 0.5034843205574913 0.5384615384615384 0.4686411149825784 0.5571095571095571 0.45121951219512196 0.5617715617715617 0.41289198606271776 0.5547785547785548 0.3780487804878049 0.5128205128205128 0.3519163763066202 0.47785547785547783 0.3083623693379791 0.43123543123543123 0.28222996515679444 0.40326340326340326 0.25435540069686413 0.3706293706293706 0.23867595818815332 0.34965034965034963 0.2229965156794425 0.3333333333333333 0.21602787456445993 0.32400932400932403 0.21777003484320556 0.337995337995338 0.22822299651567945 0.35664335664335667 0.2926829268292683 0.43356643356643354 0.33797909407665505 0.48717948717948717 0.3623693379790941 0.5198135198135199 0.3867595818815331 0.5524475524475524 0.4024390243902439 0.5710955710955711 0.45993031358885017 0.5827505827505828 0.4895470383275261 0.578088578088578 0.5331010452961672 0.5594405594405595 0.5662020905923345 0.5524475524475524 0.7160278745644599 0.49417249417249415 0.7822299651567944 0.4662004662004662 0.8484320557491289 0.42424242424242425 0.8710801393728222 0.40559440559440557 0.8832752613240418 0.38694638694638694