3 0.6282952548330404 0.6002358490566038 0.6493848857644992 0.5955188679245284 0.6616871704745168 0.5860849056603774 0.679261862917399 0.5790094339622641 0.695079086115993 0.5695754716981132 0.7038664323374341 0.5577830188679245 0.710896309314587 0.5436320754716981 0.7196836555360281 0.5224056603773585 0.7284710017574693 0.5082547169811321 0.7355008787346221 0.4964622641509434 0.7407732864674869 0.48702830188679247 0.7442882249560633 0.47523584905660377 0.7407732864674869 0.46108490566037735 0.7407732864674869 0.4375 0.7460456942003515 0.4091981132075472 0.7442882249560633 0.3856132075471698 0.7337434094903339 0.3738207547169811 0.7249560632688928 0.3643867924528302 0.7231985940246046 0.35023584905660377 0.7161687170474517 0.3431603773584906 0.6898066783831283 0.35495283018867924 0.6704745166959578 0.357311320754717 0.656414762741652 0.3785377358490566 0.6441124780316344 0.40212264150943394 0.640597539543058 0.43042452830188677 0.6370826010544816 0.46108490566037735 0.624780316344464 0.49174528301886794 0.6195079086115993 0.5247641509433962 0.6195079086115993 0.5530660377358491 0.6282952548330404 0.5766509433962265 0.6282952548330404 0.6002358490566038
8 0.5790861159929701 0.7087264150943396 0.5843585237258347 0.7016509433962265 0.5878734622144113 0.6969339622641509 0.5913884007029877 0.6875 0.5949033391915641 0.6804245283018868 0.5966608084358523 0.6662735849056604 0.5913884007029877 0.6709905660377359 0.5861159929701231 0.6827830188679245 0.5790861159929701 0.6898584905660378 0.5755711775043937 0.7016509433962265 0.5790861159929701 0.7087264150943396
8 0.6195079086115993 0.6073113207547169 0.6265377855887522 0.5884433962264151 0.6212653778558875 0.5908018867924528 0.6142355008787346 0.6025943396226415 0.6107205623901582 0.6167452830188679 0.6054481546572935 0.6261792452830188 0.6036906854130053 0.6379716981132075 0.6019332161687171 0.6474056603773585 0.6001757469244289 0.6615566037735849 0.6195079086115993 0.6073113207547169
8 0.6124780316344464 0.6568396226415094 0.6195079086115993 0.6403301886792453 0.640597539543058 0.5955188679245284 0.6318101933216169 0.6073113207547169 0.6212653778558875 0.6285377358490566 0.6107205623901582 0.6474056603773585 0.6072056239015817 0.6615566037735849 0.6124780316344464 0.6568396226415094
8 0.6177504393673111 0.6686320754716981 0.6212653778558875 0.6615566037735849 0.624780316344464 0.6497641509433962 0.6195079086115993 0.6544811320754716 0.6159929701230229 0.6615566037735849 0.6142355008787346 0.6757075471698113 0.6177504393673111 0.6686320754716981
8 0.6300527240773286 0.6662735849056604 0.6318101933216169 0.6591981132075472 0.6353251318101933 0.652122641509434 0.6388400702987698 0.6450471698113207 0.6423550087873462 0.6308962264150944 0.6458699472759226 0.6238207547169812 0.6441124780316344 0.6167452830188679 0.6388400702987698 0.6261792452830188 0.6353251318101933 0.6403301886792453 0.6282952548330404 0.6544811320754716 0.624780316344464 0.6662735849056604 0.6300527240773286 0.6662735849056604
8 0.6775043936731108 0.6568396226415094 0.6827768014059754 0.6332547169811321 0.6757469244288224 0.6450471698113207 0.6704745166959578 0.6639150943396226 0.6775043936731108 0.6568396226415094
8 0.6528998242530756 0.6073113207547169 0.6599297012302284 0.597877358490566 0.6616871704745168 0.5884433962264151 0.656414762741652 0.5884433962264151 0.6493848857644992 0.597877358490566 0.6528998242530756 0.6073113207547169
8 0.6599297012302284 0.6120283018867925 0.6687170474516696 0.5908018867924528 0.6652021089630932 0.5884433962264151 0.656414762741652 0.6049528301886793 0.6599297012302284 0.6120283018867925
8 0.6687170474516696 0.6073113207547169 0.6739894551845342 0.6025943396226415 0.679261862917399 0.5931603773584906 0.6810193321616872 0.5860849056603774 0.6757469244288224 0.5860849056603774 0.672231985940246 0.5931603773584906 0.6687170474516696 0.6002358490566038 0.6687170474516696 0.6073113207547169
8 0.6810193321616872 0.5908018867924528 0.6862917398945518 0.5884433962264151 0.6933216168717048 0.5837264150943396 0.7003514938488576 0.5790094339622641 0.710896309314587 0.5672169811320755 0.7249560632688928 0.5459905660377359 0.7179261862917399 0.5530660377358491 0.7091388400702988 0.5601415094339622 0.7003514938488576 0.5695754716981132 0.68804920913884 0.5766509433962265 0.679261862917399 0.5813679245283019 0.6810193321616872 0.5908018867924528
8 0.8022847100175747 0.47287735849056606 0.8022847100175747 0.43985849056603776 0.8005272407732865 0.41391509433962265 0.7934973637961336 0.42806603773584906 0.7917398945518453 0.44457547169811323 0.7917398945518453 0.4634433962264151 0.7917398945518453 0.47287735849056606 0.7934973637961336 0.4893867924528302 0.8022847100175747 0.47287735849056606
3 0.5492091388400703 0.6639150943396226 0.5615114235500879 0.6591981132075472 0.5755711775043937 0.652122641509434 0.5843585237258347 0.6261792452830188 0.5896309314586995 0.6191037735849056 0.5913884007029877 0.6002358490566038 0.5861159929701231 0.5884433962264151 0.5755711775043937 0.5931603773584906 0.5650263620386643 0.5955188679245284 0.5562390158172232 0.6049528301886793 0.5456942003514939 0.6143867924528302 0.5404217926186292 0.6403301886792453 0.5492091388400703 0.6639150943396226
8 0.7231985940246046 0.35495283018867924 0.726713532513181 0.35495283018867924 0.726713532513181 0.34787735849056606 0.7196836555360281 0.34787735849056606 0.7231985940246046 0.35495283018867924
8 0.640597539543058 0.527122641509434 0.6458699472759226 0.5294811320754716 0.6458699472759226 0.5200471698113207 0.640597539543058 0.5200471698113207 0.640597539543058 0.527122641509434