8 0.3449367088607595 0.6129707112970711 0.30537974683544306 0.600418410041841 0.23417721518987342 0.5732217573221757 0.1930379746835443 0.5502092050209205 0.15822784810126583 0.5167364016736402 0.13449367088607594 0.5188284518828452 0.11392405063291139 0.5292887029288703 0.10284810126582279 0.5543933054393305 0.12658227848101267 0.5857740585774058 0.14873417721518986 0.6171548117154811 0.1819620253164557 0.6338912133891214 0.21677215189873417 0.6485355648535565 0.24367088607594936 0.6569037656903766 0.2927215189873418 0.6778242677824268 0.3370253164556962 0.6924686192468619 0.3670886075949367 0.6903765690376569 0.3813291139240506 0.6610878661087866 0.40664556962025317 0.6297071129707112 0.39082278481012656 0.6317991631799164 0.36550632911392406 0.6317991631799164 0.3449367088607595 0.6129707112970711
8 0.28164556962025317 0.50418410041841 0.2626582278481013 0.5 0.25158227848101267 0.4790794979079498 0.24367088607594936 0.4916317991631799 0.2310126582278481 0.4916317991631799 0.2310126582278481 0.47489539748953974 0.2310126582278481 0.4560669456066946 0.22151898734177214 0.4602510460251046 0.20727848101265822 0.4811715481171548 0.1962025316455696 0.48326359832635984 0.18354430379746836 0.4686192468619247 0.17721518987341772 0.4769874476987448 0.1661392405063291 0.4874476987447699 0.1930379746835443 0.497907949790795 0.2310126582278481 0.5125523012552301 0.2610759493670886 0.5230125523012552 0.28164556962025317 0.5292887029288703 0.3022151898734177 0.5313807531380753 0.29430379746835444 0.5146443514644351 0.28164556962025317 0.50418410041841
8 0.3322784810126582 0.47489539748953974 0.34335443037974683 0.4811715481171548 0.36075949367088606 0.4874476987447699 0.37183544303797467 0.4811715481171548 0.3686708860759494 0.4769874476987448 0.3623417721518987 0.4769874476987448 0.35443037974683544 0.4769874476987448 0.34651898734177217 0.47280334728033474 0.3370253164556962 0.4686192468619247 0.3322784810126582 0.47489539748953974
8 0.3449367088607595 0.49372384937238495 0.3528481012658228 0.49372384937238495 0.3512658227848101 0.4874476987447699 0.34651898734177217 0.4895397489539749 0.3449367088607595 0.49372384937238495
8 0.2990506329113924 0.46443514644351463 0.29430379746835444 0.47280334728033474 0.3022151898734177 0.47280334728033474 0.31170886075949367 0.46443514644351463 0.31962025316455694 0.45188284518828453 0.31170886075949367 0.45397489539748953 0.3069620253164557 0.4581589958158996 0.2990506329113924 0.46443514644351463
8 0.35443037974683544 0.4435146443514644 0.3670886075949367 0.4435146443514644 0.37816455696202533 0.4351464435146444 0.39082278481012656 0.42887029288702927 0.39556962025316456 0.4225941422594142 0.38449367088607594 0.41841004184100417 0.38449367088607594 0.4100418410041841 0.3686708860759494 0.4100418410041841 0.3575949367088608 0.4225941422594142 0.34968354430379744 0.4330543933054393 0.35443037974683544 0.4435146443514644
8 0.24050632911392406 0.41422594142259417 0.24841772151898733 0.4121338912133891 0.24208860759493672 0.40376569037656906 0.22943037974683544 0.399581589958159 0.22468354430379747 0.40794979079497906 0.2310126582278481 0.4100418410041841 0.24050632911392406 0.41422594142259417
8 0.2120253164556962 0.4246861924686193 0.2199367088607595 0.4225941422594142 0.22784810126582278 0.41422594142259417 0.22468354430379747 0.40794979079497906 0.21360759493670886 0.41841004184100417 0.2120253164556962 0.4246861924686193
8 0.2721518987341772 0.44142259414225943 0.2674050632911392 0.4351464435146444 0.2626582278481013 0.4393305439330544 0.24525316455696203 0.4330543933054393 0.22943037974683544 0.42887029288702927 0.21518987341772153 0.42677824267782427 0.20727848101265822 0.4246861924686193 0.20727848101265822 0.42887029288702927 0.22468354430379747 0.4351464435146444 0.24525316455696203 0.44142259414225943 0.2626582278481013 0.4497907949790795 0.2721518987341772 0.44142259414225943
8 0.1930379746835443 0.4225941422594142 0.19778481012658228 0.41631799163179917 0.20727848101265822 0.40794979079497906 0.20094936708860758 0.40585774058577406 0.189873417721519 0.41631799163179917 0.1930379746835443 0.4225941422594142
8 0.14240506329113925 0.46443514644351463 0.1439873417721519 0.4497907949790795 0.13765822784810128 0.45397489539748953 0.1360759493670886 0.46234309623430964 0.14240506329113925 0.46443514644351463
8 0.17246835443037975 0.45188284518828453 0.18037974683544303 0.45397489539748953 0.1930379746835443 0.4456066945606695 0.1787974683544304 0.4393305439330544 0.17405063291139242 0.4456066945606695 0.17246835443037975 0.45188284518828453
8 0.39556962025316456 0.7447698744769874 0.4161392405063291 0.7426778242677824 0.439873417721519 0.7343096234309623 0.4509493670886076 0.7322175732217573 0.4541139240506329 0.7259414225941423 0.4272151898734177 0.7322175732217573 0.4050632911392405 0.7322175732217573 0.39082278481012656 0.7384937238493724 0.39556962025316456 0.7447698744769874
5 0.3275316455696203 0.5439330543933054 0.2974683544303797 0.5355648535564853 0.25949367088607594 0.5230125523012552 0.22626582278481014 0.5104602510460251 0.19778481012658228 0.5 0.17088607594936708 0.4895397489539749 0.14240506329113925 0.4707112970711297 0.12183544303797468 0.4497907949790795 0.11867088607594936 0.4581589958158996 0.125 0.47489539748953974 0.1360759493670886 0.502092050209205 0.14556962025316456 0.502092050209205 0.15664556962025317 0.5167364016736402 0.16930379746835442 0.5313807531380753 0.1930379746835443 0.5502092050209205 0.2231012658227848 0.5669456066945606 0.2626582278481013 0.5836820083682008 0.30537974683544306 0.600418410041841 0.3401898734177215 0.608786610878661 0.3623417721518987 0.6317991631799164 0.3971518987341772 0.6317991631799164 0.3987341772151899 0.6192468619246861 0.3876582278481013 0.5878661087866108 0.370253164556962 0.5502092050209205 0.3528481012658228 0.5460251046025104 0.3275316455696203 0.5439330543933054
0 0.17246835443037975 0.6548117154811716 0.17405063291139242 0.6652719665271967 0.18354430379746836 0.6715481171548117 0.17721518987341772 0.6715481171548117 0.19462025316455697 0.6736401673640168 0.189873417721519 0.6527196652719666 0.1819620253164557 0.6443514644351465 0.17246835443037975 0.6380753138075314 0.17246835443037975 0.6548117154811716
0 0.3939873417721519 0.604602510460251 0.40031645569620256 0.6234309623430963 0.4161392405063291 0.6297071129707112 0.43670886075949367 0.6297071129707112 0.4572784810126582 0.6317991631799164 0.4762658227848101 0.6359832635983264 0.5031645569620253 0.6359832635983264 0.5174050632911392 0.6317991631799164 0.5015822784810127 0.608786610878661 0.48575949367088606 0.5836820083682008 0.4778481012658228 0.5857740585774058 0.46360759493670883 0.5711297071129707 0.4477848101265823 0.5648535564853556 0.439873417721519 0.5585774058577406 0.4208860759493671 0.5585774058577406 0.3987341772151899 0.5585774058577406 0.3829113924050633 0.5523012552301255 0.370253164556962 0.5523012552301255 0.3829113924050633 0.5774058577405857 0.3939873417721519 0.604602510460251
0 0.2974683544303797 0.698744769874477 0.2927215189873418 0.702928870292887 0.2974683544303797 0.7259414225941423 0.3259493670886076 0.7426778242677824 0.32436708860759494 0.7301255230125523 0.31962025316455694 0.7071129707112971 0.2974683544303797 0.698744769874477
0 0.46835443037974683 0.5418410041841004 0.49841772151898733 0.5083682008368201 0.5537974683544303 0.4602510460251046 0.634493670886076 0.39539748953974896 0.7056962025316456 0.3493723849372385 0.6993670886075949 0.34518828451882844 0.6487341772151899 0.3702928870292887 0.5981012658227848 0.39748953974895396 0.5537974683544303 0.42677824267782427 0.49841772151898733 0.4707112970711297 0.4462025316455696 0.5230125523012552 0.43037974683544306 0.5439330543933054 0.3639240506329114 0.5439330543933054 0.37816455696202533 0.5627615062761506 0.4525316455696203 0.5627615062761506 0.46835443037974683 0.5418410041841004
0 0.615506329113924 0.602510460251046 0.6170886075949367 0.5836820083682008 0.5110759493670886 0.6255230125523012 0.5189873417721519 0.6359832635983264 0.6044303797468354 0.6234309623430963 0.615506329113924 0.602510460251046