8 0.3170289855072464 0.34325396825396826 0.32608695652173914 0.3551587301587302 0.3378623188405797 0.35714285714285715 0.348731884057971 0.36507936507936506 0.3605072463768116 0.3611111111111111 0.3786231884057971 0.37103174603174605 0.401268115942029 0.38492063492063494 0.42844202898550726 0.3968253968253968 0.4583333333333333 0.4146825396825397 0.483695652173913 0.4365079365079365 0.5018115942028986 0.4503968253968254 0.5063405797101449 0.4444444444444444 0.5018115942028986 0.43253968253968256 0.4692028985507246 0.40674603174603174 0.4411231884057971 0.3869047619047619 0.4121376811594203 0.375 0.3858695652173913 0.36507936507936506 0.365036231884058 0.3531746031746032 0.3423913043478261 0.3472222222222222 0.32971014492753625 0.3412698412698413 0.3233695652173913 0.3353174603174603
8 0.3813405797101449 0.3392857142857143 0.39402173913043476 0.34523809523809523 0.41304347826086957 0.35912698412698413 0.427536231884058 0.36507936507936506 0.43478260869565216 0.376984126984127 0.4230072463768116 0.376984126984127 0.39402173913043476 0.36507936507936506 0.37318840579710144 0.35119047619047616
8 0.36141304347826086 0.2757936507936508 0.37681159420289856 0.2896825396825397 0.39402173913043476 0.30158730158730157 0.40398550724637683 0.30753968253968256 0.39855072463768115 0.3194444444444444 0.3894927536231884 0.3194444444444444 0.3759057971014493 0.3134920634920635 0.36684782608695654 0.29563492063492064
8 0.3378623188405797 0.30952380952380953 0.32971014492753625 0.31746031746031744 0.33061594202898553 0.33134920634920634 0.3342391304347826 0.34523809523809523 0.34782608695652173 0.3472222222222222 0.3605072463768116 0.3373015873015873 0.358695652173913 0.32142857142857145
8 0.15942028985507245 0.2361111111111111 0.17481884057971014 0.23015873015873015 0.18840579710144928 0.22420634920634921 0.2056159420289855 0.22420634920634921 0.22192028985507245 0.22420634920634921 0.2427536231884058 0.22420634920634921 0.26902173913043476 0.23214285714285715 0.28532608695652173 0.24603174603174602 0.2826086956521739 0.26785714285714285 0.2753623188405797 0.2857142857142857 0.26902173913043476 0.2996031746031746 0.23822463768115942 0.2876984126984127 0.21739130434782608 0.2777777777777778 0.2056159420289855 0.27976190476190477 0.19655797101449277 0.2698412698412698 0.1766304347826087 0.27976190476190477 0.16576086956521738 0.2857142857142857 0.151268115942029 0.2698412698412698 0.13949275362318841 0.251984126984127 0.12681159420289856 0.24801587301587302 0.10869565217391304 0.2361111111111111 0.09057971014492754 0.2261904761904762 0.08242753623188406 0.2123015873015873 0.08786231884057971 0.19642857142857142 0.10597826086956522 0.20634920634920634 0.11775362318840579 0.21031746031746032 0.1286231884057971 0.21626984126984128 0.13858695652173914 0.22023809523809523 0.14945652173913043 0.2222222222222222
3 0.3197463768115942 0.48412698412698413 0.3233695652173913 0.44047619047619047 0.32065217391304346 0.3869047619047619 0.3233695652173913 0.34523809523809523 0.3269927536231884 0.3055555555555556 0.32608695652173914 0.2619047619047619 0.3233695652173913 0.2400793650793651 0.3061594202898551 0.23015873015873015 0.3061594202898551 0.20833333333333334 0.2971014492753623 0.21031746031746032 0.2826086956521739 0.21626984126984128 0.2717391304347826 0.21626984126984128 0.2554347826086957 0.22023809523809523 0.25 0.23015873015873015 0.24909420289855072 0.20833333333333334 0.24728260869565216 0.19246031746031747 0.23731884057971014 0.21031746031746032 0.23007246376811594 0.21626984126984128 0.2246376811594203 0.2123015873015873 0.21467391304347827 0.20436507936507936 0.20833333333333334 0.19246031746031747 0.19746376811594202 0.2123015873015873 0.18115942028985507 0.21626984126984128 0.1721014492753623 0.23015873015873015 0.161231884057971 0.2400793650793651 0.15579710144927536 0.25992063492063494 0.16576086956521738 0.2916666666666667 0.17572463768115942 0.31746031746031744 0.1947463768115942 0.3253968253968254 0.20380434782608695 0.3392857142857143 0.22010869565217392 0.36507936507936506 0.23278985507246377 0.38492063492063494 0.24728260869565216 0.4007936507936508 0.259963768115942 0.4166666666666667 0.26721014492753625 0.4305555555555556 0.28532608695652173 0.44642857142857145 0.29981884057971014 0.4642857142857143 0.3134057971014493 0.4722222222222222
3 0.08967391304347826 0.18452380952380953 0.10235507246376811 0.17261904761904762 0.11684782608695653 0.17261904761904762 0.13043478260869565 0.16468253968253968 0.14673913043478262 0.16071428571428573 0.15670289855072464 0.15674603174603174 0.1585144927536232 0.19642857142857142 0.15942028985507245 0.21626984126984128 0.15579710144927536 0.2400793650793651 0.1539855072463768 0.2638888888888889 0.1539855072463768 0.2996031746031746 0.15760869565217392 0.36904761904761907 0.14673913043478262 0.40674603174603174 0.13405797101449277 0.4126984126984127 0.11775362318840579 0.3412698412698413 0.10597826086956522 0.3055555555555556 0.08876811594202899 0.2857142857142857 0.0806159420289855 0.2718253968253968 0.07155797101449275 0.2698412698412698 0.07065217391304347 0.2400793650793651 0.07155797101449275 0.21626984126984128 0.07880434782608696 0.19642857142857142
5 0.18297101449275363 0.16666666666666666 0.1956521739130435 0.17261904761904762 0.20380434782608695 0.1746031746031746 0.19746376811594202 0.2003968253968254 0.19021739130434784 0.21428571428571427 0.1766304347826087 0.22023809523809523 0.17300724637681159 0.21031746031746032 0.17753623188405798 0.19047619047619047
3 0.328804347826087 0.31547619047619047 0.3423913043478261 0.3055555555555556 0.3541666666666667 0.29563492063492064 0.365036231884058 0.30753968253968256 0.3759057971014493 0.3253968253968254 0.3786231884057971 0.34325396825396826 0.375 0.36706349206349204 0.365036231884058 0.375 0.35144927536231885 0.373015873015873 0.3351449275362319 0.3630952380952381 0.3278985507246377 0.3492063492063492
3 0.15579710144927536 0.37103174603174605 0.16485507246376813 0.46825396825396826 0.16847826086956522 0.5357142857142857 0.17391304347826086 0.5357142857142857 0.17753623188405798 0.4662698412698413 0.17028985507246377 0.4007936507936508 0.16576086956521738 0.36706349206349204
0 0.14402173913043478 0.15674603174603174 0.1213768115942029 0.1626984126984127 0.09692028985507246 0.16071428571428573 0.08967391304347826 0.16666666666666666 0.07789855072463768 0.1865079365079365 0.07336956521739131 0.20634920634920634 0.06974637681159421 0.25595238095238093 0.06702898550724638 0.29563492063492064 0.0661231884057971 0.31746031746031744 0.07155797101449275 0.29365079365079366 0.08333333333333333 0.2876984126984127 0.09601449275362318 0.2916666666666667 0.10326086956521739 0.2996031746031746 0.11141304347826086 0.3134920634920635 0.1213768115942029 0.3472222222222222 0.12952898550724637 0.38293650793650796 0.13677536231884058 0.4246031746031746 0.1431159420289855 0.46825396825396826 0.14945652173913043 0.5099206349206349 0.1621376811594203 0.5615079365079365 0.17391304347826086 0.5714285714285714 0.17391304347826086 0.5357142857142857 0.17300724637681159 0.4801587301587302 0.16485507246376813 0.4027777777777778 0.16032608695652173 0.3412698412698413 0.15670289855072464 0.28174603174603174 0.15942028985507245 0.2261904761904762 0.16576086956521738 0.19246031746031747 0.17844202898550723 0.16666666666666666 0.1838768115942029 0.13690476190476192 0.18478260869565216 0.11706349206349206 0.18297101449275363 0.10119047619047619 0.17753623188405798 0.10515873015873016 0.17119565217391305 0.11904761904761904 0.161231884057971 0.13690476190476192 0.1539855072463768 0.14682539682539683