4 0.5853658536585366 0.5280373831775701 0.5940766550522648 0.5350467289719626 0.6062717770034843 0.5280373831775701 0.6097560975609756 0.5163551401869159 0.5923344947735192 0.5210280373831776 0.5818815331010453 0.5210280373831776 0.5853658536585366 0.5280373831775701
4 0.7212543554006968 0.4719626168224299 0.7317073170731707 0.4719626168224299 0.740418118466899 0.4649532710280374 0.7473867595818815 0.45794392523364486 0.735191637630662 0.45794392523364486 0.7229965156794426 0.46261682242990654 0.7212543554006968 0.4719626168224299
4 0.4529616724738676 0.3878504672897196 0.4651567944250871 0.3878504672897196 0.4721254355400697 0.3855140186915888 0.4634146341463415 0.3808411214953271 0.4529616724738676 0.3878504672897196
4 0.4634146341463415 0.5210280373831776 0.4738675958188153 0.5210280373831776 0.4738675958188153 0.5116822429906542 0.4651567944250871 0.5093457943925234 0.4634146341463415 0.5210280373831776
4 0.6881533101045296 0.6285046728971962 0.6777003484320557 0.6144859813084113 0.6689895470383276 0.6214953271028038 0.6742160278745645 0.6355140186915887 0.6881533101045296 0.6285046728971962
0 0.4355400696864111 0.7686915887850467 0.42160278745644597 0.7757009345794392 0.44773519163763065 0.8621495327102804 0.4930313588850174 0.8925233644859814 0.5627177700348432 0.9088785046728972 0.6167247386759582 0.9088785046728972 0.6881533101045296 0.8808411214953271 0.7473867595818815 0.8434579439252337 0.7909407665505227 0.8037383177570093 0.8344947735191638 0.7593457943925234 0.8606271777003485 0.719626168224299 0.8710801393728222 0.6892523364485982 0.8832752613240418 0.6612149532710281 0.8902439024390244 0.6074766355140186 0.8937282229965157 0.5654205607476636 0.8797909407665505 0.5373831775700935 0.867595818815331 0.514018691588785 0.8554006968641115 0.5350467289719626 0.8606271777003485 0.5654205607476636 0.8606271777003485 0.5887850467289719 0.8571428571428571 0.6261682242990654 0.8414634146341463 0.647196261682243 0.818815331010453 0.6705607476635514 0.7804878048780488 0.6962616822429907 0.7508710801393729 0.7149532710280374 0.7264808362369338 0.7242990654205608 0.7195121951219512 0.7009345794392523 0.7142857142857143 0.6752336448598131 0.705574912891986 0.6378504672897196 0.6724738675958188 0.6542056074766355 0.6672473867595818 0.677570093457944 0.6533101045296167 0.705607476635514 0.6289198606271778 0.7172897196261683 0.5905923344947736 0.7219626168224299 0.5574912891986062 0.719626168224299 0.519163763066202 0.705607476635514 0.48606271777003485 0.6705607476635514 0.4721254355400697 0.6728971962616822 0.4442508710801394 0.6612149532710281 0.39372822299651566 0.6448598130841121 0.4355400696864111 0.7686915887850467
3 0.8554006968641115 0.48130841121495327 0.837979094076655 0.43457943925233644 0.8310104529616724 0.4696261682242991 0.8344947735191638 0.5116822429906542 0.8571428571428571 0.530373831775701 0.8658536585365854 0.5186915887850467 0.8554006968641115 0.48130841121495327
1 0.36585365853658536 0.8014018691588785 0.3606271777003484 0.794392523364486 0.3554006968641115 0.8014018691588785 0.37456445993031356 0.8317757009345794 0.37282229965156793 0.8130841121495327 0.36585365853658536 0.8014018691588785
1 0.39547038327526135 0.8341121495327103 0.38501742160278746 0.8364485981308412 0.3885017421602787 0.8434579439252337 0.3989547038327526 0.8434579439252337 0.39547038327526135 0.8341121495327103
1 0.3832752613240418 0.8434579439252337 0.3780487804878049 0.8387850467289719 0.37456445993031356 0.8457943925233645 0.3832752613240418 0.8504672897196262 0.3832752613240418 0.8434579439252337
1 0.3344947735191638 0.7289719626168224 0.3397212543554007 0.7313084112149533 0.343205574912892 0.7172897196261683 0.3362369337979094 0.7079439252336449 0.3344947735191638 0.7289719626168224
0 0.5766550522648084 0.5560747663551402 0.5348432055749129 0.5373831775700935 0.5034843205574913 0.5280373831775701 0.4738675958188153 0.5257009345794392 0.4146341463414634 0.4766355140186916 0.34494773519163763 0.42990654205607476 0.3397212543554007 0.4462616822429907 0.4024390243902439 0.4976635514018692 0.46689895470383275 0.5537383177570093 0.4930313588850174 0.5490654205607477 0.5139372822299652 0.5584112149532711 0.5418118466898955 0.5677570093457944 0.5696864111498258 0.5794392523364486 0.6341463414634146 0.6191588785046729 0.6515679442508711 0.6261682242990654 0.6167247386759582 0.5864485981308412 0.5766550522648084 0.5560747663551402
4 0.5574912891986062 0.5397196261682243 0.5470383275261324 0.5467289719626168 0.5574912891986062 0.5490654205607477 0.5644599303135889 0.5420560747663551 0.5574912891986062 0.5397196261682243