1 0.7146042363433668 0.415506958250497 0.7246376811594203 0.4254473161033797 0.7290969899665551 0.44532803180914515 0.7134894091415831 0.4552683896620278 0.6878483835005574 0.4691848906560636 0.6722408026755853 0.47713717693836977 0.6688963210702341 0.4572564612326044 0.6755852842809364 0.441351888667992 0.68561872909699 0.4274353876739563 0.693422519509476 0.43737574552683894 0.705685618729097 0.43538767395626243 0.7101449275362319 0.4254473161033797
1 0.6298773690078038 0.49105367793240556 0.6376811594202898 0.5049701789264414 0.6276477146042363 0.5168986083499006
1 0.5295429208472687 0.43737574552683894 0.5384615384615384 0.43141153081510936 0.5451505016722408 0.43339960238568587 0.5562987736900781 0.43737574552683894 0.568561872909699 0.43737574552683894 0.5819397993311036 0.43538767395626243 0.5908584169453734 0.4274353876739563 0.6031215161649944 0.4234592445328032 0.6164994425863991 0.43339960238568587 0.6287625418060201 0.4294234592445328 0.6544035674470458 0.44930417495029823 0.6477146042363434 0.4552683896620278 0.6365663322185061 0.44731610337972166 0.6231884057971014 0.4532803180914513 0.5797101449275363 0.44930417495029823 0.5674470457079153 0.4552683896620278 0.5462653288740246 0.4433399602385686
1 0.45261984392419174 0.4711729622266402 0.463768115942029 0.4592445328031809 0.46711259754738016 0.46520874751491054 0.45261984392419174 0.48111332007952284
1 0.483835005574136 0.5188866799204771 0.49052396878483834 0.532803180914513 0.48272017837235226 0.536779324055666 0.4793756967670011 0.5268389662027833
1 0.4414715719063545 0.5188866799204771 0.44704570791527315 0.5228628230616302 0.44481605351170567 0.532803180914513 0.44481605351170567 0.5467196819085487 0.43924191750278707 0.5506958250497018 0.43478260869565216 0.5467196819085487 0.4336677814938685 0.536779324055666 0.43812709030100333 0.5288270377733598
1 0.4269788182831661 0.5606361829025845 0.43255295429208473 0.5546719681908548 0.43924191750278707 0.5685884691848907 0.443701226309922 0.5805168986083499 0.4403567447045708 0.5864811133200796 0.43255295429208473 0.5705765407554672
3 0.4180602006688963 0.6401590457256461 0.41471571906354515 0.6043737574552683 0.41025641025641024 0.5705765407554672 0.41917502787068006 0.5427435387673957 0.43032329988851725 0.5288270377733598 0.4459308807134894 0.5069582504970179 0.45707915273132665 0.49105367793240556 0.47045707915273133 0.47713717693836977 0.48717948717948717 0.46322067594433397 0.5050167224080268 0.441351888667992 0.5161649944258639 0.4254473161033797 0.5295429208472687 0.38966202783300197 0.5362318840579711 0.37773359840954274 0.5406911928651059 0.3499005964214712 0.5496098104793757 0.31610337972166996 0.568561872909699 0.30019880715705766 0.5863991081382386 0.3101391650099404 0.5986622073578596 0.3240556660039761 0.6120401337792643 0.3240556660039761 0.6243032329988851 0.3101391650099404 0.6354515050167224 0.31809145129224653 0.6499442586399108 0.30417495029821073 0.6655518394648829 0.2922465208747515 0.6800445930880713 0.28628230616302186 0.6923076923076923 0.26043737574552683 0.7134894091415831 0.2504970178926441 0.7212931995540691 0.2922465208747515 0.7324414715719063 0.34592445328031807 0.7413600891861761 0.3658051689860835 0.7346711259754738 0.4234592445328032 0.7268673355629878 0.44930417495029823 0.6989966555183946 0.46322067594433397 0.6666666666666666 0.4831013916500994 0.6387959866220736 0.5029821073558648 0.6164994425863991 0.5387673956262425 0.5975473801560758 0.5228628230616302 0.5540691192865106 0.510934393638171 0.5105908584169454 0.5188866799204771 0.483835005574136 0.536779324055666 0.45819397993311034 0.5506958250497018 0.43701226309921964 0.5964214711729622
8 0.5161649944258639 0.3956262425447316 0.5016722408026756 0.4194831013916501 0.48940914158305465 0.4234592445328032 0.48272017837235226 0.43737574552683894 0.4738015607580825 0.44930417495029823 0.4537346711259755 0.4671968190854871 0.43478260869565216 0.5049701789264414 0.4559643255295429 0.47912524850894633 0.47268673355629875 0.4572564612326044 0.48049052396878483 0.45129224652087474 0.49498327759197325 0.43737574552683894 0.5094760312151616 0.4194831013916501 0.5161649944258639 0.40556660039761433
8 0.4882943143812709 0.4731610337972167 0.483835005574136 0.4870775347912525 0.48606465997770343 0.4970178926441352 0.4882943143812709 0.5168986083499006 0.4916387959866221 0.510934393638171 0.49052396878483834 0.4970178926441352 0.49052396878483834 0.4831013916500994 0.4927536231884058 0.4731610337972167
8 0.463768115942029 0.4552683896620278 0.4013377926421405 0.4552683896620278 0.42251950947603123 0.4592445328031809 0.4492753623188406 0.46123260437375746
8 0.6900780379041248 0.5765407554671969 0.6767001114827201 0.5785288270377733 0.6711259754738016 0.5864811133200796 0.6767001114827201 0.5864811133200796 0.6889632107023411 0.584493041749503
8 0.6956521739130435 0.614314115308151 0.7034559643255296 0.614314115308151 0.7001114827201784 0.6322067594433399 0.6956521739130435 0.6302186878727635
8 0.653288740245262 0.5029821073558648 0.6410256410256411 0.5089463220675944 0.6432552954292085 0.5129224652087475 0.6521739130434783 0.5089463220675944
8 0.7212931995540691 0.40357852882703776 0.705685618729097 0.43538767395626243 0.68561872909699 0.43141153081510936 0.6722408026755853 0.44930417495029823 0.6711259754738016 0.4671968190854871 0.6767001114827201 0.44731610337972166 0.68561872909699 0.4393638170974155 0.705685618729097 0.441351888667992 0.7246376811594203 0.40755467196819084
8 0.6521739130434783 0.44930417495029823 0.633221850613155 0.4294234592445328 0.6176142697881828 0.43141153081510936 0.6031215161649944 0.42147117296222664 0.5808249721293199 0.43737574552683894 0.5707915273132664 0.43538767395626243 0.5618729096989966 0.43737574552683894 0.5284280936454849 0.43141153081510936 0.5250836120401338 0.4393638170974155 0.5574136008918618 0.4433399602385686 0.5774804905239688 0.4433399602385686 0.5997770345596433 0.4294234592445328 0.6153846153846154 0.4393638170974155 0.6309921962095875 0.43737574552683894 0.6499442586399108 0.4552683896620278
8 0.5730211817168339 0.39363817097415504 0.5830546265328874 0.38767395626242546 0.5841694537346711 0.3956262425447316 0.5752508361204013 0.3996023856858847
8 0.5618729096989966 0.40556660039761433 0.5752508361204013 0.40556660039761433 0.5741360089186176 0.4115308151093439 0.5641025641025641 0.4135188866799205
3 0.46153846153846156 0.44532803180914515 0.4403567447045708 0.441351888667992 0.42474916387959866 0.4393638170974155 0.41025641025641024 0.4552683896620278 0.41471571906354515 0.4731610337972167 0.4158305462653289 0.4870775347912525 0.4258639910813824 0.5049701789264414 0.43255295429208473 0.5089463220675944 0.44704570791527315 0.4990059642147117 0.46153846153846156 0.47912524850894633 0.47491638795986624 0.4671968190854871 0.48717948717948717 0.4532803180914513 0.5083612040133779 0.43339960238568587 0.5228539576365663 0.40556660039761433 0.5172798216276477 0.3956262425447316 0.5039018952062431 0.3976143141153082 0.48717948717948717 0.4135188866799205 0.47157190635451507 0.43538767395626243
3 0.6755852842809364 0.532803180914513 0.6778149386845039 0.5347912524850894 0.6789297658862876 0.5308151093439364 0.6767001114827201 0.5288270377733598
3 0.7090301003344481 0.5288270377733598 0.7112597547380156 0.5308151093439364 0.7134894091415831 0.5288270377733598 0.7123745819397993 0.5248508946322068
3 0.7134894091415831 0.5666003976143141 0.7157190635451505 0.5705765407554672 0.7134894091415831 0.5725646123260437 0.7112597547380156 0.5705765407554672
3 0.6767001114827201 0.5049701789264414 0.6789297658862876 0.5089463220675944 0.6767001114827201 0.510934393638171 0.6755852842809364 0.5089463220675944
3 0.7725752508361204 0.47912524850894633 0.7748049052396878 0.4870775347912525 0.7714604236343366 0.48906560636182905 0.770345596432553 0.4850894632206759
3 0.7536231884057971 0.46520874751491054 0.7558528428093646 0.46520874751491054 0.7558528428093646 0.4691848906560636 0.7536231884057971 0.4691848906560636
3 0.758082497212932 0.4552683896620278 0.7603121516164995 0.4552683896620278 0.7603121516164995 0.4592445328031809 0.758082497212932 0.4592445328031809
3 0.7614269788182831 0.4393638170974155 0.7636566332218506 0.4393638170974155 0.7636566332218506 0.4433399602385686 0.7614269788182831 0.4433399602385686
3 0.7681159420289855 0.415506958250497 0.7692307692307693 0.415506958250497 0.7692307692307693 0.41749502982107356 0.7681159420289855 0.41749502982107356
3 0.7525083612040134 0.4393638170974155 0.7547380156075808 0.4393638170974155 0.7547380156075808 0.4433399602385686 0.7525083612040134 0.4433399602385686
3 0.7447045707915273 0.441351888667992 0.745819397993311 0.441351888667992 0.745819397993311 0.4393638170974155 0.7447045707915273 0.4393638170974155
3 0.7357859531772575 0.4970178926441352 0.7391304347826086 0.4970178926441352 0.7391304347826086 0.5009940357852882 0.7357859531772575 0.5009940357852882
0 0.6164994425863991 0.5308151093439364 0.6298773690078038 0.5009940357852882 0.6465997770345596 0.47912524850894633 0.6722408026755853 0.46520874751491054 0.7023411371237458 0.44731610337972166 0.7212931995540691 0.43339960238568587 0.7313266443701226 0.40556660039761433 0.7335562987736901 0.35785288270377735 0.745819397993311 0.37375745526838966 0.7424749163879598 0.41749502982107356 0.7357859531772575 0.45129224652087474 0.725752508361204 0.46520874751491054 0.6688963210702341 0.49502982107355864 0.6499442586399108 0.510934393638171 0.6254180602006689 0.5447316103379721