0 0.19662921348314608 0.25650557620817843 0.21910112359550563 0.28066914498141265 0.2556179775280899 0.3215613382899628 0.2851123595505618 0.3587360594795539 0.3047752808988764 0.38661710037174724 0.3146067415730337 0.40148698884758366 0.3356741573033708 0.4052044609665427 0.3693820224719101 0.39776951672862454 0.3637640449438202 0.3736059479553903 0.3707865168539326 0.36988847583643125 0.37359550561797755 0.3550185873605948 0.37359550561797755 0.3382899628252788 0.35674157303370785 0.3345724907063197 0.34269662921348315 0.34944237918215615 0.31179775280898875 0.3252788104089219 0.23174157303370788 0.25464684014869887 0.199438202247191 0.21561338289962825 0.17696629213483145 0.1821561338289963 0.16853932584269662 0.15055762081784388 0.16432584269662923 0.13011152416356878 0.16432584269662923 0.11338289962825279 0.15589887640449437 0.12825278810408922 0.15308988764044945 0.1449814126394052 0.15168539325842698 0.17843866171003717 0.16853932584269662 0.21933085501858737 0.19662921348314608 0.25650557620817843
0 0.488876404494382 0 0.5042134831460674 0.03903345724907063 0.5252808988764045 0.09479553903345725 0.5519662921348315 0.16728624535315986 0.5758426966292135 0.2211895910780669 0.5870786516853933 0.2527881040892193 0.5969101123595506 0.2732342007434944 0.6039325842696629 0.2992565055762082 0.6362359550561798 0.3104089219330855 0.6165730337078652 0.2695167286245353 0.6109550561797753 0.26765799256505574 0.5112359550561798 0.01858736059479554 0.5084269662921348 0 0.488876404494382 0
3 0.48174157303370785 0.4163568773234201 0.4691011235955056 0.3940520446096654 0.4199438202247191 0.36988847583643125 0.37359550561797755 0.3828996282527881 0.37359550561797755 0.4163568773234201 0.3960674157303371 0.4851301115241636 0.4199438202247191 0.5669144981412639 0.4339887640449438 0.570631970260223 0.4789325842696629 0.45724907063197023 0.48174157303370785 0.4163568773234201
3 0.35252808988764045 0.30855018587360594 0.35674157303370785 0.33271375464684017 0.3693820224719101 0.3345724907063197 0.39185393258426965 0.3271375464684015 0.39325842696629215 0.31970260223048325 0.38202247191011235 0.2955390334572491 0.3651685393258427 0.2992565055762082 0.35252808988764045 0.30855018587360594
3 0.3609550561797753 0.23977695167286245 0.3497191011235955 0.23605947955390336 0.33848314606741575 0.241635687732342 0.3455056179775281 0.2620817843866171 0.34831460674157305 0.2899628252788104 0.3595505617977528 0.258364312267658 0.3609550561797753 0.23977695167286245
3 0.4705056179775281 0.3048327137546468 0.5182584269662921 0.29182156133828996 0.5589887640449438 0.28066914498141265 0.5519662921348315 0.2788104089219331 0.5112359550561798 0.2825278810408922 0.4803370786516854 0.2862453531598513 0.449438202247191 0.2899628252788104 0.40870786516853935 0.2899628252788104 0.3904494382022472 0.2936802973977695 0.41151685393258425 0.3066914498141264 0.4705056179775281 0.3048327137546468
3 0.5252808988764045 0.5315985130111525 0.5337078651685393 0.49814126394052044 0.5084269662921348 0.42379182156133827 0.49157303370786515 0.44609665427509293 0.4845505617977528 0.49814126394052044 0.4845505617977528 0.6115241635687733 0.5252808988764045 0.5315985130111525
3 0.5688202247191011 0.6133828996282528 0.5814606741573034 0.5260223048327137 0.5519662921348315 0.5111524163568774 0.5252808988764045 0.533457249070632 0.48174157303370785 0.620817843866171 0.5056179775280899 0.6505576208178439 0.5688202247191011 0.6133828996282528
5 0.5337078651685393 0.9405204460966543 0.5421348314606742 0.9460966542750929 0.5519662921348315 0.9479553903345725 0.5632022471910112 0.9479553903345725 0.5716292134831461 0.9442379182156134 0.5786516853932584 0.9368029739776952 0.5828651685393258 0.9275092936802974 0.5814606741573034 0.9182156133828996 0.5758426966292135 0.912639405204461 0.5617977528089888 0.9070631970260223 0.547752808988764 0.9089219330855018 0.5351123595505618 0.9163568773234201 0.5308988764044944 0.9312267657992565 0.5337078651685393 0.9405204460966543
8 0.5014044943820225 0.533457249070632 0.5014044943820225 0.5037174721189591 0.5042134831460674 0.48698884758364314 0.5014044943820225 0.48698884758364314 0.49719101123595505 0.5 0.49719101123595505 0.5353159851301115 0.5014044943820225 0.533457249070632
8 0.6109550561797753 0.6078066914498141 0.6109550561797753 0.5947955390334573 0.6039325842696629 0.5929368029739777 0.6025280898876404 0.6059479553903345 0.6109550561797753 0.6078066914498141
8 0.7092696629213483 0.6003717472118959 0.7036516853932584 0.6003717472118959 0.7036516853932584 0.6059479553903345 0.7092696629213483 0.6059479553903345 0.7092696629213483 0.6003717472118959
0 0.4055935519662921 1 0.41292134831460675 0.9721189591078067 0.4297752808988764 0.8754646840148699 0.4396067415730337 0.7992565055762082 0.4199438202247191 0.7360594795539034 0.39185393258426965 0.6449814126394052 0.37359550561797755 0.5594795539033457 0.37780898876404495 0.5241635687732342 0.3960674157303371 0.48698884758364314 0.3693820224719101 0.39776951672862454 0.33707865168539325 0.4033457249070632 0.29213483146067415 0.40148698884758366 0.28370786516853935 0.41821561338289964 0.2949438202247191 0.49070631970260226 0.29775280898876405 0.5892193308550185 0.300561797752809 0.70817843866171 0.30196629213483145 0.7955390334572491 0.2991573033707865 0.8252788104089219 0.3160112359550562 0.8903345724907064 0.3342696629213483 0.9535315985130112 0.3553370786516854 1 0.4055935519662921 1
5 0.4887640449438202 0.879182156133829 0.5042134831460674 0.8513011152416357 0.5042134831460674 0.7936802973977695 0.49859550561797755 0.7342007434944238 0.4957865168539326 0.6728624535315985 0.4887640449438202 0.6505576208178439 0.47191011235955055 0.6245353159851301 0.44241573033707865 0.5855018587360595 0.41853932584269665 0.5669144981412639 0.4044943820224719 0.5148698884758365 0.3946629213483146 0.49256505576208176 0.3806179775280899 0.5055762081784386 0.37219101123595505 0.5297397769516728 0.37780898876404495 0.5780669144981413 0.3946629213483146 0.6617100371747212 0.41853932584269665 0.7397769516728625 0.4452247191011236 0.8215613382899628 0.47191011235955055 0.8866171003717472 0.4887640449438202 0.879182156133829
0 0.425561797752809 0.29739776951672864 0.4901685393258427 0.2899628252788104 0.5884831460674157 0.27695167286245354 0.45224719101123595 0.2732342007434944 0.39185393258426965 0.275092936802974 0.34831460674157305 0.2936802973977695 0.3553370786516854 0.3066914498141264 0.425561797752809 0.29739776951672864