5 0.8506151142355008 0.2261072261072261 0.8558875219683656 0.2540792540792541 0.8629173989455184 0.2540792540792541 0.8734622144112478 0.2494172494172494 0.8892794376098418 0.2517482517482518 0.9086115992970123 0.2540792540792541 0.9384885764499121 0.24708624708624707 0.929701230228471 0.22843822843822845 0.9209138840070299 0.20745920745920746 0.8840070298769771 0.20512820512820512 0.8699472759226714 0.2261072261072261 0.8488576449912126 0.19813519813519814 0.8506151142355008 0.2261072261072261
0 0.7381370826010545 0.08391608391608392 0.7574692442882249 0.14685314685314685 0.7803163444639719 0.2517482517482518 0.7908611599297012 0.2680652680652681 0.8014059753954306 0.31002331002331 0.8031634446397188 0.358974358974359 0.8031634446397188 0.3916083916083916 0.7961335676625659 0.4405594405594406 0.789103690685413 0.4755244755244755 0.7838312829525483 0.5034965034965035 0.789103690685413 0.5337995337995338 0.8154657293497364 0.5104895104895105 0.8629173989455184 0.45454545454545453 0.875219683655536 0.40792540792540793 0.8822495606326889 0.372960372960373 0.8945518453427065 0.337995337995338 0.8910369068541301 0.32167832167832167 0.8857644991212654 0.29836829836829837 0.8717047451669596 0.25874125874125875 0.8558875219683656 0.20279720279720279 0.8312829525483304 0.1561771561771562 0.8066783831282952 0.12354312354312354 0.7785588752196837 0.1048951048951049 0.7609841827768014 0.09090909090909091 0.7381370826010545 0.08391608391608392
3 0.8330404217926186 0.28205128205128205 0.827768014059754 0.27972027972027974 0.820738137082601 0.2773892773892774 0.8137082601054482 0.28205128205128205 0.8172231985940246 0.29603729603729606 0.8189806678383128 0.30536130536130535 0.820738137082601 0.331002331002331 0.820738137082601 0.358974358974359 0.820738137082601 0.3939393939393939 0.8154657293497364 0.4195804195804196 0.8242530755711776 0.4289044289044289 0.836555360281195 0.40326340326340326 0.836555360281195 0.3916083916083916 0.8400702987697716 0.3776223776223776 0.8418277680140598 0.36596736596736595 0.8471001757469244 0.34965034965034963 0.8506151142355008 0.32400932400932403 0.8471001757469244 0.30536130536130535 0.8383128295254832 0.289044289044289 0.8330404217926186 0.28205128205128205
3 0.8558875219683656 0.3473193473193473 0.8558875219683656 0.3543123543123543 0.8558875219683656 0.3706293706293706 0.8541300527240774 0.3916083916083916 0.8506151142355008 0.40792540792540793 0.8506151142355008 0.4219114219114219 0.8541300527240774 0.42657342657342656 0.8576449912126538 0.4219114219114219 0.8611599297012302 0.40326340326340326 0.8681898066783831 0.38694638694638694 0.8717047451669596 0.3706293706293706 0.8646748681898067 0.358974358974359 0.859402460456942 0.34265734265734266 0.8558875219683656 0.3473193473193473
3 0.8804920913884007 0.3123543123543124 0.8804920913884007 0.317016317016317 0.8787346221441125 0.3333333333333333 0.8787346221441125 0.36363636363636365 0.875219683655536 0.3939393939393939 0.8769771528998243 0.3962703962703963 0.8804920913884007 0.38694638694638694 0.8857644991212654 0.3706293706293706 0.8910369068541301 0.351981351981352 0.8980667838312829 0.331002331002331 0.8927943760984183 0.32167832167832167 0.8857644991212654 0.3123543123543124 0.8804920913884007 0.3123543123543124
3 0.7152899824253075 0.2727272727272727 0.7170474516695958 0.2937062937062937 0.7275922671353251 0.3146853146853147 0.7346221441124781 0.337995337995338 0.7311072056239016 0.35664335664335667 0.7275922671353251 0.3752913752913753 0.7363796133567663 0.372960372960373 0.7486818980667839 0.3543123543123543 0.7504393673110721 0.3356643356643357 0.7434094903339191 0.3146853146853147 0.7346221441124781 0.2937062937062937 0.7223198594024605 0.26573426573426573 0.7152899824253075 0.2727272727272727
3 0.6625659050966608 0.3962703962703963 0.6608084358523726 0.40792540792540793 0.6625659050966608 0.43123543123543123 0.6695957820738138 0.44988344988344986 0.6783831282952548 0.4592074592074592 0.6906854130052724 0.4592074592074592 0.6942003514938488 0.4358974358974359 0.6924428822495606 0.41025641025641024 0.6783831282952548 0.40093240093240096 0.6625659050966608 0.3962703962703963
3 0.8857644991212654 0.2727272727272727 0.8804920913884007 0.28205128205128205 0.8804920913884007 0.29603729603729606 0.8857644991212654 0.30536130536130535 0.8927943760984183 0.31934731934731936 0.8980667838312829 0.32400932400932403 0.9033391915641477 0.317016317016317 0.9086115992970123 0.30303030303030304 0.9033391915641477 0.2913752913752914 0.8927943760984183 0.2773892773892774 0.8857644991212654 0.2727272727272727
8 0.4973637961335677 0.634032634032634 0.48857644991212656 0.634032634032634 0.47627416520210897 0.6293706293706294 0.4710017574692443 0.634032634032634 0.45869947275922673 0.6386946386946387 0.4446397188049209 0.6456876456876457 0.4288224956063269 0.6456876456876457 0.4428822495606327 0.6526806526806527 0.46924428822495606 0.6503496503496503 0.5360281195079086 0.6386946386946387 0.5342706502636204 0.627039627039627 0.5096660808435852 0.6317016317016317 0.4973637961335677 0.634032634032634
5 0.12478031634446397 0.4358974358974359 0.2038664323374341 0.4568764568764569 0.20738137082601055 0.372960372960373 0.13005272407732865 0.358974358974359 0.12478031634446397 0.4358974358974359
5 0.8506151142355008 0.30536130536130535 0.836555360281195 0.29836829836829837 0.8224956063268892 0.30303030303030304 0.8260105448154658 0.32634032634032634 0.8488576449912126 0.32634032634032634 0.8506151142355008 0.30536130536130535