8 0.4908062234794908 0.6207584830339321 0.5091937765205092 0.7305389221556886 0.5233380480905233 0.7325349301397206 0.5148514851485149 0.4491017964071856 0.48656294200848654 0.405189620758483 0.4794908062234795 0.5109780439121756 0.4908062234794908 0.6207584830339321
8 0.5388967468175389 0.7085828343313373 0.5289957567185289 0.4810379241516966 0.5205091937765205 0.47105788423153694 0.5289957567185289 0.7145708582834331 0.5388967468175389 0.7085828343313373
8 0.6605374823196606 0.9161676646706587 0.6605374823196606 0.936127744510978 0.6789250353606789 0.9500998003992016 0.6803394625176803 0.9301397205588823 0.6605374823196606 0.9161676646706587
8 0.5643564356435643 0.9421157684630739 0.562942008486563 0.9301397205588823 0.545968882602546 0.9241516966067864 0.5445544554455446 0.9421157684630739 0.5643564356435643 0.9421157684630739
8 0.5971711456859972 1 0.5983026874115983 0.9840319361277445 0.5869872701555869 0.9840319361277445 0.5841584158415841 1 0.5971711456859972 1
3 0.620933521923621 0.029940119760479042 0.6082036775106082 0.007984031936127744 0.57991513437058 0.029940119760479042 0.5912305516265912 0.05788423153692615 0.620933521923621 0.029940119760479042
1 0.24186704384724186 0.6227544910179641 0.24893917963224893 0.624750499001996 0.26025459688826025 0.6167664670658682 0.27722772277227725 0.6367265469061876 0.29985855728429983 0.6826347305389222 0.32814710042432815 0.7624750499001997 0.33663366336633666 0.7584830339321357 0.32248939179632247 0.6926147704590818 0.28854314002828857 0.626746506986028 0.24893917963224893 0.5828343313373253 0.24186704384724186 0.6227544910179641
1 0.2927864214992928 0.7964071856287425 0.32814710042432815 0.8003992015968064 0.32814710042432815 0.7864271457085829 0.2942008486562942 0.7844311377245509 0.2927864214992928 0.7964071856287425
1 0.24893917963224893 0.718562874251497 0.25742574257425743 0.7524950099800399 0.26591230551626593 0.7684630738522954 0.2743988684582744 0.7684630738522954 0.26308345120226306 0.7325349301397206 0.26449787835926447 0.6966067864271457 0.2531824611032532 0.688622754491018 0.24893917963224893 0.718562874251497
1 0.26874115983026875 0.6526946107784432 0.26874115983026875 0.6407185628742516 0.26449787835926447 0.6387225548902196 0.26025459688826025 0.6506986027944112 0.26874115983026875 0.6526946107784432
1 0.24328147100424327 0.7145708582834331 0.25035360678925034 0.654690618762475 0.24328147100424327 0.6526946107784432 0.2347949080622348 0.7065868263473054 0.24328147100424327 0.7145708582834331
1 0.3217821782178218 1 0.32390381895332393 0.998003992015968 0.3338048090523338 0.9680638722554891 0.3422913719943423 0.9321357285429142 0.33097595473833097 0.9301397205588823 0.31541725601131543 0.9740518962075848 0.3012729844413013 1 0.3217821782178218 1
1 0.1456859971711457 0.8502994011976048 0.157001414427157 0.8363273453093812 0.15134370579915135 0.7884231536926147 0.15275813295615276 0.7385229540918163 0.1471004243281471 0.7285429141716567 0.1456859971711457 0.8502994011976048
1 0.16548797736916548 0.9321357285429142 0.15983026874115983 0.9421157684630739 0.17963224893917965 0.9421157684630739 0.19519094766619519 0.9560878243512974 0.20084865629420084 0.9500998003992016 0.18811881188118812 0.9301397205588823 0.1782178217821782 0.9281437125748503 0.16548797736916548 0.9321357285429142
1 0.2130641640735502 1 0.20226308345120225 0.9920159680638723 0.173974540311174 0.9520958083832335 0.16265912305516267 0.9580838323353293 0.18246110325318246 0.9940119760479041 0.18723479490806225 1 0.2130641640735502 1
1 0.32814710042432815 0.8303393213572854 0.32814710042432815 0.8203592814371258 0.3026874115983027 0.8143712574850299 0.29985855728429983 0.8223552894211577 0.32814710042432815 0.8303393213572854
1 0.15983026874115983 0.6347305389221557 0.16831683168316833 0.6487025948103793 0.1782178217821782 0.6367265469061876 0.19519094766619519 0.6167664670658682 0.2065063649222065 0.5948103792415169 0.21216407355021216 0.5808383233532934 0.23055162659123055 0.5828343313373253 0.23196605374823195 0.5728542914171657 0.21357850070721357 0.5668662674650699 0.18953323903818953 0.5668662674650699 0.1485148514851485 0.6007984031936128 0.15983026874115983 0.6347305389221557
1 0.2333804809052334 0.7465069860279441 0.2362093352192362 0.7385229540918163 0.2263083451202263 0.7285429141716567 0.214992927864215 0.7405189620758483 0.21782178217821782 0.7504990019960079 0.2333804809052334 0.7465069860279441
1 0.22206506364922207 0.8622754491017964 0.21782178217821782 0.8802395209580839 0.23196605374823195 0.9041916167664671 0.2446958981612447 0.8822355289421158 0.24045261669024046 0.8762475049900199 0.23055162659123055 0.8762475049900199 0.22206506364922207 0.8622754491017964
1 0.1966053748231966 0.812375249500998 0.18953323903818953 0.812375249500998 0.18246110325318246 0.8383233532934131 0.19236209335219237 0.8602794411177644 0.21357850070721357 0.8602794411177644 0.20933521923620935 0.8502994011976048 0.19519094766619519 0.8383233532934131 0.1966053748231966 0.812375249500998
1 0.1966053748231966 0.716566866267465 0.20226308345120225 0.7125748502994012 0.173974540311174 0.6686626746506986 0.1768033946251768 0.6866267465069861 0.1867043847241867 0.716566866267465 0.1966053748231966 0.716566866267465
1 0.15558698727015557 0.7405189620758483 0.16831683168316833 0.7604790419161677 0.16973125884016974 0.7524950099800399 0.16548797736916548 0.7425149700598802 0.15558698727015557 0.7405189620758483