3 0.4515873015873016 0.5378947368421053 0.4785714285714286 0.5294736842105263 0.4992063492063492 0.5442105263157895 0.5134920634920634 0.5442105263157895 0.5182539682539683 0.5547368421052632 0.5277777777777778 0.5442105263157895 0.5087301587301587 0.5147368421052632 0.5071428571428571 0.4663157894736842 0.49603174603174605 0.4789473684210526 0.4880952380952381 0.4536842105263158 0.46746031746031746 0.4789473684210526 0.4515873015873016 0.5378947368421053
3 0.5007936507936508 0.58 0.49444444444444446 0.6536842105263158 0.49603174603174605 0.7021052631578948 0.49444444444444446 0.7610526315789473 0.503968253968254 0.7863157894736842 0.5071428571428571 0.8326315789473684 0.5134920634920634 0.8494736842105263 0.530952380952381 0.74 0.5468253968253968 0.7147368421052631 0.5531746031746032 0.7042105263157895 0.5706349206349206 0.6936842105263158 0.5563492063492064 0.58 0.5293650793650794 0.5442105263157895 0.5119047619047619 0.5568421052631579 0.5007936507936508 0.58
6 0.6103174603174604 0.6684210526315789 0.6055555555555555 0.6705263157894736 0.6039682539682539 0.6852631578947368 0.6055555555555555 0.6915789473684211 0.6039682539682539 0.6978947368421052 0.6134920634920635 0.6978947368421052 0.6246031746031746 0.6873684210526316 0.6246031746031746 0.6810526315789474 0.6182539682539683 0.6768421052631579 0.611904761904762 0.6768421052631579 0.6103174603174604 0.6684210526315789
6 0.6626984126984127 0.6642105263157895 0.669047619047619 0.6621052631578948 0.6722222222222223 0.6578947368421053 0.6658730158730158 0.651578947368421 0.6611111111111111 0.6536842105263158 0.6579365079365079 0.6578947368421053 0.6626984126984127 0.6642105263157895
6 0.523015873015873 0.12736842105263158 0.5261904761904762 0.12526315789473685 0.5261904761904762 0.11894736842105263 0.5214285714285715 0.11894736842105263 0.5214285714285715 0.1231578947368421 0.523015873015873 0.12526315789473685 0.523015873015873 0.12736842105263158
0 0.5658730158730159 0.6978947368421052 0.5738095238095238 0.7063157894736842 0.5785714285714286 0.7273684210526316 0.5626984126984127 0.8452631578947368 0.5738095238095238 0.8473684210526315 0.5880952380952381 0.74 0.5896825396825397 0.7105263157894737 0.584920634920635 0.7021052631578948 0.584920634920635 0.5842105263157895 0.5531746031746032 0.5821052631578948 0.5595238095238095 0.6473684210526316 0.5658730158730159 0.6978947368421052
5 0.5142063492063492 1 0.5214285714285715 0.9863157894736843 0.5373015873015873 0.9526315789473684 0.5484126984126985 0.9168421052631579 0.5452380952380952 0.9063157894736842 0.5119047619047619 0.9336842105263158 0.49126984126984125 0.9947368421052631 0.4894383396825397 1 0.5142063492063492 1
5 0.36428571428571427 0.23894736842105263 0.3753968253968254 0.24947368421052632 0.3880952380952381 0.26 0.396031746031746 0.26842105263157895 0.40714285714285714 0.27263157894736845 0.4150793650793651 0.27473684210526317 0.4087301587301587 0.22631578947368422 0.376984126984127 0.22421052631578947 0.35634920634920636 0.2305263157894737 0.36428571428571427 0.23894736842105263
3 0.7198412698412698 0.6705263157894736 0.7087301587301588 0.6684210526315789 0.7087301587301588 0.6873684210526316 0.723015873015873 0.7126315789473684 0.7198412698412698 0.6705263157894736
3 0.45436507936507936 0 0.45634920634920634 0.005263157894736842 0.47063492063492063 0.005263157894736842 0.4801587301587302 0.017894736842105262 0.48174603174603176 0.015789473684210527 0.4849206349206349 0.007368421052631579 0.473015873015873 0 0.45436507936507936 0
3 0.6341269841269841 0.6642105263157895 0.5833333333333334 0.6178947368421053 0.5817460317460318 0.708421052631579 0.6341269841269841 0.6642105263157895
0 0.46746031746031746 0.6221052631578947 0.4595238095238095 0.5905263157894737 0.4515873015873016 0.5589473684210526 0.44841269841269843 0.5336842105263158 0.4452380952380952 0.5505263157894736 0.4531746031746032 0.588421052631579 0.4595238095238095 0.6263157894736842 0.46746031746031746 0.66 0.4753968253968254 0.6915789473684211 0.48333333333333334 0.7189473684210527 0.4928571428571429 0.7442105263157894 0.4992063492063492 0.7568421052631579 0.503968253968254 0.7694736842105263 0.5103174603174603 0.78 0.5166666666666667 0.7884210526315789 0.5214285714285715 0.7884210526315789 0.5214285714285715 0.78 0.5166666666666667 0.7736842105263158 0.5007936507936508 0.74 0.4928571428571429 0.7147368421052631 0.48333333333333334 0.6768421052631579 0.4753968253968254 0.651578947368421 0.46746031746031746 0.6221052631578947