8 0.6262773722627737 0.402555910543131 0.5386861313868613 0.43450479233226835 0.4744525547445255 0.45686900958466453 0.4802919708029197 0.4696485623003195 0.491970802919708 0.4712460063897764 0.4978102189781022 0.46166134185303515 0.5226277372262774 0.44568690095846647 0.5868613138686132 0.4233226837060703 0.6291970802919709 0.40415335463258784
8 0.7036496350364964 0.3801916932907348 0.7182481751824817 0.3769968051118211 0.7313868613138687 0.3738019169329074 0.7313868613138687 0.38498402555910544 0.7182481751824817 0.38338658146964855 0.7065693430656934 0.38498402555910544
3 0.49343065693430654 0.6900958466453674 0.46715328467153283 0.6884984025559105 0.40145985401459855 0.670926517571885 0.34306569343065696 0.6533546325878594 0.2875912408759124 0.634185303514377 0.25547445255474455 0.6613418530351438 0.23795620437956205 0.6805111821086262 0.24087591240875914 0.7108626198083067 0.2948905109489051 0.7284345047923323 0.3708029197080292 0.7507987220447284 0.4364963503649635 0.755591054313099 0.5036496350364964 0.7587859424920128 0.5372262773722628 0.7507987220447284 0.581021897810219 0.7348242811501597 0.6058394160583942 0.7188498402555911 0.5854014598540146 0.7252396166134185 0.5854014598540146 0.7172523961661342 0.5664233576642336 0.7300319488817891 0.5416058394160584 0.7364217252396166 0.5211678832116788 0.7332268370607029 0.5182481751824818 0.7172523961661342 0.5065693430656935 0.7140575079872205 0.5007299270072992 0.7060702875399361 0.49635036496350365 0.6932907348242812
4 0.5051094890510949 0.7635782747603834 0.4467153284671533 0.7699680511182109 0.4218978102189781 0.7651757188498403 0.4029197080291971 0.7603833865814696 0.34306569343065696 0.7476038338658147 0.3182481751824818 0.7460063897763578 0.3007299270072993 0.7396166134185304 0.28029197080291973 0.7348242811501597 0.27153284671532846 0.755591054313099 0.31532846715328466 0.7827476038338658 0.362043795620438 0.8258785942492013 0.3927007299270073 0.8402555910543131 0.3897810218978102 0.8003194888178914 0.4 0.7747603833865815 0.42043795620437957 0.7859424920127795 0.4394160583941606 0.8146964856230032 0.4802919708029197 0.8322683706070287 0.5532846715328467 0.8146964856230032 0.5576642335766423 0.8003194888178914 0.5226277372262774 0.7811501597444089 0.5109489051094891 0.7763578274760383 0.5109489051094891 0.7715654952076677 0.5313868613138686 0.7891373801916933 0.5153284671532846 0.7779552715654952 0.5094890510948905 0.7731629392971247
8 0.9211678832116789 0.305111821086262 0.9226277372262773 0.3226837060702875 0.9021897810218978 0.35303514376996803 0.8978102189781022 0.36741214057507987 0.8934306569343066 0.38338658146964855 0.9065693430656935 0.36261980830670926 0.9138686131386862 0.3450479233226837 0.9240875912408759 0.33386581469648563 0.927007299270073 0.329073482428115 0.927007299270073 0.31789137380191695 0.927007299270073 0.3083067092651757 0.9284671532846716 0.3035143769968051
8 0.4218978102189781 0.8562300319488818 0.4291970802919708 0.8482428115015974 0.44525547445255476 0.8482428115015974 0.4583941605839416 0.8482428115015974 0.4759124087591241 0.8482428115015974 0.48905109489051096 0.8354632587859425 0.49343065693430654 0.8434504792332268 0.5021897810218978 0.8450479233226837 0.5138686131386861 0.84185303514377 0.5065693430656935 0.8498402555910544 0.47153284671532847 0.8578274760383386 0.4686131386861314 0.8626198083067093 0.4802919708029197 0.8674121405750799 0.48905109489051096 0.8706070287539937 0.4948905109489051 0.8801916932907349 0.5065693430656935 0.8817891373801917 0.5051094890510949 0.8881789137380192 0.491970802919708 0.8881789137380192 0.48759124087591244 0.8945686900958466 0.472992700729927 0.8977635782747604 0.4802919708029197 0.8849840255591054 0.4802919708029197 0.8785942492012779 0.46715328467153283 0.8769968051118211 0.46277372262773725 0.8738019169329073 0.46277372262773725 0.865814696485623 0.45985401459854014 0.8610223642172524
4 0.4686131386861314 0.8274760383386581 0.454014598540146 0.8194888178913738 0.4583941605839416 0.8146964856230032 0.44963503649635034 0.8099041533546326 0.45255474452554745 0.8067092651757188 0.4394160583941606 0.8067092651757188 0.43795620437956206 0.8019169329073482 0.454014598540146 0.8003194888178914 0.45985401459854014 0.792332268370607 0.46277372262773725 0.7859424920127795 0.45985401459854014 0.7763578274760383 0.4642335766423358 0.7731629392971247 0.47153284671532847 0.7731629392971247 0.47007299270072994 0.7843450479233227 0.47153284671532847 0.792332268370607 0.48613138686131385 0.792332268370607 0.47883211678832116 0.7859424920127795 0.48905109489051096 0.7811501597444089 0.49343065693430654 0.7859424920127795 0.5065693430656935 0.7779552715654952 0.5182481751824818 0.7763578274760383 0.5167883211678832 0.7715654952076677 0.5109489051094891 0.7699680511182109 0.5051094890510949 0.7699680511182109 0.4948905109489051 0.7635782747603834 0.5357664233576642 0.7507987220447284 0.5474452554744526 0.7460063897763578 0.5532846715328467 0.744408945686901 0.5503649635036496 0.755591054313099 0.545985401459854 0.7587859424920128 0.545985401459854 0.7635782747603834 0.5343065693430656 0.7651757188498403 0.5357664233576642 0.7715654952076677 0.5503649635036496 0.7667731629392971 0.5503649635036496 0.7603833865814696 0.5722627737226277 0.7492012779552716 0.5708029197080292 0.7396166134185304 0.583941605839416 0.7364217252396166 0.581021897810219 0.7460063897763578 0.5883211678832116 0.7428115015974441 0.5985401459854015 0.7412140575079872 0.5985401459854015 0.7364217252396166 0.6102189781021898 0.7284345047923323 0.6175182481751825 0.7332268370607029 0.6160583941605839 0.7268370607028753 0.6335766423357664 0.7172523961661342 0.635036496350365 0.7236421725239617 0.637956204379562 0.7204472843450479 0.6364963503649635 0.7140575079872205 0.6481751824817519 0.707667731629393 0.654014598540146 0.7108626198083067 0.656934306569343 0.7172523961661342 0.6510948905109489 0.7204472843450479 0.6496350364963503 0.7252396166134185 0.6467153284671533 0.7300319488817891 0.6072992700729927 0.7523961661341853 0.6072992700729927 0.768370607028754 0.618978102189781 0.7587859424920128 0.6306569343065693 0.7587859424920128 0.637956204379562 0.7539936102236422 0.6423357664233577 0.7507987220447284 0.6481751824817519 0.7460063897763578 0.6554744525547446 0.7396166134185304 0.6642335766423357 0.7380191693290735 0.6656934306569343 0.744408945686901 0.6467153284671533 0.7539936102236422 0.637956204379562 0.7587859424920128 0.637956204379562 0.7619808306709265 0.6014598540145986 0.7811501597444089 0.5547445255474452 0.8035143769968051 0.5489051094890511 0.8003194888178914 0.5357664233576642 0.7987220447284346 0.5226277372262774 0.8035143769968051 0.5313868613138686 0.8130990415335463 0.48905109489051096 0.8242811501597445
4 0.4291970802919708 0.7859424920127795 0.43503649635036495 0.7875399361022364 0.4364963503649635 0.792332268370607 0.43795620437956206 0.7955271565495208 0.44379562043795623 0.7971246006389776 0.44963503649635034 0.792332268370607 0.44963503649635034 0.7891373801916933 0.4510948905109489 0.7875399361022364 0.44963503649635034 0.7843450479233227 0.4481751824817518 0.7811501597444089 0.43795620437956206 0.7827476038338658 0.4394160583941606 0.7859424920127795 0.4364963503649635 0.7859424920127795 0.43503649635036495 0.7811501597444089 0.4291970802919708 0.7827476038338658
4 0.6656934306569343 0.6932907348242812 0.6656934306569343 0.6964856230031949 0.67007299270073 0.6964856230031949 0.67007299270073 0.7012779552715654 0.6598540145985401 0.707667731629393 0.6598540145985401 0.7124600638977636 0.6627737226277373 0.7124600638977636 0.6642335766423357 0.7156549520766773 0.6613138686131387 0.7156549520766773 0.6598540145985401 0.7204472843450479 0.6627737226277373 0.7236421725239617 0.6686131386861314 0.7380191693290735 0.6656934306569343 0.7412140575079872 0.6671532846715329 0.7428115015974441 0.6817518248175183 0.7380191693290735 0.6802919708029197 0.731629392971246 0.6744525547445256 0.7284345047923323 0.6759124087591241 0.7252396166134185 0.6817518248175183 0.7252396166134185 0.6802919708029197 0.7188498402555911 0.6773722627737226 0.7156549520766773 0.6759124087591241 0.7140575079872205 0.6759124087591241 0.7108626198083067 0.6773722627737226 0.7092651757188498 0.6788321167883211 0.707667731629393 0.6802919708029197 0.7028753993610224 0.6759124087591241 0.6996805111821086 0.6759124087591241 0.6964856230031949 0.6832116788321168 0.694888178913738 0.689051094890511 0.6853035143769968 0.6905109489051094 0.6821086261980831 0.689051094890511 0.6789137380191693
4 0.7153284671532847 0.7012779552715654 0.7007299270072993 0.7124600638977636 0.7007299270072993 0.7188498402555911 0.7036496350364964 0.7188498402555911 0.7153284671532847 0.707667731629393 0.7284671532846715 0.6964856230031949 0.7284671532846715 0.6916932907348243 0.7255474452554744 0.6916932907348243 0.7226277372262774 0.694888178913738 0.7211678832116788 0.6916932907348243 0.7197080291970803 0.6869009584664537 0.7182481751824817 0.6869009584664537 0.7182481751824817 0.6821086261980831 0.7226277372262774 0.6821086261980831 0.724087591240876 0.6773162939297125 0.7313868613138687 0.670926517571885 0.7313868613138687 0.6661341853035144 0.743065693430657 0.6597444089456869 0.7416058394160584 0.6533546325878594 0.7284671532846715 0.6613418530351438 0.727007299270073 0.6549520766773163 0.724087591240876 0.6549520766773163 0.7226277372262774 0.6533546325878594 0.7182481751824817 0.6549520766773163 0.7226277372262774 0.65814696485623 0.7226277372262774 0.6629392971246006 0.7255474452554744 0.6645367412140575 0.7182481751824817 0.670926517571885 0.7153284671532847 0.6677316293929713 0.7021897810218978 0.6757188498402555 0.6978102189781021 0.6773162939297125 0.6992700729927007 0.6757188498402555 0.6992700729927007 0.6725239616613419 0.6934306569343066 0.6757188498402555 0.6934306569343066 0.6789137380191693 0.6963503649635037 0.6789137380191693 0.6948905109489051 0.6821086261980831 0.6905109489051094 0.6853035143769968 0.6875912408759124 0.6884984025559105 0.6861313868613139 0.6932907348242812 0.6861313868613139 0.694888178913738 0.6846715328467153 0.6964856230031949 0.6861313868613139 0.7012779552715654 0.689051094890511 0.7012779552715654 0.6905109489051094 0.6996805111821086 0.691970802919708 0.6980830670926518 0.6948905109489051 0.694888178913738 0.6963503649635037 0.6916932907348243 0.6978102189781021 0.6916932907348243 0.6992700729927007 0.694888178913738 0.7036496350364964 0.6964856230031949 0.7051094890510949 0.6932907348242812 0.7065693430656934 0.6964856230031949 0.7094890510948905 0.6964856230031949 0.7124087591240876 0.6964856230031949 0.7153284671532847 0.694888178913738 0.7167883211678832 0.6916932907348243 0.7182481751824817 0.694888178913738 0.7182481751824817 0.6980830670926518
4 0.7518248175182481 0.6405750798722045 0.7518248175182481 0.645367412140575 0.7503649635036497 0.646964856230032 0.7503649635036497 0.6501597444089456 0.7532846715328467 0.6501597444089456 0.7591240875912408 0.646964856230032 0.7605839416058394 0.6437699680511182 0.7576642335766424 0.6437699680511182 0.7562043795620438 0.6389776357827476
4 0.7591240875912408 0.6373801916932907 0.7591240875912408 0.6405750798722045 0.7605839416058394 0.6405750798722045 0.7605839416058394 0.645367412140575 0.7649635036496351 0.645367412140575 0.7649635036496351 0.6421725239616614 0.7635036496350365 0.6421725239616614 0.7635036496350365 0.6373801916932907
4 0.727007299270073 0.6501597444089456 0.727007299270073 0.6533546325878594 0.7284671532846715 0.6533546325878594 0.7299270072992701 0.6597444089456869 0.7328467153284671 0.65814696485623 0.7328467153284671 0.6549520766773163 0.7313868613138687 0.6533546325878594 0.7328467153284671 0.6517571884984026 0.7328467153284671 0.6501597444089456
4 0.7328467153284671 0.694888178913738 0.7153284671532847 0.7092651757188498 0.7182481751824817 0.7140575079872205 0.762043795620438 0.6821086261980831 0.7693430656934307 0.670926517571885 0.7401459854014598 0.6853035143769968 0.7401459854014598 0.6884984025559105
4 0.8773722627737226 0.5750798722044729 0.8627737226277372 0.5990415335463258 0.8686131386861314 0.6022364217252396 0.8817518248175182 0.5798722044728435
4 0.8802919708029197 0.6022364217252396 0.8583941605839416 0.6118210862619808 0.8583941605839416 0.6070287539936102 0.8744525547445255 0.597444089456869
4 0.6861313868613139 0.7348242811501597 0.6832116788321168 0.744408945686901 0.6817518248175183 0.7523961661341853 0.6788321167883211 0.7476038338658147 0.6744525547445256 0.7476038338658147 0.672992700729927 0.744408945686901
4 0.37664233576642336 0.805111821086262 0.3722627737226277 0.7987220447284346 0.3635036496350365 0.7955271565495208 0.34744525547445254 0.7891373801916933 0.3605839416058394 0.7875399361022364 0.37664233576642336 0.792332268370607
4 0.38248175182481753 0.7939297124600639 0.38248175182481753 0.7971246006389776 0.38394160583941606 0.7987220447284346 0.3854014598540146 0.8035143769968051 0.38394160583941606 0.8162939297124601 0.3854014598540146 0.8226837060702875 0.3883211678832117 0.8226837060702875 0.38686131386861317 0.8146964856230032 0.38686131386861317 0.7939297124600639
4 0.22335766423357664 0.6613418530351438 0.22773722627737225 0.6677316293929713 0.24379562043795622 0.6629392971246006 0.24233576642335766 0.6549520766773163
4 0.2364963503649635 0.670926517571885 0.23795620437956205 0.6757188498402555 0.22189781021897811 0.6741214057507987 0.21605839416058395 0.6693290734824281 0.21313868613138687 0.6629392971246006 0.21751824817518248 0.6629392971246006 0.22627737226277372 0.670926517571885
4 0.4394160583941606 0.670926517571885 0.43795620437956206 0.6932907348242812 0.42627737226277373 0.7140575079872205 0.4248175182481752 0.7300319488817891 0.4233576642335766 0.7523961661341853 0.42773722627737226 0.7571884984025559 0.4321167883211679 0.7188498402555911 0.43503649635036495 0.7092651757188498 0.4467153284671533 0.6757188498402555
8 0.4467153284671533 0.7300319488817891 0.5153284671532846 0.7172523961661342 0.5182481751824818 0.7252396166134185 0.5182481751824818 0.731629392971246 0.5226277372262774 0.7364217252396166 0.5109489051094891 0.744408945686901 0.5051094890510949 0.7412140575079872 0.5153284671532846 0.7380191693290735 0.5109489051094891 0.731629392971246 0.5094890510948905 0.7268370607028753 0.4481751824817518 0.7348242811501597
8 0.47737226277372263 0.731629392971246 0.4759124087591241 0.744408945686901 0.472992700729927 0.7523961661341853 0.4642335766423358 0.7523961661341853 0.4481751824817518 0.7539936102236422 0.44963503649635034 0.7619808306709265 0.454014598540146 0.7699680511182109 0.47153284671532847 0.7715654952076677 0.5007299270072992 0.768370607028754 0.49635036496350365 0.7651757188498403 0.49635036496350365 0.7603833865814696 0.5109489051094891 0.7539936102236422 0.5182481751824818 0.7539936102236422 0.5313868613138686 0.7507987220447284 0.5284671532846715 0.744408945686901 0.5094890510948905 0.7492012779552716 0.491970802919708 0.7571884984025559 0.48175182481751827 0.7571884984025559 0.4802919708029197 0.7460063897763578 0.48759124087591244 0.7396166134185304 0.4905109489051095 0.7348242811501597 0.48613138686131385 0.731629392971246
0 0.2875912408759124 0.634185303514377 0.3197080291970803 0.5223642172523961 0.3635036496350365 0.43769968051118213 0.5094890510948905 0.48242811501597443 0.6248175182481752 0.5431309904153354 0.6905109489051094 0.5894568690095847 0.5693430656934306 0.6597444089456869 0.5313868613138686 0.6773162939297125 0.5182481751824818 0.6837060702875399 0.4642335766423358 0.6916932907348243 0.35036496350364965 0.65814696485623
1 0.745985401459854 0.6230031948881789 0.8058394160583942 0.5910543130990416 0.7941605839416058 0.5750798722044729 0.7985401459854015 0.5702875399361023 0.7927007299270074 0.5638977635782748 0.7839416058394161 0.5670926517571885 0.7766423357664234 0.5766773162939297 0.7751824817518248 0.5814696485623003 0.7708029197080292 0.5798722044728435 0.7708029197080292 0.5734824281150159 0.762043795620438 0.5814696485623003 0.7591240875912408 0.5846645367412141 0.7591240875912408 0.5942492012779552 0.7489051094890511 0.5862619808306709 0.7445255474452555 0.5894568690095847 0.7503649635036497 0.6022364217252396 0.7503649635036497 0.6086261980830671 0.7489051094890511 0.6166134185303515 0.7445255474452555 0.6198083067092651
1 0.7138686131386861 0.645367412140575 0.7357664233576642 0.6293929712460063 0.7226277372262774 0.6309904153354633 0.7182481751824817 0.6293929712460063 0.7138686131386861 0.6357827476038339
0 0.8846715328467153 0.5718849840255591 0.7766423357664234 0.6309904153354633 0.710948905109489 0.670926517571885 0.6613138686131387 0.707667731629393 0.6043795620437956 0.7428115015974441 0.5313868613138686 0.7827476038338658 0.47007299270072994 0.7971246006389776 0.42043795620437957 0.8019169329073482 0.3897810218978102 0.7987220447284346 0.381021897810219 0.7859424920127795 0.39416058394160586 0.755591054313099 0.42773722627737226 0.7619808306709265 0.5021897810218978 0.7587859424920128 0.5970802919708029 0.7188498402555911 0.7138686131386861 0.646964856230032 0.7518248175182481 0.6166134185303515 0.8175182481751825 0.5846645367412141 0.9007299270072993 0.5415335463258786