8 0.4013961605584642 0.9164733178654292 0.41535776614310643 0.9048723897911833 0.43106457242582896 0.888631090487239 0.418848167539267 0.8816705336426914 0.40663176265270506 0.8909512761020881 0.39267015706806285 0.8979118329466357 0.38394415357766143 0.91415313225058 0.4013961605584642 0.9164733178654292
8 0.41535776614310643 0.8654292343387471 0.4293193717277487 0.839907192575406 0.44502617801047123 0.8236658932714617 0.43455497382198954 0.8051044083526682 0.4048865619546248 0.8352668213457076 0.39790575916230364 0.8538283062645011 0.4013961605584642 0.8677494199535963 0.41535776614310643 0.8654292343387471
8 0.4642233856893543 0.7587006960556845 0.4712041884816754 0.740139211136891 0.47294938917975565 0.7053364269141531 0.450261780104712 0.7099767981438515 0.43804537521815007 0.7424593967517401 0.44153577661431065 0.7633410672853829 0.4642233856893543 0.7587006960556845
8 0.49040139616055844 0.9373549883990719 0.5078534031413613 0.925754060324826 0.5130890052356021 0.8932714617169374 0.5130890052356021 0.8677494199535963 0.5095986038394416 0.8468677494199536 0.493891797556719 0.8538283062645011 0.493891797556719 0.8839907192575406 0.49040139616055844 0.9002320185614849 0.4886561954624782 0.9187935034802784 0.49040139616055844 0.9373549883990719
8 0.525305410122164 0.9350348027842227 0.5410122164048866 0.9187935034802784 0.5532286212914486 0.8932714617169374 0.5584642233856894 0.877030162412993 0.5410122164048866 0.8955916473317865 0.518324607329843 0.9071925754060325 0.5130890052356021 0.9280742459396751 0.525305410122164 0.9350348027842227
8 0.4690711657940663 1 0.4799301919720768 0.9907192575406032 0.493891797556719 0.9767981438515081 0.450261780104712 1 0.4690711657940663 1
8 0.39936009249563703 1 0.40663176265270506 0.9767981438515081 0.418848167539267 0.9443155452436195 0.4328097731239092 0.9303944315545244 0.418848167539267 0.9095127610208816 0.40663176265270506 0.9327146171693735 0.39267015706806285 0.9419953596287703 0.3787085514834206 0.9535962877030162 0.3699825479930192 0.9767981438515081 0.38394415357766143 1 0.39936009249563703 1
8 0.5602094240837696 0.851508120649652 0.5724258289703316 0.8259860788863109 0.5828970331588132 0.8120649651972158 0.5671902268760908 0.814385150812065 0.5427574171029669 0.8491879350348028 0.5357766143106457 0.8584686774941995 0.5462478184991274 0.8723897911832946 0.5602094240837696 0.851508120649652
8 0.5759162303664922 0.802784222737819 0.5898778359511344 0.7935034802784223 0.6038394415357766 0.7888631090487239 0.6003490401396161 0.7749419953596288 0.5881326352530541 0.777262180974478 0.5636998254799301 0.7795823665893271 0.5584642233856894 0.8004640371229699 0.5759162303664922 0.802784222737819
3 0.5133645636998255 1 0.525305410122164 0.9698375870069605 0.537521815008726 0.9303944315545244 0.5549738219895288 0.8909512761020881 0.5706806282722513 0.8445475638051044 0.5863874345549738 0.8051044083526682 0.5671902268760908 0.7795823665893271 0.5410122164048866 0.7540603248259861 0.5200698080279232 0.7540603248259861 0.493891797556719 0.7540603248259861 0.4572425828970332 0.7610208816705336 0.4223385689354276 0.7633410672853829 0.3961605584642234 0.7935034802784223 0.39092495636998253 0.8213457076566125 0.41012216404886565 0.8097447795823666 0.39267015706806285 0.8538283062645011 0.38219895287958117 0.8979118329466357 0.3717277486910995 0.9373549883990719 0.3717277486910995 1 0.5133645636998255 1
5 0.5968586387434555 0 0.6090750436300174 0.03248259860788863 0.6666666666666666 0.030162412993039442 0.6508540907504363 0 0.5968586387434555 0