6 0.5269565217391304 0.6643518518518519 0.5252173913043479 0.6550925925925926 0.5182608695652174 0.6527777777777778 0.52 0.6620370370370371 0.5269565217391304 0.6643518518518519
6 0.5147826086956522 0.6712962962962963 0.5165217391304348 0.6620370370370371 0.5078260869565218 0.6597222222222222 0.5008695652173913 0.6689814814814815 0.5078260869565218 0.6712962962962963 0.5147826086956522 0.6712962962962963
6 0.3426086956521739 0.6851851851851852 0.35130434782608694 0.6875 0.3634782608695652 0.6944444444444444 0.37565217391304345 0.6990740740740741 0.3808695652173913 0.6898148148148148 0.3634782608695652 0.6805555555555556 0.35130434782608694 0.6782407407407407 0.3391304347826087 0.6782407407407407 0.3426086956521739 0.6851851851851852
6 0.4573913043478261 0.7569444444444444 0.4591304347826087 0.7314814814814815 0.4469565217391304 0.7291666666666666 0.44 0.7592592592592593 0.4573913043478261 0.7569444444444444
6 0.4017391304347826 0.7291666666666666 0.4156521739130435 0.7430555555555556 0.43130434782608695 0.7615740740740741 0.4365217391304348 0.7569444444444444 0.4121739130434783 0.7268518518518519 0.40695652173913044 0.7245370370370371 0.39652173913043476 0.7199074074074074 0.4017391304347826 0.7291666666666666
6 0.3443478260869565 0.8726851851851852 0.35304347826086957 0.8773148148148148 0.3617391304347826 0.875 0.37043478260869567 0.8703703703703703 0.36 0.8587962962962963 0.35478260869565215 0.8657407407407407 0.35478260869565215 0.8703703703703703 0.3443478260869565 0.8726851851851852
6 0.34956521739130436 0.8611111111111112 0.3426086956521739 0.8564814814814815 0.32869565217391306 0.8657407407407407 0.3373913043478261 0.8726851851851852 0.34956521739130436 0.8611111111111112
6 0.4782608695652174 0.8495370370370371 0.49391304347826087 0.8611111111111112 0.5060869565217392 0.8472222222222222 0.48869565217391303 0.8449074074074074 0.46956521739130436 0.8402777777777778 0.4608695652173913 0.8472222222222222 0.4782608695652174 0.8495370370370371
6 0.4591304347826087 0.875 0.46608695652173915 0.8680555555555556 0.4539130434782609 0.8703703703703703 0.44173913043478263 0.8819444444444444 0.44521739130434784 0.8842592592592593 0.4591304347826087 0.875
6 0.4 0.8888888888888888 0.4121739130434783 0.8912037037037037 0.4191304347826087 0.8958333333333334 0.4295652173913043 0.8958333333333334 0.41739130434782606 0.8865740740740741 0.40347826086956523 0.8842592592592593 0.3947826086956522 0.8842592592592593 0.4 0.8888888888888888
6 0.39652173913043476 0.8495370370370371 0.4052173913043478 0.8425925925925926 0.391304347826087 0.8425925925925926 0.3791304347826087 0.8449074074074074 0.38608695652173913 0.8518518518518519 0.39652173913043476 0.8495370370370371
6 0.3565217391304348 0.8611111111111112 0.3617391304347826 0.8541666666666666 0.35304347826086957 0.8518518518518519 0.3391304347826087 0.8518518518518519 0.34608695652173915 0.8587962962962963 0.3565217391304348 0.8611111111111112
8 0.4260869565217391 0.6481481481481481 0.4330434782608696 0.6458333333333334 0.43826086956521737 0.6435185185185185 0.4260869565217391 0.6481481481481481
8 0.42782608695652175 0.6504629629629629 0.4330434782608696 0.6504629629629629 0.44 0.6435185185185185 0.42782608695652175 0.6435185185185185 0.42782608695652175 0.6504629629629629
8 0.39304347826086955 0.6875 0.40695652173913044 0.6828703703703703 0.4156521739130435 0.6805555555555556 0.4226086956521739 0.6828703703703703 0.4226086956521739 0.6712962962962963 0.4121739130434783 0.6712962962962963 0.3982608695652174 0.6759259259259259 0.38782608695652177 0.6851851851851852 0.39304347826086955 0.6875
8 0.40869565217391307 0.6990740740740741 0.4156521739130435 0.6921296296296297 0.42782608695652175 0.6898148148148148 0.4330434782608696 0.6828703703703703 0.42086956521739133 0.6851851851851852 0.41043478260869565 0.6898148148148148 0.4017391304347826 0.6967592592592593 0.40869565217391307 0.6990740740740741
8 0.46260869565217394 0.6574074074074074 0.47130434782608693 0.6574074074074074 0.4852173913043478 0.6574074074074074 0.4956521739130435 0.6597222222222222 0.5008695652173913 0.6666666666666666 0.5043478260869565 0.6574074074074074 0.49391304347826087 0.6527777777777778 0.4782608695652174 0.6504629629629629 0.4608695652173913 0.6527777777777778 0.46260869565217394 0.6574074074074074
8 0.48 0.6805555555555556 0.4817391304347826 0.6712962962962963 0.46260869565217394 0.6712962962962963 0.4591304347826087 0.6828703703703703 0.47130434782608693 0.6828703703703703 0.48 0.6805555555555556
8 0.5356521739130434 0.6365740740740741 0.5408695652173913 0.6342592592592593 0.5460869565217391 0.6273148148148148 0.5356521739130434 0.6273148148148148 0.5269565217391304 0.6412037037037037 0.5321739130434783 0.6435185185185185 0.5356521739130434 0.6365740740740741
8 0.5165217391304348 0.7245370370370371 0.5165217391304348 0.7407407407407407 0.5165217391304348 0.75 0.5304347826086957 0.7453703703703703 0.5339130434782609 0.7384259259259259 0.5408695652173913 0.7268518518518519 0.5321739130434783 0.7245370370370371 0.5339130434782609 0.7152777777777778 0.5373913043478261 0.7037037037037037 0.5391304347826087 0.6898148148148148 0.5304347826086957 0.6921296296296297 0.5234782608695652 0.6643518518518519 0.5130434782608696 0.6736111111111112 0.5165217391304348 0.6898148148148148 0.5217391304347826 0.7060185185185185 0.5165217391304348 0.7245370370370371
8 0.5113043478260869 0.6828703703703703 0.4973913043478261 0.6736111111111112 0.4991304347826087 0.7037037037037037 0.5147826086956522 0.7175925925925926 0.5113043478260869 0.6828703703703703
8 0.4852173913043478 0.7245370370370371 0.47130434782608693 0.7129629629629629 0.4643478260869565 0.7013888888888888 0.4643478260869565 0.7106481481481481 0.4782608695652174 0.7222222222222222 0.4852173913043478 0.7245370370370371
8 0.4591304347826087 0.7060185185185185 0.45217391304347826 0.7060185185185185 0.4504347826086956 0.7152777777777778 0.4591304347826087 0.7199074074074074 0.4591304347826087 0.7060185185185185
8 0.4121739130434783 0.7129629629629629 0.40347826086956523 0.7129629629629629 0.4017391304347826 0.7199074074074074 0.40869565217391307 0.7199074074074074 0.4121739130434783 0.7129629629629629
8 0.5113043478260869 0.6087962962962963 0.49391304347826087 0.6157407407407407 0.4747826086956522 0.6203703703703703 0.4678260869565217 0.6296296296296297 0.48869565217391303 0.625 0.5043478260869565 0.6180555555555556 0.5217391304347826 0.6111111111111112 0.5356521739130434 0.6018518518518519 0.5495652173913044 0.5925925925925926 0.5391304347826087 0.5949074074074074 0.5252173913043479 0.6018518518518519 0.5113043478260869 0.6087962962962963
6 0.21565217391304348 0.49074074074074076 0.20173913043478262 0.4837962962962963 0.20173913043478262 0.4930555555555556 0.21217391304347827 0.4976851851851852 0.21565217391304348 0.49074074074074076
6 0.17391304347826086 0.47685185185185186 0.17565217391304347 0.4861111111111111 0.18782608695652173 0.4837962962962963 0.17391304347826086 0.47685185185185186
0 0.5652173913043478 0.5416666666666666 0.568695652173913 0.5370370370370371 0.5704347826086956 0.5300925925925926 0.5756521739130435 0.5231481481481481 0.5791304347826087 0.5138888888888888 0.5826086956521739 0.5023148148148148 0.5756521739130435 0.4930555555555556 0.568695652173913 0.49537037037037035 0.5339130434782609 0.5115740740740741 0.3982608695652174 0.5532407407407407 0.3826086956521739 0.5601851851851852 0.37043478260869567 0.5717592592592593 0.34782608695652173 0.5972222222222222 0.33217391304347826 0.6157407407407407 0.31478260869565217 0.6342592592592593 0.32 0.6388888888888888 0.3391304347826087 0.6365740740740741 0.3739130434782609 0.6342592592592593 0.42782608695652175 0.625 0.49043478260869566 0.6111111111111112 0.5234782608695652 0.5972222222222222 0.5443478260869565 0.5856481481481481 0.5634782608695652 0.5717592592592593 0.5617391304347826 0.5532407407407407 0.5634782608695652 0.5462962962962963 0.5652173913043478 0.5416666666666666
3 0.14956521739130435 0.49074074074074076 0.14956521739130435 0.4976851851851852 0.14782608695652175 0.5069444444444444 0.15130434782608695 0.5254629629629629 0.15304347826086956 0.5370370370370371 0.16695652173913045 0.5347222222222222 0.17043478260869566 0.5254629629629629 0.17391304347826086 0.5046296296296297 0.16695652173913045 0.5 0.1582608695652174 0.49537037037037035 0.14956521739130435 0.49074074074074076
8 0.19130434782608696 0.5578703703703703 0.19652173913043477 0.5578703703703703 0.21217391304347827 0.5578703703703703 0.22260869565217392 0.5578703703703703 0.2417391304347826 0.5509259259259259 0.1808695652173913 0.5509259259259259 0.18608695652173912 0.5532407407407407 0.19130434782608696 0.5578703703703703
5 0.12869565217391304 0.4976851851851852 0.13043478260869565 0.5 0.12869565217391304 0.5115740740740741 0.1373913043478261 0.5046296296296297 0.1426086956521739 0.5092592592592593 0.1426086956521739 0.5138888888888888 0.1443478260869565 0.5231481481481481 0.14608695652173914 0.5347222222222222 0.14956521739130435 0.5416666666666666 0.15304347826086956 0.5509259259259259 0.1565217391304348 0.5555555555555556 0.1617391304347826 0.5648148148148148 0.1634782608695652 0.5717592592592593 0.16695652173913045 0.5787037037037037 0.16869565217391305 0.5879629629629629 0.16869565217391305 0.5949074074074074 0.17043478260869566 0.6064814814814815 0.17565217391304347 0.6180555555555556 0.17739130434782607 0.6273148148148148 0.1808695652173913 0.6319444444444444 0.18956521739130436 0.6365740740740741 0.19478260869565217 0.6388888888888888 0.20173913043478262 0.6388888888888888 0.20521739130434782 0.6319444444444444 0.21217391304347827 0.6180555555555556 0.22260869565217392 0.6111111111111112 0.22608695652173913 0.6064814814814815 0.26260869565217393 0.5995370370370371 0.3095652173913043 0.5949074074074074 0.32 0.5925925925925926 0.32869565217391306 0.5902777777777778 0.3391304347826087 0.5856481481481481 0.34608695652173915 0.5856481481481481 0.36 0.5810185185185185 0.3652173913043478 0.5787037037037037 0.3947826086956522 0.5532407407407407 0.38608695652173913 0.5486111111111112 0.3565217391304348 0.5486111111111112 0.33043478260869563 0.5486111111111112 0.29739130434782607 0.5486111111111112 0.2817391304347826 0.5509259259259259 0.26608695652173914 0.5532407407407407 0.24521739130434783 0.5578703703703703 0.22956521739130434 0.5578703703703703 0.22434782608695653 0.5601851851851852 0.21217391304347827 0.5601851851851852 0.2 0.5601851851851852 0.19304347826086957 0.5601851851851852 0.18608695652173912 0.5601851851851852 0.1791304347826087 0.5509259259259259 0.17391304347826086 0.5509259259259259 0.1634782608695652 0.5462962962962963 0.15304347826086956 0.5324074074074074 0.1391304347826087 0.4976851851851852 0.1373913043478261 0.48842592592592593 0.13217391304347825 0.4675925925925926 0.13217391304347825 0.48148148148148145 0.13043478260869565 0.4861111111111111 0.13043478260869565 0.4930555555555556 0.12869565217391304 0.4976851851851852
3 0.16869565217391305 0.6087962962962963 0.16869565217391305 0.5995370370370371 0.16695652173913045 0.5902777777777778 0.1634782608695652 0.5833333333333334 0.16 0.5763888888888888 0.1582608695652174 0.5671296296296297 0.1582608695652174 0.5601851851851852 0.14956521739130435 0.5370370370370371 0.1443478260869565 0.5277777777777778 0.1408695652173913 0.5185185185185185 0.13217391304347825 0.5092592592592593 0.12869565217391304 0.4930555555555556 0.11304347826086956 0.5277777777777778 0.11130434782608696 0.5393518518518519 0.11130434782608696 0.5486111111111112 0.11652173913043479 0.5625 0.12695652173913044 0.5717592592592593 0.13391304347826086 0.5763888888888888 0.1408695652173913 0.5833333333333334 0.14956521739130435 0.5925925925925926 0.15478260869565216 0.6087962962962963 0.1565217391304348 0.6203703703703703 0.1617391304347826 0.6296296296296297 0.16695652173913045 0.6342592592592593 0.19652173913043477 0.6597222222222222 0.1791304347826087 0.6319444444444444 0.17043478260869566 0.6203703703703703 0.16869565217391305 0.6087962962962963
1 0.4052173913043478 0.875 0.3982608695652174 0.8726851851851852 0.38782608695652177 0.8773148148148148 0.38782608695652177 0.8819444444444444 0.38608695652173913 0.8865740740740741 0.391304347826087 0.8912037037037037 0.3982608695652174 0.8912037037037037 0.40695652173913044 0.8935185185185185 0.41391304347826086 0.8935185185185185 0.42086956521739133 0.8958333333333334 0.43478260869565216 0.8912037037037037 0.44 0.8912037037037037 0.45565217391304347 0.8912037037037037 0.4226086956521739 0.8865740740740741 0.41739130434782606 0.8796296296296297 0.4052173913043478 0.875
1 0.5147826086956522 0.8518518518518519 0.5078260869565218 0.8541666666666666 0.5043478260869565 0.8611111111111112 0.5043478260869565 0.8680555555555556 0.5095652173913043 0.8703703703703703 0.52 0.8657407407407407 0.5252173913043479 0.8634259259259259 0.5356521739130434 0.8587962962962963 0.528695652173913 0.8564814814814815 0.52 0.8541666666666666 0.5147826086956522 0.8518518518518519
5 0.4191304347826087 0.7916666666666666 0.4260869565217391 0.8009259259259259 0.42782608695652175 0.8078703703703703 0.43130434782608695 0.8125 0.44 0.8148148148148148 0.4434782608695652 0.8148148148148148 0.4504347826086956 0.8148148148148148 0.4573913043478261 0.8055555555555556 0.46260869565217394 0.8009259259259259 0.46260869565217394 0.7893518518518519 0.4591304347826087 0.7800925925925926 0.4539130434782609 0.7731481481481481 0.42086956521739133 0.7731481481481481 0.41739130434782606 0.7824074074074074 0.4191304347826087 0.7916666666666666
5 0.24695652173913044 0.6620370370370371 0.2382608695652174 0.6689814814814815 0.23130434782608697 0.6759259259259259 0.21217391304347827 0.6666666666666666 0.18608695652173912 0.6550925925925926 0.16869565217391305 0.6388888888888888 0.16 0.6319444444444444 0.15304347826086956 0.6180555555555556 0.14956521739130435 0.6064814814814815 0.1443478260869565 0.5995370370370371 0.12869565217391304 0.5856481481481481 0.10434782608695652 0.5555555555555556 0.10434782608695652 0.5671296296296297 0.11130434782608696 0.5763888888888888 0.11652173913043479 0.5925925925925926 0.12 0.6018518518518519 0.12 0.6064814814814815 0.12347826086956522 0.6296296296296297 0.12521739130434784 0.6342592592592593 0.13391304347826086 0.6412037037037037 0.1391304347826087 0.6435185185185185 0.1391304347826087 0.6504629629629629 0.1391304347826087 0.6574074074074074 0.13217391304347825 0.6574074074074074 0.12347826086956522 0.6666666666666666 0.11478260869565217 0.6782407407407407 0.10956521739130434 0.6851851851851852 0.10956521739130434 0.6898148148148148 0.11304347826086956 0.7013888888888888 0.12 0.7106481481481481 0.12695652173913044 0.7152777777777778 0.1391304347826087 0.7175925925925926 0.1617391304347826 0.7291666666666666 0.19130434782608696 0.7523148148148148 0.22956521739130434 0.7777777777777778 0.2643478260869565 0.8009259259259259 0.288695652173913 0.8171296296296297 0.3130434782608696 0.8310185185185185 0.3217391304347826 0.8379629629629629 0.3391304347826087 0.8425925925925926 0.34608695652173915 0.8425925925925926 0.36 0.8449074074074074 0.3791304347826087 0.8402777777777778 0.38956521739130434 0.8287037037037037 0.39652173913043476 0.8194444444444444 0.39652173913043476 0.8125 0.39652173913043476 0.8055555555555556 0.39652173913043476 0.7939814814814815 0.39652173913043476 0.7824074074074074 0.3947826086956522 0.7708333333333334 0.38608695652173913 0.7569444444444444 0.37565217391304345 0.7407407407407407 0.36869565217391304 0.7291666666666666 0.3652173913043478 0.7175925925925926 0.3617391304347826 0.7083333333333334 0.35478260869565215 0.6990740740740741 0.32869565217391306 0.6875 0.28 0.6759259259259259 0.2591304347826087 0.6666666666666666 0.24695652173913044 0.6620370370370371
0 0.12347826086956522 0.6319444444444444 0.12347826086956522 0.6435185185185185 0.12 0.6550925925925926 0.11304347826086956 0.6597222222222222 0.10956521739130434 0.6712962962962963 0.10434782608695652 0.6805555555555556 0.09739130434782609 0.7013888888888888 0.09739130434782609 0.7106481481481481 0.10608695652173913 0.7199074074074074 0.11478260869565217 0.7268518518518519 0.13217391304347825 0.7476851851851852 0.1426086956521739 0.7569444444444444 0.15304347826086956 0.7662037037037037 0.17043478260869566 0.7731481481481481 0.1791304347826087 0.7777777777777778 0.18956521739130436 0.7847222222222222 0.20347826086956522 0.7962962962962963 0.23130434782608697 0.8171296296296297 0.271304347826087 0.8495370370370371 0.3165217391304348 0.875 0.36 0.8865740740740741 0.4 0.8935185185185185 0.43478260869565216 0.8981481481481481 0.4956521739130435 0.8819444444444444 0.5391304347826087 0.8587962962962963 0.5617391304347826 0.8379629629629629 0.5860869565217391 0.8101851851851852 0.5860869565217391 0.7615740740740741 0.5930434782608696 0.7060185185185185 0.6121739130434782 0.6481481481481481 0.6365217391304347 0.5787037037037037 0.6156521739130435 0.5601851851851852 0.5652173913043478 0.5462962962962963 0.5234782608695652 0.5879629629629629 0.47130434782608693 0.6064814814814815 0.35130434782608694 0.6273148148148148 0.32869565217391306 0.6296296296296297 0.39652173913043476 0.5462962962962963 0.3391304347826087 0.5439814814814815 0.28347826086956524 0.5462962962962963 0.2417391304347826 0.5555555555555556 0.21217391304347827 0.5578703703703703 0.18956521739130436 0.5555555555555556 0.17391304347826086 0.5462962962962963 0.1617391304347826 0.5439814814814815 0.14608695652173914 0.5162037037037037 0.1373913043478261 0.47685185185185186 0.10956521739130434 0.5254629629629629 0.10956521739130434 0.5555555555555556 0.10434782608695652 0.5509259259259259 0.10608695652173913 0.5671296296296297 0.11826086956521739 0.5856481481481481 0.12 0.5972222222222222 0.12173913043478261 0.6180555555555556 0.12347826086956522 0.6319444444444444
0 0.5808695652173913 0.4166666666666667 0.5495652173913044 0.4398148148148148 0.5339130434782609 0.4513888888888889 0.5217391304347826 0.4652777777777778 0.5130434782608696 0.47685185185185186 0.5078260869565218 0.48842592592592593 0.5043478260869565 0.4976851851851852 0.3826086956521739 0.5231481481481481 0.36695652173913046 0.5162037037037037 0.2782608695652174 0.5092592592592593 0.21913043478260869 0.5 0.18956521739130436 0.49074074074074076 0.1582608695652174 0.4791666666666667 0.1443478260869565 0.4652777777777778 0.12869565217391304 0.44907407407407407 0.13391304347826086 0.47685185185185186 0.15304347826086956 0.4976851851851852 0.19478260869565217 0.5138888888888888 0.24521739130434783 0.5254629629629629 0.2817391304347826 0.5324074074074074 0.3373913043478261 0.5393518518518519 0.38608695652173913 0.5462962962962963 0.40347826086956523 0.5578703703703703 0.5113043478260869 0.5254629629629629 0.52 0.5092592592592593 0.5304347826086957 0.48842592592592593 0.5565217391304348 0.46064814814814814 0.5860869565217391 0.4351851851851852 0.6086956521739131 0.4166666666666667 0.6260869565217392 0.4027777777777778 0.64 0.3912037037037037 0.648695652173913 0.3773148148148148 0.6556521739130434 0.3680555555555556 0.6608695652173913 0.3541666666666667 0.6556521739130434 0.35185185185185186 0.648695652173913 0.36574074074074076 0.6347826086956522 0.37962962962962965 0.6086956521739131 0.40046296296296297 0.5808695652173913 0.4166666666666667