3 0.42247386759581884 0.8536299765807962 0.42421602787456447 0.9215456674473068 0.44337979094076657 0.9824355971896955 0.47822299651567945 0.9871194379391101 0.5287456445993032 0.9473067915690867 0.5513937282229965 0.8629976580796253 0.563588850174216 0.7786885245901639 0.5165505226480837 0.6873536299765808 0.4712543554006969 0.7763466042154566 0.42247386759581884 0.8536299765807962
8 0.3405923344947735 0.47423887587822017 0.33710801393728224 0.5 0.3423344947735192 0.5281030444964872 0.35452961672473865 0.49063231850117095 0.3614982578397213 0.4414519906323185 0.3405923344947735 0.47423887587822017
8 0.29006968641114983 0.5843091334894613 0.29006968641114983 0.6147540983606558 0.304006968641115 0.607728337236534 0.31794425087108014 0.5936768149882904 0.3144599303135889 0.5468384074941453 0.29006968641114983 0.5843091334894613
8 0.2761324041811847 0.5117096018735363 0.27090592334494773 0.544496487119438 0.2865853658536585 0.572599531615925 0.2935540069686411 0.5351288056206089 0.29878048780487804 0.4953161592505855 0.2761324041811847 0.5117096018735363
8 0.27264808362369336 0.6124121779859485 0.2691637630662021 0.6381733021077284 0.27090592334494773 0.6686182669789227 0.2952961672473868 0.6662763466042154 0.2848432055749129 0.6217798594847775 0.2848432055749129 0.5843091334894613 0.27264808362369336 0.6124121779859485
8 0.2761324041811847 0.6990632318501171 0.26742160278745647 0.7177985948477752 0.26742160278745647 0.7459016393442623 0.27264808362369336 0.7646370023419203 0.2778745644599303 0.7459016393442623 0.2778745644599303 0.7271662763466042 0.2761324041811847 0.6990632318501171
8 0.2343205574912892 0.572599531615925 0.22038327526132404 0.5843091334894613 0.20818815331010454 0.6007025761124122 0.22560975609756098 0.6124121779859485 0.23780487804878048 0.5936768149882904 0.2343205574912892 0.572599531615925
3 0.5217770034843205 0.47892271662763464 0.5235191637630662 0.5234192037470726 0.544425087108014 0.4882903981264637 0.5374564459930313 0.44379391100702575 0.5217770034843205 0.47892271662763464
8 0.2221254355400697 0.7763466042154566 0.2221254355400697 0.7997658079625293 0.2343205574912892 0.8255269320843092 0.23780487804878048 0.7997658079625293 0.23257839721254356 0.7599531615925058 0.2221254355400697 0.7763466042154566
8 0.1803135888501742 0.509367681498829 0.17682926829268292 0.5281030444964872 0.16637630662020905 0.5772833723653396 0.17682926829268292 0.5515222482435597 0.18902439024390244 0.5281030444964872 0.19599303135888502 0.5 0.1803135888501742 0.509367681498829
8 0.3323170731707317 1 0.3144599303135889 0.9519906323185011 0.2848432055749129 0.914519906323185 0.30226480836236935 0.832552693208431 0.2813588850174216 0.832552693208431 0.24477351916376305 0.8442622950819673 0.29006968641114983 0.9660421545667447 0.3115418118466899 1 0.3323170731707317 1