6 0.33158813263525305 0.7383177570093458 0.33856893542757416 0.7149532710280374 0.33856893542757416 0.7032710280373832 0.33158813263525305 0.6939252336448598 0.31762652705061084 0.6869158878504673 0.3158813263525305 0.705607476635514 0.3193717277486911 0.7219626168224299 0.33158813263525305 0.7383177570093458
6 0.5933682373472949 0.6098130841121495 0.5863874345549738 0.5911214953271028 0.5724258289703316 0.6004672897196262 0.581151832460733 0.6144859813084113 0.5916230366492147 0.6214953271028038 0.5933682373472949 0.6098130841121495
6 0.6055846422338569 0.5911214953271028 0.5933682373472949 0.5911214953271028 0.5986038394415357 0.6074766355140186 0.6090750436300174 0.6074766355140186 0.6055846422338569 0.5911214953271028
6 0.5532286212914486 0.5841121495327103 0.5584642233856894 0.5934579439252337 0.5619546247818499 0.5841121495327103 0.5532286212914486 0.5841121495327103
6 0.5759162303664922 0.6542056074766355 0.5828970331588132 0.647196261682243 0.5759162303664922 0.6448598130841121 0.5759162303664922 0.6542056074766355
6 0.5916230366492147 0.6892523364485982 0.6038394415357766 0.677570093457944 0.5881326352530541 0.6705607476635514 0.5916230366492147 0.6892523364485982
6 0.5427574171029669 0.6892523364485982 0.5427574171029669 0.7032710280373832 0.5479930191972077 0.6915887850467289 0.5427574171029669 0.6892523364485982
6 0.4851657940663176 0.7873831775700935 0.49040139616055844 0.794392523364486 0.49214659685863876 0.7850467289719626 0.4851657940663176 0.7873831775700935
6 0.6335078534031413 0.6822429906542056 0.6265270506108203 0.6822429906542056 0.62478184991274 0.6915887850467289 0.6335078534031413 0.6915887850467289 0.6335078534031413 0.6822429906542056
6 0.7172774869109948 0.677570093457944 0.7260034904013961 0.6799065420560748 0.7364746945898778 0.6752336448598131 0.7364746945898778 0.6682242990654206 0.7294938917975567 0.6588785046728972 0.7242582897033158 0.6565420560747663 0.7155322862129145 0.6565420560747663 0.7085514834205934 0.6658878504672897 0.7172774869109948 0.677570093457944
6 0.794066317626527 0.6635514018691588 0.8010471204188482 0.6588785046728972 0.7975567190226877 0.6448598130841121 0.7888307155322862 0.6448598130841121 0.7853403141361257 0.6542056074766355 0.7888307155322862 0.6635514018691588 0.794066317626527 0.6635514018691588
6 0.7539267015706806 0.7079439252336449 0.7469458987783595 0.705607476635514 0.7469458987783595 0.7149532710280374 0.7539267015706806 0.719626168224299 0.7539267015706806 0.7079439252336449
6 0.6980802792321117 0.7219626168224299 0.6910994764397905 0.7172897196261683 0.6893542757417103 0.7289719626168224 0.6980802792321117 0.7336448598130841 0.6980802792321117 0.7219626168224299
6 0.7172774869109948 0.735981308411215 0.7242582897033158 0.7429906542056075 0.7260034904013961 0.7313084112149533 0.7172774869109948 0.735981308411215
6 0.6701570680628273 0.705607476635514 0.6736474694589878 0.7149532710280374 0.675392670157068 0.705607476635514 0.6701570680628273 0.705607476635514
6 0.6841186736474695 0.7476635514018691 0.6910994764397905 0.7546728971962616 0.6910994764397905 0.7429906542056075 0.6841186736474695 0.7476635514018691
6 0.699825479930192 0.7523364485981309 0.7033158813263525 0.7593457943925234 0.7050610820244329 0.75 0.699825479930192 0.7523364485981309
6 0.7818499127399651 0.6845794392523364 0.7888307155322862 0.6845794392523364 0.787085514834206 0.677570093457944 0.7818499127399651 0.6845794392523364
6 0.5671902268760908 0.6682242990654206 0.5619546247818499 0.6705607476635514 0.5602094240837696 0.6799065420560748 0.5706806282722513 0.6799065420560748 0.5671902268760908 0.6682242990654206
6 0.5933682373472949 0.8644859813084113 0.5846422338568935 0.8691588785046729 0.5706806282722513 0.8691588785046729 0.5549738219895288 0.8761682242990654 0.5427574171029669 0.8738317757009346 0.5322862129144852 0.8761682242990654 0.5270506108202443 0.8738317757009346 0.5148342059336823 0.8691588785046729 0.5043630017452007 0.8644859813084113 0.49214659685863876 0.8598130841121495 0.4851657940663176 0.8644859813084113 0.47469458987783597 0.8621495327102804 0.4886561954624782 0.8761682242990654 0.5026178010471204 0.8785046728971962 0.5113438045375218 0.8785046728971962 0.5410122164048866 0.883177570093458 0.5776614310645725 0.8738317757009346 0.5933682373472949 0.8738317757009346 0.6073298429319371 0.8691588785046729 0.6300174520069808 0.8621495327102804 0.6422338568935427 0.8504672897196262 0.6579406631762653 0.8387850467289719 0.6590314136125655 0.8344042056074766 0.6492146596858639 0.8387850467289719 0.6404886561954625 0.8387850467289719 0.6300174520069808 0.8457943925233645 0.612565445026178 0.8481308411214953 0.6090750436300174 0.8598130841121495 0.6003490401396161 0.8598130841121495 0.5933682373472949 0.8644859813084113
6 0.6858638743455497 0.8154205607476636 0.6841186736474695 0.8294392523364486 0.6963350785340314 0.8271028037383178 0.7068062827225131 0.8177570093457944 0.7155322862129145 0.8084112149532711 0.7155322862129145 0.7967289719626168 0.7085514834205934 0.8014018691588785 0.699825479930192 0.8060747663551402 0.6928446771378709 0.8107476635514018 0.6858638743455497 0.8154205607476636
6 0.8551483420593369 0.6004672897196262 0.8603839441535777 0.6098130841121495 0.8691099476439791 0.6098130841121495 0.881326352530541 0.5911214953271028 0.8900523560209425 0.5700934579439252 0.8917975567190227 0.5560747663551402 0.893542757417103 0.544392523364486 0.881326352530541 0.544392523364486 0.8656195462478184 0.5607476635514018 0.8568935427574171 0.5794392523364486 0.8551483420593369 0.6004672897196262
6 0.9075043630017452 0.5794392523364486 0.912739965095986 0.5654205607476636 0.9075043630017452 0.5537383177570093 0.900523560209424 0.5607476635514018 0.893542757417103 0.5700934579439252 0.8970331588132635 0.5864485981308412 0.9075043630017452 0.5794392523364486
6 0.893542757417103 0.47897196261682246 0.893542757417103 0.4953271028037383 0.893542757417103 0.5046728971962616 0.893542757417103 0.5163551401869159 0.8970331588132635 0.530373831775701 0.9092495636998255 0.5257009345794392 0.9144851657940664 0.5070093457943925 0.912739965095986 0.49065420560747663 0.9092495636998255 0.48130841121495327 0.9057591623036649 0.4649532710280374 0.9040139616055847 0.45093457943925236 0.893542757417103 0.4205607476635514 0.8917975567190227 0.43457943925233644 0.8900523560209425 0.45560747663551404 0.893542757417103 0.4672897196261682 0.893542757417103 0.47897196261682246
6 0.8656195462478184 0.6425233644859814 0.8638743455497382 0.6308411214953271 0.8568935427574171 0.6308411214953271 0.8551483420593369 0.6425233644859814 0.8568935427574171 0.6518691588785047 0.8656195462478184 0.6425233644859814
6 0.8184991273996509 0.677570093457944 0.8080279232111692 0.6799065420560748 0.8154935043630017 0.6856178598130841 0.8184991273996509 0.677570093457944
6 0.8154935043630017 0.6856178598130841 0.8132635253054101 0.6915887850467289 0.8202443280977313 0.6892523364485982 0.8154935043630017 0.6856178598130841
6 0.5968586387434555 0.8574766355140186 0.6073298429319371 0.8387850467289719 0.5968586387434555 0.822429906542056 0.5828970331588132 0.8294392523364486 0.5759162303664922 0.8481308411214953 0.5724258289703316 0.866822429906542 0.5968586387434555 0.8574766355140186
6 0.5759162303664922 0.7242990654205608 0.5846422338568935 0.7313084112149533 0.5846422338568935 0.719626168224299 0.5759162303664922 0.7242990654205608
6 0.2879581151832461 0.5420560747663551 0.2914485165794066 0.5537383177570093 0.29842931937172773 0.5420560747663551 0.2879581151832461 0.5420560747663551
6 0.34554973821989526 0.7383177570093458 0.3525305410122164 0.7476635514018691 0.35602094240837695 0.7289719626168224 0.34554973821989526 0.7383177570093458
6 0.44851657940663175 0.8060747663551402 0.4397905759162304 0.8154205607476636 0.4496024816753927 0.8082554509345794 0.44851657940663175 0.8060747663551402
6 0.4496024816753927 0.8082554509345794 0.45549738219895286 0.8200934579439252 0.45898778359511344 0.8014018691588785 0.4496024816753927 0.8082554509345794
6 0.6143106457242583 0.7710280373831776 0.6055846422338569 0.7570093457943925 0.5916230366492147 0.7616822429906542 0.5916230366492147 0.7780373831775701 0.6038394415357766 0.7873831775700935 0.6143106457242583 0.7710280373831776
6 0.6300174520069808 0.8317757009345794 0.6300174520069808 0.8177570093457944 0.6195462478184991 0.8200934579439252 0.6143106457242583 0.8341121495327103 0.6212914485165794 0.8387850467289719 0.6300174520069808 0.8317757009345794
6 0.6701570680628273 0.8177570093457944 0.6684118673647469 0.8037383177570093 0.6509598603839442 0.8060747663551402 0.6474694589877836 0.8200934579439252 0.6579406631762653 0.8271028037383178 0.6701570680628273 0.8177570093457944
6 0.7015706806282722 0.7990654205607477 0.7137870855148342 0.7920560747663551 0.7242582897033158 0.7827102803738317 0.7364746945898778 0.780373831775701 0.7329842931937173 0.7663551401869159 0.7190226876090751 0.7663551401869159 0.7033158813263525 0.7757009345794392 0.6945898778359512 0.7990654205607477 0.7015706806282722 0.7990654205607477
8 0.2792321116928447 0.6074766355140186 0.2792321116928447 0.5957943925233645 0.2705061082024433 0.5887850467289719 0.2792321116928447 0.6074766355140186