0 0.38095238095238093 0.30603448275862066 0.49206349206349204 0.3103448275862069 0.49783549783549785 0.29094827586206895 0.5353535353535354 0.28448275862068967 0.6854256854256854 0.2672413793103448 0.8787878787878788 0.24568965517241378 0.873015873015873 0.3146551724137931 0.8080808080808081 0.6702586206896551 0.6190476190476191 0.7456896551724138 0.38672438672438675 0.8254310344827587 0.3694083694083694 0.8189655172413793 0.3578643578643579 0.7629310344827587 0.3492063492063492 0.6400862068965517 0.3463203463203463 0.5150862068965517 0.35209235209235207 0.3728448275862069
8 0.7229437229437229 0.6400862068965517 0.733044733044733 0.6293103448275862 0.7546897546897547 0.6163793103448276 0.7705627705627706 0.6163793103448276 0.784992784992785 0.6099137931034483 0.7806637806637806 0.6206896551724138 0.7619047619047619 0.625 0.7474747474747475 0.6293103448275862 0.7301587301587301 0.6400862068965517
8 0.4733044733044733 0.6314655172413793 0.48484848484848486 0.625 0.5021645021645021 0.6185344827586207 0.4963924963924964 0.6271551724137931 0.4805194805194805 0.6357758620689655
8 0.36796536796536794 0.4978448275862069 0.38095238095238093 0.49137931034482757 0.39105339105339104 0.4892241379310345 0.40404040404040403 0.48060344827586204 0.4126984126984127 0.47844827586206895 0.3997113997113997 0.49137931034482757
8 0.5815295815295816 0.7133620689655172 0.5916305916305916 0.7047413793103449 0.6089466089466089 0.6961206896551724 0.6248196248196248 0.6896551724137931 0.645021645021645 0.6875 0.6753246753246753 0.6918103448275862 0.658008658008658 0.6939655172413793 0.6334776334776335 0.6939655172413793 0.6176046176046176 0.6961206896551724 0.5988455988455988 0.7025862068965517
5 0.4357864357864358 0.2413793103448276 0.4906204906204906 0.2025862068965517 0.494949494949495 0.30387931034482757 0.4025974025974026 0.3125
5 0.5036075036075036 0.28879310344827586 0.8773448773448773 0.2435344827586207 0.8672438672438673 0.008620689655172414 0.8282828282828283 0 0.7503607503607503 0.00646551724137931 0.6753246753246753 0.03017241379310345 0.6204906204906205 0.06896551724137931 0.5642135642135642 0.12284482758620689 0.5165945165945166 0.19827586206896552 0.5036075036075036 0.2349137931034483
6 0.32611832611832614 0.8275862068965517 0.38816738816738816 0.8081896551724138 0.4025974025974026 0.8448275862068966 0.33044733044733043 0.8706896551724138
3 0.8701298701298701 0.3426724137931034 0.9134199134199135 0.3620689655172414 0.9018759018759018 0.3771551724137931 0.8672438672438673 0.40301724137931033 0.8701298701298701 0.3771551724137931
3 0.8253968253968254 0.5625 0.8643578643578643 0.5366379310344828 0.8773448773448773 0.5883620689655172 0.8701298701298701 0.6099137931034483 0.8354978354978355 0.6400862068965517 0.8095238095238095 0.6637931034482759
3 0.3795093795093795 0.8060344827586207 0.36363636363636365 0.7478448275862069 0.329004329004329 0.7521551724137931 0.32756132756132755 0.8038793103448276 0.3318903318903319 0.8189655172413793
0 0.8398268398268398 0.004310344827586207 0.886002886002886 0.004310344827586207 0.8917748917748918 0.20474137931034483 0.8888888888888888 0.23060344827586207 0.8484848484848485 0.2435344827586207 0.8210678210678211 0.2435344827586207
0 0.2683982683982684 0.6487068965517241 0.2972582972582973 0.6810344827586207 0.3203463203463203 0.7306034482758621 0.3362193362193362 0.7887931034482759 0.3448773448773449 0.853448275862069 0.33910533910533913 0.8836206896551724 0.31313131313131315 0.8017241379310345 0.2886002886002886 0.7133620689655172 0.2597402597402597 0.6594827586206896