6 0.6034755134281201 0.4091858037578288 0.5892575039494471 0.40501043841336115 0.5876777251184834 0.42379958246346555 0.6192733017377567 0.4279749478079332 0.6350710900473934 0.42171189979123175 0.6382306477093207 0.407098121085595 0.6224328593996841 0.407098121085595 0.6034755134281201 0.4091858037578288
8 0.45339652448657186 0.5010438413361169 0.4707740916271722 0.5198329853862212 0.5039494470774092 0.5281837160751566 0.5466034755134281 0.46346555323590816 0.5545023696682464 0.42588726513569936 0.5260663507109005 0.44467640918580376 0.5039494470774092 0.46346555323590816 0.4834123222748815 0.46555323590814196 0.45339652448657186 0.5010438413361169
8 0.43759873617693523 0.6743215031315241 0.42496050552922593 0.6868475991649269 0.42496050552922593 0.6993736951983298 0.4391785150078989 0.6889352818371608 0.43759873617693523 0.6743215031315241
6 0.4786729857819905 0.3695198329853862 0.4881516587677725 0.3862212943632568 0.49921011058451814 0.3757828810020877 0.48973143759873616 0.3653444676409186 0.47235387045813587 0.35908141962421714 0.4786729857819905 0.3695198329853862
6 0.358609794628752 0.6075156576200418 0.37756714060031593 0.605427974947808 0.3522906793048973 0.5949895615866388 0.3459715639810427 0.5970772442588727 0.358609794628752 0.6075156576200418
6 0.3459715639810427 0.5323590814196242 0.330173775671406 0.5365344467640919 0.334913112164297 0.5511482254697286 0.3459715639810427 0.5469728601252609 0.3459715639810427 0.5323590814196242
6 0.5592417061611374 0.3883089770354906 0.5418641390205371 0.3903966597077244 0.5418641390205371 0.40083507306889354 0.5529225908372828 0.40083507306889354 0.5592417061611374 0.3883089770354906
8 0.4707740916271722 0.5281837160751566 0.4439178515007899 0.5302713987473904 0.4565560821484992 0.5448851774530271 0.4707740916271722 0.5365344467640919 0.4707740916271722 0.5281837160751566
8 0.45813586097946285 0.615866388308977 0.46129541864139023 0.6346555323590815 0.49921011058451814 0.6075156576200418 0.5023696682464455 0.5970772442588727 0.4913112164296998 0.592901878914405 0.45813586097946285 0.615866388308977
8 0.5671406003159558 0.4551148225469729 0.6113744075829384 0.46555323590814196 0.6461295418641391 0.5073068893528184 0.6540284360189573 0.48643006263048016 0.6287519747235387 0.4572025052192067 0.5813586097946287 0.44467640918580376 0.5671406003159558 0.4551148225469729
8 0.674565560821485 0.5219206680584552 0.6808846761453397 0.4718162839248434 0.665086887835703 0.4780793319415449 0.6587677725118484 0.5219206680584552 0.674565560821485 0.5219206680584552
8 0.8751974723538705 0.325678496868476 0.8846761453396524 0.35490605427974947 0.9115323854660348 0.3653444676409186 0.9036334913112164 0.3068893528183716 0.8941548183254344 0.29436325678496866 0.8751974723538705 0.325678496868476
3 0.5339652448657188 0.37995824634655534 0.5039494470774092 0.3945720250521921 0.49921011058451814 0.4488517745302714 0.46129541864139023 0.4759916492693111 0.4628751974723539 0.5031315240083507 0.5086887835703001 0.5490605427974948 0.5560821484992101 0.4509394572025052 0.6208530805687204 0.44467640918580376 0.636650868878357 0.4279749478079332 0.631911532385466 0.3945720250521921 0.5924170616113744 0.37995824634655534 0.5339652448657188 0.37995824634655534
3 0.8657187993680885 0.31524008350730687 0.8751974723538705 0.3674321503131524 0.8878357030015798 0.35908141962421714 0.909952606635071 0.3862212943632568 0.909952606635071 0.3235908141962422 0.8909952606635071 0.29018789144050106 0.8657187993680885 0.31524008350730687
0 0.2843601895734597 0.6659707724425887 0.3665086887835703 0.6784968684759917 0.42496050552922593 0.6826722338204593 0.42338072669826227 0.6638830897703549 0.4075829383886256 0.6137787056367432 0.24960505529225907 0.605427974947808 0.2843601895734597 0.6659707724425887
0 0.3712480252764613 0.40292275574112735 0.31121642969984203 0.4175365344467641 0.2764612954186414 0.48643006263048016 0.37282780410742494 0.4822546972860125 0.43285939968404424 0.48851774530271397 0.4549763033175355 0.4697286012526096 0.4802527646129542 0.4384133611691023 0.48973143759873616 0.40501043841336115 0.4676145339652449 0.37995824634655534 0.3712480252764613 0.40292275574112735
0 0.5497630331753555 0.4718162839248434 0.5718799368088467 0.4572025052192067 0.5971563981042654 0.4551148225469729 0.6208530805687204 0.4759916492693111 0.631911532385466 0.5010438413361169 0.6350710900473934 0.534446764091858 0.636650868878357 0.5553235908141962 0.6382306477093207 0.5970772442588727 0.6398104265402843 0.6033402922755741 0.6635071090047393 0.605427974947808 0.6571879936808847 0.5741127348643006 0.6587677725118484 0.5511482254697286 0.6619273301737757 0.5219206680584552 0.669826224328594 0.49269311064718163 0.6729857819905213 0.4613778705636743 0.674565560821485 0.4342379958246347 0.6761453396524486 0.407098121085595 0.6761453396524486 0.3736951983298539 0.6666666666666666 0.35073068893528186 0.660347551342812 0.3298538622129436 0.660347551342812 0.3048016701461378 0.6587677725118484 0.2839248434237996 0.6398104265402843 0.2839248434237996 0.6287519747235387 0.2860125260960334 0.6208530805687204 0.302713987473904 0.6066350710900474 0.3068893528183716 0.5892575039494471 0.3068893528183716 0.5829383886255924 0.3173277661795407 0.5576619273301737 0.3298538622129436 0.5308056872037915 0.33820459290187893 0.5023696682464455 0.3444676409185804 0.47235387045813587 0.35490605427974947 0.4154818325434439 0.3736951983298539 0.4265402843601896 0.3778705636743215 0.4660347551342812 0.3736951983298539 0.48183254344391785 0.3966597077244259 0.4849921011058452 0.4154488517745303 0.4786729857819905 0.4321503131524008 0.4628751974723539 0.453027139874739 0.4439178515007899 0.4759916492693111 0.42338072669826227 0.49269311064718163 0.5039494470774092 0.5636743215031316 0.5102685624012638 0.5281837160751566 0.5276461295418642 0.49478079331941544 0.5497630331753555 0.4718162839248434