8 0.19921875 0.41192411924119243 0.21484375 0.4173441734417344 0.2265625 0.4254742547425474 0.228515625 0.43089430894308944 0.21875 0.43089430894308944 0.197265625 0.42005420054200543
8 0.228515625 0.4037940379403794 0.236328125 0.42005420054200543 0.236328125 0.4444444444444444 0.23046875 0.4281842818428184 0.228515625 0.4173441734417344
8 0.349609375 0.46612466124661245 0.3671875 0.46612466124661245 0.384765625 0.4796747967479675 0.380859375 0.4796747967479675 0.3671875 0.4715447154471545 0.353515625 0.4715447154471545
8 0.29296875 0.45799457994579945 0.298828125 0.45257452574525747 0.302734375 0.4444444444444444 0.310546875 0.4444444444444444 0.31640625 0.44986449864498645 0.306640625 0.44986449864498645 0.30078125 0.45528455284552843 0.296875 0.46070460704607047
8 0.296875 0.46883468834688347 0.3046875 0.4634146341463415 0.314453125 0.46070460704607047 0.31640625 0.44986449864498645 0.3203125 0.44986449864498645 0.3203125 0.4634146341463415 0.302734375 0.46883468834688347 0.296875 0.4715447154471545
8 0.515625 0.8617886178861789 0.5234375 0.8644986449864499 0.533203125 0.8699186991869918 0.5546875 0.8726287262872628 0.53515625 0.8753387533875339 0.521484375 0.8753387533875339 0.513671875 0.8699186991869918
6 0.501953125 0.7588075880758808 0.51171875 0.7533875338753387 0.517578125 0.7398373983739838 0.5234375 0.7560975609756098 0.51953125 0.7642276422764228 0.51953125 0.7777777777777778 0.517578125 0.7859078590785907 0.509765625 0.7831978319783198 0.50390625 0.7750677506775068 0.49609375 0.7777777777777778 0.48828125 0.7723577235772358 0.4921875 0.7615176151761518 0.498046875 0.7615176151761518 0.50390625 0.7669376693766937
6 0.5078125 0.6856368563685636 0.51953125 0.6856368563685636 0.525390625 0.6856368563685636 0.521484375 0.6991869918699187 0.515625 0.7018970189701897 0.505859375 0.6937669376693767
6 0.533203125 0.6802168021680217 0.544921875 0.6775067750677507 0.5546875 0.6775067750677507 0.556640625 0.6856368563685636 0.552734375 0.6910569105691057 0.544921875 0.6883468834688347 0.53515625 0.6856368563685636 0.529296875 0.6856368563685636
8 0.55859375 0.6829268292682927 0.572265625 0.6964769647696477 0.58203125 0.7100271002710027 0.578125 0.7127371273712737 0.56640625 0.6964769647696477 0.5546875 0.6937669376693767
8 0.591796875 0.7154471544715447 0.59765625 0.7235772357723578 0.5859375 0.7425474254742548 0.58203125 0.7479674796747967 0.58203125 0.7425474254742548 0.58984375 0.7262872628726287 0.59375 0.7235772357723578
8 0.5390625 0.7859078590785907 0.548828125 0.7723577235772358 0.5625 0.7615176151761518 0.572265625 0.7506775067750677 0.56640625 0.7642276422764228 0.546875 0.7859078590785907 0.54296875 0.7886178861788617
8 0.51953125 0.7046070460704607 0.525390625 0.6964769647696477 0.537109375 0.6910569105691057 0.54296875 0.6937669376693767 0.548828125 0.7046070460704607 0.55859375 0.7154471544715447 0.564453125 0.7262872628726287 0.572265625 0.7317073170731707 0.568359375 0.7371273712737128 0.5625 0.7317073170731707 0.556640625 0.7181571815718157 0.544921875 0.7018970189701897 0.537109375 0.6964769647696477
8 0.55859375 0.7452574525745257 0.5625 0.7371273712737128 0.564453125 0.7452574525745257 0.55078125 0.7560975609756098 0.548828125 0.7506775067750677
8 0.556640625 0.7560975609756098 0.560546875 0.7506775067750677 0.56640625 0.7452574525745257 0.5703125 0.7452574525745257 0.568359375 0.7479674796747967 0.5625 0.7533875338753387 0.560546875 0.7560975609756098
8 0.28515625 0.5149051490514905 0.271484375 0.5176151761517616 0.26953125 0.5284552845528455 0.267578125 0.5501355013550135 0.271484375 0.5609756097560976 0.27734375 0.5609756097560976 0.27734375 0.5528455284552846 0.275390625 0.5420054200542005 0.279296875 0.5311653116531165 0.283203125 0.5230352303523035
8 0.509765625 0.7018970189701897 0.494140625 0.7018970189701897 0.484375 0.6991869918699187 0.49609375 0.6937669376693767 0.5078125 0.6964769647696477
8 0.326171875 0.44715447154471544 0.33203125 0.45528455284552843 0.33984375 0.46612466124661245 0.34375 0.46070460704607047 0.349609375 0.4715447154471545 0.359375 0.4823848238482385 0.3671875 0.4905149051490515 0.359375 0.4959349593495935 0.3515625 0.4878048780487805 0.3359375 0.4742547425474255 0.326171875 0.4634146341463415 0.32421875 0.45799457994579945
3 0.470703125 0.6802168021680217 0.505859375 0.6802168021680217 0.525390625 0.6829268292682927 0.53515625 0.6693766937669376 0.55859375 0.6802168021680217 0.583984375 0.7018970189701897 0.568359375 0.7154471544715447 0.544921875 0.7479674796747967 0.529296875 0.7533875338753387 0.51953125 0.7967479674796748 0.490234375 0.7804878048780488 0.45703125 0.7750677506775068 0.435546875 0.7317073170731707
3 0.236328125 0.42005420054200543 0.228515625 0.4037940379403794 0.21484375 0.3983739837398374 0.185546875 0.3956639566395664 0.181640625 0.4065040650406504 0.1953125 0.4173441734417344 0.1953125 0.43089430894308944 0.21484375 0.43902439024390244 0.22265625 0.45257452574525747 0.23828125 0.4634146341463415
3 0.314453125 0.4363143631436314 0.322265625 0.42005420054200543 0.333984375 0.43089430894308944 0.34765625 0.44715447154471544 0.345703125 0.4634146341463415 0.345703125 0.48509485094850946 0.32421875 0.4823848238482385 0.3046875 0.4905149051490515 0.291015625 0.47696476964769646 0.28515625 0.46070460704607047 0.291015625 0.43902439024390244 0.30078125 0.43360433604336046
3 0.34765625 0.4634146341463415 0.369140625 0.46883468834688347 0.3828125 0.45528455284552843 0.392578125 0.46070460704607047 0.384765625 0.4823848238482385 0.40234375 0.4878048780487805 0.423828125 0.4932249322493225 0.435546875 0.5013550135501355 0.43359375 0.5176151761517616 0.44921875 0.5176151761517616 0.4609375 0.5338753387533876 0.400390625 0.5528455284552846 0.345703125 0.4823848238482385
3 0.2890625 0.5121951219512195 0.279296875 0.5121951219512195 0.271484375 0.5176151761517616 0.265625 0.5392953929539296 0.267578125 0.5501355013550135 0.2734375 0.5636856368563685 0.279296875 0.5745257452574526 0.28125 0.5555555555555556 0.28125 0.5338753387533876
0 0.740234375 0.5853658536585366 0.763671875 0.5853658536585366 0.77734375 0.5663956639566395 0.80078125 0.5528455284552846 0.822265625 0.5447154471544715 0.84375 0.5447154471544715 0.861328125 0.5528455284552846 0.859375 0.5799457994579946 0.857421875 0.6124661246612466 0.84765625 0.6368563685636857 0.82421875 0.6585365853658537 0.7890625 0.6802168021680217 0.775390625 0.6775067750677507 0.771484375 0.6422764227642277 0.736328125 0.6341463414634146
0 0.427734375 0.7154471544715447 0.396484375 0.5447154471544715 0.47265625 0.5257452574525745 0.505859375 0.6097560975609756 0.537109375 0.6368563685636857 0.587890625 0.6585365853658537 0.666015625 0.6775067750677507 0.703125 0.6449864498644986 0.740234375 0.6341463414634146 0.771484375 0.6504065040650406 0.775390625 0.6829268292682927 0.83984375 0.6422764227642277 0.896484375 0.5934959349593496 0.921875 0.5582655826558266 0.916015625 0.5962059620596206 0.91015625 0.6205962059620597 0.896484375 0.6964769647696477 0.8671875 0.7289972899728997 0.83203125 0.7669376693766937 0.767578125 0.8102981029810298 0.755859375 0.8346883468834688 0.736328125 0.8509485094850948 0.65234375 0.8753387533875339 0.556640625 0.8888888888888888 0.515625 0.8861788617886179 0.47265625 0.8699186991869918 0.451171875 0.8455284552845529 0.443359375 0.7723577235772358
6 0.474609375 0.7913279132791328 0.466796875 0.8075880758807588 0.47265625 0.8265582655826558 0.48046875 0.8482384823848238 0.484375 0.8373983739837398 0.4765625 0.8157181571815718
0 0.86328125 0.6124661246612466 0.86328125 0.5555555555555556 0.87109375 0.5230352303523035 0.884765625 0.5094850948509485 0.8984375 0.5040650406504065 0.90625 0.4905149051490515 0.9140625 0.5040650406504065 0.9140625 0.5365853658536586 0.9140625 0.5636856368563685 0.904296875 0.5826558265582655 0.888671875 0.5962059620596206 0.876953125 0.6070460704607046
0 0.822265625 0.5392953929539296 0.76953125 0.5501355013550135 0.755859375 0.5582655826558266 0.74609375 0.5691056910569106 0.71875 0.5718157181571816 0.693359375 0.5718157181571816 0.669921875 0.5718157181571816 0.640625 0.5691056910569106 0.607421875 0.5582655826558266 0.580078125 0.5501355013550135 0.58203125 0.5636856368563685 0.689453125 0.5962059620596206 0.7265625 0.6070460704607046 0.7421875 0.6097560975609756 0.75390625 0.5934959349593496 0.765625 0.5907859078590786 0.7734375 0.5718157181571816 0.791015625 0.5609756097560976
0 0.578125 0.5501355013550135 0.654296875 0.5257452574525745 0.728515625 0.5013550135501355 0.783203125 0.4823848238482385 0.8203125 0.46612466124661245 0.857421875 0.44986449864498645 0.87890625 0.4363143631436314 0.892578125 0.42276422764227645 0.888671875 0.44173441734417346 0.86328125 0.4634146341463415 0.818359375 0.48509485094850946 0.7734375 0.5040650406504065 0.732421875 0.5230352303523035 0.69140625 0.5365853658536586 0.6484375 0.5501355013550135 0.599609375 0.5582655826558266