3 0.4298245614035088 0.2614213197969543 0.45789473684210524 0.2512690355329949 0.4842105263157895 0.233502538071066 0.5 0.20812182741116753 0.5070175438596491 0.19796954314720813 0.519298245614035 0.19796954314720813 0.5280701754385965 0.20304568527918782 0.5561403508771929 0.19543147208121828 0.5842105263157895 0.18274111675126903 0.5561403508771929 0.1319796954314721 0.5298245614035088 0.08121827411167512 0.5228070175438596 0.07360406091370558 0.5035087719298246 0.06345177664974619 0.4789473684210526 0.05583756345177665 0.4614035087719298 0.048223350253807105 0.43508771929824563 0.04060913705583756 0.41578947368421054 0.03807106598984772 0.39473684210526316 0.03807106598984772 0.37719298245614036 0.04314720812182741 0.3684210526315789 0.06091370558375635 0.35964912280701755 0.07360406091370558 0.356140350877193 0.10152284263959391 0.3526315789473684 0.12944162436548223 0.356140350877193 0.16243654822335024 0.36140350877192984 0.19289340101522842 0.3701754385964912 0.21573604060913706 0.37719298245614036 0.22588832487309646 0.39473684210526316 0.22842639593908629 0.3929824561403509 0.2436548223350254 0.4017543859649123 0.25380710659898476 0.4105263157894737 0.2614213197969543 0.4298245614035088 0.2614213197969543
3 0.5298245614035088 0.3299492385786802 0.5385964912280702 0.3350253807106599 0.5385964912280702 0.34517766497461927 0.5473684210526316 0.35279187817258884 0.5596491228070175 0.3553299492385787 0.5578947368421052 0.3426395939086294 0.5473684210526316 0.31725888324873097 0.5333333333333333 0.2868020304568528 0.519298245614035 0.25380710659898476 0.5140350877192983 0.23857868020304568 0.5245614035087719 0.22081218274111675 0.5210526315789473 0.21065989847715735 0.5087719298245614 0.2131979695431472 0.4982456140350877 0.2233502538071066 0.48771929824561405 0.233502538071066 0.47192982456140353 0.24873096446700507 0.45263157894736844 0.25888324873096447 0.43508771929824563 0.26649746192893403 0.4192982456140351 0.26903553299492383 0.41403508771929826 0.27918781725888325 0.41228070175438597 0.29949238578680204 0.41754385964912283 0.30456852791878175 0.41754385964912283 0.3223350253807107 0.41228070175438597 0.3350253807106599 0.42105263157894735 0.34517766497461927 0.43157894736842106 0.35279187817258884 0.4368421052631579 0.3350253807106599 0.4456140350877193 0.33756345177664976 0.44912280701754387 0.3477157360406091 0.45964912280701753 0.3629441624365482 0.47192982456140353 0.3680203045685279 0.49473684210526314 0.36548223350253806 0.512280701754386 0.35279187817258884 0.5210526315789473 0.33756345177664976 0.5298245614035088 0.3299492385786802
3 0.3607017543859649 0 0.35789473684210527 0.005076142131979695 0.34912280701754383 0.007614213197969543 0.3508771929824561 0.02284263959390863 0.36140350877192984 0.03299492385786802 0.36666666666666664 0.04060913705583756 0.3719298245614035 0.04314720812182741 0.37894736842105264 0.04060913705583756 0.4017543859649123 0.03807106598984772 0.4298245614035088 0.04060913705583756 0.48596491228070177 0.0583756345177665 0.4982456140350877 0.06345177664974619 0.5017543859649123 0.0532994923857868 0.48947368421052634 0.04568527918781726 0.4789473684210526 0.03299492385786802 0.47192982456140353 0.02030456852791878 0.4631578947368421 0.025380710659898477 0.4543859649122807 0.030456852791878174 0.45263157894736844 0.02030456852791878 0.4456140350877193 0.0025380710659898475 0.4449561403508772 0 0.3607017543859649 0
8 0.3954385964912281 0 0.39649122807017545 0.0025380710659898475 0.4052631578947368 0.025380710659898477 0.4105263157894737 0.027918781725888325 0.4017543859649123 0.005076142131979695 0.3995215315789474 0 0.3954385964912281 0
8 0.4043859649122807 0 0.4070175438596491 0.007614213197969543 0.41228070175438597 0.007614213197969543 0.4087719298245614 0 0.4043859649122807 0
8 0.49473684210526314 0.1065989847715736 0.4789473684210526 0.06091370558375635 0.47543859649122805 0.06345177664974619 0.48947368421052634 0.1116751269035533 0.49473684210526314 0.1065989847715736
8 0.49298245614035086 0.14720812182741116 0.4982456140350877 0.14974619289340102 0.4842105263157895 0.10913705583756345 0.46842105263157896 0.0583756345177665 0.4649122807017544 0.06091370558375635 0.4789473684210526 0.10406091370558376 0.49298245614035086 0.14720812182741116
8 0.6631578947368421 0.5253807106598984 0.6771929824561403 0.5736040609137056 0.6842105263157895 0.6269035532994924 0.6912280701754386 0.6269035532994924 0.6842105263157895 0.5786802030456852 0.6684210526315789 0.5203045685279187 0.6543859649122807 0.4543147208121827 0.6350877192982456 0.36548223350253806 0.6333333333333333 0.38578680203045684 0.6491228070175439 0.4593908629441624 0.6631578947368421 0.5253807106598984
8 0.4421052631578947 0.4010152284263959 0.443859649122807 0.39086294416243655 0.4298245614035088 0.35279187817258884 0.42280701754385963 0.3197969543147208 0.41754385964912283 0.3147208121827411 0.42105263157894735 0.33756345177664976 0.4421052631578947 0.4010152284263959
8 0.5175438596491229 0.36548223350253806 0.5298245614035088 0.39847715736040606 0.5403508771929825 0.44416243654822335 0.543859649122807 0.4365482233502538 0.5385964912280702 0.4035532994923858 0.5280701754385965 0.383248730964467 0.5070175438596491 0.3223350253807107 0.48771929824561405 0.27918781725888325 0.47543859649122805 0.2512690355329949 0.47192982456140353 0.2563451776649746 0.49122807017543857 0.29949238578680204 0.5175438596491229 0.36548223350253806
8 0.47719298245614034 0.4213197969543147 0.47368421052631576 0.40609137055837563 0.45964912280701753 0.3553299492385787 0.4543859649122807 0.3553299492385787 0.47017543859649125 0.41116751269035534 0.4807017543859649 0.4543147208121827 0.47719298245614034 0.4213197969543147
8 0.6350877192982456 0.5050761421319797 0.6421052631578947 0.5025380710659898 0.6421052631578947 0.49746192893401014 0.6350877192982456 0.5 0.631578947368421 0.5025380710659898 0.624561403508772 0.5 0.631578947368421 0.5101522842639594 0.6350877192982456 0.5050761421319797
8 0.6491228070175439 0.5025380710659898 0.6526315789473685 0.49746192893401014 0.6543859649122807 0.48984771573604063 0.6543859649122807 0.4847715736040609 0.6508771929824562 0.4873096446700508 0.643859649122807 0.46954314720812185 0.6421052631578947 0.4593908629441624 0.6385964912280702 0.4543147208121827 0.6368421052631579 0.4619289340101523 0.643859649122807 0.4796954314720812 0.6491228070175439 0.5025380710659898
8 0.5982456140350877 0.3604060913705584 0.5912280701754385 0.34517766497461927 0.5859649122807018 0.350253807106599 0.5947368421052631 0.3680203045685279 0.5982456140350877 0.3604060913705584
8 0.6403508771929824 0.3730964467005076 0.643859649122807 0.36548223350253806 0.6192982456140351 0.3426395939086294 0.6175438596491228 0.350253807106599 0.6403508771929824 0.3730964467005076
8 0.6 0.3350253807106599 0.5859649122807018 0.3248730964467005 0.5877192982456141 0.33248730964467005 0.6 0.3426395939086294 0.6 0.3350253807106599
8 0.5631578947368421 0.350253807106599 0.5350877192982456 0.3020304568527919 0.5017543859649123 0.23604060913705585 0.4982456140350877 0.23857868020304568 0.5157894736842106 0.28426395939086296 0.5543859649122806 0.36548223350253806 0.5631578947368421 0.350253807106599
8 0.6070175438596491 0.20304568527918782 0.5929824561403508 0.19289340101522842 0.5877192982456141 0.19543147208121828 0.5929824561403508 0.21065989847715735 0.6070175438596491 0.20304568527918782
0 0.256140350877193 0.2715736040609137 0.3473684210526316 0.28426395939086296 0.38596491228070173 0.2893401015228426 0.4280701754385965 0.2766497461928934 0.4649122807017544 0.2614213197969543 0.48771929824561405 0.24873096446700507 0.5263157894736842 0.24619289340101522 0.5526315789473685 0.2233502538071066 0.5947368421052631 0.20812182741116753 0.531578947368421 0.08121827411167512 0.5175438596491229 0.06852791878172589 0.4824561403508772 0.0583756345177665 0.4631578947368421 0.048223350253807105 0.43508771929824563 0.03807106598984772 0.4070175438596491 0.030456852791878174 0.38070175438596493 0.03299492385786802 0.356140350877193 0.048223350253807105 0.34035087719298246 0.07614213197969544 0.29473684210526313 0.09390862944162437 0.21754385964912282 0.13959390862944163 0.21578947368421053 0.16751269035532995 0.21929824561403508 0.2182741116751269 0.22807017543859648 0.24619289340101522 0.256140350877193 0.2715736040609137
5 0.40350877192982454 0.19796954314720813 0.41228070175438597 0.233502538071066 0.42105263157894735 0.23096446700507614 0.41578947368421054 0.19289340101522842 0.40350877192982454 0.19796954314720813
5 0.3701754385964912 0.007614213197969543 0.3736842105263158 0.03553299492385787 0.37894736842105264 0.03553299492385787 0.37894736842105264 0.005076142131979695 0.3701754385964912 0.007614213197969543
5 0.5032388666666667 1 0.5210526315789473 0.916243654822335 0.4614035087719298 0.9086294416243654 0.4440350877192982 1 0.5032388666666667 1
0 0.5736842105263158 0.5558375634517766 0.5684210526315789 0.5177664974619289 0.6017543859649123 0.5253807106598984 0.6017543859649123 0.5076142131979695 0.5877192982456141 0.4289340101522843 0.5701754385964912 0.3350253807106599 0.5561403508771929 0.25888324873096447 0.5228070175438596 0.2868020304568528 0.5368421052631579 0.3197969543147208 0.5578947368421052 0.37055837563451777 0.5842105263157895 0.5025380710659898 0.5543859649122806 0.5 0.5614035087719298 0.5583756345177665 0.5736842105263158 0.5558375634517766