8 0.5855728429985856 0.5129740518962076 0.6633663366336634 0.4870259481037924 0.6647807637906648 0.46706586826347307 0.4639321074964639 0.47904191616766467 0.4328147100424328 0.5189620758483033 0.5077793493635078 0.5289421157684631 0.5855728429985856 0.5129740518962076
8 0.6478076379066479 0.44510978043912175 0.48656294200848654 0.4590818363273453 0.4794908062234795 0.47105788423153694 0.652050919377652 0.4590818363273453 0.6478076379066479 0.44510978043912175
8 0.7949080622347949 0.27345309381237526 0.809052333804809 0.27345309381237526 0.8189533239038189 0.24750499001996007 0.8048090523338048 0.24550898203592814 0.7949080622347949 0.27345309381237526
8 0.8132956152758133 0.4091816367265469 0.8048090523338048 0.4111776447105788 0.8005657708628006 0.4351297405189621 0.8132956152758133 0.437125748502994 0.8132956152758133 0.4091816367265469
8 0.8571428571428571 0.36327345309381237 0.842998585572843 0.36127744510978044 0.842998585572843 0.3772455089820359 0.8543140028288543 0.3812375249500998 0.8571428571428571 0.36327345309381237
3 0.1669024045261669 0.32934131736526945 0.15134370579915135 0.3473053892215569 0.1669024045261669 0.3872255489021956 0.1867043847241867 0.3712574850299401 0.1669024045261669 0.32934131736526945
1 0.5869872701555869 0.8642714570858283 0.5884016973125884 0.8542914171656687 0.5827439886845828 0.8383233532934131 0.5968882602545968 0.8143712574850299 0.6294200848656294 0.782435129740519 0.685997171145686 0.7425149700598802 0.6831683168316832 0.7305389221556886 0.6364922206506365 0.7504990019960079 0.5898161244695899 0.7984031936127745 0.5586987270155587 0.8542914171656687 0.5869872701555869 0.8642714570858283
1 0.71004243281471 0.7924151696606786 0.7128712871287128 0.7425149700598802 0.7029702970297029 0.7425149700598802 0.7015558698727016 0.7904191616766467 0.71004243281471 0.7924151696606786
1 0.6548797736916548 0.8542914171656687 0.6789250353606789 0.8423153692614771 0.6902404526166902 0.8303393213572854 0.6902404526166902 0.8183632734530938 0.6647807637906648 0.8343313373253493 0.6393210749646393 0.8323353293413174 0.6336633663366337 0.8483033932135728 0.6548797736916548 0.8542914171656687
1 0.6082036775106082 0.8263473053892215 0.5997171145685997 0.8263473053892215 0.5983026874115983 0.8323353293413174 0.6067892503536068 0.8383233532934131 0.6082036775106082 0.8263473053892215
1 0.652050919377652 0.8622754491017964 0.6096181046676096 0.8522954091816367 0.6082036775106082 0.8622754491017964 0.6463932107496464 0.874251497005988 0.652050919377652 0.8622754491017964
1 0.8698727015558698 0.8083832335329342 0.8741159830268741 0.8063872255489022 0.867043847241867 0.7784431137724551 0.8528995756718529 0.7485029940119761 0.8316831683168316 0.7345309381237525 0.8062234794908062 0.7225548902195609 0.8048090523338048 0.7385229540918163 0.8359264497878359 0.7604790419161677 0.8543140028288543 0.780439121756487 0.8698727015558698 0.8083832335329342
1 0.7482319660537482 1 0.7383309759547383 0.9840319361277445 0.7043847241867044 0.9920159680638723 0.669024045261669 0.9900199600798403 0.6619519094766619 0.998003992015968 0.7482319660537482 1
1 0.8062234794908062 0.9720558882235529 0.8132956152758133 0.9800399201596807 0.8132956152758133 0.9520958083832335 0.8231966053748232 0.9301397205588823 0.8189533239038189 0.9221556886227545 0.8048090523338048 0.9401197604790419 0.8033946251768034 0.9540918163672655 0.8062234794908062 0.9720558882235529
1 0.8500707213578501 0.9481037924151696 0.8613861386138614 0.9301397205588823 0.8741159830268741 0.936127744510978 0.8868458274398868 0.9041916167664671 0.8854314002828855 0.8862275449101796 0.8741159830268741 0.872255489021956 0.8642149929278642 0.8782435129740519 0.8486562942008486 0.9201596806387226 0.8203677510608204 0.9600798403193613 0.8246110325318247 0.9760479041916168 0.8500707213578501 0.9481037924151696
1 0.7340876944837341 0.7425149700598802 0.727015558698727 0.7425149700598802 0.7227722772277227 0.7784431137724551 0.7284299858557284 0.782435129740519 0.7340876944837341 0.7425149700598802
1 0.5954738330975955 0.9800399201596807 0.6053748231966054 0.9680638722554891 0.5968882602545968 0.9540918163672655 0.5827439886845828 0.9301397205588823 0.5671852899575672 0.9141716566866267 0.5572842998585573 0.906187624750499 0.5586987270155587 0.8802395209580839 0.5516265912305516 0.8782435129740519 0.5473833097595474 0.9041916167664671 0.5473833097595474 0.93812375249501 0.5714285714285714 0.9960079840319361 0.5954738330975955 0.9800399201596807
1 0.6746817538896747 0.8762475049900199 0.669024045261669 0.872255489021956 0.6619519094766619 0.8862275449101796 0.6704384724186704 0.9021956087824351 0.6775106082036775 0.8982035928143712 0.6746817538896747 0.8762475049900199
1 0.7567185289957568 0.8922155688622755 0.7694483734087695 0.8982035928143712 0.7864214992927864 0.8782435129740519 0.7708628005657708 0.8602794411177644 0.7666195190947667 0.8662674650698603 0.7666195190947667 0.8802395209580839 0.7567185289957568 0.8922155688622755
1 0.7213578500707214 0.9281437125748503 0.7213578500707214 0.93812375249501 0.7397454031117398 0.9481037924151696 0.7553041018387553 0.9341317365269461 0.7553041018387553 0.9041916167664671 0.7482319660537482 0.9101796407185628 0.7397454031117398 0.9301397205588823 0.7213578500707214 0.9281437125748503
1 0.6534653465346535 0.9281437125748503 0.6506364922206507 0.9201596806387226 0.6195190947666195 0.9600798403193613 0.6322489391796322 0.9560878243512974 0.6534653465346535 0.9421157684630739 0.6534653465346535 0.9281437125748503
1 0.6704384724186704 0.9860279441117764 0.6845827439886846 0.9680638722554891 0.6789250353606789 0.9660678642714571 0.6718528995756718 0.9720558882235529 0.6704384724186704 0.9860279441117764