3 0.3137755102040816 0.5208791208791209 0.30357142857142855 0.48131868131868133 0.29464285714285715 0.46373626373626375 0.30994897959183676 0.45494505494505494 0.3252551020408163 0.45054945054945056 0.35459183673469385 0.44835164835164837 0.37755102040816324 0.45494505494505494 0.39413265306122447 0.4593406593406593 0.4017857142857143 0.4725274725274725 0.4094387755102041 0.4945054945054945 0.4221938775510204 0.5208791208791209 0.4362244897959184 0.5472527472527473 0.43494897959183676 0.5582417582417583 0.4247448979591837 0.5758241758241758 0.4119897959183674 0.5846153846153846 0.3979591836734694 0.589010989010989 0.3788265306122449 0.5802197802197803 0.3647959183673469 0.5714285714285714 0.3469387755102041 0.5560439560439561 0.3354591836734694 0.5428571428571428 0.32142857142857145 0.5340659340659341
8 0.3405612244897959 0.45714285714285713 0.3278061224489796 0.45714285714285713 0.3227040816326531 0.46153846153846156 0.3163265306122449 0.46593406593406594 0.3125 0.4747252747252747 0.3086734693877551 0.4857142857142857 0.3112244897959184 0.4989010989010989 0.3137755102040816 0.512087912087912 0.31760204081632654 0.5186813186813187 0.32142857142857145 0.5186813186813187 0.3239795918367347 0.512087912087912 0.32908163265306123 0.5076923076923077 0.33418367346938777 0.5054945054945055 0.3380102040816326 0.5054945054945055 0.34438775510204084 0.512087912087912 0.3482142857142857 0.5076923076923077 0.350765306122449 0.5032967032967033 0.35331632653061223 0.5032967032967033 0.35331632653061223 0.5076923076923077 0.35714285714285715 0.5098901098901099 0.3596938775510204 0.512087912087912 0.3622448979591837 0.5164835164835165 0.3673469387755102 0.5164835164835165 0.36989795918367346 0.5164835164835165 0.3737244897959184 0.5208791208791209 0.37755102040816324 0.5186813186813187 0.38137755102040816 0.5208791208791209 0.38392857142857145 0.5208791208791209 0.3852040816326531 0.5230769230769231 0.3877551020408163 0.5252747252747253 0.38903061224489793 0.5230769230769231 0.39158163265306123 0.5230769230769231 0.39540816326530615 0.5252747252747253 0.39285714285714285 0.5186813186813187 0.3903061224489796 0.5164835164835165 0.3864795918367347 0.5142857142857142 0.38392857142857145 0.512087912087912 0.38010204081632654 0.512087912087912 0.3762755102040816 0.5098901098901099 0.36862244897959184 0.5098901098901099 0.3673469387755102 0.5076923076923077 0.36862244897959184 0.5054945054945055 0.3711734693877551 0.5032967032967033 0.37244897959183676 0.5054945054945055 0.3762755102040816 0.5076923076923077 0.3788265306122449 0.5076923076923077 0.3826530612244898 0.5076923076923077 0.3852040816326531 0.5054945054945055 0.39158163265306123 0.5076923076923077 0.39285714285714285 0.5098901098901099 0.39540816326530615 0.5098901098901099 0.399234693877551 0.5098901098901099 0.4005102040816326 0.512087912087912 0.399234693877551 0.5164835164835165 0.3979591836734694 0.5186813186813187 0.39668367346938777 0.5230769230769231 0.39668367346938777 0.5296703296703297 0.399234693877551 0.5318681318681319 0.4017857142857143 0.5340659340659341 0.4030612244897959 0.5340659340659341 0.4030612244897959 0.5274725274725275 0.4030612244897959 0.5230769230769231 0.40688775510204084 0.5230769230769231 0.4094387755102041 0.5230769230769231 0.4094387755102041 0.5164835164835165 0.40816326530612246 0.5098901098901099 0.40433673469387754 0.5076923076923077 0.40433673469387754 0.5032967032967033 0.40433673469387754 0.5010989010989011 0.4017857142857143 0.5010989010989011 0.399234693877551 0.5010989010989011 0.3979591836734694 0.4967032967032967 0.399234693877551 0.4945054945054945 0.39540816326530615 0.4945054945054945 0.39285714285714285 0.49230769230769234 0.3877551020408163 0.49230769230769234 0.38392857142857145 0.4945054945054945 0.38010204081632654 0.49230769230769234 0.3762755102040816 0.49230769230769234 0.375 0.4879120879120879 0.37244897959183676 0.4857142857142857 0.36989795918367346 0.4879120879120879 0.3673469387755102 0.4879120879120879 0.3647959183673469 0.4879120879120879 0.3635204081632653 0.4879120879120879 0.3596938775510204 0.4901098901098901 0.36096938775510207 0.49230769230769234 0.3647959183673469 0.49230769230769234 0.3673469387755102 0.4901098901098901 0.3711734693877551 0.4901098901098901 0.375 0.49230769230769234 0.37244897959183676 0.49230769230769234 0.36989795918367346 0.4945054945054945 0.36862244897959184 0.4945054945054945 0.3673469387755102 0.4967032967032967 0.36607142857142855 0.5010989010989011 0.3635204081632653 0.5054945054945055 0.36096938775510207 0.5054945054945055 0.3596938775510204 0.5076923076923077 0.35714285714285715 0.5054945054945055 0.35459183673469385 0.5010989010989011 0.35714285714285715 0.4989010989010989 0.35841836734693877 0.5010989010989011 0.3622448979591837 0.4989010989010989 0.35841836734693877 0.4945054945054945 0.35459183673469385 0.4945054945054945 0.3520408163265306 0.4945054945054945 0.3494897959183674 0.4945054945054945 0.3520408163265306 0.4901098901098901 0.3469387755102041 0.49230769230769234 0.3482142857142857 0.4967032967032967 0.34566326530612246 0.4967032967032967 0.34311224489795916 0.4967032967032967 0.3380102040816326 0.4945054945054945 0.3354591836734694 0.4967032967032967 0.33163265306122447 0.4989010989010989 0.32908163265306123 0.5010989010989011 0.32653061224489793 0.5010989010989011 0.3239795918367347 0.5032967032967033 0.32142857142857145 0.5054945054945055 0.31760204081632654 0.5076923076923077 0.3137755102040816 0.5032967032967033 0.3125 0.4945054945054945 0.3125 0.4879120879120879 0.3125 0.47912087912087914 0.31505102040816324 0.47692307692307695 0.3163265306122449 0.4703296703296703 0.31887755102040816 0.46813186813186813 0.32653061224489793 0.46153846153846156 0.33290816326530615 0.46153846153846156 0.336734693877551 0.46153846153846156 0.3405612244897959 0.46153846153846156
8 0.3852040816326531 0.545054945054945 0.3903061224489796 0.5406593406593406 0.39413265306122447 0.5362637362637362 0.3979591836734694 0.5384615384615384 0.3979591836734694 0.5406593406593406 0.4017857142857143 0.5472527472527473 0.40433673469387754 0.5406593406593406 0.40433673469387754 0.5472527472527473 0.40433673469387754 0.5538461538461539 0.40561224489795916 0.5582417582417583 0.4030612244897959 0.5560439560439561 0.4005102040816326 0.5538461538461539 0.399234693877551 0.5494505494505495 0.399234693877551 0.545054945054945 0.39540816326530615 0.5428571428571428 0.39285714285714285 0.545054945054945 0.3903061224489796 0.5472527472527473 0.3877551020408163 0.545054945054945 0.3826530612244898 0.5494505494505495 0.3877551020408163 0.5516483516483517 0.39158163265306123 0.5538461538461539 0.39413265306122447 0.5560439560439561 0.39540816326530615 0.5604395604395604 0.3979591836734694 0.5626373626373626 0.4017857142857143 0.5626373626373626 0.40561224489795916 0.5626373626373626 0.40688775510204084 0.567032967032967 0.413265306122449 0.5692307692307692 0.4094387755102041 0.5736263736263736 0.40688775510204084 0.5758241758241758 0.4030612244897959 0.5714285714285714 0.39668367346938777 0.567032967032967 0.39413265306122447 0.5648351648351648 0.39158163265306123 0.5582417582417583 0.3864795918367347 0.5560439560439561 0.38010204081632654 0.5516483516483517
8 0.3392857142857143 0.5274725274725275 0.3405612244897959 0.5230769230769231 0.3494897959183674 0.5296703296703297 0.350765306122449 0.5340659340659341 0.35586734693877553 0.5384615384615384 0.3622448979591837 0.5384615384615384 0.3673469387755102 0.5428571428571428 0.3762755102040816 0.545054945054945 0.3852040816326531 0.545054945054945 0.38010204081632654 0.5516483516483517 0.36989795918367346 0.545054945054945 0.3596938775510204 0.5428571428571428 0.34566326530612246 0.5362637362637362 0.3405612244897959 0.5318681318681319 0.33290816326530615 0.5274725274725275
6 0.3252551020408163 0.5868131868131868 0.3278061224489796 0.5802197802197803 0.33163265306122447 0.5802197802197803 0.33035714285714285 0.5846153846153846 0.3278061224489796 0.589010989010989 0.32653061224489793 0.5934065934065934
8 0.38392857142857145 0.6043956043956044 0.38903061224489793 0.6 0.39285714285714285 0.6021978021978022 0.39540816326530615 0.6043956043956044 0.4017857142857143 0.6065934065934065 0.40433673469387754 0.6 0.40561224489795916 0.5934065934065934 0.40816326530612246 0.5934065934065934 0.40688775510204084 0.6043956043956044 0.40561224489795916 0.610989010989011 0.40433673469387754 0.6153846153846154 0.399234693877551 0.6153846153846154 0.39413265306122447 0.6087912087912087 0.3903061224489796 0.6087912087912087 0.3864795918367347 0.6087912087912087
8 0.4094387755102041 0.6131868131868132 0.4119897959183674 0.610989010989011 0.41581632653061223 0.6131868131868132 0.41836734693877553 0.610989010989011 0.4221938775510204 0.6087912087912087 0.4260204081632653 0.6087912087912087 0.4247448979591837 0.6131868131868132 0.4260204081632653 0.6175824175824176 0.4247448979591837 0.621978021978022 0.42091836734693877 0.621978021978022 0.41709183673469385 0.6175824175824176 0.413265306122449 0.6175824175824176
8 0.43494897959183676 0.6241758241758242 0.44387755102040816 0.6263736263736264 0.4477040816326531 0.6285714285714286 0.45408163265306123 0.6285714285714286 0.45790816326530615 0.6351648351648351 0.4604591836734694 0.6373626373626373 0.461734693877551 0.643956043956044 0.45790816326530615 0.6461538461538462 0.45408163265306123 0.6417582417582418 0.45153061224489793 0.6329670329670329 0.44260204081632654 0.6307692307692307 0.4375 0.6263736263736264
8 0.3647959183673469 0.6175824175824176 0.3673469387755102 0.6131868131868132 0.3762755102040816 0.610989010989011 0.3826530612244898 0.6131868131868132 0.3864795918367347 0.6131868131868132 0.38903061224489793 0.6131868131868132 0.3903061224489796 0.6175824175824176 0.39285714285714285 0.6197802197802198 0.39540816326530615 0.6197802197802198 0.4017857142857143 0.6241758241758242 0.4094387755102041 0.6285714285714286 0.41581632653061223 0.6307692307692307 0.42091836734693877 0.6329670329670329 0.4272959183673469 0.6373626373626373 0.4336734693877551 0.6395604395604395 0.4413265306122449 0.643956043956044 0.44642857142857145 0.643956043956044 0.45153061224489793 0.6461538461538462 0.45790816326530615 0.6505494505494506 0.461734693877551 0.6527472527472528 0.4642857142857143 0.6593406593406593 0.4630102040816326 0.6659340659340659 0.4604591836734694 0.6659340659340659 0.45790816326530615 0.6637362637362637 0.45535714285714285 0.6593406593406593 0.45408163265306123 0.6527472527472528 0.44642857142857145 0.6483516483516484 0.44260204081632654 0.6527472527472528 0.44005102040816324 0.6483516483516484 0.4362244897959184 0.6483516483516484 0.43239795918367346 0.6505494505494506 0.4272959183673469 0.6483516483516484 0.4221938775510204 0.6483516483516484 0.41709183673469385 0.6395604395604395 0.4119897959183674 0.6351648351648351 0.40688775510204084 0.6329670329670329 0.399234693877551 0.6263736263736264 0.3903061224489796 0.6241758241758242 0.3852040816326531 0.621978021978022 0.38010204081632654 0.621978021978022 0.37244897959183676 0.621978021978022 0.36989795918367346 0.621978021978022 0.375 0.6263736263736264 0.38137755102040816 0.6263736263736264 0.3852040816326531 0.6285714285714286 0.38903061224489793 0.6351648351648351 0.39158163265306123 0.6373626373626373 0.3826530612244898 0.6329670329670329 0.37755102040816324 0.6307692307692307 0.3711734693877551 0.6285714285714286 0.3673469387755102 0.6285714285714286 0.36607142857142855 0.6351648351648351 0.3635204081632653 0.6373626373626373 0.3635204081632653 0.6263736263736264
8 0.3903061224489796 0.6241758241758242 0.39413265306122447 0.6285714285714286 0.399234693877551 0.6285714285714286 0.4030612244897959 0.6307692307692307 0.40816326530612246 0.6329670329670329 0.4145408163265306 0.6395604395604395 0.4221938775510204 0.6483516483516484 0.41964285714285715 0.6505494505494506 0.4145408163265306 0.6483516483516484 0.4107142857142857 0.6461538461538462 0.4094387755102041 0.6417582417582418 0.40561224489795916 0.6373626373626373 0.4005102040816326 0.6351648351648351 0.4030612244897959 0.6395604395604395 0.4094387755102041 0.6417582417582418 0.4094387755102041 0.6461538461538462 0.41709183673469385 0.6505494505494506 0.4094387755102041 0.6483516483516484 0.40433673469387754 0.6461538461538462 0.4005102040816326 0.643956043956044 0.39540816326530615 0.6395604395604395 0.39285714285714285 0.6351648351648351 0.38903061224489793 0.6329670329670329 0.3877551020408163 0.6285714285714286
8 0.4477040816326531 0.6527472527472528 0.4502551020408163 0.6593406593406593 0.45153061224489793 0.6659340659340659 0.45408163265306123 0.6681318681318681 0.45790816326530615 0.6725274725274726 0.45918367346938777 0.6813186813186813 0.461734693877551 0.6835164835164835 0.4642857142857143 0.6923076923076923 0.461734693877551 0.6967032967032967 0.45918367346938777 0.6923076923076923 0.45663265306122447 0.6901098901098901 0.45535714285714285 0.6835164835164835 0.45535714285714285 0.676923076923077 0.4528061224489796 0.6747252747252748 0.4502551020408163 0.6703296703296703 0.4489795918367347 0.6659340659340659 0.4477040816326531 0.6659340659340659 0.44642857142857145 0.6593406593406593 0.4477040816326531 0.6571428571428571 0.4451530612244898 0.6659340659340659 0.4451530612244898 0.6725274725274726 0.44260204081632654 0.6725274725274726 0.44005102040816324 0.6703296703296703 0.4362244897959184 0.6659340659340659 0.44005102040816324 0.6659340659340659 0.44260204081632654 0.6659340659340659 0.44387755102040816 0.6615384615384615
8 0.44387755102040816 0.6901098901098901 0.4489795918367347 0.6857142857142857 0.4502551020408163 0.6879120879120879 0.4502551020408163 0.6901098901098901 0.45153061224489793 0.6923076923076923 0.45408163265306123 0.6945054945054945 0.45408163265306123 0.6967032967032967 0.45153061224489793 0.6967032967032967 0.4502551020408163 0.6989010989010989 0.4477040816326531 0.6967032967032967 0.4451530612244898 0.6945054945054945
8 0.43239795918367346 0.6835164835164835 0.43494897959183676 0.6857142857142857 0.4362244897959184 0.6857142857142857 0.44005102040816324 0.6879120879120879 0.4413265306122449 0.6879120879120879 0.44260204081632654 0.6923076923076923 0.44005102040816324 0.6923076923076923 0.43494897959183676 0.6901098901098901 0.43239795918367346 0.6879120879120879 0.4298469387755102 0.6857142857142857
8 0.42346938775510207 0.6791208791208792 0.4260204081632653 0.6791208791208792 0.42857142857142855 0.6835164835164835 0.4272959183673469 0.6857142857142857 0.4247448979591837 0.6835164835164835 0.4221938775510204 0.6813186813186813
8 0.38010204081632654 0.7032967032967034 0.38392857142857145 0.7076923076923077 0.3903061224489796 0.7120879120879121 0.3979591836734694 0.7120879120879121 0.40433673469387754 0.7142857142857143 0.4005102040816326 0.7164835164835165 0.39668367346938777 0.7164835164835165 0.39158163265306123 0.7164835164835165 0.39413265306122447 0.7208791208791209 0.39668367346938777 0.7274725274725274 0.4017857142857143 0.7318681318681318 0.40561224489795916 0.7362637362637363 0.4094387755102041 0.7406593406593407 0.4145408163265306 0.7450549450549451 0.41964285714285715 0.7472527472527473 0.42346938775510207 0.7450549450549451 0.41964285714285715 0.7406593406593407 0.4145408163265306 0.7362637362637363 0.41836734693877553 0.7362637362637363 0.41964285714285715 0.734065934065934 0.41709183673469385 0.734065934065934 0.41581632653061223 0.7296703296703296 0.4221938775510204 0.734065934065934 0.4260204081632653 0.734065934065934 0.42857142857142855 0.7362637362637363 0.4336734693877551 0.7384615384615385 0.4362244897959184 0.7384615384615385 0.44005102040816324 0.7406593406593407 0.4413265306122449 0.7450549450549451 0.4387755102040816 0.7472527472527473 0.44387755102040816 0.7472527472527473 0.44387755102040816 0.7494505494505495 0.4413265306122449 0.7538461538461538 0.4336734693877551 0.7538461538461538 0.4247448979591837 0.7516483516483516 0.413265306122449 0.7516483516483516 0.40816326530612246 0.7472527472527473 0.4030612244897959 0.7428571428571429 0.399234693877551 0.7384615384615385 0.39540816326530615 0.7384615384615385 0.39285714285714285 0.734065934065934 0.38903061224489793 0.7274725274725274 0.3852040816326531 0.7186813186813187 0.38137755102040816 0.7120879120879121
8 0.4413265306122449 0.7384615384615385 0.4477040816326531 0.7384615384615385 0.4502551020408163 0.7406593406593407 0.4528061224489796 0.7428571428571429 0.45408163265306123 0.7406593406593407 0.45535714285714285 0.7384615384615385 0.45918367346938777 0.7318681318681318 0.45918367346938777 0.7384615384615385 0.4604591836734694 0.7406593406593407 0.4604591836734694 0.7428571428571429 0.45663265306122447 0.7472527472527473 0.45408163265306123 0.7516483516483516 0.4528061224489796 0.756043956043956 0.4489795918367347 0.7626373626373626 0.4489795918367347 0.756043956043956 0.4477040816326531 0.7494505494505495 0.4451530612244898 0.7428571428571429
8 0.4336734693877551 0.7186813186813187 0.4375 0.7208791208791209 0.4375 0.7252747252747253 0.44005102040816324 0.7230769230769231 0.44387755102040816 0.7208791208791209 0.44260204081632654 0.7230769230769231 0.44005102040816324 0.7274725274725274 0.4387755102040816 0.7296703296703296 0.43494897959183676 0.7296703296703296 0.4336734693877551 0.7252747252747253 0.4451530612244898 0.7252747252747253 0.4489795918367347 0.7252747252747253 0.45153061224489793 0.7274725274725274 0.4502551020408163 0.7318681318681318 0.4489795918367347 0.7362637362637363 0.44642857142857145 0.734065934065934 0.44387755102040816 0.7274725274725274
8 0.4145408163265306 0.7582417582417582 0.4221938775510204 0.7582417582417582 0.4298469387755102 0.7604395604395604 0.4413265306122449 0.7626373626373626 0.43239795918367346 0.7626373626373626 0.42091836734693877 0.7626373626373626 0.4145408163265306 0.7626373626373626
8 0.3826530612244898 0.7692307692307693 0.3852040816326531 0.7670329670329671 0.3864795918367347 0.7604395604395604 0.38903061224489793 0.7582417582417582 0.39413265306122447 0.7604395604395604 0.39668367346938777 0.7648351648351648 0.39158163265306123 0.7670329670329671 0.3903061224489796 0.7714285714285715 0.39158163265306123 0.7736263736263737 0.39540816326530615 0.778021978021978 0.39668367346938777 0.7846153846153846 0.39285714285714285 0.7846153846153846 0.38903061224489793 0.778021978021978 0.3864795918367347 0.7736263736263737
8 0.3788265306122449 0.7736263736263737 0.3826530612244898 0.7758241758241758 0.38392857142857145 0.7824175824175824 0.3864795918367347 0.7846153846153846 0.3826530612244898 0.7868131868131868 0.38137755102040816 0.7846153846153846 0.3788265306122449 0.778021978021978
0 0.31760204081632654 0.3120879120879121 0.34311224489795916 0.3274725274725275 0.4030612244897959 0.3868131868131868 0.4298469387755102 0.4175824175824176 0.4387755102040816 0.43736263736263736 0.42857142857142855 0.44175824175824174 0.42091836734693877 0.42417582417582417 0.4094387755102041 0.41098901098901097 0.39668367346938777 0.3978021978021978 0.36862244897959184 0.367032967032967 0.3520408163265306 0.3516483516483517 0.33418367346938777 0.33186813186813185
0 0.6492346938775511 0.5626373626373626 0.6505102040816326 0.5428571428571428 0.6556122448979592 0.5472527472527473 0.6619897959183674 0.5538461538461539 0.6709183673469388 0.5626373626373626 0.6772959183673469 0.567032967032967 0.6913265306122449 0.5714285714285714 0.7155612244897959 0.5714285714285714 0.7385204081632653 0.567032967032967 0.75 0.567032967032967 0.7614795918367347 0.5626373626373626 0.7793367346938775 0.5582417582417583 0.7920918367346939 0.5516483516483517 0.8022959183673469 0.5472527472527473 0.8150510204081632 0.5230769230769231 0.8201530612244898 0.5296703296703297 0.8137755102040817 0.545054945054945 0.8073979591836735 0.5560439560439561 0.7946428571428571 0.5648351648351648 0.7716836734693877 0.5758241758241758 0.7563775510204082 0.5824175824175825 0.7372448979591837 0.5824175824175825 0.701530612244898 0.5846153846153846 0.6798469387755102 0.5824175824175825 0.6709183673469388 0.578021978021978 0.6619897959183674 0.5736263736263736 0.6568877551020408 0.5648351648351648
4 0.6760204081632653 0.6351648351648351 0.6772959183673469 0.6351648351648351 0.6798469387755102 0.6329670329670329 0.6798469387755102 0.6351648351648351 0.6798469387755102 0.6373626373626373 0.6785714285714286 0.6395604395604395 0.6772959183673469 0.6395604395604395
4 0.7104591836734694 0.6285714285714286 0.7104591836734694 0.6329670329670329 0.7104591836734694 0.6351648351648351 0.7130102040816326 0.6351648351648351 0.7142857142857143 0.6351648351648351 0.7155612244897959 0.6329670329670329 0.7155612244897959 0.6285714285714286 0.7130102040816326 0.6263736263736264
4 0.701530612244898 0.643956043956044 0.6989795918367347 0.6461538461538462 0.6989795918367347 0.6483516483516484 0.7002551020408163 0.6505494505494506 0.7028061224489796 0.6483516483516484 0.7028061224489796 0.6461538461538462