6 0.4484536082474227 0.24189814814814814 0.45139911634756996 0.2025462962962963 0.4543446244477172 0.16550925925925927 0.4410898379970545 0.18171296296296297 0.43519882179675995 0.22569444444444445 0.4410898379970545 0.28125 0.45581737849779086 0.29050925925925924 0.4484536082474227 0.24189814814814814
6 0.37187039764359353 0.5659722222222222 0.3703976435935199 0.5590277777777778 0.36156111929307805 0.5613425925925926 0.3586156111929308 0.5706018518518519 0.36892488954344627 0.5775462962962963 0.37187039764359353 0.5659722222222222
6 0.4072164948453608 0.7164351851851852 0.4072164948453608 0.7210648148148148 0.40868924889543445 0.7210648148148148 0.40868924889543445 0.7164351851851852 0.4072164948453608 0.7164351851851852
6 0.4101620029455081 0.7048611111111112 0.40868924889543445 0.7048611111111112 0.40868924889543445 0.7094907407407407 0.4101620029455081 0.7094907407407407 0.4101620029455081 0.7048611111111112
6 0.5500736377025037 0.4525462962962963 0.5456553755522827 0.45717592592592593 0.5471281296023565 0.45949074074074076 0.5486008836524301 0.46412037037037035 0.5500736377025037 0.4618055555555556 0.5500736377025037 0.45717592592592593 0.5515463917525774 0.44560185185185186 0.5500736377025037 0.4479166666666667 0.5500736377025037 0.4525462962962963
6 0.5427098674521355 0.45023148148148145 0.5456553755522827 0.4479166666666667 0.5456553755522827 0.4409722222222222 0.5427098674521355 0.44328703703703703 0.5427098674521355 0.45023148148148145
6 0.5471281296023565 0.4386574074074074 0.5500736377025037 0.4409722222222222 0.5515463917525774 0.4363425925925926 0.5500736377025037 0.43171296296296297 0.5471281296023565 0.4340277777777778 0.5471281296023565 0.4386574074074074
0 0.4631811487481591 0.02199074074074074 0.47054491899852724 0.03819444444444445 0.47496318114874814 0.056712962962962965 0.4734904270986745 0.13310185185185186 0.48232695139911635 0.11921296296296297 0.48232695139911635 0.06597222222222222 0.4808541973490427 0.03125 0.4690721649484536 0.010416666666666666 0.4631811487481591 0.02199074074074074
6 0.4364506627393226 1 0.4410898379970545 0.9918981481481481 0.46612665684830634 0.9641203703703703 0.4646539027982327 0.9641203703703703 0.47201767304860087 0.9525462962962963 0.4646539027982327 0.9548611111111112 0.46023564064801176 0.9594907407407407 0.4572901325478645 0.9618055555555556 0.4543446244477172 0.9664351851851852 0.4425625920471281 0.9803240740740741 0.4337260677466863 0.9918981481481481 0.4291441664212077 1 0.4364506627393226 1
8 0.4528718703976436 0.3159722222222222 0.45581737849779086 0.31828703703703703 0.4646539027982327 0.34375 0.47201767304860087 0.35532407407407407 0.48674521354933725 0.36226851851851855 0.47790868924889546 0.3506944444444444 0.4631811487481591 0.33217592592592593 0.4484536082474227 0.2951388888888889 0.4484536082474227 0.3020833333333333 0.44992636229749633 0.3113425925925926 0.4528718703976436 0.3159722222222222
8 0.4543446244477172 0.33912037037037035 0.4528718703976436 0.3298611111111111 0.44992636229749633 0.32523148148148145 0.44550810014727543 0.3136574074074074 0.4381443298969072 0.29976851851851855 0.4366715758468336 0.30671296296296297 0.44403534609720174 0.3229166666666667 0.45139911634756996 0.3368055555555556 0.4543446244477172 0.33912037037037035
6 0.5913107511045655 0.04513888888888889 0.5957290132547864 0.056712962962962965 0.6001472754050073 0.061342592592592594 0.5972017673048601 0.047453703703703706 0.5942562592047128 0.04282407407407408 0.5913107511045655 0.04513888888888889
8 0.5629796141384389 0 0.5898379970544919 0.03819444444444445 0.5942562592047128 0.04050925925925926 0.5692884756995582 0 0.5629796141384389 0
3 0.47574558173784975 0 0.4734904270986745 0.008101851851851851 0.48379970544919 0.02199074074074074 0.5058910162002945 0.04282407407407408 0.5265095729013255 0.05439814814814815 0.5603829160530192 0.056712962962962965 0.5765832106038291 0.056712962962962965 0.5898379970544919 0.04050925925925926 0.5624020147275405 0 0.47574558173784975 0