1 0.6868044515103339 0.6242038216560509 0.6963434022257552 0.6114649681528662 0.7011128775834659 0.5881104033970276 0.6947535771065183 0.5711252653927813 0.6883942766295708 0.5435244161358811 0.6756756756756757 0.5159235668789809 0.6550079491255962 0.505307855626327 0.6184419713831478 0.5074309978768577 0.5945945945945946 0.5180467091295117 0.5993640699523053 0.5392781316348195 0.629570747217806 0.5201698513800425 0.6486486486486487 0.5159235668789809 0.6581875993640699 0.5222929936305732 0.6788553259141494 0.5477707006369427 0.6836248012718601 0.5583864118895966 0.685214626391097 0.5774946921443737 0.6868044515103339 0.5944798301486199
1 0.9395866454689984 0.386411889596603 0.9220985691573926 0.4033970276008493 0.9077901430842608 0.4309978768577495 0.8982511923688394 0.47558386411889597 0.9030206677265501 0.4734607218683652 0.9157392686804452 0.43312101910828027 0.931637519872814 0.40976645435244163 0.9395866454689984 0.3970276008492569 0.9427662957074722 0.386411889596603
1 0.8950715421303657 0.5010615711252654 0.875993640699523 0.5095541401273885 0.863275039745628 0.5138004246284501 0.8473767885532592 0.5159235668789809 0.834658187599364 0.5265392781316348 0.8267090620031796 0.5498938428874734 0.8171701112877583 0.564755838641189 0.8235294117647058 0.5711252653927813 0.8378378378378378 0.5562632696390658 0.8664546899841018 0.5392781316348195 0.8950715421303657 0.5307855626326964 0.8982511923688394 0.5159235668789809 0.8998410174880763 0.4989384288747346
1 0.9093799682034976 0.35456475583864117 0.9236883942766295 0.34394904458598724 0.9284578696343402 0.3333333333333333 0.9173290937996821 0.3248407643312102 0.9093799682034976 0.3248407643312102 0.8982511923688394 0.3481953290870488 0.9077901430842608 0.35881104033970274
1 0.9268680445151033 0.34394904458598724 0.9220985691573926 0.3524416135881104 0.9125596184419714 0.3609341825902335 0.9062003179650239 0.3630573248407643 0.9109697933227345 0.37154989384288745 0.9173290937996821 0.3630573248407643 0.9236883942766295 0.3673036093418259 0.9332273449920508 0.3630573248407643 0.9395866454689984 0.3609341825902335 0.9475357710651828 0.3503184713375796 0.9411764705882353 0.3481953290870488 0.9348171701112877 0.346072186836518 0.9332273449920508 0.3354564755838641 0.9284578696343402 0.34182590233545646
8 0.6772655007949125 0.5201698513800425 0.6820349761526232 0.5180467091295117 0.6868044515103339 0.5159235668789809 0.6899841017488076 0.5201698513800425 0.6836248012718601 0.5222929936305732
8 0.685214626391097 0.5477707006369427 0.6931637519872814 0.5371549893842887 0.6963434022257552 0.5392781316348195 0.6899841017488076 0.5456475583864119 0.6868044515103339 0.5498938428874734
8 0.8171701112877583 0.45010615711252655 0.8251192368839427 0.43736730360934184 0.834658187599364 0.43312101910828027 0.8267090620031796 0.44798301486199577
8 0.8314785373608903 0.42250530785562634 0.8394276629570747 0.42250530785562634 0.8473767885532592 0.416135881104034 0.8410174880763116 0.4288747346072187 0.8362480127186009 0.43312101910828027
0 0.7090620031796503 0.6539278131634819 0.7376788553259142 0.6305732484076433 0.7647058823529411 0.6008492569002123 0.8012718600953895 0.5817409766454352 0.821939586645469 0.5753715498938429 0.821939586645469 0.5265392781316348 0.834658187599364 0.4607218683651805 0.8314785373608903 0.40552016985138006 0.834658187599364 0.346072186836518 0.8314785373608903 0.3078556263269639 0.8282988871224165 0.2059447983014862 0.8187599364069952 0.15498938428874734 0.794912559618442 0.15711252653927812 0.7647058823529411 0.16985138004246284 0.7472178060413355 0.19532908704883228 0.7297297297297297 0.23142250530785563 0.7090620031796503 0.27388535031847133 0.6963434022257552 0.3057324840764331 0.6963434022257552 0.3354564755838641 0.6963434022257552 0.35668789808917195 0.7074721780604134 0.37154989384288745 0.7106518282988871 0.39065817409766457 0.7090620031796503 0.445859872611465 0.7058823529411765 0.47770700636942676 0.7011128775834659 0.5095541401273885 0.699523052464229 0.5392781316348195 0.7058823529411765 0.5562632696390658 0.7058823529411765 0.5902335456475584 0.6963434022257552 0.6114649681528662 0.6931637519872814 0.6411889596602972 0.699523052464229 0.6581740976645435
3 0.8060413354531002 0.3651804670912951 0.7758346581875993 0.37791932059447986 0.7440381558028617 0.4140127388535032 0.7233704292527822 0.4564755838641189 0.7106518282988871 0.4968152866242038 0.7042925278219396 0.5180467091295117 0.7074721780604134 0.5562632696390658 0.712241653418124 0.5753715498938429 0.7090620031796503 0.6199575371549894 0.7201907790143084 0.6454352441613588 0.7551669316375199 0.613588110403397 0.7837837837837838 0.5859872611464968 0.8139904610492846 0.5774946921443737 0.821939586645469 0.5392781316348195 0.8314785373608903 0.45222929936305734 0.8282988871224165 0.39065817409766457
3 0.8235294117647058 0.564755838641189 0.8235294117647058 0.5010615711252654 0.8362480127186009 0.4585987261146497 0.834658187599364 0.4012738853503185 0.8696343402225755 0.37579617834394907 0.8982511923688394 0.3651804670912951 0.9093799682034976 0.37154989384288745 0.9252782193958664 0.3991507430997877 0.9125596184419714 0.43312101910828027 0.9030206677265501 0.46709129511677283 0.8950715421303657 0.5010615711252654 0.8871224165341812 0.5265392781316348
3 0.699523052464229 0.5074309978768577 0.6883942766295708 0.5138004246284501 0.6915739268680445 0.5201698513800425 0.6979332273449921 0.5265392781316348
3 0.685214626391097 0.5562632696390658 0.6868044515103339 0.5711252653927813 0.6931637519872814 0.5817409766454352 0.7011128775834659 0.5690021231422505 0.7011128775834659 0.554140127388535
3 0.6883942766295708 0.583864118895966 0.7011128775834659 0.5923566878980892 0.6963434022257552 0.6093418259023354 0.6947535771065183 0.6369426751592356 0.699523052464229 0.6624203821656051 0.6883942766295708 0.6666666666666666 0.6772655007949125 0.6369426751592356 0.6836248012718601 0.6072186836518046
8 0.7774244833068362 0.5010615711252654 0.7758346581875993 0.4989384288747346 0.7790143084260731 0.49469214437367304 0.7821939586645469 0.49256900212314225 0.7885532591414944 0.49256900212314225 0.7901430842607313 0.4968152866242038 0.7853736089030207 0.4968152866242038 0.7821939586645469 0.4968152866242038
8 0.794912559618442 0.5732484076433121 0.8012718600953895 0.564755838641189 0.8076311605723371 0.5583864118895966 0.8108108108108109 0.554140127388535 0.8108108108108109 0.564755838641189 0.8028616852146264 0.5711252653927813
8 0.7329093799682035 0.505307855626327 0.724960254372019 0.505307855626327 0.7233704292527822 0.5010615711252654 0.7297297297297297 0.4989384288747346 0.7329093799682035 0.5010615711252654
8 0.8108108108108109 0.4989384288747346 0.8028616852146264 0.49469214437367304 0.7980922098569158 0.4968152866242038 0.8028616852146264 0.5010615711252654 0.8060413354531002 0.5010615711252654
8 0.8155802861685215 0.4692144373673036 0.8124006359300477 0.4692144373673036 0.8124006359300477 0.46284501061571126 0.8139904610492846 0.4607218683651805 0.8171701112877583 0.46284501061571126