0 0.5 0.5268065268065268 0.5174216027874564 0.5571095571095571 0.5400696864111498 0.5827505827505828 0.5958188153310104 0.5967365967365967 0.6637630662020906 0.6013986013986014 0.6898954703832753 0.5990675990675991 0.6881533101045296 0.5827505827505828 0.6567944250871081 0.5011655011655012 0.6933797909407665 0.49417249417249415 0.705574912891986 0.5337995337995338 0.7665505226480837 0.5291375291375291 0.8170731707317073 0.5151515151515151 0.8693379790940766 0.4825174825174825 0.8885017421602788 0.4522144522144522 0.89198606271777 0.4428904428904429 0.8902439024390244 0.43123543123543123 0.89198606271777 0.4172494172494173 0.8954703832752613 0.40559440559440557 0.9076655052264808 0.4358974358974359 0.9163763066202091 0.46853146853146854 0.9198606271777003 0.49184149184149184 0.9233449477351916 0.5221445221445221 0.9250871080139372 0.5617715617715617 0.9198606271777003 0.6060606060606061 0.9128919860627178 0.6433566433566433 0.9024390243902439 0.682983682983683 0.8850174216027874 0.7016317016317016 0.8588850174216028 0.7319347319347319 0.837979094076655 0.7552447552447552 0.8013937282229965 0.7808857808857809 0.7613240418118467 0.7995337995337995 0.6986062717770035 0.8251748251748252 0.6341463414634146 0.8321678321678322 0.5487804878048781 0.8391608391608392 0.5139372822299652 0.8368298368298368 0.4843205574912892 0.8321678321678322 0.47560975609756095 0.8344988344988346 0.4843205574912892 0.8414918414918415 0.4721254355400697 0.8438228438228438 0.45121951219512196 0.8275058275058275 0.45993031358885017 0.8065268065268065 0.45121951219512196 0.7738927738927739 0.43902439024390244 0.7086247086247086 0.3867595818815331 0.5244755244755245 0.44773519163763065 0.5174825174825175 0.47735191637630664 0.5407925407925408
3 0.6777003484320557 0.337995337995338 0.6986062717770035 0.331002331002331 0.7282229965156795 0.32634032634032634 0.7526132404181185 0.32867132867132864 0.7735191637630662 0.337995337995338 0.7926829268292683 0.3543123543123543 0.8048780487804879 0.36363636363636365 0.8083623693379791 0.36596736596736595 0.813588850174216 0.372960372960373 0.8170731707317073 0.3822843822843823 0.8344947735191638 0.372960372960373 0.8484320557491289 0.3752913752913753 0.8623693379790941 0.37995337995337997 0.8745644599303136 0.3822843822843823 0.8797909407665505 0.40093240093240096 0.8867595818815331 0.40792540792540793 0.8763066202090593 0.42424242424242425 0.8501742160278746 0.44755244755244755 0.8275261324041812 0.4662004662004662 0.8031358885017421 0.4755244755244755 0.7735191637630662 0.48717948717948717 0.7560975609756098 0.48951048951048953 0.7212543554006968 0.48951048951048953 0.7073170731707317 0.4988344988344988 0.6951219512195121 0.4801864801864802 0.6968641114982579 0.4568764568764569 0.7038327526132404 0.44522144522144524 0.7020905923344948 0.4405594405594406 0.7003484320557491 0.4195804195804196 0.6951219512195121 0.40559440559440557 0.6846689895470384 0.3986013986013986 0.6759581881533101 0.3916083916083916 0.6689895470383276 0.37995337995337997 0.6655052264808362 0.3706293706293706 0.6655052264808362 0.358974358974359 0.6724738675958188 0.34498834498834496
0 0.5296167247386759 0.5827505827505828 0.49825783972125437 0.5174825174825175 0.46689895470383275 0.4568764568764569 0.44076655052264807 0.4358974358974359 0.39198606271777003 0.40326340326340326 0.3519163763066202 0.3752913752913753 0.33797909407665505 0.3776223776223776 0.34668989547038326 0.3613053613053613 0.34494773519163763 0.34965034965034963 0.343205574912892 0.337995337995338 0.3362369337979094 0.32400932400932403 0.3205574912891986 0.32634032634032634 0.31010452961672474 0.32634032634032634 0.30313588850174217 0.32167832167832167 0.29442508710801396 0.32867132867132864 0.2874564459930314 0.34965034965034963 0.2979094076655052 0.38461538461538464 0.31010452961672474 0.4172494172494173 0.3118466898954704 0.46386946386946387 0.3083623693379791 0.4965034965034965 0.3083623693379791 0.5198135198135199 0.2926829268292683 0.5477855477855478 0.28397212543554007 0.5664335664335665 0.2735191637630662 0.5897435897435898 0.2700348432055749 0.6060606060606061 0.27177700348432055 0.6247086247086248 0.2682926829268293 0.6363636363636364 0.2700348432055749 0.6526806526806527 0.27526132404181186 0.6666666666666666 0.289198606271777 0.6573426573426573 0.29442508710801396 0.6363636363636364 0.3048780487804878 0.6363636363636364 0.31881533101045295 0.6386946386946387 0.3205574912891986 0.6247086247086248 0.3205574912891986 0.5897435897435898 0.3240418118466899 0.5641025641025641 0.33797909407665505 0.5384615384615384 0.3641114982578397 0.5198135198135199 0.3832752613240418 0.5128205128205128 0.3832752613240418 0.5291375291375291 0.4181184668989547 0.6293706293706294 0.4634146341463415 0.6177156177156177 0.5121951219512195 0.6083916083916084
3 0.289198606271777 0.3613053613053613 0.28222996515679444 0.3916083916083916 0.2804878048780488 0.4125874125874126 0.2770034843205575 0.44522144522144524 0.28222996515679444 0.47086247086247085 0.29442508710801396 0.48951048951048953 0.3048780487804878 0.5081585081585082 0.31010452961672474 0.5221445221445221 0.3153310104529617 0.5244755244755245 0.31010452961672474 0.4965034965034965 0.3118466898954704 0.46153846153846156 0.31010452961672474 0.4172494172494173 0.29094076655052264 0.36363636363636365 0.289198606271777 0.3543123543123543
0 0.4337979094076655 0.8018648018648019 0.35365853658536583 0.8065268065268065 0.3344947735191638 0.7785547785547785 0.32229965156794427 0.7389277389277389 0.31881533101045295 0.696969696969697 0.3170731707317073 0.6386946386946387 0.3240418118466899 0.5687645687645687 0.3397212543554007 0.5361305361305362 0.3832752613240418 0.5104895104895105 0.3832752613240418 0.5268065268065268 0.47560975609756095 0.5524475524475524 0.48606271777003485 0.6013986013986014 0.4146341463414634 0.62004662004662 0.44773519163763065 0.745920745920746 0.45121951219512196 0.7762237762237763
4 0.6376306620209059 0.45454545454545453 0.6306620209059234 0.44522144522144524 0.6236933797909407 0.4428904428904429 0.6167247386759582 0.4382284382284382 0.6132404181184669 0.4382284382284382 0.6045296167247387 0.4405594405594406 0.6010452961672473 0.4428904428904429 0.5975609756097561 0.44755244755244755 0.6167247386759582 0.45454545454545453 0.6289198606271778 0.46386946386946387 0.6411149825783972 0.46853146853146854 0.6550522648083623 0.4731934731934732 0.6742160278745645 0.47086247086247085 0.681184668989547 0.4662004662004662 0.686411149825784 0.46386946386946387 0.6829268292682927 0.45454545454545453 0.6759581881533101 0.44755244755244755 0.6707317073170732 0.44755244755244755 0.6637630662020906 0.4568764568764569 0.6567944250871081 0.45454545454545453 0.6550522648083623 0.44522144522144524 0.6498257839721254 0.4358974358974359 0.6428571428571429 0.44988344988344986
4 0.6254355400696864 0.3916083916083916 0.627177700348432 0.38461538461538464 0.6393728222996515 0.37995337995337997 0.6585365853658537 0.37995337995337997 0.6707317073170732 0.37995337995337997 0.6794425087108014 0.3752913752913753 0.6986062717770035 0.3706293706293706 0.710801393728223 0.36596736596736595 0.7125435540069687 0.3706293706293706 0.7073170731707317 0.3776223776223776 0.6881533101045296 0.38694638694638694 0.6794425087108014 0.3939393939393939 0.6672473867595818 0.3939393939393939 0.6550522648083623 0.3939393939393939 0.6480836236933798 0.3939393939393939
4 0.5888501742160279 0.3146853146853147 0.5714285714285714 0.317016317016317 0.5574912891986062 0.32167832167832167 0.5470383275261324 0.32167832167832167 0.5400696864111498 0.32400932400932403 0.5365853658536586 0.331002331002331 0.5435540069686411 0.3333333333333333 0.5557491289198606 0.3333333333333333 0.5714285714285714 0.32867132867132864 0.5818815331010453 0.32400932400932403 0.5905923344947736 0.32400932400932403 0.5940766550522648 0.31934731934731936
4 0.5226480836236934 0.4358974358974359 0.519163763066202 0.4405594405594406 0.5139372822299652 0.4522144522144522 0.5139372822299652 0.4592074592074592 0.5121951219512195 0.4592074592074592 0.5087108013937283 0.4592074592074592 0.5087108013937283 0.44988344988344986 0.5104529616724739 0.44522144522144524 0.5139372822299652 0.4405594405594406 0.5156794425087108 0.4382284382284382
4 0.5034843205574913 0.4522144522144522 0.5 0.44755244755244755 0.4965156794425087 0.44522144522144524 0.4930313588850174 0.4428904428904429 0.4895470383275261 0.4428904428904429 0.48606271777003485 0.44522144522144524 0.4878048780487805 0.4522144522144522 0.4965156794425087 0.45454545454545453 0.5017421602787456 0.4592074592074592 0.5069686411149826 0.4592074592074592
4 0.554006968641115 0.47785547785547783 0.5435540069686411 0.4755244755244755 0.5365853658536586 0.4755244755244755 0.5365853658536586 0.47785547785547783 0.5313588850174216 0.47785547785547783 0.5261324041811847 0.4755244755244755 0.5261324041811847 0.47785547785547783 0.5296167247386759 0.4825174825174825 0.5331010452961672 0.48484848484848486 0.5383275261324042 0.48484848484848486 0.5435540069686411 0.48484848484848486 0.5487804878048781 0.48484848484848486 0.5505226480836237 0.4825174825174825
4 0.5609756097560976 0.4382284382284382 0.554006968641115 0.4358974358974359 0.5505226480836237 0.43356643356643354 0.5470383275261324 0.43356643356643354 0.5400696864111498 0.4289044289044289 0.5365853658536586 0.42657342657342656 0.5313588850174216 0.42424242424242425 0.5296167247386759 0.42424242424242425 0.5261324041811847 0.42424242424242425 0.519163763066202 0.42657342657342656 0.5209059233449478 0.43123543123543123 0.5296167247386759 0.43356643356643354 0.5365853658536586 0.4358974358974359 0.5400696864111498 0.4382284382284382 0.5452961672473867 0.4405594405594406 0.554006968641115 0.4428904428904429 0.5592334494773519 0.4428904428904429
4 0.5662020905923345 0.4149184149184149 0.5609756097560976 0.4149184149184149 0.5574912891986062 0.4172494172494173 0.5574912891986062 0.42424242424242425 0.5662020905923345 0.42657342657342656 0.5696864111498258 0.42657342657342656 0.5679442508710801 0.4195804195804196
4 0.5418118466898955 0.4149184149184149 0.5383275261324042 0.4125874125874126 0.5348432055749129 0.4125874125874126 0.5278745644599303 0.4125874125874126 0.524390243902439 0.4149184149184149 0.5348432055749129 0.4219114219114219 0.5400696864111498 0.4195804195804196
4 0.4808362369337979 0.38694638694638694 0.47560975609756095 0.3916083916083916 0.46689895470383275 0.3962703962703963 0.4634146341463415 0.3986013986013986 0.45121951219512196 0.40559440559440557 0.44773519163763065 0.3962703962703963 0.4442508710801394 0.3939393939393939 0.4355400696864111 0.38927738927738925 0.43031358885017423 0.38694638694638694 0.4250871080139373 0.3916083916083916 0.41289198606271776 0.3822843822843823 0.40418118466898956 0.37995337995337997 0.39547038327526135 0.3752913752913753 0.3867595818815331 0.3822843822843823 0.3797909407665505 0.36363636363636365 0.37282229965156793 0.358974358974359 0.3780487804878049 0.35664335664335667 0.3832752613240418 0.35664335664335667 0.3885017421602787 0.358974358974359 0.3989547038327526 0.36596736596736595 0.4059233449477352 0.36596736596736595 0.41289198606271776 0.372960372960373 0.4337979094076655 0.3752913752913753 0.4425087108013937 0.3822843822843823 0.44947735191637633 0.3822843822843823 0.45993031358885017 0.38927738927738925 0.4651567944250871 0.38694638694638694 0.4686411149825784 0.3822843822843823 0.47560975609756095 0.37995337995337997 0.47909407665505227 0.37995337995337997
4 0.4965156794425087 0.36363636363636365 0.48257839721254353 0.35664335664335667 0.48257839721254353 0.35664335664335667 0.47909407665505227 0.358974358974359 0.4808362369337979 0.3682983682983683 0.4878048780487805 0.3682983682983683 0.49477351916376305 0.3752913752913753 0.49825783972125437 0.37995337995337997 0.5 0.372960372960373
4 0.44076655052264807 0.4125874125874126 0.4337979094076655 0.4125874125874126 0.42857142857142855 0.4149184149184149 0.42334494773519166 0.4195804195804196 0.42334494773519166 0.40792540792540793 0.4268292682926829 0.3986013986013986 0.4268292682926829 0.3939393939393939 0.42160278745644597 0.3962703962703963 0.4181184668989547 0.41025641025641024 0.4181184668989547 0.4195804195804196 0.41986062717770034 0.42424242424242425 0.4268292682926829 0.42424242424242425 0.43031358885017423 0.4219114219114219 0.4372822299651568 0.4195804195804196
4 0.37630662020905925 0.3543123543123543 0.3623693379790941 0.351981351981352 0.3588850174216028 0.3473193473193473 0.3519163763066202 0.3473193473193473 0.34843205574912894 0.34498834498834496 0.343205574912892 0.34498834498834496 0.3397212543554007 0.34498834498834496 0.343205574912892 0.34965034965034963 0.34843205574912894 0.3543123543123543 0.3606271777003484 0.3613053613053613 0.3693379790940767 0.36363636363636365 0.3710801393728223 0.36596736596736595 0.3780487804878049 0.3682983682983683 0.3832752613240418 0.3682983682983683 0.3797909407665505 0.35664335664335667
4 0.8170731707317073 0.4405594405594406 0.8066202090592335 0.43123543123543123 0.8031358885017421 0.42424242424242425 0.7926829268292683 0.4195804195804196 0.7874564459930313 0.4219114219114219 0.7857142857142857 0.42657342657342656 0.7857142857142857 0.43123543123543123 0.789198606271777 0.4358974358974359 0.7909407665505227 0.4405594405594406 0.7909407665505227 0.44522144522144524 0.7804878048780488 0.44522144522144524 0.7717770034843205 0.4428904428904429 0.7682926829268293 0.44755244755244755 0.7752613240418118 0.4568764568764569 0.7857142857142857 0.46386946386946387 0.794425087108014 0.4662004662004662 0.8013937282229965 0.46853146853146854 0.8066202090592335 0.46853146853146854 0.8066202090592335 0.46153846153846156 0.8066202090592335 0.4522144522144522 0.8066202090592335 0.44755244755244755
4 0.705574912891986 0.43123543123543123 0.7003484320557491 0.43123543123543123 0.6986062717770035 0.4405594405594406 0.7020905923344948 0.4522144522144522 0.7090592334494773 0.45454545454545453 0.7125435540069687 0.4522144522144522 0.7125435540069687 0.44755244755244755 0.7125435540069687 0.4428904428904429
4 0.7334494773519163 0.3613053613053613 0.7299651567944251 0.3543123543123543 0.7264808362369338 0.3473193473193473 0.7229965156794426 0.34265734265734266 0.7177700348432056 0.34032634032634035 0.7142857142857143 0.34265734265734266 0.7073170731707317 0.34498834498834496 0.7003484320557491 0.34498834498834496 0.6933797909407665 0.3473193473193473 0.686411149825784 0.351981351981352 0.6881533101045296 0.35664335664335667 0.7020905923344948 0.35664335664335667 0.710801393728223 0.351981351981352 0.7177700348432056 0.34965034965034963 0.7247386759581882 0.351981351981352 0.7264808362369338 0.3613053613053613 0.7299651567944251 0.3682983682983683
4 0.5905923344947736 0.4522144522144522 0.5836236933797909 0.44755244755244755 0.5801393728222997 0.4428904428904429 0.5714285714285714 0.4428904428904429 0.5644599303135889 0.44522144522144524 0.5696864111498258 0.45454545454545453 0.578397212543554 0.4592074592074592 0.5905923344947736 0.46153846153846156 0.5940766550522648 0.4592074592074592
4 0.6602787456445993 0.4149184149184149 0.6463414634146342 0.40326340326340326 0.6376306620209059 0.40093240093240096 0.6254355400696864 0.40326340326340326 0.6167247386759582 0.40326340326340326 0.6045296167247387 0.41025641025641024 0.6184668989547039 0.4219114219114219 0.632404181184669 0.4219114219114219 0.6358885017421603 0.4219114219114219 0.6445993031358885 0.4195804195804196
4 0.6411149825783972 0.47785547785547783 0.6341463414634146 0.4755244755244755 0.6306620209059234 0.47785547785547783 0.632404181184669 0.48484848484848486 0.6376306620209059 0.48717948717948717 0.6428571428571429 0.48951048951048953 0.6428571428571429 0.48951048951048953
4 0.5888501742160279 0.49184149184149184 0.5818815331010453 0.49417249417249415 0.5766550522648084 0.49417249417249415 0.5662020905923345 0.4988344988344988 0.5836236933797909 0.5081585081585082 0.5923344947735192 0.5081585081585082 0.5958188153310104 0.5058275058275058 0.5940766550522648 0.4965034965034965
3 0.3397212543554007 0.3752913752913753 0.3867595818815331 0.40792540792540793 0.40069686411149824 0.4149184149184149 0.41986062717770034 0.4289044289044289 0.4268292682926829 0.4195804195804196 0.4337979094076655 0.4219114219114219 0.43205574912891986 0.4358974358974359 0.44076655052264807 0.44988344988344986 0.4616724738675958 0.45454545454545453 0.4912891986062718 0.46153846153846156 0.5261324041811847 0.4801864801864802 0.5487804878048781 0.48951048951048953 0.5766550522648084 0.4988344988344988 0.6027874564459931 0.5081585081585082 0.6498257839721254 0.5128205128205128 0.6951219512195121 0.5151515151515151 0.705574912891986 0.5034965034965035 0.6829268292682927 0.4825174825174825 0.6149825783972126 0.46386946386946387 0.5331010452961672 0.4289044289044289 0.4337979094076655 0.38694638694638694 0.3397212543554007 0.34265734265734266
0 0.12020905923344948 0.21445221445221446 0.12020905923344948 0.2517482517482518 0.12020905923344948 0.28438228438228436 0.12717770034843207 0.331002331002331 0.1289198606271777 0.351981351981352 0.11846689895470383 0.32400932400932403 0.11498257839721254 0.3146853146853147 0.11149825783972125 0.2913752913752914 0.10801393728222997 0.2703962703962704 0.10801393728222997 0.2494172494172494 0.1132404181184669 0.23076923076923078
0 0.7839721254355401 0.4592074592074592 0.7282229965156795 0.4662004662004662 0.6933797909407665 0.46853146853146854 0.6689895470383276 0.4755244755244755 0.6498257839721254 0.48951048951048953 0.6219512195121951 0.49184149184149184 0.5853658536585366 0.48484848484848486 0.5487804878048781 0.4755244755244755 0.5139372822299652 0.4662004662004662 0.5156794425087108 0.48717948717948717 0.5487804878048781 0.5058275058275058 0.5975609756097561 0.5151515151515151 0.6480836236933798 0.5151515151515151 0.710801393728223 0.5034965034965035 0.7682926829268293 0.48951048951048953 0.8066202090592335 0.47785547785547783 0.8310104529616724 0.46153846153846156 0.867595818815331 0.43123543123543123 0.8745644599303136 0.4172494172494173 0.8797909407665505 0.40093240093240096 0.8763066202090593 0.3916083916083916 0.8083623693379791 0.44522144522144524