8 0.35745937961595275 0.6519916142557652 0.34416543574593794 0.6373165618448637 0.32644017725258495 0.6268343815513627 0.31314623338257014 0.6184486373165619 0.30428360413589367 0.6142557651991615 0.29542097488921715 0.6079664570230608 0.2880354505169867 0.6016771488469602 0.2865583456425406 0.5974842767295597 0.29394387001477107 0.5953878406708596 0.29542097488921715 0.5849056603773585 0.30132939438700146 0.589098532494759 0.3087149187592319 0.589098532494759 0.31610044313146235 0.5911949685534591 0.3190546528803545 0.5911949685534591 0.33677991137370755 0.6058700209643606 0.34268833087149186 0.6142557651991615 0.34268833087149186 0.6058700209643606 0.3412112259970458 0.5974842767295597 0.345642540620384 0.5953878406708596 0.35450516986706054 0.5828092243186582 0.3559822747415066 0.5953878406708596 0.35893648449039883 0.59958071278826 0.35450516986706054 0.6058700209643606 0.3604135893648449 0.6121593291404612 0.361890694239291 0.6205450733752621 0.36779911373707536 0.6268343815513627 0.36779911373707536 0.6331236897274634 0.3707533234859675 0.6436058700209644 0.361890694239291 0.6373165618448637 0.35745937961595275 0.6289308176100629 0.35302806499261447 0.6331236897274634
8 0.397341211225997 0.5450733752620545 0.39438700147710487 0.519916142557652 0.3988183161004431 0.5220125786163522 0.40029542097488924 0.5429769392033543
8 0.397341211225997 0.5178197064989518 0.4032496307237814 0.5178197064989518 0.41063515509601184 0.5241090146750524 0.413589364844904 0.5262054507337526 0.42097488921713444 0.5324947589098532 0.4239290989660266 0.5366876310272537 0.4224519940915805 0.5408805031446541
8 0.3914327917282127 0.5849056603773585 0.39438700147710487 0.5870020964360587 0.39438700147710487 0.559748427672956 0.38995568685376664 0.559748427672956
8 0.3914327917282127 0.5555555555555556 0.3914327917282127 0.5513626834381551 0.3870014771048744 0.5513626834381551 0.3870014771048744 0.5555555555555556
8 0.34859675036927623 0.5555555555555556 0.3500738552437223 0.5660377358490566 0.35893648449039883 0.5660377358490566 0.3559822747415066 0.5576519916142557
8 0.4933530280649926 0.45073375262054505 0.5022156573116692 0.44025157232704404 0.5066469719350074 0.4339622641509434 0.5155096011816839 0.429769392033543 0.5302806499261448 0.429769392033543 0.5494830132939439 0.43186582809224316 0.5539143279172821 0.4381551362683438 0.5583456425406204 0.44654088050314467 0.5480059084194978 0.4591194968553459 0.5465288035450517 0.44234800838574423 0.5420974889217134 0.4381551362683438 0.51698670605613 0.44863731656184486
8 0.4608567208271787 0.46331236897274636 0.4549483013293944 0.5031446540880503 0.4623338257016248 0.5031446540880503 0.4726735598227474 0.5031446540880503 0.4771048744460857 0.5052410901467506 0.48301329394387 0.4989517819706499 0.46971935007385524 0.49056603773584906 0.4638109305760709 0.4863731656184486 0.4623338257016248 0.46750524109014674
8 0.4874446085672083 0.49266247379454925 0.4948301329394387 0.48846960167714887 0.5066469719350074 0.4863731656184486 0.5155096011816839 0.480083857442348 0.5302806499261448 0.4779874213836478 0.5376661742983752 0.4779874213836478 0.5420974889217134 0.47379454926624737 0.5066469719350074 0.47379454926624737 0.5096011816838996 0.46750524109014674 0.5228951255539144 0.46540880503144655 0.5288035450516987 0.4612159329140461 0.518463810930576 0.4570230607966457 0.5007385524372231 0.469601677148847 0.49039881831610044 0.46750524109014674 0.4918759231905465 0.4758909853249476
8 0.8153618906942393 0.649895178197065 0.8257016248153619 0.649895178197065 0.827178729689808 0.6645702306079665 0.8389955686853766 0.6415094339622641 0.8567208271787297 0.5932914046121593 0.8463810930576071 0.6436058700209644 0.8316100443131462 0.639412997903564 0.827178729689808 0.6310272536687631 0.8316100443131462 0.6184486373165619 0.8301329394387001 0.5974842767295597 0.827178729689808 0.589098532494759 0.8257016248153619 0.5807127882599581 0.8168389955686853 0.570230607966457 0.8183161004431314 0.5849056603773585 0.8242245199409158 0.6016771488469602 0.8257016248153619 0.610062893081761 0.8197932053175776 0.6373165618448637 0.8124076809453471 0.6436058700209644 0.8064992614475628 0.6415094339622641 0.8005908419497785 0.6415094339622641 0.7902511078286558 0.6415094339622641 0.7887740029542097 0.6519916142557652 0.7961595273264401 0.6436058700209644 0.8079763663220089 0.6457023060796646
8 0.8183161004431314 0.6331236897274634 0.8168389955686853 0.6247379454926625 0.8168389955686853 0.6184486373165619 0.8079763663220089 0.6184486373165619 0.8050221565731167 0.6142557651991615 0.7976366322008862 0.6205450733752621 0.7858197932053176 0.6226415094339622 0.7799113737075333 0.6184486373165619 0.7651403249630724 0.6184486373165619 0.7562776957163959 0.6205450733752621 0.7503692762186115 0.610062893081761 0.7459379615952733 0.6121593291404612 0.7459379615952733 0.6205450733752621 0.7355982274741507 0.6268343815513627 0.7267355982274741 0.6331236897274634 0.7208271787296898 0.6310272536687631 0.7149187592319055 0.6205450733752621 0.7282127031019202 0.6184486373165619 0.7163958641063516 0.6142557651991615 0.7178729689807977 0.6079664570230608 0.7326440177252584 0.610062893081761 0.7474150664697193 0.59958071278826 0.7607090103397341 0.6121593291404612 0.7813884785819794 0.6121593291404612 0.8035450516986706 0.6037735849056604 0.8168389955686853 0.6079664570230608 0.8227474150664698 0.610062893081761 0.827178729689808 0.6205450733752621
8 0.8611521418020679 0.5555555555555556 0.8508124076809453 0.5576519916142557 0.8463810930576071 0.5534591194968553 0.8478581979320532 0.5429769392033543 0.8522895125553914 0.5303983228511531 0.8596750369276218 0.5387840670859538 0.8552437223042836 0.5429769392033543 0.8537666174298375 0.5513626834381551
8 0.7887740029542097 0.559748427672956 0.8005908419497785 0.5471698113207547 0.8064992614475628 0.5345911949685535 0.8094534711964549 0.5241090146750524 0.8050221565731167 0.5178197064989518 0.8020679468242246 0.5324947589098532
8 0.8493353028064993 0.49266247379454925 0.8375184638109305 0.48846960167714887 0.8375184638109305 0.48218029350104824 0.8493353028064993 0.48427672955974843
8 0.8330871491875923 0.46540880503144655 0.8330871491875923 0.4570230607966457 0.8301329394387001 0.4528301886792453 0.8375184638109305 0.4528301886792453 0.8389955686853766 0.4570230607966457 0.8404726735598228 0.4591194968553459 0.8404726735598228 0.4612159329140461 0.8345642540620384 0.4612159329140461 0.8345642540620384 0.46540880503144655
8 0.723781388478582 0.5786163522012578 0.7149187592319055 0.5828092243186582 0.7104874446085672 0.5828092243186582 0.7060561299852289 0.5786163522012578 0.7104874446085672 0.5723270440251572 0.707533234859675 0.5618448637316562 0.7134416543574594 0.5576519916142557 0.7178729689807977 0.5513626834381551 0.7223042836041359 0.559748427672956 0.725258493353028 0.5555555555555556 0.7341211225997046 0.5639412997903563
8 0.7326440177252584 0.6582809224318659 0.740029542097489 0.6645702306079665 0.7444608567208272 0.660377358490566 0.741506646971935 0.6540880503144654 0.7444608567208272 0.649895178197065 0.7474150664697193 0.6519916142557652 0.7533234859675036 0.6457023060796646 0.7488921713441654 0.6415094339622641 0.7429837518463811 0.6457023060796646 0.741506646971935 0.6415094339622641 0.7385524372230429 0.6436058700209644 0.7341211225997046 0.6436058700209644 0.7282127031019202 0.649895178197065
8 0.6927621861152142 0.549266247379455 0.6927621861152142 0.559748427672956 0.7031019202363368 0.5639412997903563 0.7031019202363368 0.559748427672956 0.7016248153618907 0.5534591194968553
8 0.7001477104874446 0.5953878406708596 0.6927621861152142 0.5911949685534591 0.6809453471196455 0.5723270440251572 0.6750369276218612 0.5639412997903563 0.6646971935007385 0.5555555555555556 0.6602658788774003 0.549266247379455 0.6484490398818316 0.5366876310272537 0.6440177252584933 0.5303983228511531 0.6469719350073855 0.5283018867924528 0.6661742983751846 0.5408805031446541 0.6691285081240768 0.5450733752620545 0.6735598227474151 0.5450733752620545 0.6765140324963073 0.5408805031446541 0.6809453471196455 0.559748427672956 0.6942392909896603 0.5807127882599581 0.6883308714918759 0.5723270440251572 0.6927621861152142 0.570230607966457 0.6971935007385525 0.5744234800838575 0.7016248153618907 0.5849056603773585 0.7060561299852289 0.5932914046121593 0.7104874446085672 0.5870020964360587 0.7031019202363368 0.5765199161425576 0.6986706056129985 0.5681341719077568 0.6942392909896603 0.5639412997903563 0.691285081240768 0.5534591194968553 0.6824224519940916 0.5471698113207547 0.6765140324963073 0.5408805031446541 0.6809453471196455 0.559748427672956 0.6853766617429837 0.5576519916142557 0.6883308714918759 0.5618448637316562
8 0.6144756277695717 0.5157232704402516 0.6026587887740029 0.5136268343815513 0.5967503692762186 0.5073375262054507 0.5878877400295421 0.5052410901467506 0.5864106351550961 0.4989517819706499 0.5952732644017725 0.4968553459119497 0.6056129985228951 0.5010482180293501 0.6070901033973413 0.4968553459119497 0.6085672082717873 0.48846960167714887 0.6026587887740029 0.4863731656184486 0.5937961595273265 0.480083857442348 0.6011816838995568 0.4779874213836478 0.6100443131462334 0.48427672955974843 0.6174298375184638 0.49266247379454925 0.6174298375184638 0.4989517819706499 0.6159527326440177 0.5031446540880503 0.621861152141802 0.5115303983228512 0.620384047267356 0.5178197064989518
8 0.3663220088626292 0.7148846960167715 0.35745937961595275 0.7044025157232704 0.3604135893648449 0.6981132075471698 0.36484490398818314 0.7044025157232704 0.3663220088626292 0.6960167714884696 0.3722304283604136 0.6813417190775681
6 0.3929098966026588 0.6331236897274634 0.37370753323485967 0.6540880503144654 0.3663220088626292 0.6624737945492662 0.3766617429837518 0.6268343815513627 0.3810930576070901 0.610062893081761 0.3870014771048744 0.6016771488469602 0.38995568685376664 0.5932914046121593 0.397341211225997 0.5807127882599581 0.40029542097488924 0.5765199161425576 0.40620384047267355 0.5744234800838575 0.41063515509601184 0.570230607966457 0.4150664697193501 0.5618448637316562 0.4194977843426883 0.5555555555555556 0.42097488921713444 0.5513626834381551 0.4254062038404727 0.5513626834381551 0.42836041358936483 0.5429769392033543 0.43722304283604135 0.5429769392033543 0.44165435745937964 0.5450733752620545 0.4401772525849335 0.5534591194968553 0.42097488921713444 0.5786163522012578 0.40620384047267355 0.6037735849056604
6 0.3707533234859675 0.6771488469601677 0.36336779911373707 0.6771488469601677 0.3663220088626292 0.6645702306079665 0.3707533234859675 0.6645702306079665 0.37370753323485967 0.6645702306079665 0.3810930576070901 0.6582809224318659 0.37370753323485967 0.6729559748427673
8 0.8478581979320532 0.5241090146750524 0.8641063515509602 0.519916142557652 0.8921713441654358 0.5115303983228512 0.9010339734121122 0.5010482180293501 0.8700147710487445 0.5010482180293501 0.8567208271787297 0.5073375262054507
8 0.7769571639586411 0.5073375262054507 0.7163958641063516 0.5178197064989518 0.7119645494830132 0.5052410901467506 0.7710487444608567 0.5052410901467506
8 0.6322008862629247 0.519916142557652 0.6838995568685377 0.5178197064989518 0.689807976366322 0.5157232704402516 0.7104874446085672 0.5157232704402516 0.707533234859675 0.5094339622641509 0.6986706056129985 0.5052410901467506 0.621861152141802 0.5073375262054507
8 0.4327917282127031 0.5366876310272537 0.44756277695716395 0.5220125786163522 0.4608567208271787 0.519916142557652 0.4549483013293944 0.5157232704402516 0.45937961595273263 0.5115303983228512 0.4505169867060561 0.5115303983228512 0.43131462333825704 0.5345911949685535
8 0.4977843426883309 0.5031446540880503 0.5007385524372231 0.4968553459119497 0.5051698670605613 0.49266247379454925 0.5258493353028065 0.49266247379454925 0.5096011816838996 0.5010482180293501
8 0.5834564254062038 0.5031446540880503 0.5775480059084195 0.4947589098532495 0.5745937961595273 0.4947589098532495 0.55096011816839 0.49056603773584906 0.55096011816839 0.4989517819706499
8 0.5420974889217134 0.4989517819706499 0.5317577548005908 0.5031446540880503 0.5214180206794683 0.5073375262054507 0.5199409158050221 0.5031446540880503 0.5288035450516987 0.4968553459119497
8 0.7208271787296898 0.6708595387840671 0.725258493353028 0.6645702306079665 0.7282127031019202 0.660377358490566 0.7267355982274741 0.6561844863731656 0.7223042836041359 0.6561844863731656 0.7193500738552437 0.6519916142557652 0.7149187592319055 0.649895178197065 0.7149187592319055 0.6561844863731656
0 0.7031019202363368 0.6226415094339622 0.7296898079763663 0.5953878406708596 0.7518463810930576 0.570230607966457 0.7769571639586411 0.5324947589098532 0.7813884785819794 0.5157232704402516 0.7562776957163959 0.5471698113207547 0.7429837518463811 0.5555555555555556 0.7193500738552437 0.5828092243186582 0.6971935007385525 0.6079664570230608
0 0.5923190546528804 0.5052410901467506 0.5937961595273265 0.5534591194968553 0.6469719350073855 0.5786163522012578 0.6469719350073855 0.5932914046121593 0.6499261447562777 0.6058700209643606 0.6735598227474151 0.6645702306079665 0.6868537666174298 0.6918238993710691 0.6942392909896603 0.7211740041928721 0.7001477104874446 0.7631027253668763 0.7060561299852289 0.7672955974842768 0.7370753323485968 0.7777777777777778 0.7355982274741507 0.7169811320754716 0.7267355982274741 0.6834381551362684 0.7134416543574594 0.6373165618448637 0.707533234859675 0.6268343815513627 0.6986706056129985 0.6037735849056604 0.6824224519940916 0.5723270440251572 0.6632200886262924 0.5513626834381551 0.6248153618906942 0.5178197064989518
8 0.8301329394387001 0.48218029350104824 0.8227474150664698 0.49056603773584906 0.8316100443131462 0.49266247379454925 0.827178729689808 0.4968553459119497 0.8138847858197932 0.4968553459119497 0.8050221565731167 0.4968553459119497 0.8020679468242246 0.48846960167714887 0.8168389955686853 0.48218029350104824
8 0.8286558345642541 0.5136268343815513 0.827178729689808 0.5094339622641509 0.8168389955686853 0.5094339622641509 0.8153618906942393 0.5136268343815513 0.8212703101920237 0.5178197064989518 0.8257016248153619 0.5178197064989518 0.8257016248153619 0.5241090146750524 0.8463810930576071 0.5241090146750524 0.844903988183161 0.5178197064989518 0.8301329394387001 0.5178197064989518
8 0.7769571639586411 0.5178197064989518 0.7503692762186115 0.5450733752620545 0.7533234859675036 0.549266247379455 0.7754800590841949 0.5262054507337526
8 0.827178729689808 0.7358490566037735 0.8330871491875923 0.7442348008385744 0.8316100443131462 0.750524109014675 0.8375184638109305 0.750524109014675 0.8493353028064993 0.750524109014675 0.8611521418020679 0.750524109014675 0.8714918759231906 0.7484276729559748 0.8641063515509602 0.7463312368972747 0.8404726735598228 0.7421383647798742
8 0.7503692762186115 0.6645702306079665 0.7444608567208272 0.6666666666666666 0.7429837518463811 0.6750524109014675 0.7474150664697193 0.6750524109014675
8 0.7503692762186115 0.7337526205450734 0.7341211225997046 0.7253668763102725 0.7341211225997046 0.7295597484276729 0.7444608567208272 0.7379454926624738
8 0.7474150664697193 0.6918238993710691 0.7474150664697193 0.70020964360587 0.741506646971935 0.7044025157232704 0.7429837518463811 0.7085953878406709 0.7488921713441654 0.7085953878406709 0.7518463810930576 0.7023060796645703 0.7503692762186115 0.6939203354297694
8 0.8020679468242246 0.5241090146750524 0.7961595273264401 0.5283018867924528 0.7991137370753324 0.5387840670859538 0.8020679468242246 0.5303983228511531
3 0.7607090103397341 0.23270440251572327 0.7090103397341211 0.31027253668763105 0.7636632200886263 0.22431865828092243 0.7976366322008862 0.2620545073375262 0.8197932053175776 0.31446540880503143 0.7784342688330872 0.3480083857442348 0.7060561299852289 0.31865828092243187
8 0.28508124076809455 0.559748427672956 0.2570162481536189 0.559748427672956 0.22451994091580502 0.5660377358490566 0.23042836041358936 0.589098532494759 0.26292466765140327 0.5807127882599581