6 0.06423357664233577 0.3292929292929293 0.06715328467153285 0.3373737373737374 0.07153284671532846 0.3373737373737374 0.07445255474452554 0.3434343434343434 0.07737226277372262 0.35353535353535354 0.07883211678832117 0.34949494949494947 0.07445255474452554 0.3393939393939394 0.06861313868613139 0.32727272727272727
6 0.033576642335766425 0.29494949494949496 0.030656934306569343 0.30505050505050507 0.029197080291970802 0.3191919191919192 0.040875912408759124 0.32727272727272727 0.040875912408759124 0.3191919191919192 0.04525547445255475 0.3191919191919192 0.04525547445255475 0.3151515151515151 0.042335766423357665 0.30303030303030304 0.035036496350364967 0.29292929292929293
6 0.043795620437956206 0.32727272727272727 0.042335766423357665 0.3373737373737374 0.04671532846715328 0.3434343434343434 0.04671532846715328 0.3373737373737374 0.04817518248175182 0.3333333333333333 0.04671532846715328 0.33131313131313134
6 0.024817518248175182 0.32727272727272727 0.026277372262773723 0.33131313131313134 0.032116788321167884 0.33131313131313134 0.030656934306569343 0.3292929292929293 0.029197080291970802 0.32727272727272727
3 0.2686131386861314 0.296969696969697 0.24817518248175183 0.3151515151515151 0.2321167883211679 0.32727272727272727 0.21605839416058395 0.2767676767676768
3 0.2291970802919708 0.3212121212121212 0.20583941605839415 0.34949494949494947 0.2072992700729927 0.38181818181818183 0.21313868613138687 0.44242424242424244 0.23941605839416058 0.4707070707070707 0.25401459854014596 0.4707070707070707 0.27007299270072993 0.4303030303030303 0.25401459854014596 0.3656565656565657 0.24817518248175183 0.33535353535353535
3 0.21021897810218979 0.4444444444444444 0.21897810218978103 0.5191919191919192 0.22043795620437956 0.5353535353535354 0.2116788321167883 0.5555555555555556 0.28613138686131384 0.5959595959595959 0.3094890510948905 0.5858585858585859 0.3094890510948905 0.5212121212121212 0.2832116788321168 0.47474747474747475 0.25401459854014596 0.4727272727272727 0.24379562043795622 0.4727272727272727
3 0.32116788321167883 0.6888888888888889 0.2905109489051095 0.6727272727272727 0.28905109489051095 0.6606060606060606 0.28905109489051095 0.6525252525252525 0.28905109489051095 0.6303030303030303 0.2905109489051095 0.6202020202020202 0.2934306569343066 0.6101010101010101 0.29635036496350364 0.604040404040404 0.30656934306569344 0.6080808080808081 0.3124087591240876 0.6121212121212121 0.31532846715328466 0.6505050505050505
3 0.1635036496350365 0.5272727272727272 0.16204379562043797 0.5454545454545454 0.17372262773722627 0.5696969696969697 0.20875912408759123 0.6060606060606061 0.21021897810218979 0.5636363636363636 0.2116788321167883 0.5434343434343434 0.21751824817518248 0.5313131313131313 0.2145985401459854 0.509090909090909 0.21021897810218979 0.48282828282828283 0.2072992700729927 0.4727272727272727 0.2029197080291971 0.43232323232323233 0.19562043795620437 0.42424242424242425 0.18686131386861313 0.4383838383838384 0.17956204379562044 0.46060606060606063 0.15328467153284672 0.4505050505050505 0.15036496350364964 0.46464646464646464 0.145985401459854 0.4585858585858586 0.13722627737226278 0.4404040404040404 0.12554744525547445 0.4121212121212121 0.10656934306569343 0.4101010101010101 0.09635036496350365 0.41818181818181815 0.10072992700729927 0.4505050505050505 0.10656934306569343 0.4666666666666667
3 0.08905109489051095 0.4888888888888889 0.0905109489051095 0.46464646464646464 0.08759124087591241 0.4505050505050505 0.08175182481751825 0.44242424242424244 0.07737226277372262 0.41818181818181815 0.07445255474452554 0.402020202020202 0.08175182481751825 0.39191919191919194 0.09197080291970802 0.38585858585858585 0.09781021897810219 0.3878787878787879 0.09927007299270073 0.4101010101010101 0.09635036496350365 0.4161616161616162 0.10072992700729927 0.45252525252525255 0.10948905109489052 0.5050505050505051
3 0.2832116788321168 0.5959595959595959 0.28029197080291973 0.6060606060606061 0.28905109489051095 0.6363636363636364 0.3021897810218978 0.6565656565656566 0.31532846715328466 0.6343434343434343 0.3124087591240876 0.6060606060606061 0.29781021897810217 0.5878787878787879
3 0.032116788321167884 0.2868686868686869 0.04671532846715328 0.28484848484848485 0.04817518248175182 0.2727272727272727 0.05401459854014599 0.27474747474747474 0.05693430656934306 0.2868686868686869 0.061313868613138686 0.30505050505050507 0.07153284671532846 0.32727272727272727 0.08467153284671533 0.36363636363636365 0.08759124087591241 0.38181818181818183 0.06861313868613139 0.37777777777777777 0.06861313868613139 0.36767676767676766 0.06277372262773723 0.36767676767676766 0.052554744525547446 0.35555555555555557 0.040875912408759124 0.3414141414141414 0.0364963503649635 0.3373737373737374 0.020437956204379562 0.3515151515151515 0.016058394160583942 0.34545454545454546 0.017518248175182483 0.32727272727272727 0.008759124087591242 0.3111111111111111 0.013138686131386862 0.298989898989899 0.013138686131386862 0.2828282828282828 0.027737226277372264 0.2808080808080808
3 0.3182481751824818 0.7171717171717171 0.30656934306569344 0.7070707070707071 0.29635036496350364 0.692929292929293 0.291970802919708 0.6767676767676768 0.3051094890510949 0.6727272727272727 0.31532846715328466 0.6484848484848484 0.32262773722627736 0.6868686868686869
0 0.09197080291970802 0.4909090909090909 0.0905109489051095 0.4707070707070707 0.0905109489051095 0.45252525252525255 0.08613138686131387 0.4404040404040404 0.08175182481751825 0.4262626262626263 0.07737226277372262 0.4101010101010101 0.07153284671532846 0.38181818181818183 0.07007299270072993 0.36767676767676766 0.05693430656934306 0.3595959595959596 0.059854014598540145 0.37373737373737376 0.07007299270072993 0.402020202020202 0.07445255474452554 0.43434343434343436 0.07737226277372262 0.45656565656565656 0.08029197080291971 0.4808080808080808
0 0.016058394160583942 0.3292929292929293 0.017518248175182483 0.3434343434343434 0.021897810218978103 0.34949494949494947 0.017518248175182483 0.3616161616161616 0.01167883211678832 0.3616161616161616 0.010218978102189781 0.3474747474747475
0 0.06569343065693431 0.27474747474747474 0.058394160583941604 0.296969696969697 0.052554744525547446 0.29292929292929293 0.059854014598540145 0.2727272727272727
0 0.2072992700729927 0.597979797979798 0.2072992700729927 0.5838383838383838 0.20583941605839415 0.5656565656565656 0.20437956204379562 0.5535353535353535 0.20875912408759123 0.5414141414141415 0.2116788321167883 0.5191919191919192 0.2072992700729927 0.49696969696969695 0.19854014598540146 0.4121212121212121 0.19562043795620437 0.34545454545454546 0.19854014598540146 0.33131313131313134 0.20145985401459854 0.31313131313131315 0.20583941605839415 0.29292929292929293 0.21021897810218979 0.2787878787878788 0.21751824817518248 0.2828282828282828 0.2072992700729927 0.31717171717171716 0.20583941605839415 0.3393939393939394 0.20875912408759123 0.3696969696969697 0.2116788321167883 0.4101010101010101 0.21751824817518248 0.4505050505050505 0.22043795620437956 0.4909090909090909 0.22189781021897811 0.5171717171717172 0.22335766423357664 0.5373737373737374 0.22043795620437956 0.5555555555555556 0.21897810218978103 0.5656565656565656 0.22043795620437956 0.5878787878787879 0.21897810218978103 0.6 0.21313868613138687 0.6060606060606061