4 0.5484276729559748 0.8277591973244147 0.559748427672956 0.8244147157190636 0.5773584905660377 0.8327759197324415 0.589937106918239 0.8444816053511706 0.5924528301886792 0.8545150501672241 0.5987421383647799 0.8595317725752508 0.6138364779874214 0.862876254180602 0.620125786163522 0.862876254180602 0.6213836477987421 0.8712374581939799 0.6138364779874214 0.8729096989966555 0.6037735849056604 0.8745819397993311 0.5924528301886792 0.8729096989966555 0.5786163522012578 0.8678929765886287 0.5672955974842767 0.8595317725752508 0.5584905660377358 0.8528428093645485 0.5509433962264151 0.842809364548495
6 0.3886792452830189 0.459866220735786 0.38113207547169814 0.45484949832775917 0.37358490566037733 0.44816053511705684 0.3672955974842767 0.4414715719063545 0.36855345911949683 0.431438127090301 0.37358490566037733 0.4280936454849498 0.38113207547169814 0.4280936454849498 0.38616352201257864 0.4280936454849498 0.39119496855345914 0.431438127090301
6 0.3949685534591195 0.45819397993311034 0.39748427672955977 0.43478260869565216 0.4 0.44648829431438125 0.40628930817610065 0.451505016722408 0.410062893081761 0.459866220735786 0.4188679245283019 0.45819397993311034 0.41509433962264153 0.4665551839464883 0.4138364779874214 0.47324414715719065 0.4125786163522013 0.4782608695652174 0.4138364779874214 0.48327759197324416 0.4088050314465409 0.4882943143812709 0.4025157232704403 0.49498327759197325 0.3937106918238994 0.49665551839464883 0.38616352201257864 0.5 0.38742138364779877 0.4916387959866221 0.3886792452830189 0.48327759197324416 0.4037735849056604 0.479933110367893 0.4050314465408805 0.4698996655518395 0.4025157232704403 0.46488294314381273
6 0.3849056603773585 0.48494983277591974 0.38113207547169814 0.4882943143812709 0.379874213836478 0.4916387959866221 0.3786163522012579 0.49498327759197325 0.37735849056603776 0.4983277591973244 0.37484276729559746 0.5033444816053512 0.3710691823899371 0.5033444816053512 0.36981132075471695 0.5100334448160535 0.36855345911949683 0.5150501672240803 0.36855345911949683 0.520066889632107 0.36855345911949683 0.5267558528428093 0.3710691823899371 0.5284280936454849 0.3710691823899371 0.5317725752508361 0.37358490566037733 0.5301003344481605 0.37358490566037733 0.5267558528428093 0.37358490566037733 0.5217391304347826 0.37358490566037733 0.5183946488294314 0.37484276729559746 0.5133779264214047 0.37610062893081764 0.5083612040133779 0.3786163522012579 0.5033444816053512 0.38238993710691827 0.4983277591973244 0.3836477987421384 0.49331103678929766
6 0.3786163522012579 0.5267558528428093 0.37610062893081764 0.5301003344481605 0.37735849056603776 0.5334448160535117 0.379874213836478 0.5384615384615384 0.3849056603773585 0.540133779264214 0.3886792452830189 0.540133779264214 0.39119496855345914 0.5434782608695652 0.3937106918238994 0.5451505016722408 0.39748427672955977 0.5468227424749164 0.4 0.5451505016722408 0.4050314465408805 0.5451505016722408 0.41132075471698115 0.5468227424749164 0.41635220125786165 0.5451505016722408 0.42012578616352203 0.5501672240802675 0.42641509433962266 0.5568561872909699 0.4276729559748428 0.560200668896321 0.43144654088050316 0.5668896321070234 0.4377358490566038 0.568561872909699 0.4377358490566038 0.5635451505016722 0.43522012578616354 0.560200668896321 0.43018867924528303 0.5535117056856187 0.42641509433962266 0.5468227424749164 0.4226415094339623 0.5434782608695652 0.41635220125786165 0.540133779264214 0.410062893081761 0.5384615384615384 0.4037735849056604 0.5367892976588629 0.40125786163522015 0.5334448160535117 0.3937106918238994 0.5351170568561873 0.38616352201257864 0.5334448160535117 0.379874213836478 0.5317725752508361 0.38238993710691827 0.5284280936454849
6 0.4188679245283019 0.45652173913043476 0.4238993710691824 0.459866220735786 0.42515723270440253 0.46321070234113715 0.42641509433962266 0.4665551839464883 0.42641509433962266 0.4698996655518395 0.42641509433962266 0.47491638795986624 0.42515723270440253 0.4782608695652174 0.42515723270440253 0.4816053511705686 0.42138364779874216 0.4816053511705686 0.4176100628930818 0.4782608695652174 0.42012578616352203 0.4765886287625418 0.42138364779874216 0.47324414715719065 0.42012578616352203 0.4682274247491639 0.42012578616352203 0.46488294314381273 0.4176100628930818 0.46153846153846156
6 0.4 0.5183946488294314 0.4037735849056604 0.5183946488294314 0.410062893081761 0.5183946488294314 0.41509433962264153 0.520066889632107 0.42012578616352203 0.5234113712374582 0.4238993710691824 0.5250836120401338 0.4289308176100629 0.5267558528428093 0.43144654088050316 0.5284280936454849 0.43522012578616354 0.5284280936454849 0.4389937106918239 0.5317725752508361 0.4440251572327044 0.5351170568561873 0.4490566037735849 0.5367892976588629 0.45534591194968554 0.5367892976588629 0.4591194968553459 0.5367892976588629 0.46163522012578617 0.540133779264214 0.46037735849056605 0.5434782608695652 0.4540880503144654 0.5468227424749164 0.45031446540880504 0.5434782608695652 0.4440251572327044 0.5418060200668896 0.4389937106918239 0.5384615384615384 0.43522012578616354 0.5367892976588629 0.4289308176100629 0.5351170568561873 0.4238993710691824 0.5334448160535117 0.42012578616352203 0.5301003344481605 0.41509433962264153 0.5284280936454849 0.41132075471698115 0.5284280936454849 0.40628930817610065 0.5284280936454849 0.4025157232704403 0.5267558528428093 0.4 0.5217391304347826 0.39748427672955977 0.520066889632107
6 0.4490566037735849 0.6204013377926422 0.4490566037735849 0.6103678929765887 0.4490566037735849 0.6053511705685619 0.4477987421383648 0.5953177257525084 0.4477987421383648 0.5903010033444817 0.44654088050314467 0.5836120401337793 0.4490566037735849 0.580267558528428 0.4528301886792453 0.5852842809364549 0.45534591194968554 0.5819397993311036 0.4578616352201258 0.5752508361204013 0.46037735849056605 0.568561872909699 0.46037735849056605 0.560200668896321 0.46037735849056605 0.5535117056856187 0.4628930817610063 0.5468227424749164 0.46540880503144655 0.5418060200668896 0.4679245283018868 0.5418060200668896 0.47044025157232705 0.5451505016722408 0.47044025157232705 0.5518394648829431 0.4679245283018868 0.560200668896321 0.46540880503144655 0.5652173913043478 0.4641509433962264 0.568561872909699 0.4641509433962264 0.5719063545150501 0.4666666666666667 0.5702341137123745 0.47044025157232705 0.5702341137123745 0.4742138364779874 0.5735785953177257 0.47547169811320755 0.5785953177257525 0.47547169811320755 0.5836120401337793 0.4742138364779874 0.5886287625418061 0.4716981132075472 0.5919732441471572 0.47044025157232705 0.5986622073578596 0.4679245283018868 0.6020066889632107 0.4666666666666667 0.6053511705685619 0.4641509433962264 0.6103678929765887 0.4666666666666667 0.6137123745819398 0.47044025157232705 0.6153846153846154 0.4729559748427673 0.6137123745819398 0.4742138364779874 0.6086956521739131 0.47547169811320755 0.6036789297658863 0.4779874213836478 0.6020066889632107 0.48050314465408805 0.6036789297658863 0.48050314465408805 0.6120401337792643 0.4779874213836478 0.6153846153846154 0.4779874213836478 0.6187290969899666 0.47924528301886793 0.6254180602006689 0.4767295597484277 0.6321070234113713 0.4729559748427673 0.6337792642140468 0.47044025157232705 0.6270903010033445 0.4691823899371069 0.6237458193979933 0.4641509433962264 0.6270903010033445 0.4628930817610063 0.6321070234113713 0.4591194968553459 0.6354515050167224 0.45534591194968554 0.6321070234113713 0.45157232704402517 0.6254180602006689
6 0.46037735849056605 0.47491638795986624 0.45157232704402517 0.47491638795986624 0.4477987421383648 0.47324414715719065 0.4440251572327044 0.4682274247491639 0.43647798742138366 0.46488294314381273 0.4289308176100629 0.4682274247491639 0.4289308176100629 0.4782608695652174 0.43144654088050316 0.48327759197324416 0.4389937106918239 0.4882943143812709 0.4440251572327044 0.4916387959866221 0.44528301886792454 0.49331103678929766 0.4490566037735849 0.4983277591973244 0.45534591194968554 0.5033444816053512 0.45660377358490567 0.5066889632107023 0.4591194968553459 0.5083612040133779 0.46037735849056605 0.5033444816053512 0.46037735849056605 0.4983277591973244 0.45534591194968554 0.49498327759197325 0.45031446540880504 0.4882943143812709 0.44654088050314467 0.4816053511705686 0.45031446540880504 0.48327759197324416 0.4540880503144654 0.48494983277591974 0.4578616352201258 0.4866220735785953 0.4591194968553459 0.4866220735785953 0.46163522012578617 0.4866220735785953 0.46163522012578617 0.4816053511705686
6 0.46540880503144655 0.479933110367893 0.4679245283018868 0.4765886287625418 0.4729559748427673 0.4782608695652174 0.4767295597484277 0.4782608695652174 0.4817610062893082 0.4782608695652174 0.4830188679245283 0.4816053511705686 0.4817610062893082 0.4866220735785953 0.47924528301886793 0.48494983277591974 0.4742138364779874 0.48494983277591974 0.47044025157232705 0.48494983277591974 0.4679245283018868 0.4899665551839465 0.4666666666666667 0.49331103678929766 0.4641509433962264 0.4882943143812709 0.46540880503144655 0.48327759197324416
8 0.529559748427673 0.5986622073578596 0.5333333333333333 0.6020066889632107 0.5371069182389937 0.6020066889632107 0.5371069182389937 0.5953177257525084 0.5333333333333333 0.5903010033444817 0.5270440251572327 0.5836120401337793 0.5232704402515723 0.5752508361204013 0.5182389937106918 0.568561872909699 0.5119496855345912 0.5618729096989966 0.5031446540880503 0.5568561872909699 0.49937106918238994 0.5518394648829431 0.49937106918238994 0.5468227424749164 0.4981132075471698 0.5367892976588629 0.4981132075471698 0.5301003344481605 0.49433962264150944 0.5250836120401338 0.49056603773584906 0.5250836120401338 0.4867924528301887 0.5267558528428093 0.4830188679245283 0.5284280936454849 0.48050314465408805 0.520066889632107 0.4742138364779874 0.5183946488294314 0.4716981132075472 0.5267558528428093 0.4742138364779874 0.5317725752508361 0.47924528301886793 0.5367892976588629 0.4817610062893082 0.5434782608695652 0.48553459119496856 0.5468227424749164 0.48930817610062893 0.5518394648829431 0.4930817610062893 0.5551839464882943 0.4968553459119497 0.560200668896321 0.5018867924528302 0.5635451505016722 0.5044025157232704 0.5668896321070234 0.5106918238993711 0.5702341137123745 0.5169811320754717 0.5769230769230769 0.5207547169811321 0.5819397993311036 0.5245283018867924 0.5886287625418061 0.5283018867924528 0.5936454849498328
6 0.48930817610062893 0.5301003344481605 0.4880503144654088 0.5267558528428093 0.4867924528301887 0.5217391304347826 0.49433962264150944 0.5217391304347826 0.49559748427672956 0.520066889632107 0.4981132075471698 0.5150501672240803 0.4981132075471698 0.5133779264214047 0.4918238993710692 0.5117056856187291 0.48930817610062893 0.5117056856187291 0.4830188679245283 0.5117056856187291 0.48050314465408805 0.5133779264214047 0.4779874213836478 0.5183946488294314 0.48050314465408805 0.5234113712374582 0.4817610062893082 0.5250836120401338 0.48427672955974843 0.5267558528428093 0.4867924528301887 0.5301003344481605
8 0.44150943396226416 0.6153846153846154 0.44150943396226416 0.6036789297658863 0.44025157232704404 0.6003344481605352 0.4427672955974843 0.5953177257525084 0.4427672955974843 0.5886287625418061 0.44025157232704404 0.5819397993311036 0.43522012578616354 0.5752508361204013 0.43018867924528303 0.5702341137123745 0.42641509433962266 0.5635451505016722 0.42138364779874216 0.5585284280936454 0.4138364779874214 0.5535117056856187 0.4075471698113208 0.5518394648829431 0.4050314465408805 0.5568561872909699 0.40628930817610065 0.5635451505016722 0.410062893081761 0.5719063545150501 0.41132075471698115 0.5819397993311036 0.4125786163522013 0.5869565217391305 0.4088050314465409 0.5869565217391305 0.40628930817610065 0.5852842809364549 0.4025157232704403 0.5836120401337793 0.39748427672955977 0.5852842809364549 0.39748427672955977 0.5903010033444817 0.40628930817610065 0.5919732441471572 0.41635220125786165 0.5953177257525084 0.4238993710691824 0.5986622073578596 0.4289308176100629 0.6053511705685619 0.4339622641509434 0.6103678929765887 0.4377358490566038 0.6137123745819398
6 0.4641509433962264 0.5050167224080268 0.46540880503144655 0.5083612040133779 0.4691823899371069 0.5117056856187291 0.4716981132075472 0.5150501672240803 0.4742138364779874 0.5167224080267558 0.47547169811320755 0.520066889632107 0.4742138364779874 0.520066889632107 0.4716981132075472 0.520066889632107 0.4691823899371069 0.5183946488294314 0.46540880503144655 0.5150501672240803 0.4628930817610063 0.5117056856187291 0.46037735849056605 0.5083612040133779 0.46163522012578617 0.5050167224080268
8 0.5270440251572327 0.7324414715719063 0.5283018867924528 0.7357859531772575 0.5320754716981132 0.7408026755852842 0.5345911949685535 0.745819397993311 0.5371069182389937 0.7441471571906354 0.5371069182389937 0.7391304347826086 0.5371069182389937 0.7357859531772575 0.5408805031446541 0.7341137123745819 0.5433962264150943 0.7341137123745819 0.5446540880503145 0.7274247491638796 0.5408805031446541 0.7240802675585284 0.5383647798742138 0.717391304347826 0.5333333333333333 0.7107023411371237 0.5283018867924528 0.7107023411371237 0.5232704402515723 0.717391304347826 0.5245283018867924 0.7207357859531772 0.5245283018867924 0.7240802675585284 0.5257861635220126 0.7290969899665551
6 0.4981132075471698 0.6688963210702341 0.4930817610062893 0.6655518394648829 0.48930817610062893 0.6555183946488294 0.49056603773584906 0.6505016722408027 0.4930817610062893 0.6471571906354515 0.49559748427672956 0.6438127090301003 0.4930817610062893 0.6354515050167224 0.4968553459119497 0.6321070234113713 0.5006289308176101 0.6287625418060201 0.5044025157232704 0.6287625418060201 0.5044025157232704 0.637123745819398 0.5056603773584906 0.6454849498327759 0.5018867924528302 0.6488294314381271 0.4981132075471698 0.6538461538461539 0.5006289308176101 0.657190635451505 0.5031446540880503 0.6638795986622074 0.5018867924528302 0.6705685618729097
6 0.4742138364779874 0.6622073578595318 0.47547169811320755 0.6555183946488294 0.47547169811320755 0.6521739130434783 0.4779874213836478 0.6538461538461539 0.47924528301886793 0.6605351170568562 0.48427672955974843 0.6672240802675585 0.4867924528301887 0.6705685618729097 0.4830188679245283 0.6705685618729097 0.47924528301886793 0.6672240802675585 0.4742138364779874 0.6672240802675585
8 0.5094339622641509 0.7307692307692307 0.5182389937106918 0.7307692307692307 0.5220125786163522 0.7290969899665551 0.5207547169811321 0.7240802675585284 0.5182389937106918 0.7224080267558528 0.5132075471698113 0.7190635451505016 0.5094339622641509 0.717391304347826 0.5081761006289308 0.7207357859531772 0.5056603773584906 0.7207357859531772 0.5069182389937107 0.725752508361204
8 0.5257861635220126 0.6956521739130435 0.5333333333333333 0.6956521739130435 0.539622641509434 0.6956521739130435 0.5371069182389937 0.6889632107023411 0.5283018867924528 0.68561872909699 0.5232704402515723 0.68561872909699 0.5220125786163522 0.6906354515050167
6 0.4918238993710692 0.6906354515050167 0.4968553459119497 0.697324414715719 0.5031446540880503 0.6989966555183946 0.5081761006289308 0.7040133779264214 0.5182389937106918 0.7040133779264214 0.5207547169811321 0.7107023411371237 0.5157232704402516 0.7140468227424749 0.5081761006289308 0.7123745819397993 0.5056603773584906 0.7123745819397993 0.5044025157232704 0.7207357859531772 0.5006289308176101 0.7123745819397993 0.49559748427672956 0.7023411371237458 0.48930817610062893 0.6923076923076923
8 0.539622641509434 0.7107023411371237 0.5471698113207547 0.7107023411371237 0.5522012578616352 0.7107023411371237 0.5584905660377358 0.7107023411371237 0.5635220125786163 0.7090301003344481 0.5635220125786163 0.7023411371237458 0.5584905660377358 0.7006688963210702 0.5522012578616352 0.7006688963210702 0.5446540880503145 0.7023411371237458 0.539622641509434 0.7040133779264214 0.5358490566037736 0.7040133779264214
3 0.08050314465408805 0.4214046822742475 0.07672955974842767 0.40468227424749165 0.07924528301886792 0.3896321070234114 0.08427672955974842 0.3779264214046823 0.0930817610062893 0.36454849498327757 0.09937106918238994 0.35618729096989965 0.10314465408805032 0.35785953177257523 0.10314465408805032 0.3712374581939799 0.10314465408805032 0.38294314381270905 0.10314465408805032 0.3879598662207358 0.11069182389937107 0.39464882943143814 0.11446540880503145 0.40301003344481606 0.1169811320754717 0.4180602006688963 0.11572327044025157 0.4297658862876254 0.11320754716981132 0.43812709030100333 0.10943396226415095 0.4331103678929766 0.10440251572327044 0.4230769230769231 0.09937106918238994 0.41638795986622074 0.09685534591194969 0.4096989966555184 0.0930817610062893 0.40635451505016723 0.09056603773584905 0.4096989966555184 0.08679245283018867 0.41638795986622074
5 0.8276729559748428 0.677257525083612 0.9081761006289308 0.596989966555184 0.9144654088050315 0.6387959866220736 0.9056603773584906 0.6638795986622074 0.8176100628930818 0.7508361204013378 0.8125786163522013 0.7307692307692307
5 0.13081761006289308 0.3879598662207358 0.11823899371069183 0.3745819397993311 0.12327044025157233 0.35785953177257523 0.13081761006289308 0.34448160535117056 0.14088050314465408 0.34448160535117056 0.13836477987421383 0.3795986622073579