8 0.507537688442211 0.2629815745393635 0.48743718592964824 0.2696817420435511 0.4962311557788945 0.2864321608040201 0.5125628140703518 0.2897822445561139
8 0.49246231155778897 0.3065326633165829 0.4861809045226131 0.3232830820770519 0.4748743718592965 0.35510887772194305 0.45979899497487436 0.3685092127303183 0.4748743718592965 0.3869346733668342 0.4861809045226131 0.38023450586264657 0.4937185929648241 0.35845896147403683 0.49748743718592964 0.33835845896147404 0.5037688442211056 0.3132328308207705
8 0.6457286432160804 0.4656616415410385 0.6080402010050251 0.4489112227805695 0.5753768844221105 0.423785594639866 0.5452261306532663 0.40871021775544386 0.4962311557788945 0.39865996649916247 0.49874371859296485 0.4204355108877722 0.542713567839196 0.4271356783919598 0.5766331658291457 0.45226130653266333 0.6017587939698492 0.47068676716917923 0.6243718592964824 0.48408710217755446 0.657035175879397 0.49748743718592964
8 0.5125628140703518 0.4656616415410385 0.5414572864321608 0.457286432160804 0.5615577889447236 0.457286432160804 0.5891959798994975 0.4656616415410385 0.614321608040201 0.48408710217755446 0.6293969849246231 0.4991624790619765 0.6444723618090452 0.5108877721943048 0.6293969849246231 0.5192629815745393 0.6080402010050251 0.5008375209380235 0.5904522613065326 0.48743718592964824 0.5590452261306532 0.47068676716917923 0.5326633165829145 0.47906197654941374 0.5163316582914573 0.4824120603015075
8 0.6130653266331658 0.24790619765494137 0.5904522613065326 0.25125628140703515 0.5841708542713567 0.26800670016750416 0.6080402010050251 0.2747068676716918 0.628140703517588 0.26800670016750416 0.6381909547738693 0.24958123953098826 0.628140703517588 0.24623115577889448
5 0.2198492462311558 0.34673366834170855 0.2650753768844221 0.36180904522613067 0.3065326633165829 0.3785594639865997 0.3479899497487437 0.39028475711892796 0.4183417085427136 0.4137353433835846 0.4510050251256281 0.4271356783919598 0.46984924623115576 0.440536013400335 0.4535175879396985 0.4723618090452261 0.4057788944723618 0.4472361809045226 0.3203517587939699 0.4103852596314908 0.25 0.38860971524288107 0.22487437185929648 0.37185929648241206
8 0.6055276381909548 0.304857621440536 0.5753768844221105 0.2797319932998325 0.5577889447236181 0.25125628140703515 0.5452261306532663 0.24623115577889448 0.535175879396985 0.26800670016750416 0.5452261306532663 0.3132328308207705 0.5816582914572864 0.35175879396984927 0.5992462311557789 0.36515912897822445 0.6243718592964824 0.37520938023450584 0.6344221105527639 0.40871021775544386 0.6557788944723618 0.4154103852596315 0.6695979899497487 0.39028475711892796 0.6633165829145728 0.36348408710217756 0.6407035175879398 0.33835845896147404 0.6231155778894473 0.3249581239530988
8 0.5791457286432161 0.27638190954773867 0.5967336683417085 0.2696817420435511 0.6168341708542714 0.2696817420435511 0.6381909547738693 0.2696817420435511 0.6557788944723618 0.288107202680067 0.6432160804020101 0.2897822445561139 0.621859296482412 0.2897822445561139 0.6055276381909548 0.288107202680067 0.5942211055276382 0.288107202680067
8 0.5452261306532663 0.3098827470686767 0.5339195979899497 0.33668341708542715 0.5314070351758794 0.3500837520938023 0.5201005025125628 0.36348408710217756 0.5100502512562815 0.37353433835845895 0.5125628140703518 0.39028475711892796 0.5238693467336684 0.3852596314907873 0.5452261306532663 0.36348408710217756 0.5464824120603015 0.34505862646566166
3 0.49120603015075376 0.5125628140703518 0.47738693467336685 0.5025125628140703 0.4585427135678392 0.5025125628140703 0.4434673366834171 0.52428810720268 0.4396984924623116 0.5661641541038526 0.4434673366834171 0.6130653266331658 0.44974874371859297 0.6331658291457286 0.4585427135678392 0.5795644891122278 0.4685929648241206 0.5477386934673367 0.49246231155778897 0.5175879396984925
8 0.4535175879396985 0.5728643216080402 0.435929648241206 0.5711892797319933 0.435929648241206 0.5812395309882747 0.4334170854271357 0.5963149078726968 0.4434673366834171 0.6197654941373534 0.4510050251256281 0.6381909547738693 0.45603015075376885 0.609715242881072 0.45603015075376885 0.576214405360134
8 0.7977386934673367 0.6113902847571189 0.7864321608040201 0.6080402010050251 0.7801507537688442 0.6314907872696818 0.7876884422110553 0.6348408710217756 0.7989949748743719 0.6348408710217756
8 0.7726130653266332 0.6298157453936348 0.7625628140703518 0.6080402010050251 0.7512562814070352 0.6247906197654941
8 0.8228643216080402 0.7839195979899497 0.9221105527638191 0.8073701842546064 0.9271356783919598 0.8793969849246231 0.964824120603015 0.9865996649916248 0.9685929648241206 0.998324958123953 0.8957286432160804 0.998324958123953 0.8768844221105527 0.9229480737018425 0.8555276381909548 0.8676716917922948
8 0.8693467336683417 0.8006700167504187 0.8894472361809045 0.7973199329983249 0.9045226130653267 0.8056951423785594 0.8894472361809045 0.8107202680067002
3 0.7952261306532663 0.2931323283082077 0.6821608040201005 0.3685092127303183 0.6381909547738693 0.40871021775544386 0.6369346733668342 0.4824120603015075 0.6545226130653267 0.5510887772194305 0.7173366834170855 0.626465661641541 0.8190954773869347 0.6365159128978225 0.9309045226130653 0.6599664991624791 0.928391959798995 0.6046901172529313 0.8467336683417085 0.5745393634840871 0.7688442211055276 0.542713567839196 0.7701005025125628 0.4556113902847571 0.7914572864321608 0.37353433835845895
8 0.871859296482412 0.8375209380234506 0.8969849246231156 0.8576214405360134 0.8932160804020101 0.8375209380234506 0.8706030150753769 0.8207705192629816 0.8592964824120602 0.8274706867671692
8 0.9032663316582915 0.8860971524288107 0.8932160804020101 0.88107202680067 0.8806532663316583 0.8710217755443886 0.8693467336683417 0.8710217755443886 0.8819095477386935 0.8860971524288107 0.8907035175879398 0.9011725293132329 0.9108040201005025 0.9028475711892797
4 0.4371859296482412 0.12897822445561138 0.3869346733668342 0.11892797319932999 0.3278894472361809 0.10720268006700168 0.2864321608040201 0.11725293132328309 0.2613065326633166 0.1273031825795645 0.30025125628140703 0.1273031825795645 0.32537688442211055 0.12897822445561138 0.3706030150753769 0.1423785594639866 0.4020100502512563 0.1490787269681742 0.43844221105527637 0.1457286432160804 0.44221105527638194 0.1323283082077052
8 0.9271356783919598 0.9430485762144054 0.8994974874371859 0.914572864321608 0.885678391959799 0.9112227805695142 0.8743718592964824 0.9061976549413735 0.885678391959799 0.9279731993299832 0.9032663316582915 0.932998324958124
8 0.4849246231155779 0.3936348408710218 0.44597989949748745 0.3785594639865997 0.41708542713567837 0.3785594639865997 0.4434673366834171 0.3953098827470687 0.47110552763819097 0.4120603015075377 0.4886934673366834 0.4120603015075377 0.49246231155778897 0.3969849246231156
8 0.9309045226130653 0.9748743718592965 0.9158291457286433 0.9597989949748744 0.9032663316582915 0.948073701842546 0.885678391959799 0.9413735343383585 0.8957286432160804 0.9698492462311558 0.9108040201005025 0.9765494137353434
8 0.42336683417085424 0.3165829145728643 0.3555276381909548 0.3065326633165829 0.2851758793969849 0.2864321608040201 0.2650753768844221 0.2864321608040201 0.30778894472361806 0.31155778894472363 0.36180904522613067 0.3232830820770519 0.4108040201005025 0.33668341708542715 0.4472361809045226 0.34003350083752093 0.4547738693467337 0.3249581239530988 0.44597989949748745 0.3132328308207705
8 0.44221105527638194 0.1273031825795645 0.3869346733668342 0.09882747068676717 0.36809045226130654 0.11055276381909548 0.3479899497487437 0.11055276381909548 0.32914572864321606 0.11055276381909548 0.30527638190954776 0.11557788944723618 0.2889447236180904 0.11725293132328309 0.27386934673366836 0.12395309882747069 0.2914572864321608 0.135678391959799 0.3165829145728643 0.13400335008375208 0.33542713567839194 0.12562814070351758 0.3555276381909548 0.12562814070351758 0.37185929648241206 0.1323283082077052 0.3969849246231156 0.1407035175879397 0.4221105527638191 0.1407035175879397
8 0.44974874371859297 0.2964824120603015 0.39949748743718594 0.2797319932998325 0.30778894472361806 0.2562814070351759 0.27638190954773867 0.254606365159129 0.23743718592964824 0.2529313232830821 0.2550251256281407 0.2646566164154104 0.2914572864321608 0.2696817420435511 0.3341708542713568 0.2914572864321608 0.39824120603015073 0.3065326633165829 0.43467336683417085 0.3165829145728643 0.457286432160804 0.2964824120603015
3 0.4886934673366834 0.13400335008375208 0.42462311557788945 0.10217755443886097 0.3907035175879397 0.09380234505862646 0.35678391959798994 0.09547738693467336 0.30025125628140703 0.10217755443886097 0.23743718592964824 0.11725293132328309 0.21608040201005024 0.13400335008375208 0.20351758793969849 0.16080402010050251 0.19974874371859297 0.20100502512562815 0.20728643216080403 0.24455611390284757 0.21105527638190955 0.2663316582914573 0.21482412060301506 0.32663316582914576 0.22487437185929648 0.3417085427135678 0.23492462311557788 0.37185929648241206 0.24120603015075376 0.40871021775544386 0.25125628140703515 0.4371859296482412 0.2600502512562814 0.4539363484087102 0.2675879396984925 0.47906197654941374 0.28266331658291455 0.48911222780569513 0.30778894472361806 0.5125628140703518 0.32537688442211055 0.5309882747068677 0.3442211055276382 0.5443886097152428 0.36809045226130654 0.5678391959798995 0.38567839195979897 0.5711892797319933 0.3969849246231156 0.5628140703517588 0.4183417085427136 0.542713567839196 0.44221105527638194 0.5175879396984925 0.457286432160804 0.4824120603015075 0.4748743718592965 0.4539363484087102 0.4849246231155779 0.4053601340033501 0.49874371859296485 0.3601340033500838 0.5087939698492462 0.3065326633165829 0.5113065326633166 0.2696817420435511 0.5113065326633166 0.23115577889447236 0.5050251256281407 0.18760469011725292 0.49748743718592964 0.1574539363484087
8 0.44095477386934673 0.49581239530988275 0.40954773869346733 0.46901172529313234 0.3756281407035176 0.45226130653266333 0.35050251256281406 0.4455611390284757 0.3907035175879397 0.47571189279731996 0.41457286432160806 0.49748743718592964 0.4334170854271357 0.52428810720268 0.44597989949748745 0.49748743718592964
3 0.5402010050251256 0.23115577889447236 0.5615577889447236 0.21273031825795644 0.5816582914572864 0.21608040201005024 0.6030150753768844 0.22445561139028475 0.6306532663316583 0.23953098827470687 0.6507537688442211 0.25795644891122277 0.6582914572864321 0.30318257956448913 0.6545226130653267 0.32663316582914576 0.6871859296482412 0.3685092127303183 0.6884422110552764 0.39195979899497485 0.6809045226130653 0.4120603015075377 0.6708542713567839 0.44221105527638194 0.6658291457286433 0.48911222780569513 0.6620603015075377 0.52428810720268 0.6444723618090452 0.5443886097152428 0.6306532663316583 0.5527638190954773 0.6130653266331658 0.5460636515912898 0.5879396984924623 0.5309882747068677 0.5678391959798995 0.5192629815745393 0.5489949748743719 0.5159128978224455 0.535175879396985 0.5125628140703518 0.5138190954773869 0.5142378559463987 0.49246231155778897 0.5159128978224455 0.4748743718592965 0.5309882747068677 0.46608040201005024 0.5494137353433836 0.45226130653266333 0.5845896147403685 0.44974874371859297 0.6113902847571189 0.4484924623115578 0.6314907872696818 0.45979899497487436 0.6599664991624791 0.46608040201005024 0.6767169179229481 0.46984924623115576 0.695142378559464 0.4748743718592965 0.7068676716917923 0.45603015075376885 0.6968174204355109 0.44095477386934673 0.6834170854271356 0.43090452261306533 0.6750418760469011 0.41959798994974873 0.6549413735343383 0.4183417085427136 0.6398659966499163 0.41708542713567837 0.6063651591289783 0.41708542713567837 0.5611390284757118 0.4334170854271357 0.5209380234505863 0.45979899497487436 0.49246231155778897
8 0.6482412060301508 0.2747068676716918 0.6118090452261307 0.2613065326633166 0.5678391959798995 0.27638190954773867 0.5414572864321608 0.3149078726968174 0.5188442211055276 0.35510887772194305 0.5 0.39028475711892796 0.5288944723618091 0.3768844221105528 0.550251256281407 0.33835845896147404 0.5904522613065326 0.35678391959798994 0.6319095477386935 0.40033500837520936 0.6582914572864321 0.42546063651591287 0.6670854271356784 0.38860971524288107 0.6683417085427136 0.35510887772194305 0.6231155778894473 0.3316582914572864 0.5778894472361809 0.2964824120603015 0.5917085427135679 0.2814070351758794 0.6168341708542714 0.2797319932998325
1 0.7625628140703518 0.6247906197654941 0.7738693467336684 0.6398659966499163 0.800251256281407 0.6398659966499163 0.8479899497487438 0.6398659966499163 0.8894472361809045 0.6582914572864321 0.9120603015075377 0.6515912897822446 0.9095477386934674 0.6130653266331658 0.8743718592964824 0.6013400335008375 0.8253768844221105 0.592964824120603 0.7989949748743719 0.6013400335008375 0.757537688442211 0.6164154103852596
0 0.5703517587939698 0.13400335008375208 0.5439698492462312 0.22780569514237856 0.5515075376884422 0.2897822445561139 0.5464824120603015 0.35678391959798994 0.5201005025125628 0.4020100502512563 0.5 0.41708542713567837 0.4748743718592965 0.47906197654941374 0.4484924623115578 0.5159128978224455 0.42839195979899497 0.5711892797319933 0.40703517587939697 0.6013400335008375 0.38567839195979897 0.5996649916247906 0.3756281407035176 0.5778894472361809 0.3944723618090452 0.5644891122278057 0.4258793969849246 0.52428810720268 0.44597989949748745 0.474036850921273 0.4685929648241206 0.4371859296482412 0.4937185929648241 0.3333333333333333 0.5125628140703518 0.24455611390284757 0.535175879396985 0.18257956448911222 0.5628140703517588 0.11222780569514237
0 0.7160804020100503 0.6348408710217756 0.7726130653266332 0.6197654941373534 0.8555276381909548 0.6365159128978225 0.914572864321608 0.6582914572864321 0.9095477386934674 0.6750418760469011 0.7801507537688442 0.6549413735343383 0.7374371859296482 0.6515912897822446