8 0.3479020979020979 0.3442622950819672 0.3548951048951049 0.34894613583138173 0.36363636363636365 0.3559718969555035 0.3583916083916084 0.3559718969555035 0.34965034965034963 0.34894613583138173
8 0.19405594405594406 0.3559718969555035 0.1958041958041958 0.36533957845433257 0.1993006993006993 0.3793911007025761 0.20104895104895104 0.39344262295081966 0.20104895104895104 0.4028103044496487 0.1958041958041958 0.4028103044496487 0.19405594405594406 0.3840749414519906 0.19055944055944055 0.3700234192037471
8 0.4423076923076923 0.4613583138173302 0.4458041958041958 0.47540983606557374 0.4423076923076923 0.4918032786885246 0.4388111888111888 0.5035128805620609 0.4353146853146853 0.48711943793911006 0.4370629370629371 0.4707259953161593
8 0.32867132867132864 0.32786885245901637 0.3321678321678322 0.33489461358313816 0.32867132867132864 0.3442622950819672 0.32167832167832167 0.351288056206089 0.32167832167832167 0.34192037470725994
8 0.32167832167832167 0.3629976580796253 0.3304195804195804 0.36533957845433257 0.3339160839160839 0.3747072599531616 0.32867132867132864 0.3840749414519906 0.32167832167832167 0.3864168618266979 0.32167832167832167 0.3770491803278688
8 0.24475524475524477 0.38875878220140514 0.25524475524475526 0.42857142857142855 0.25874125874125875 0.4332552693208431 0.2692307692307692 0.4309133489461358 0.25874125874125875 0.41217798594847777 0.2465034965034965 0.3864168618266979
8 0.29545454545454547 0.44730679156908665 0.30244755244755245 0.44028103044496486 0.3146853146853147 0.43559718969555034 0.32342657342657344 0.4379391100702576 0.3321678321678322 0.4449648711943794 0.34440559440559443 0.4566744730679157 0.3548951048951049 0.4707259953161593 0.36013986013986016 0.468384074941452 0.3531468531468531 0.4566744730679157 0.34440559440559443 0.4426229508196721 0.3374125874125874 0.4379391100702576 0.3304195804195804 0.4309133489461358 0.32167832167832167 0.42857142857142855 0.30594405594405594 0.4238875878220141 0.30244755244755245 0.4309133489461358
3 0.20804195804195805 0.26229508196721313 0.23601398601398602 0.3161592505854801 0.2972027972027972 0.3231850117096019 0.32342657342657344 0.34192037470725994 0.33916083916083917 0.3747072599531616 0.3321678321678322 0.4309133489461358 0.30594405594405594 0.4238875878220141 0.28496503496503495 0.47540983606557374 0.2465034965034965 0.39344262295081966 0.19055944055944055 0.3629976580796253 0.1888111888111888 0.31381733021077285 0.19755244755244755 0.28337236533957844
3 0.12937062937062938 0.25995316159250587 0.12412587412587413 0.2786885245901639 0.12237762237762238 0.30210772833723654 0.12412587412587413 0.33021077283372363 0.12762237762237763 0.3559718969555035 0.12937062937062938 0.4168618266978923 0.13986013986013987 0.4332552693208431 0.1486013986013986 0.39344262295081966 0.14160839160839161 0.3583138173302108 0.14335664335664336 0.3114754098360656 0.1381118881118881 0.28337236533957844
0 0.12062937062937062 0.22716627634660422 0.0979020979020979 0.2529274004683841 0.08391608391608392 0.2927400468384075 0.08566433566433566 0.34894613583138173 0.09265734265734266 0.3840749414519906 0.10314685314685315 0.3911007025761124 0.10139860139860139 0.35362997658079626 0.09965034965034965 0.31381733021077285 0.12412587412587413 0.3044496487119438 0.12412587412587413 0.23185011709601874
0 0.38636363636363635 0.7377049180327869 0.3706293706293706 0.7377049180327869 0.3548951048951049 0.7330210772833724 0.3356643356643357 0.7142857142857143 0.31993006993006995 0.6885245901639344 0.3006993006993007 0.6323185011709602 0.2972027972027972 0.5807962529274004 0.2972027972027972 0.5386416861826698 0.3111888111888112 0.5081967213114754 0.3339160839160839 0.5011709601873536 0.3548951048951049 0.5152224824355972 0.3688811188811189 0.5526932084309133 0.38286713286713286 0.5971896955503513 0.3968531468531469 0.6440281030444965 0.40384615384615385 0.6908665105386417 0.40034965034965037 0.7236533957845434 0.4178321678321678 0.7306791569086651
5 0.12412587412587413 0.4262295081967213 0.11013986013986014 0.4098360655737705 0.10314685314685315 0.36533957845433257 0.10314685314685315 0.3372365339578454 0.11713286713286714 0.3395784543325527 0.12412587412587413 0.3770491803278688
5 0.7237762237762237 0.3957845433255269 0.7832167832167832 0.3700234192037471 0.7884615384615384 0.4426229508196721 0.7272727272727273 0.477751756440281
5 0.3076923076923077 0.3629976580796253 0.2762237762237762 0.34660421545667447 0.28146853146853146 0.33489461358313816 0.3111888111888112 0.34192037470725994
5 0.18356643356643357 0.33021077283372363 0.17307692307692307 0.3231850117096019 0.16958041958041958 0.30679156908665106 0.18006993006993008 0.297423887587822 0.19405594405594406 0.3091334894613583
0 0.13636363636363635 0.4426229508196721 0.11538461538461539 0.4449648711943794 0.11013986013986014 0.41217798594847777 0.11013986013986014 0.38875878220140514 0.10314685314685315 0.3559718969555035 0.10139860139860139 0.3372365339578454 0.10314685314685315 0.3185011709601874 0.11188811188811189 0.3114754098360656 0.11888111888111888 0.31381733021077285 0.12237762237762238 0.33021077283372363 0.1258741258741259 0.37236533957845436 0.12762237762237763 0.41217798594847777
0 0.21328671328671328 0.4894613583138173 0.21503496503496503 0.4613583138173302 0.2062937062937063 0.4309133489461358 0.19755244755244755 0.3957845433255269 0.19755244755244755 0.3700234192037471 0.19055944055944055 0.36533957845433257 0.19055944055944055 0.3864168618266979 0.1958041958041958 0.41920374707259955 0.20454545454545456 0.45433255269320844 0.20804195804195805 0.47306791569086654 0.20804195804195805 0.48711943793911006 0.2062937062937063 0.5035128805620609 0.21153846153846154 0.5058548009367682
0 0.12937062937062938 0.3231850117096019 0.1381118881118881 0.3559718969555035 0.14685314685314685 0.3793911007025761 0.14685314685314685 0.40046838407494145 0.14160839160839161 0.41451990632318503 0.1346153846153846 0.41217798594847777 0.12762237762237763 0.3629976580796253 0.12062937062937062 0.32084309133489464 0.12062937062937062 0.2997658079625293 0.12237762237762238 0.28337236533957844 0.12937062937062938 0.2810304449648712
3 0.1346153846153846 0.20843091334894615 0.1258741258741259 0.2224824355971897 0.12412587412587413 0.22950819672131148 0.13111888111888112 0.23653395784543327 0.1346153846153846 0.22716627634660422
3 0.2762237762237762 0.5386416861826698 0.2867132867132867 0.5456674473067916 0.28846153846153844 0.5620608899297423 0.28846153846153844 0.5737704918032787 0.28146853146853146 0.5737704918032787 0.2762237762237762 0.5714285714285714 0.2727272727272727 0.5620608899297423