8 0.7105263157894737 0.725 0.7105263157894737 0.7316666666666667 0.7080200501253133 0.7466666666666667 0.7080200501253133 0.7566666666666667 0.7092731829573935 0.77 0.7155388471177945 0.78 0.7218045112781954 0.7783333333333333 0.7280701754385965 0.77 0.731829573934837 0.76 0.7330827067669173 0.7516666666666667 0.7330827067669173 0.7433333333333333 0.7293233082706767 0.735 0.7243107769423559 0.7283333333333334 0.7192982456140351 0.725
6 0.5451127819548872 0.6666666666666666 0.5576441102756893 0.6666666666666666 0.5714285714285714 0.67 0.5802005012531328 0.6716666666666666 0.581453634085213 0.6766666666666666 0.5789473684210527 0.6833333333333333 0.5726817042606517 0.685 0.5651629072681704 0.685 0.556390977443609 0.6816666666666666 0.550125313283208 0.6783333333333333
6 0.6854636591478697 0.72 0.6917293233082706 0.72 0.6992481203007519 0.725 0.7017543859649122 0.7316666666666667 0.6954887218045113 0.735 0.6904761904761905 0.73
6 0.6115288220551378 0.69 0.6152882205513784 0.6933333333333334 0.6115288220551378 0.6983333333333334
6 0.4674185463659148 0.6133333333333333 0.47117794486215536 0.615 0.47619047619047616 0.6166666666666667 0.4799498746867168 0.62 0.48370927318295737 0.625 0.4824561403508772 0.6333333333333333 0.47619047619047616 0.6266666666666667 0.47117794486215536 0.62 0.46365914786967416 0.62
6 0.4924812030075188 0.6533333333333333 0.49874686716791977 0.6533333333333333 0.5025062656641605 0.66 0.4974937343358396 0.6633333333333333 0.49373433583959897 0.6633333333333333
6 0.6616541353383458 0.6883333333333334 0.6691729323308271 0.69 0.6729323308270677 0.6933333333333334 0.6716791979949874 0.7 0.6654135338345865 0.7016666666666667 0.6616541353383458 0.7016666666666667
1 0.2731829573934837 0.5766666666666667 0.2857142857142857 0.58 0.2894736842105263 0.5816666666666667 0.2982456140350877 0.5883333333333334 0.3057644110275689 0.5966666666666667 0.3132832080200501 0.6033333333333334 0.32205513784461154 0.605 0.3333333333333333 0.61 0.3408521303258145 0.6133333333333333 0.34711779448621555 0.6166666666666667 0.3533834586466165 0.6216666666666667 0.35714285714285715 0.6266666666666667 0.35964912280701755 0.6316666666666667 0.36215538847117795 0.64 0.3634085213032581 0.6533333333333333 0.3609022556390977 0.66 0.35463659147869675 0.6616666666666666 0.34962406015037595 0.6566666666666666 0.3408521303258145 0.6566666666666666 0.3358395989974937 0.6533333333333333 0.3308270676691729 0.6466666666666666 0.3233082706766917 0.6416666666666667 0.31203007518796994 0.6366666666666667 0.3057644110275689 0.6333333333333333 0.29699248120300753 0.63 0.29197994987468673 0.625 0.2819548872180451 0.615 0.2756892230576441 0.6083333333333333 0.2719298245614035 0.6033333333333334 0.2706766917293233 0.5966666666666667 0.2706766917293233 0.5916666666666667
1 0.39473684210526316 0.5616666666666666 0.39097744360902253 0.5633333333333334 0.38721804511278196 0.5683333333333334 0.37969924812030076 0.5733333333333334 0.37468671679197996 0.565 0.37593984962406013 0.56 0.37719298245614036 0.555
1 0.39473684210526316 0.565 0.39097744360902253 0.5683333333333334 0.38847117794486213 0.5716666666666667 0.38721804511278196 0.5733333333333334 0.38596491228070173 0.5733333333333334 0.38345864661654133 0.5766666666666667 0.38095238095238093 0.5783333333333334 0.37719298245614036 0.575 0.37343358395989973 0.5716666666666667 0.37092731829573933 0.5683333333333334 0.36967418546365916 0.565 0.36967418546365916 0.5633333333333334 0.37092731829573933 0.5616666666666666 0.37218045112781956 0.56 0.37343358395989973 0.555 0.37343358395989973 0.5533333333333333 0.37593984962406013 0.5483333333333333 0.37969924812030076 0.5466666666666666 0.38220551378446116 0.545 0.38471177944862156 0.545 0.38721804511278196 0.5466666666666666 0.38847117794486213 0.5483333333333333 0.38972431077694236 0.5516666666666666 0.39097744360902253 0.5533333333333333 0.39223057644110276 0.555 0.39348370927318294 0.5583333333333333 0.39348370927318294 0.56 0.39348370927318294 0.5616666666666666
1 0.7243107769423559 0.69 0.7280701754385965 0.6883333333333334 0.7355889724310777 0.6833333333333333 0.7406015037593985 0.6783333333333333 0.7443609022556391 0.675 0.7493734335839599 0.6733333333333333 0.7506265664160401 0.6733333333333333 0.7518796992481203 0.6766666666666666 0.7506265664160401 0.68 0.7443609022556391 0.6833333333333333 0.7368421052631579 0.6866666666666666 0.7305764411027569 0.6883333333333334
1 0.7769423558897243 0.61 0.7794486215538847 0.6133333333333333 0.7819548872180451 0.62 0.7844611528822055 0.6233333333333333 0.7857142857142857 0.63 0.7832080200501254 0.6366666666666667 0.7769423558897243 0.64 0.7731829573934837 0.635 0.7731829573934837 0.6283333333333333 0.7756892230576441 0.6216666666666667 0.7769423558897243 0.6183333333333333
3 0.15789473684210525 0.5116666666666667 0.16040100250626566 0.5116666666666667 0.17042606516290726 0.5133333333333333 0.17794486215538846 0.5166666666666667 0.18546365914786966 0.5183333333333333 0.19674185463659147 0.5283333333333333 0.20175438596491227 0.5333333333333333 0.20426065162907267 0.5433333333333333 0.20551378446115287 0.5483333333333333 0.20175438596491227 0.5533333333333333 0.19799498746867167 0.555 0.19298245614035087 0.555 0.18295739348370926 0.5566666666666666 0.17543859649122806 0.5566666666666666 0.16791979949874686 0.5516666666666666 0.16666666666666666 0.545 0.16541353383458646 0.54 0.16290726817042606 0.535 0.16165413533834586 0.5283333333333333 0.16040100250626566 0.5233333333333333 0.16040100250626566 0.5183333333333333
0 0.15914786967418545 0.5183333333333333 0.17167919799498746 0.525 0.17919799498746866 0.5266666666666666 0.18546365914786966 0.5316666666666666 0.18546365914786966 0.5583333333333333 0.17293233082706766 0.555 0.16791979949874686 0.5533333333333333 0.16416040100250626 0.5466666666666666 0.16290726817042606 0.535
5 0.8195488721804511 0.5283333333333333 0.9010025062656641 0.48833333333333334 0.9035087719298246 0.53 0.8270676691729323 0.5833333333333334
3 0.7919799498746867 0.53 0.7832080200501254 0.5283333333333333 0.7769423558897243 0.5216666666666666 0.7756892230576441 0.51 0.7756892230576441 0.5 0.7781954887218046 0.48833333333333334 0.7819548872180451 0.4816666666666667 0.7907268170426065 0.47833333333333333 0.7969924812030075 0.48333333333333334 0.8020050125313283 0.49 0.8020050125313283 0.5033333333333333 0.8007518796992481 0.5183333333333333 0.7982456140350878 0.5266666666666666