8 0.439873417721519 0.6483050847457628 0.4430379746835443 0.6461864406779662 0.44145569620253167 0.635593220338983 0.439873417721519 0.6271186440677966 0.435126582278481 0.6292372881355932 0.435126582278481 0.6419491525423728 0.439873417721519 0.6483050847457628
8 0.4477848101265823 0.6652542372881356 0.44462025316455694 0.673728813559322 0.4477848101265823 0.684322033898305 0.45569620253164556 0.690677966101695 0.4588607594936709 0.690677966101695 0.4588607594936709 0.684322033898305 0.4525316455696203 0.6758474576271186 0.4477848101265823 0.6652542372881356
1 0.5126582278481012 0.5995762711864406 0.5158227848101266 0.586864406779661 0.5237341772151899 0.5741525423728814 0.5284810126582279 0.559322033898305 0.5158227848101266 0.5614406779661016 0.504746835443038 0.5635593220338984 0.495253164556962 0.5741525423728814 0.4936708860759494 0.586864406779661 0.5015822784810127 0.5911016949152542 0.504746835443038 0.6016949152542372 0.5126582278481012 0.5995762711864406
8 0.4810126582278481 0.6122881355932204 0.49050632911392406 0.614406779661017 0.495253164556962 0.6059322033898306 0.504746835443038 0.5995762711864406 0.5110759493670886 0.5953389830508474 0.5174050632911392 0.5847457627118644 0.5237341772151899 0.576271186440678 0.5300632911392406 0.5699152542372882 0.5348101265822784 0.5614406779661016 0.5189873417721519 0.5550847457627118 0.509493670886076 0.559322033898305 0.504746835443038 0.5635593220338984 0.5 0.5699152542372882 0.495253164556962 0.576271186440678 0.4920886075949367 0.5847457627118644 0.48417721518987344 0.597457627118644 0.4810126582278481 0.6122881355932204
1 0.49841772151898733 0.5953389830508474 0.4936708860759494 0.5889830508474576 0.4873417721518987 0.5953389830508474 0.4810126582278481 0.6059322033898306 0.4825949367088608 0.6122881355932204 0.48575949367088606 0.6207627118644068 0.4936708860759494 0.6122881355932204 0.49841772151898733 0.5953389830508474
8 0.47151898734177217 0.5296610169491526 0.4825949367088608 0.5317796610169492 0.4889240506329114 0.5190677966101694 0.4936708860759494 0.5063559322033898 0.5015822784810127 0.4957627118644068 0.5063291139240507 0.4872881355932203 0.509493670886076 0.4703389830508475 0.5110759493670886 0.4597457627118644 0.5126582278481012 0.4491525423728814 0.5142405063291139 0.4385593220338983 0.5079113924050633 0.4322033898305085 0.49683544303797467 0.4427966101694915 0.4936708860759494 0.4597457627118644 0.49050632911392406 0.4745762711864407 0.48417721518987344 0.4851694915254237 0.47943037974683544 0.4936440677966102 0.47468354430379744 0.5 0.4699367088607595 0.5063559322033898 0.4699367088607595 0.5190677966101694 0.47151898734177217 0.5296610169491526
1 0.5 0.5084745762711864 0.5 0.4978813559322034 0.5 0.4851694915254237 0.4873417721518987 0.4788135593220339 0.4778481012658228 0.4872881355932203 0.47468354430379744 0.5021186440677966 0.46835443037974683 0.5127118644067796 0.47151898734177217 0.5233050847457628 0.48575949367088606 0.5296610169491526 0.4889240506329114 0.5169491525423728 0.5 0.5084745762711864
8 0.5063291139240507 0.5317796610169492 0.5174050632911392 0.5296610169491526 0.5174050632911392 0.5169491525423728 0.5142405063291139 0.5021186440677966 0.5110759493670886 0.4936440677966102 0.5031645569620253 0.5021186440677966 0.5015822784810127 0.5084745762711864 0.5015822784810127 0.527542372881356 0.5063291139240507 0.5317796610169492
8 0.47151898734177217 0.3220338983050847 0.47151898734177217 0.3877118644067797 0.47468354430379744 0.4194915254237288 0.4810126582278481 0.4279661016949153 0.48417721518987344 0.4152542372881356 0.4810126582278481 0.3940677966101695 0.47943037974683544 0.3686440677966102 0.47468354430379744 0.336864406779661 0.47310126582278483 0.3199152542372881 0.4778481012658228 0.3008474576271186 0.48417721518987344 0.2923728813559322 0.4873417721518987 0.2860169491525424 0.48417721518987344 0.2542372881355932 0.4778481012658228 0.2584745762711864 0.47151898734177217 0.2838983050847458 0.47151898734177217 0.3220338983050847
3 0.4572784810126582 0.6970338983050848 0.4541139240506329 0.684322033898305 0.44462025316455694 0.690677966101695 0.4462025316455696 0.7055084745762712 0.44936708860759494 0.7203389830508474 0.46044303797468356 0.7139830508474576 0.4572784810126582 0.6970338983050848
3 0.46044303797468356 0.6822033898305084 0.47468354430379744 0.6419491525423728 0.5079113924050633 0.6038135593220338 0.5474683544303798 0.5635593220338984 0.5664556962025317 0.4894067796610169 0.5537974683544303 0.4766949152542373 0.5158227848101266 0.4406779661016949 0.504746835443038 0.4004237288135593 0.49841772151898733 0.3644067796610169 0.4873417721518987 0.2711864406779661 0.4810126582278481 0.2478813559322034 0.46835443037974683 0.2521186440677966 0.46835443037974683 0.3050847457627119 0.47310126582278483 0.3919491525423729 0.47943037974683544 0.4449152542372881 0.47468354430379744 0.4745762711864407 0.4699367088607595 0.5127118644067796 0.4588607594936709 0.5233050847457628 0.4430379746835443 0.548728813559322 0.4287974683544304 0.5720338983050848 0.4272151898734177 0.6059322033898306 0.4287974683544304 0.6334745762711864 0.43829113924050633 0.6758474576271186 0.4541139240506329 0.6991525423728814 0.46044303797468356 0.6822033898305084
6 0.5585443037974683 0.06567796610169492 0.5522151898734177 0.05084745762711865 0.5506329113924051 0.0635593220338983 0.5585443037974683 0.06567796610169492
8 0.4778481012658228 0.4745762711864407 0.4778481012658228 0.4555084745762712 0.46835443037974683 0.4555084745762712 0.4651898734177215 0.4661016949152542 0.4699367088607595 0.4745762711864407 0.4778481012658228 0.4745762711864407
6 0.5854430379746836 0.2796610169491525 0.5901898734177216 0.2796610169491525 0.5901898734177216 0.2711864406779661 0.5901898734177216 0.2563559322033898 0.5854430379746836 0.24364406779661016 0.5838607594936709 0.2521186440677966 0.5870253164556962 0.2627118644067797 0.5838607594936709 0.2775423728813559 0.5854430379746836 0.2796610169491525
8 0.5901898734177216 0.3029661016949153 0.5822784810126582 0.3050847457627119 0.5838607594936709 0.3114406779661017 0.5901898734177216 0.3029661016949153
6 0.634493670886076 0.288135593220339 0.6281645569620253 0.2838983050847458 0.6218354430379747 0.2860169491525424 0.620253164556962 0.2966101694915254 0.6265822784810127 0.3008474576271186 0.634493670886076 0.298728813559322 0.634493670886076 0.288135593220339
8 0.5933544303797469 0.2563559322033898 0.5838607594936709 0.24364406779661016 0.5854430379746836 0.2584745762711864 0.5933544303797469 0.2563559322033898
6 0.6139240506329114 0.2944915254237288 0.6075949367088608 0.298728813559322 0.6075949367088608 0.3072033898305085 0.6075949367088608 0.3093220338983051 0.6139240506329114 0.3093220338983051 0.6139240506329114 0.2944915254237288
8 0.5585443037974683 0.3220338983050847 0.5680379746835443 0.3156779661016949 0.569620253164557 0.3072033898305085 0.564873417721519 0.3050847457627119 0.560126582278481 0.3050847457627119 0.5569620253164557 0.298728813559322 0.5569620253164557 0.2902542372881356 0.555379746835443 0.2838983050847458 0.5522151898734177 0.2775423728813559 0.5506329113924051 0.2860169491525424 0.5474683544303798 0.3008474576271186 0.5537974683544303 0.3177966101694915 0.5585443037974683 0.3220338983050847
6 0.5901898734177216 0.2966101694915254 0.5965189873417721 0.2944915254237288 0.6044303797468354 0.2944915254237288 0.6012658227848101 0.2838983050847458 0.5965189873417721 0.2754237288135593 0.5901898734177216 0.2754237288135593 0.5854430379746836 0.2775423728813559 0.5791139240506329 0.2796610169491525 0.5791139240506329 0.2902542372881356 0.5759493670886076 0.2902542372881356 0.5712025316455697 0.298728813559322 0.5727848101265823 0.3072033898305085 0.5822784810126582 0.3093220338983051 0.5901898734177216 0.3114406779661017 0.5886075949367089 0.3029661016949153 0.5901898734177216 0.2966101694915254
0 0.4541139240506329 0.4576271186440678 0.44145569620253167 0.4788135593220339 0.4287974683544304 0.5042372881355932 0.41930379746835444 0.5254237288135594 0.4129746835443038 0.5402542372881356 0.40348101265822783 0.5699152542372882 0.39556962025316456 0.597457627118644 0.3876582278481013 0.6228813559322034 0.3813291139240506 0.6461864406779662 0.375 0.6673728813559322 0.36550632911392406 0.711864406779661 0.37183544303797467 0.7097457627118644 0.379746835443038 0.673728813559322 0.38924050632911394 0.652542372881356 0.39556962025316456 0.6292372881355932 0.40664556962025317 0.6016949152542372 0.4177215189873418 0.5741525423728814 0.4272151898734177 0.548728813559322 0.439873417721519 0.5211864406779662 0.4541139240506329 0.4957627118644068 0.46835443037974683 0.4703389830508475 0.47310126582278483 0.4533898305084746 0.5031645569620253 0.4046610169491525 0.5 0.3877118644067797 0.4651898734177215 0.4427966101694915 0.4541139240506329 0.4576271186440678
0 0.47151898734177217 0 0.47468354430379744 0.012711864406779662 0.49050632911392406 0.025423728813559324 0.5031645569620253 0.05296610169491525 0.5189873417721519 0.1059322033898305 0.5348101265822784 0.1716101694915254 0.5490506329113924 0.2627118644067797 0.5490506329113924 0.288135593220339 0.5411392405063291 0.298728813559322 0.48575949367088606 0.2860169491525424 0.4920886075949367 0.3283898305084746 0.5348101265822784 0.3411016949152542 0.5443037974683544 0.3580508474576271 0.5458860759493671 0.4300847457627119 0.5585443037974683 0.4894067796610169 0.5411392405063291 0.5826271186440678 0.6060126582278481 0.5508474576271186 0.6756329113924051 0.5169491525423728 0.6819620253164557 0.4936440677966102 0.689873417721519 0.4406779661016949 0.689873417721519 0.3241525423728814 0.680379746835443 0.3008474576271186 0.629746835443038 0.09110169491525423 0.6107594936708861 0.048728813559322036 0.5775316455696202 0.006355932203389831 0.5691333987341772 0 0.47151898734177217 0