3 0.3660377358490566 0.38 0.34465408805031444 0.38 0.3320754716981132 0.38 0.3182389937106918 0.38333333333333336 0.32578616352201256 0.40166666666666667 0.34088050314465407 0.4066666666666667 0.3572327044025157 0.4083333333333333 0.38113207547169814 0.4266666666666667 0.39748427672955977 0.4216666666666667 0.39748427672955977 0.4033333333333333 0.3949685534591195 0.39 0.39748427672955977 0.375 0.3949685534591195 0.35833333333333334 0.3836477987421384 0.34 0.3660377358490566 0.31833333333333336 0.36855345911949683 0.335 0.36981132075471695 0.35833333333333334 0.3660377358490566 0.38
3 0.1220125786163522 0.23833333333333334 0.10314465408805032 0.245 0.10062893081761007 0.26666666666666666 0.1069182389937107 0.2816666666666667 0.1220125786163522 0.2833333333333333 0.11949685534591195 0.3016666666666667 0.10440251572327044 0.32 0.10062893081761007 0.3333333333333333 0.10566037735849057 0.3466666666666667 0.1220125786163522 0.35 0.14088050314465408 0.355 0.15974842767295597 0.355 0.17232704402515722 0.37666666666666665 0.17358490566037735 0.395 0.17232704402515722 0.41333333333333333 0.18238993710691823 0.41333333333333333 0.19371069182389938 0.38666666666666666 0.20251572327044026 0.3616666666666667 0.2 0.335 0.189937106918239 0.315 0.19245283018867926 0.3 0.19622641509433963 0.275 0.18364779874213835 0.25 0.1660377358490566 0.24333333333333335 0.14968553459119496 0.24666666666666667 0.13584905660377358 0.245 0.1220125786163522 0.23833333333333334
0 0.04654088050314465 0.24 0.03018867924528302 0.245 0.01761006289308176 0.24666666666666667 0.026415094339622643 0.25666666666666665 0.025157232704402517 0.2816666666666667 0.01509433962264151 0.30666666666666664 0.007547169811320755 0.32666666666666666 0.0025157232704402514 0.345 0.0012578616352201257 0.365 0.0025157232704402514 0.38666666666666666 0.022641509433962263 0.38666666666666666 0.03773584905660377 0.37833333333333335 0.052830188679245285 0.36833333333333335 0.06666666666666667 0.3516666666666667 0.07169811320754717 0.33166666666666667 0.08176100628930817 0.31333333333333335 0.09056603773584905 0.295 0.09433962264150944 0.27 0.09433962264150944 0.25333333333333335 0.09685534591194969 0.23833333333333334 0.09937106918238994 0.22666666666666666 0.10566037735849057 0.21333333333333335 0.1119496855345912 0.19166666666666668 0.09433962264150944 0.18333333333333332 0.0830188679245283 0.19166666666666668 0.07169811320754717 0.20833333333333334 0.06037735849056604 0.22333333333333333 0.04905660377358491 0.22333333333333333 0.04654088050314465 0.24
3 0.22012578616352202 0.6366666666666667 0.2188679245283019 0.6183333333333333 0.2238993710691824 0.5966666666666667 0.21635220125786164 0.5666666666666667 0.20628930817610064 0.55 0.19371069182389938 0.5383333333333333 0.17987421383647798 0.555 0.17861635220125785 0.5816666666666667 0.1949685534591195 0.6033333333333334 0.20628930817610064 0.6133333333333333 0.22012578616352202 0.6366666666666667
8 0.15471698113207547 0.44166666666666665 0.16855345911949685 0.43333333333333335 0.17987421383647798 0.4266666666666667 0.1811320754716981 0.4116666666666667 0.16729559748427672 0.42 0.15471698113207547 0.4266666666666667 0.13962264150943396 0.435 0.15471698113207547 0.44166666666666665
8 0.1559748427672956 0.44166666666666665 0.1610062893081761 0.445 0.16855345911949685 0.44166666666666665 0.1761006289308176 0.43666666666666665 0.18238993710691823 0.43333333333333335 0.18238993710691823 0.4266666666666667 0.1761006289308176 0.42833333333333334 0.16855345911949685 0.43166666666666664 0.1610062893081761 0.43666666666666665 0.1559748427672956 0.44166666666666665
8 0.16226415094339622 0.44666666666666666 0.16226415094339622 0.4533333333333333 0.16981132075471697 0.45166666666666666 0.17484276729559747 0.4483333333333333 0.17987421383647798 0.445 0.1861635220125786 0.44 0.189937106918239 0.43166666666666664 0.18238993710691823 0.43333333333333335 0.1761006289308176 0.43833333333333335 0.16855345911949685 0.44333333333333336 0.16226415094339622 0.44666666666666666
2 0.18364779874213835 0.17833333333333334 0.17735849056603772 0.165 0.16729559748427672 0.15 0.15849056603773584 0.13333333333333333 0.14842767295597484 0.12 0.1421383647798742 0.09833333333333333 0.12830188679245283 0.085 0.11446540880503145 0.06166666666666667 0.09811320754716982 0.045 0.08427672955974842 0.03166666666666667 0.07169811320754717 0.016666666666666666 0.06037735849056604 0.0016666666666666668 0.0012578616352201257 0.0016666666666666668 0.0012578616352201257 0.15333333333333332 0.16352201257861634 0.17833333333333334 0.18364779874213835 0.17833333333333334
3 0.2339622641509434 0.4816666666666667 0.2389937106918239 0.4816666666666667 0.24025157232704403 0.475 0.23647798742138365 0.47 0.23270440251572327 0.47 0.23144654088050315 0.475 0.2339622641509434 0.4816666666666667
3 0.2138364779874214 0.36666666666666664 0.2238993710691824 0.36666666666666664 0.23144654088050315 0.36666666666666664 0.24528301886792453 0.36666666666666664 0.2578616352201258 0.37166666666666665 0.26666666666666666 0.37166666666666665 0.27547169811320754 0.37166666666666665 0.2918238993710692 0.37666666666666665 0.30062893081761005 0.37666666666666665 0.30943396226415093 0.38333333333333336 0.32075471698113206 0.385 0.3169811320754717 0.37833333333333335 0.3069182389937107 0.37333333333333335 0.2880503144654088 0.36666666666666664 0.2729559748427673 0.3566666666666667 0.26037735849056604 0.3566666666666667 0.25031446540880503 0.3566666666666667 0.23522012578616353 0.36 0.22264150943396227 0.3616666666666667 0.21257861635220127 0.36 0.2037735849056604 0.35333333333333333 0.20251572327044026 0.36 0.2050314465408805 0.365 0.2138364779874214 0.36666666666666664
8 0.2440251572327044 0.30833333333333335 0.26540880503144654 0.31 0.28176100628930817 0.31 0.2981132075471698 0.31166666666666665 0.2893081761006289 0.30333333333333334 0.2742138364779874 0.3016666666666667 0.2591194968553459 0.29833333333333334 0.24528301886792453 0.2966666666666667 0.23522012578616353 0.29333333333333333 0.21761006289308177 0.29 0.2037735849056604 0.2866666666666667 0.19371069182389938 0.285 0.17735849056603772 0.28 0.16352201257861634 0.2783333333333333 0.1459119496855346 0.2733333333333333 0.13333333333333333 0.27166666666666667 0.11320754716981132 0.27 0.10314465408805032 0.2683333333333333 0.09433962264150944 0.26666666666666666 0.0830188679245283 0.2633333333333333 0.0729559748427673 0.26166666666666666 0.05911949685534591 0.25666666666666665 0.04779874213836478 0.25666666666666665 0.04025157232704402 0.255 0.03018867924528302 0.255 0.021383647798742137 0.25166666666666665 0.013836477987421384 0.25166666666666665 0.006289308176100629 0.25 0 0.25 0.0012578616352201257 0.26666666666666666 0.013836477987421384 0.27 0.021383647798742137 0.27 0.031446540880503145 0.27166666666666667 0.045283018867924525 0.2733333333333333 0.061635220125786164 0.275 0.07672955974842767 0.2783333333333333 0.09182389937106918 0.2816666666666667 0.10440251572327044 0.2816666666666667 0.11446540880503145 0.285 0.14088050314465408 0.285 0.15220125786163521 0.2866666666666667 0.16855345911949685 0.2916666666666667 0.17861635220125785 0.295 0.19245283018867926 0.29833333333333334 0.2 0.3016666666666667 0.21257861635220127 0.30333333333333334 0.23018867924528302 0.30833333333333335 0.2440251572327044 0.30833333333333335