3 0.6259194738675958 1 0.6385017421602788 0.9848484848484849 0.6594076655052264 0.9428904428904429 0.676829268292683 0.8986013986013986 0.7012195121951219 0.8146853146853147 0.7168989547038328 0.7354312354312355 0.7221254355400697 0.6678321678321678 0.7238675958188153 0.6398601398601399 0.6977351916376306 0.49533799533799533 0.671602787456446 0.21561771561771562 0.6663763066202091 0.2692307692307692 0.6576655052264808 0.3531468531468531 0.6472125435540069 0.4160839160839161 0.6123693379790941 0.4627039627039627 0.5844947735191638 0.5023310023310024 0.5548780487804879 0.527972027972028 0.5304878048780488 0.5652680652680653 0.5165505226480837 0.6212121212121212 0.5217770034843205 0.6724941724941725 0.5513937282229965 0.8216783216783217 0.5757839721254355 0.9265734265734266 0.5862369337979094 0.9825174825174825 0.5949477351916377 1 0.6259194738675958 1
3 0.26393728222996515 0.6631701631701632 0.26742160278745647 0.6678321678321678 0.27090592334494773 0.6748251748251748 0.2761324041811847 0.6818181818181818 0.28310104529616725 0.6818181818181818 0.2883275261324042 0.6771561771561772 0.2970383275261324 0.6748251748251748 0.2935540069686411 0.6655011655011654 0.29181184668989546 0.6585081585081585 0.2883275261324042 0.6538461538461539 0.29181184668989546 0.6491841491841492 0.2935540069686411 0.6398601398601399 0.2883275261324042 0.6328671328671329 0.28310104529616725 0.6421911421911422 0.2778745644599303 0.6398601398601399 0.26742160278745647 0.6375291375291375 0.2604529616724739 0.6445221445221445 0.26393728222996515 0.6631701631701632
3 0.40156794425087106 0.7750582750582751 0.3911149825783972 0.7867132867132867 0.3893728222996516 0.7937062937062938 0.39285714285714285 0.817016317016317 0.3980836236933798 0.8333333333333334 0.40331010452961674 0.8519813519813519 0.40853658536585363 0.865967365967366 0.4155052264808362 0.8776223776223776 0.42247386759581884 0.8869463869463869 0.42770034843205573 0.8986013986013986 0.43118466898954705 0.9102564102564102 0.4294425087108014 0.8566433566433567 0.4259581881533101 0.817016317016317 0.42770034843205573 0.7564102564102564 0.4155052264808362 0.7587412587412588 0.40156794425087106 0.7750582750582751
3 0.4172473867595819 0.3787878787878788 0.3998257839721254 0.3927738927738928 0.3911149825783972 0.3951048951048951 0.38414634146341464 0.4324009324009324 0.3876306620209059 0.4696969696969697 0.3876306620209059 0.5233100233100233 0.3806620209059233 0.5699300699300699 0.3789198606271777 0.5955710955710956 0.3806620209059233 0.6118881118881119 0.382404181184669 0.6305361305361306 0.382404181184669 0.6608391608391608 0.3911149825783972 0.6794871794871795 0.40156794425087106 0.6958041958041958 0.4137630662020906 0.7027972027972028 0.42421602787456447 0.6934731934731935 0.42073170731707316 0.6561771561771562 0.42247386759581884 0.6118881118881119 0.4329268292682927 0.5046620046620046 0.44860627177700346 0.4254079254079254 0.4573170731707317 0.3578088578088578 0.4416376306620209 0.36713286713286714 0.4172473867595819 0.3787878787878788
6 0.3876306620209059 0.7097902097902098 0.3858885017421603 0.7167832167832168 0.3719512195121951 0.7167832167832168 0.35801393728222997 0.7191142191142191 0.34930313588850176 0.7214452214452215 0.3667247386759582 0.7261072261072261 0.3806620209059233 0.7261072261072261 0.3945993031358885 0.7237762237762237 0.40156794425087106 0.7237762237762237 0.40853658536585363 0.7191142191142191 0.3980836236933798 0.7074592074592074 0.3876306620209059 0.7097902097902098
6 0.40853658536585363 0.7354312354312355 0.3980836236933798 0.7424242424242424 0.3911149825783972 0.7517482517482518 0.3893728222996516 0.7610722610722611 0.3945993031358885 0.7680652680652681 0.40505226480836237 0.7657342657342657 0.41202090592334495 0.7610722610722611 0.4259581881533101 0.754079254079254 0.4259581881533101 0.747086247086247 0.4189895470383275 0.7354312354312355 0.40853658536585363 0.7354312354312355
6 0.31968641114982577 0.7237762237762237 0.3162020905923345 0.7261072261072261 0.30923344947735193 0.7307692307692307 0.30052264808362367 0.7331002331002331 0.31968641114982577 0.7331002331002331 0.3249128919860627 0.7307692307692307 0.3249128919860627 0.7261072261072261 0.31968641114982577 0.7237762237762237
6 0.5304878048780488 0.7587412587412588 0.5270034843205574 0.7517482517482518 0.5235191637630662 0.7424242424242424 0.5182926829268293 0.7517482517482518 0.5182926829268293 0.7587412587412588 0.5165505226480837 0.7703962703962703 0.5287456445993032 0.7727272727272727 0.5304878048780488 0.7587412587412588
3 0.46421312369337975 1 0.45557491289198604 0.9801864801864801 0.4416376306620209 0.9498834498834499 0.4346689895470383 0.921911421911422 0.4259581881533101 0.9102564102564102 0.4189895470383275 0.9009324009324009 0.40853658536585363 0.9032634032634033 0.40156794425087106 0.9125874125874126 0.39634146341463417 0.9382284382284383 0.406794425087108 0.9522144522144522 0.40853658536585363 0.9708624708624709 0.40853658536585363 0.9801864801864801 0.4102787456445993 0.9918414918414918 0.41180313588850176 1 0.46421312369337975 1
3 0.5426829268292683 0.5396270396270396 0.5357142857142857 0.5372960372960373 0.5287456445993032 0.5396270396270396 0.5252613240418118 0.5466200466200466 0.5200348432055749 0.5512820512820513 0.509581881533101 0.5675990675990676 0.5026132404181185 0.5815850815850816 0.49738675958188155 0.5955710955710956 0.49564459930313587 0.6025641025641025 0.490418118466899 0.6095571095571095 0.48693379790940766 0.6212121212121212 0.48519163763066203 0.6282051282051282 0.4817073170731707 0.6421911421911422 0.4834494773519164 0.6585081585081585 0.47822299651567945 0.6911421911421911 0.4625435540069686 0.6958041958041958 0.4538327526132404 0.7004662004662005 0.43989547038327526 0.7191142191142191 0.4329268292682927 0.7400932400932401 0.4329268292682927 0.754079254079254 0.4329268292682927 0.782051282051282 0.4329268292682927 0.8053613053613053 0.4329268292682927 0.8356643356643356 0.4329268292682927 0.8776223776223776 0.436411149825784 0.9289044289044289 0.45034843205574915 0.9428904428904429 0.4695121951219512 0.9428904428904429 0.49738675958188155 0.9265734265734266 0.5252613240418118 0.9172494172494172 0.544425087108014 0.9055944055944056 0.5513937282229965 0.8822843822843823 0.5461672473867596 0.8426573426573427 0.539198606271777 0.803030303030303 0.5217770034843205 0.7191142191142191 0.5113240418118467 0.6491841491841492 0.539198606271777 0.5512820512820513 0.5426829268292683 0.5396270396270396
3 0.6385017421602788 0.26456876456876455 0.6576655052264808 0.23193473193473194 0.6559233449477352 0.21794871794871795 0.671602787456446 0.2062937062937063 0.676829268292683 0.19696969696969696 0.6820557491289199 0.17832167832167833 0.6890243902439024 0.16433566433566432 0.6855400696864111 0.15034965034965034 0.6315331010452961 0.1456876456876457 0.5897212543554007 0.14102564102564102 0.5548780487804879 0.14801864801864803 0.5165505226480837 0.15967365967365968 0.4991289198606272 0.19230769230769232 0.6385017421602788 0.26456876456876455
3 0.5235191637630662 0.2925407925407925 0.5078397212543554 0.3041958041958042 0.5008710801393729 0.3368298368298368 0.5078397212543554 0.36713286713286714 0.5322299651567944 0.36013986013986016 0.563588850174216 0.32284382284382285 0.5775261324041812 0.28554778554778554 0.5670731707317073 0.24592074592074592 0.5496515679442509 0.2296037296037296 0.5357142857142857 0.23426573426573427 0.5287456445993032 0.2715617715617716 0.5235191637630662 0.2925407925407925
5 0.3911149825783972 0.9055944055944056 0.3945993031358885 0.9079254079254079 0.3980836236933798 0.9032634032634033 0.3980836236933798 0.8986013986013986 0.39634146341463417 0.8939393939393939 0.3911149825783972 0.8916083916083916 0.3893728222996516 0.8962703962703963 0.3893728222996516 0.9009324009324009 0.3911149825783972 0.9055944055944056
3 0.3789198606271777 0.6561771561771562 0.3806620209059233 0.6142191142191142 0.3614982578397213 0.5792540792540792 0.33885017421602787 0.5955710955710956 0.3510452961672474 0.6515151515151515 0.3789198606271777 0.6561771561771562
3 0.31794425087108014 0.7261072261072261 0.34581881533101044 0.7051282051282052 0.3336236933797909 0.6631701631701632 0.3074912891986063 0.6491841491841492 0.28310104529616725 0.7237762237762237 0.31794425087108014 0.7261072261072261
0 0.5496515679442509 0.3484848484848485 0.49738675958188155 0.3997668997668998 0.44337979094076657 0.44638694638694637 0.436411149825784 0.5466200466200466 0.4294425087108014 0.6212121212121212 0.436411149825784 0.6585081585081585 0.4625435540069686 0.6212121212121212 0.49390243902439024 0.5815850815850816 0.5270034843205574 0.5163170163170163 0.5531358885017421 0.4417249417249417 0.5827526132404182 0.36013986013986016 0.5496515679442509 0.3484848484848485
3 0.5862369337979094 0.36946386946386944 0.5357142857142857 0.5116550116550117 0.5566202090592335 0.5303030303030303 0.617595818815331 0.3927738927738928 0.5862369337979094 0.36946386946386944
0 0.6179691393728223 1 0.617595818815331 0.9988344988344988 0.6036585365853658 0.9941724941724942 0.5949477351916377 0.9755244755244755 0.5775261324041812 0.8892773892773893 0.5670731707317073 0.8473193473193473 0.5513937282229965 0.7843822843822844 0.539198606271777 0.7144522144522144 0.5304878048780488 0.6655011655011654 0.5304878048780488 0.6328671328671329 0.5287456445993032 0.6048951048951049 0.5217770034843205 0.5862470862470862 0.5113240418118467 0.6095571095571095 0.5043554006968641 0.6468531468531469 0.5113240418118467 0.7097902097902098 0.5339721254355401 0.817016317016317 0.5496515679442509 0.9009324009324009 0.5653310104529616 0.9662004662004662 0.5746378135888501 1 0.6179691393728223 1
0 0.5426829268292683 0.5606060606060606 0.5810104529616724 0.513986013986014 0.6489547038327527 0.42773892773892774 0.6559233449477352 0.4090909090909091 0.6663763066202091 0.34615384615384615 0.6750871080139372 0.2505827505827506 0.6733449477351916 0.18997668997668998 0.6541811846689896 0.20396270396270397 0.6402439024390244 0.24358974358974358 0.6263066202090593 0.28554778554778554 0.6210801393728222 0.36013986013986016 0.5914634146341463 0.4370629370629371 0.5548780487804879 0.5116550116550117 0.5479094076655052 0.4976689976689977 0.5322299651567944 0.48834498834498835 0.49564459930313587 0.5582750582750583 0.5060975609756098 0.5745920745920746 0.5304878048780488 0.5396270396270396 0.5426829268292683 0.5606060606060606
0 0.44337979094076657 0.486013986013986 0.4538327526132404 0.4417249417249417 0.4764808362369338 0.40675990675990675 0.48693379790940766 0.38578088578088576 0.5130662020905923 0.3041958041958042 0.4573170731707317 0.3321678321678322 0.4294425087108014 0.4393939393939394 0.42073170731707316 0.5186480186480187 0.4137630662020906 0.6095571095571095 0.4137630662020906 0.6631701631701632 0.4137630662020906 0.6888111888111889 0.42770034843205573 0.6888111888111889 0.4451219512195122 0.6724941724941725 0.43989547038327526 0.6398601398601399 0.436411149825784 0.5722610722610723 0.44337979094076657 0.486013986013986
8 0.5792682926829268 0.24125874125874125 0.587979094076655 0.22494172494172493 0.5914634146341463 0.21095571095571095 0.5844947735191638 0.1993006993006993 0.5740418118466899 0.1993006993006993 0.5705574912891986 0.21561771561771562 0.5705574912891986 0.2365967365967366 0.5792682926829268 0.24125874125874125
8 0.3614982578397213 0.4254079254079254 0.3806620209059233 0.4184149184149184 0.39285714285714285 0.40675990675990675 0.4172473867595819 0.39044289044289043 0.4329268292682927 0.3787878787878788 0.436411149825784 0.36247086247086246 0.42770034843205573 0.36013986013986016 0.4155052264808362 0.3717948717948718 0.40331010452961674 0.3811188811188811 0.3858885017421603 0.3951048951048951 0.3614982578397213 0.4114219114219114 0.3614982578397213 0.4254079254079254
8 0.3597560975609756 0.506993006993007 0.3632404181184669 0.4976689976689977 0.35801393728222997 0.49067599067599066 0.34930313588850176 0.493006993006993 0.3423344947735192 0.5046620046620046 0.3440766550522648 0.5186480186480187 0.3597560975609756 0.506993006993007
8 0.5775261324041812 0.7097902097902098 0.5618466898954704 0.7027972027972028 0.5322299651567944 0.7027972027972028 0.539198606271777 0.7214452214452215 0.5705574912891986 0.7237762237762237 0.5775261324041812 0.7097902097902098
8 0.5827526132404182 0.7680652680652681 0.5932055749128919 0.7610722610722611 0.5897212543554007 0.754079254079254 0.5775261324041812 0.7517482517482518 0.568815331010453 0.7634032634032634 0.5827526132404182 0.7680652680652681
8 0.5862369337979094 0.8636363636363636 0.5810104529616724 0.8566433566433567 0.5670731707317073 0.8356643356643356 0.5601045296167247 0.831002331002331 0.563588850174216 0.8496503496503497 0.568815331010453 0.8636363636363636 0.5757839721254355 0.872960372960373 0.5844947735191638 0.872960372960373 0.5862369337979094 0.8636363636363636