5 0.5570175438596491 0.18614357262103506 0.5607769423558897 0.17612687813021702 0.5632832080200502 0.167779632721202 0.5645363408521303 0.15943238731218698 0.5657894736842105 0.14774624373956594 0.5607769423558897 0.13772954924874792 0.5520050125313283 0.1343906510851419 0.5419799498746867 0.14106844741235391 0.5369674185463659 0.14774624373956594 0.5344611528822055 0.15776293823038398 0.5332080200501254 0.17445742904841402 0.5332080200501254 0.18447412353923207 0.5332080200501254 0.19449081803005008 0.543233082706767 0.19449081803005008 0.5482456140350878 0.19449081803005008 0.5570175438596491 0.18614357262103506
5 0.5770676691729323 0.34808013355592654 0.5858395989974937 0.34641068447412354 0.593358395989975 0.34307178631051755 0.599624060150376 0.3363939899833055 0.6058897243107769 0.32303839732888145 0.6021303258145363 0.31469115191986646 0.5958646616541353 0.3113522537562604 0.5870927318295739 0.3096828046744574 0.5783208020050126 0.3096828046744574 0.5708020050125313 0.3113522537562604 0.5607769423558897 0.31803005008347246 0.5570175438596491 0.32470784641068445 0.5570175438596491 0.3363939899833055 0.5620300751879699 0.34474123539232054 0.568295739348371 0.34808013355592654 0.5770676691729323 0.34808013355592654
0 0.40288220551378445 0.5500834724540902 0.41040100250626566 0.5400667779632721 0.4191729323308271 0.5283806343906511 0.4291979949874687 0.513355592654424 0.4317042606516291 0.493322203672788 0.4317042606516291 0.4599332220367279 0.4266917293233083 0.43989983305509184 0.4241854636591479 0.4265442404006678 0.41541353383458646 0.40984974958263776 0.4066416040100251 0.4015025041736227 0.4016290726817043 0.39315525876460766 0.3890977443609023 0.38480801335559267 0.37280701754385964 0.3747913188647746 0.35902255639097747 0.37145242070116863 0.34899749373433586 0.36811352253756263 0.34022556390977443 0.36811352253756263 0.32894736842105265 0.36978297161936563 0.32142857142857145 0.3731218697829716 0.3026315789473684 0.39315525876460766 0.300125313283208 0.4015025041736227 0.3026315789473684 0.4081803005008347 0.300125313283208 0.41652754590984975 0.29135338345864664 0.4248747913188648 0.2825814536340852 0.4315525876460768 0.2700501253132832 0.44490818030050083 0.26629072681704263 0.4565943238731219 0.2575187969924812 0.505008347245409 0.2550125313283208 0.5200333889816361 0.2550125313283208 0.5283806343906511 0.2550125313283208 0.5417362270450752 0.25626566416040103 0.5584307178631052 0.2600250626566416 0.5717863105175293 0.2675438596491228 0.5801335559265443 0.27380952380952384 0.5851419031719532 0.27882205513784464 0.5868113522537562 0.287593984962406 0.5868113522537562 0.2951127819548872 0.5851419031719532 0.300125313283208 0.5851419031719532 0.3076441102756892 0.5818030050083473 0.32393483709273185 0.5801335559265443 0.33395989974937346 0.5784641068447413 0.34147869674185466 0.5767946577629383 0.35275689223057644 0.5751252086811353 0.35902255639097747 0.5717863105175293 0.36403508771929827 0.5651085141903172 0.37406015037593987 0.5667779632721202 0.39285714285714285 0.5550918196994992 0.40288220551378445 0.5500834724540902
0 0.4317042606516291 0.5701168614357263 0.4442355889724311 0.5951585976627712 0.4542606516290727 0.6151919866444073 0.4667919799498747 0.6035058430717863 0.4630325814536341 0.5901502504173622 0.45300751879699247 0.5701168614357263 0.4392230576441103 0.5417362270450752 0.42543859649122806 0.5250417362270451 0.4116541353383459 0.5434056761268782 0.4317042606516291 0.5701168614357263
0 0.28884711779448624 0.5918196994991652 0.2825814536340852 0.5984974958263773 0.27882205513784464 0.6368948247078464 0.27380952380952384 0.6869782971619366 0.2725563909774436 0.7353923205342237 0.27380952380952384 0.7821368948247078 0.2775689223057644 0.8739565943238731 0.28634085213032584 0.8756260434056762 0.2850877192982456 0.8472454090150251 0.2850877192982456 0.7604340567612687 0.287593984962406 0.6969949916527546 0.29135338345864664 0.6502504173622704 0.29636591478696744 0.5951585976627712 0.28884711779448624 0.5918196994991652
0 0.501670843358396 1 0.4906015037593985 0.9557595993322203 0.4793233082706767 0.9156928213689483 0.4667919799498747 0.8806343906510852 0.4567669172932331 0.8555926544240401 0.4492481203007519 0.8689482470784641 0.4567669172932331 0.8856427378964942 0.4680451127819549 0.9173622704507512 0.4830827067669173 0.9674457429048414 0.4880952380952381 0.9891485809682805 0.4914492117794486 1 0.501670843358396 1
6 0.5219298245614035 0.4732888146911519 0.5256892230576441 0.46327212020033387 0.5231829573934837 0.4532554257095159 0.5156641604010025 0.46160267111853087 0.5119047619047619 0.4716193656093489 0.5093984962406015 0.4766277128547579 0.5068922305764411 0.48330550918196996 0.5056390977443609 0.49165275459098495 0.5068922305764411 0.498330550918197 0.5144110275689223 0.508347245409015 0.5206766917293233 0.49165275459098495 0.5219298245614035 0.4732888146911519
6 0.4392230576441103 0.6218697829716193 0.44298245614035087 0.6085141903171953 0.4392230576441103 0.5934891485809682 0.4367167919799499 0.5784641068447413 0.43045112781954886 0.5684474123539232 0.4191729323308271 0.5601001669449082 0.41040100250626566 0.5601001669449082 0.40789473684210525 0.5651085141903172 0.40538847117794485 0.5767946577629383 0.40288220551378445 0.5868113522537562 0.4066416040100251 0.6018363939899833 0.41040100250626566 0.6051752921535893 0.42042606516290726 0.6202003338898163 0.43045112781954886 0.6218697829716193 0.4392230576441103 0.6218697829716193
6 0.4931077694235589 0.4749582637729549 0.4880952380952381 0.4716193656093489 0.4793233082706767 0.4716193656093489 0.4755639097744361 0.48163606010016696 0.4755639097744361 0.508347245409015 0.4793233082706767 0.5166944908180301 0.4893483709273183 0.513355592654424 0.4931077694235589 0.498330550918197 0.4931077694235589 0.4749582637729549
6 0.5144110275689223 0.31469115191986646 0.5194235588972431 0.3063439065108514 0.5219298245614035 0.29465776293823037 0.518170426065163 0.2896494156928214 0.5093984962406015 0.2929883138564274 0.5043859649122807 0.3096828046744574 0.4981203007518797 0.32136894824707846 0.4981203007518797 0.3347245409015025 0.5119047619047619 0.3347245409015025 0.5194235588972431 0.3330550918196995 0.5144110275689223 0.31469115191986646
6 0.5419799498746867 0.24457429048414023 0.5357142857142857 0.24958263772954925 0.5357142857142857 0.2595993322203673 0.5407268170426065 0.2646076794657763 0.5444862155388471 0.28130217028380633 0.5507518796992481 0.2896494156928214 0.5545112781954887 0.27963272120200333 0.5545112781954887 0.2679465776293823 0.5557644110275689 0.2378964941569282 0.5419799498746867 0.24457429048414023
3 0.4567669172932331 0.41318864774624375 0.4592731829573935 0.4298831385642738 0.4617794486215539 0.4515859766277129 0.4592731829573935 0.4716193656093489 0.45300751879699247 0.48664440734557596 0.43546365914786966 0.513355592654424 0.42794486215538846 0.5267111853088481 0.4266917293233083 0.5383973288814691 0.44047619047619047 0.5550918196994992 0.44799498746867167 0.5701168614357263 0.4617794486215539 0.5884808013355592 0.4755639097744361 0.5934891485809682 0.4880952380952381 0.5851419031719532 0.5018796992481203 0.5684474123539232 0.5068922305764411 0.5517529215358932 0.5144110275689223 0.5267111853088481 0.5219298245614035 0.49165275459098495 0.5244360902255639 0.4782971619365609 0.5256892230576441 0.46160267111853087 0.5269423558897243 0.4365609348914858 0.5281954887218046 0.40984974958263776 0.5307017543859649 0.39148580968280466 0.5369674185463659 0.3631051752921536 0.543233082706767 0.32470784641068445 0.5469924812030075 0.3096828046744574 0.5582706766917294 0.2679465776293823 0.568295739348371 0.2362270450751252 0.5770676691729323 0.1994991652754591 0.5795739348370927 0.17946577629382304 0.5733082706766918 0.14941569282136896 0.5607769423558897 0.13772954924874792 0.5507518796992481 0.13606010016694492 0.5281954887218046 0.12103505843071787 0.4931077694235589 0.12103505843071787 0.4743107769423559 0.1293823038397329 0.4655388471177945 0.1327212020033389 0.45050125313283207 0.14941569282136896 0.43546365914786966 0.17278797996661102 0.42293233082706766 0.18447412353923207 0.41040100250626566 0.20784641068447413 0.3991228070175439 0.2378964941569282 0.3916040100250627 0.2595993322203673 0.3865914786967419 0.28130217028380633 0.3865914786967419 0.3046744574290484 0.3865914786967419 0.32470784641068445 0.38533834586466165 0.34808013355592654 0.4041353383458647 0.35308848080133554 0.41290726817042606 0.35308848080133554 0.42293233082706766 0.3614357262103506 0.4392230576441103 0.3731218697829716 0.4467418546365915 0.3831385642737897 0.45050125313283207 0.39315525876460766 0.4567669172932331 0.41318864774624375
6 0.40288220551378445 0.5884808013355592 0.39035087719298245 0.5717863105175293 0.37656641604010027 0.5701168614357263 0.36027568922305764 0.5801335559265443 0.3302005012531328 0.5934891485809682 0.35025062656641603 0.6051752921535893 0.35401002506265666 0.6202003338898163 0.35150375939849626 0.6352253756260434 0.34147869674185466 0.6652754590984975 0.35150375939849626 0.6752921535893155 0.37030075187969924 0.6786310517529215 0.3941102756892231 0.6752921535893155 0.41040100250626566 0.6652754590984975 0.4216791979949875 0.6469115191986644 0.4291979949874687 0.6285475792988314 0.40288220551378445 0.5884808013355592
0 0.4141604010025063 0.38647746243739567 0.42794486215538846 0.39315525876460766 0.43796992481203006 0.39482470784641066 0.4492481203007519 0.3964941569282137 0.4442355889724311 0.3831385642737897 0.43295739348370926 0.37145242070116863 0.4216791979949875 0.3664440734557596 0.4066416040100251 0.3631051752921536 0.39536340852130325 0.3664440734557596 0.40288220551378445 0.3797996661101836 0.4141604010025063 0.38647746243739567