8 0.7879746835443038 0.5466101694915254 0.7816455696202531 0.5444915254237288 0.7768987341772152 0.5508474576271186 0.7800632911392406 0.5572033898305084 0.7848101265822784 0.5529661016949152
8 0.7768987341772152 0.5254237288135594 0.7705696202531646 0.5254237288135594 0.7674050632911392 0.5190677966101694 0.7626582278481012 0.5148305084745762 0.7563291139240507 0.510593220338983 0.7484177215189873 0.5084745762711864 0.7436708860759493 0.5042372881355932 0.7373417721518988 0.5 0.7373417721518988 0.5084745762711864 0.7468354430379747 0.5211864406779662 0.75 0.527542372881356 0.759493670886076 0.5317796610169492 0.7658227848101266 0.5423728813559322 0.7721518987341772 0.538135593220339 0.7768987341772152 0.5317796610169492
8 0.7721518987341772 0.6779661016949152 0.7626582278481012 0.6779661016949152 0.7579113924050633 0.6694915254237288 0.7484177215189873 0.6673728813559322 0.745253164556962 0.6779661016949152 0.7389240506329114 0.6864406779661016 0.7373417721518988 0.6970338983050848 0.7341772151898734 0.701271186440678 0.7357594936708861 0.7097457627118644 0.740506329113924 0.7203389830508474 0.7373417721518988 0.722457627118644 0.7310126582278481 0.7245762711864406 0.7215189873417721 0.7245762711864406 0.7120253164556962 0.722457627118644 0.7072784810126582 0.7245762711864406 0.6962025316455697 0.7245762711864406 0.6962025316455697 0.7288135593220338 0.7056962025316456 0.7309322033898306 0.7136075949367089 0.7309322033898306 0.7231012658227848 0.7330508474576272 0.7278481012658228 0.7330508474576272 0.7341772151898734 0.7351694915254238 0.7389240506329114 0.7330508474576272 0.7436708860759493 0.7309322033898306 0.7531645569620253 0.7245762711864406 0.7563291139240507 0.7203389830508474 0.7563291139240507 0.7266949152542372 0.754746835443038 0.7330508474576272 0.754746835443038 0.739406779661017 0.7531645569620253 0.7457627118644068 0.7531645569620253 0.7521186440677966 0.759493670886076 0.7351694915254238 0.7610759493670886 0.7266949152542372 0.7626582278481012 0.7203389830508474 0.7626582278481012 0.711864406779661 0.7642405063291139 0.7033898305084746 0.7658227848101266 0.6991525423728814 0.7689873417721519 0.690677966101695 0.7737341772151899 0.6885593220338984 0.7784810126582279 0.684322033898305 0.7848101265822784 0.6822033898305084 0.7879746835443038 0.6800847457627118 0.7895569620253164 0.6864406779661016 0.7895569620253164 0.6970338983050848 0.7927215189873418 0.690677966101695 0.7927215189873418 0.684322033898305 0.7943037974683544 0.6758474576271186 0.7911392405063291 0.6716101694915254 0.7832278481012658 0.6758474576271186 0.7784810126582279 0.6779661016949152
8 0.6028481012658228 0.663135593220339 0.6028481012658228 0.652542372881356 0.6028481012658228 0.6461864406779662 0.5965189873417721 0.6440677966101694 0.5901898734177216 0.6461864406779662 0.5854430379746836 0.6461864406779662 0.5854430379746836 0.6377118644067796 0.5854430379746836 0.635593220338983 0.5791139240506329 0.635593220338983 0.5727848101265823 0.6419491525423728 0.5727848101265823 0.652542372881356 0.5680379746835443 0.6588983050847458 0.560126582278481 0.6673728813559322 0.555379746835443 0.673728813559322 0.5522151898734177 0.684322033898305 0.5506329113924051 0.6927966101694916 0.5506329113924051 0.701271186440678 0.5522151898734177 0.7076271186440678 0.555379746835443 0.7076271186440678 0.5585443037974683 0.6970338983050848 0.5617088607594937 0.690677966101695 0.564873417721519 0.684322033898305 0.569620253164557 0.684322033898305 0.5664556962025317 0.690677966101695 0.5680379746835443 0.6949152542372882 0.5727848101265823 0.6949152542372882 0.5759493670886076 0.690677966101695 0.5806962025316456 0.6885593220338984 0.5854430379746836 0.690677966101695 0.5886075949367089 0.690677966101695 0.5965189873417721 0.6885593220338984 0.6028481012658228 0.6927966101694916 0.6060126582278481 0.6885593220338984 0.6044303797468354 0.684322033898305 0.6012658227848101 0.6779661016949152 0.6012658227848101 0.6694915254237288
8 0.5680379746835443 0.7690677966101694 0.5712025316455697 0.7584745762711864 0.5759493670886076 0.7521186440677966 0.5743670886075949 0.7436440677966102 0.5727848101265823 0.7351694915254238 0.5664556962025317 0.7245762711864406 0.5569620253164557 0.7182203389830508 0.5506329113924051 0.7097457627118644 0.5474683544303798 0.6949152542372882 0.5458860759493671 0.690677966101695 0.5443037974683544 0.6991525423728814 0.5458860759493671 0.7076271186440678 0.5458860759493671 0.7161016949152542 0.5474683544303798 0.722457627118644 0.5522151898734177 0.7309322033898306 0.5522151898734177 0.7436440677966102 0.5569620253164557 0.7542372881355932 0.560126582278481 0.7648305084745762 0.5632911392405063 0.7669491525423728
3 0.3829113924050633 0.4576271186440678 0.31962025316455694 0.4152542372881356 0.33069620253164556 0.576271186440678 0.36550632911392406 0.6122881355932204 0.40822784810126583 0.5042372881355932
0 0.39082278481012656 0.3919491525423729 0.41930379746835444 0.4004237288135593 0.49841772151898733 0.4385593220338983 0.5253164556962026 0.4533898305084746 0.555379746835443 0.4745762711864407 0.5901898734177216 0.4978813559322034 0.629746835443038 0.5296610169491526 0.6503164556962026 0.548728813559322 0.6645569620253164 0.5720338983050848 0.6550632911392406 0.5889830508474576 0.634493670886076 0.565677966101695 0.6170886075949367 0.548728813559322 0.5933544303797469 0.527542372881356 0.5585443037974683 0.5 0.5221518987341772 0.4745762711864407 0.46835443037974683 0.4427966101694915 0.435126582278481 0.4216101694915254 0.40348101265822783 0.4004237288135593
6 0.7816455696202531 0.5360169491525424 0.7705696202531646 0.5529661016949152 0.7753164556962026 0.559322033898305 0.7943037974683544 0.5423728813559322
8 0.5506329113924051 0.625 0.5332278481012658 0.6228813559322034 0.5237341772151899 0.6228813559322034 0.5189873417721519 0.6271186440677966 0.5237341772151899 0.6313559322033898 0.5237341772151899 0.6377118644067796 0.5268987341772152 0.6440677966101694 0.5205696202531646 0.652542372881356 0.5348101265822784 0.6504237288135594 0.5443037974683544 0.6440677966101694 0.5537974683544303 0.6398305084745762 0.5664556962025317 0.6377118644067796 0.5632911392405063 0.6313559322033898 0.555379746835443 0.625
6 0.5015822784810127 0.6101694915254238 0.5933544303797469 0.6313559322033898 0.6265822784810127 0.6652542372881356 0.629746835443038 0.7266949152542372 0.6107594936708861 0.7944915254237288 0.5443037974683544 0.777542372881356 0.5316455696202531 0.6970338983050848
8 0.5253164556962026 0.5127118644067796 0.5158227848101266 0.5148305084745762 0.5079113924050633 0.5211864406779662 0.495253164556962 0.527542372881356 0.5 0.5338983050847458 0.5110759493670886 0.527542372881356 0.5189873417721519 0.5233050847457628 0.5253164556962026 0.5190677966101694
6 0.6408227848101266 0.7944915254237288 0.6408227848101266 0.777542372881356 0.6993670886075949 0.7754237288135594 0.6962025316455697 0.788135593220339
8 0.7325949367088608 0.6694915254237288 0.7246835443037974 0.6694915254237288 0.7183544303797469 0.6800847457627118 0.7199367088607594 0.6927966101694916 0.7199367088607594 0.7055084745762712 0.7246835443037974 0.6991525423728814 0.7246835443037974 0.690677966101695 0.7246835443037974 0.6779661016949152
6 0.7325949367088608 0.7436440677966102 0.6993670886075949 0.722457627118644 0.7025316455696202 0.673728813559322 0.7167721518987342 0.6588983050847458 0.759493670886076 0.6567796610169492 0.7721518987341772 0.6567796610169492 0.7768987341772152 0.6927966101694916 0.7768987341772152 0.722457627118644 0.7642405063291139 0.75
8 0.7072784810126582 0.6927966101694916 0.7041139240506329 0.6864406779661016 0.6993670886075949 0.6779661016949152 0.689873417721519 0.6673728813559322 0.685126582278481 0.663135593220339 0.6693037974683544 0.6588983050847458 0.6566455696202531 0.6567796610169492 0.6471518987341772 0.6546610169491526 0.6503164556962026 0.6610169491525424 0.6629746835443038 0.663135593220339 0.6740506329113924 0.6673728813559322 0.6787974683544303 0.673728813559322 0.685126582278481 0.6779661016949152 0.6930379746835443 0.684322033898305 0.6914556962025317 0.6949152542372882 0.6993670886075949 0.6949152542372882
6 0.7816455696202531 0.6758474576271186 0.7832278481012658 0.6991525423728814 0.8022151898734177 0.6949152542372882 0.7943037974683544 0.6588983050847458
3 0.6234177215189873 0.5889830508474576 0.6123417721518988 0.5783898305084746 0.6012658227848101 0.565677966101695 0.5886075949367089 0.5572033898305084 0.5775316455696202 0.559322033898305 0.5712025316455697 0.5783898305084746 0.569620253164557 0.586864406779661 0.564873417721519 0.5783898305084746 0.5664556962025317 0.5677966101694916 0.5712025316455697 0.5550847457627118 0.5712025316455697 0.5466101694915254 0.5632911392405063 0.5423728813559322 0.5522151898734177 0.548728813559322 0.5411392405063291 0.559322033898305 0.5379746835443038 0.5699152542372882 0.5316455696202531 0.5826271186440678 0.5221518987341772 0.5995762711864406 0.5174050632911392 0.6059322033898306 0.5158227848101266 0.6165254237288136 0.5268987341772152 0.6207627118644068 0.5443037974683544 0.6228813559322034 0.5617088607594937 0.6271186440677966 0.5712025316455697 0.6292372881355932 0.5838607594936709 0.6292372881355932 0.5917721518987342 0.6122881355932204 0.6028481012658228 0.597457627118644 0.6139240506329114 0.5889830508474576
6 0.6455696202531646 0.6504237288135594 0.6455696202531646 0.663135593220339 0.689873417721519 0.673728813559322 0.7025316455696202 0.6567796610169492
8 0.6772151898734177 0.7838983050847458 0.6677215189873418 0.7817796610169492 0.6613924050632911 0.7817796610169492 0.6534810126582279 0.7817796610169492 0.6518987341772152 0.788135593220339 0.6582278481012658 0.7902542372881356 0.6629746835443038 0.7923728813559322 0.6693037974683544 0.7902542372881356
6 0.6629746835443038 0.760593220338983 0.6629746835443038 0.7733050847457628 0.6962025316455697 0.7754237288135594 0.6962025316455697 0.7584745762711864
8 0.5870253164556962 0.7838983050847458 0.5727848101265823 0.777542372881356 0.564873417721519 0.777542372881356 0.5569620253164557 0.7733050847457628 0.5506329113924051 0.7754237288135594 0.5569620253164557 0.7817796610169492 0.5632911392405063 0.7838983050847458 0.5727848101265823 0.788135593220339 0.5822784810126582 0.788135593220339
6 0.685126582278481 0.673728813559322 0.6882911392405063 0.6970338983050848 0.7025316455696202 0.701271186440678 0.6977848101265823 0.6673728813559322
0 0.4920886075949367 0.6038135593220338 0.5743670886075949 0.6228813559322034 0.625 0.6334745762711864 0.6867088607594937 0.6292372881355932 0.7278481012658228 0.5614406779661016 0.75 0.5529661016949152 0.7642405063291139 0.5317796610169492 0.7863924050632911 0.5127118644067796 0.8639240506329114 0.4470338983050847 0.8939873417721519 0.4194915254237288 0.9066455696202531 0.4110169491525424 0.9193037974683544 0.4343220338983051 0.9208860759493671 0.451271186440678 0.9161392405063291 0.4682203389830508 0.9256329113924051 0.4894067796610169 0.9319620253164557 0.5148305084745762 0.9129746835443038 0.5720338983050848 0.8829113924050633 0.625 0.8433544303797469 0.6885593220338984 0.8006329113924051 0.7288135593220338 0.754746835443038 0.7627118644067796 0.7009493670886076 0.7796610169491526 0.6566455696202531 0.7902542372881356 0.6139240506329114 0.7923728813559322 0.564873417721519 0.7838983050847458 0.5443037974683544 0.7796610169491526 0.5363924050632911 0.7139830508474576 0.5284810126582279 0.684322033898305
0 0.31170886075949367 0.3665254237288136 0.3022151898734177 0.4067796610169492 0.2990506329113924 0.4300847457627119 0.3037974683544304 0.4809322033898305 0.31170886075949367 0.5360169491525424 0.31170886075949367 0.548728813559322 0.314873417721519 0.565677966101695 0.3180379746835443 0.5847457627118644 0.3212025316455696 0.597457627118644 0.33069620253164556 0.6080508474576272 0.33544303797468356 0.5720338983050848 0.34177215189873417 0.538135593220339 0.3370253164556962 0.510593220338983 0.3291139240506329 0.4788135593220339 0.33069620253164556 0.4406779661016949 0.32436708860759494 0.413135593220339 0.3180379746835443 0.3771186440677966