0 0.29739130434782607 0.5467289719626168 0.271304347826087 0.5537383177570093 0.21565217391304348 0.5911214953271028 0.24347826086956523 0.5841121495327103 0.2591304347826087 0.5864485981308412 0.2991304347826087 0.602803738317757 0.3565217391304348 0.6004672897196262 0.3843478260869565 0.5934579439252337 0.40695652173913044 0.5841121495327103 0.4226086956521739 0.5747663551401869 0.43478260869565216 0.5607476635514018 0.44869565217391305 0.5350467289719626 0.45565217391304347 0.5163551401869159 0.41391304347826086 0.5280373831775701 0.37043478260869567 0.5397196261682243 0.32869565217391306 0.5420560747663551 0.29739130434782607 0.5467289719626168
0 0.09565217391304348 0.5046728971962616 0.08869565217391304 0.5327102803738317 0.08695652173913043 0.5794392523364486 0.09043478260869565 0.6074766355140186 0.09565217391304348 0.6378504672897196 0.10260869565217391 0.6612149532710281 0.12347826086956522 0.6962616822429907 0.1565217391304348 0.7126168224299065 0.18434782608695652 0.7242990654205608 0.21391304347826087 0.7313084112149533 0.22260869565217392 0.7126168224299065 0.2417391304347826 0.6939252336448598 0.2539130434782609 0.6752336448598131 0.26260869565217393 0.6588785046728972 0.2678260869565217 0.6495327102803738 0.26956521739130435 0.6355140186915887 0.21739130434782608 0.5934579439252337 0.1391304347826087 0.572429906542056 0.10608695652173913 0.5420560747663551 0.09565217391304348 0.5046728971962616
8 0.39304347826086955 0.602803738317757 0.391304347826087 0.5911214953271028 0.38956521739130434 0.6004672897196262 0.391304347826087 0.616822429906542 0.39304347826086955 0.602803738317757
8 0.44173913043478263 0.6004672897196262 0.42434782608695654 0.6098130841121495 0.41043478260869565 0.6261682242990654 0.43130434782608695 0.6098130841121495 0.44173913043478263 0.6004672897196262
8 0.41739130434782606 0.6518691588785047 0.42086956521739133 0.6261682242990654 0.42086956521739133 0.6074766355140186 0.41739130434782606 0.6191588785046729 0.41739130434782606 0.6378504672897196 0.41739130434782606 0.6518691588785047
8 0.4330434782608696 0.6378504672897196 0.44173913043478263 0.6308411214953271 0.42434782608695654 0.6378504672897196 0.40869565217391307 0.6542056074766355 0.41739130434782606 0.6518691588785047 0.4330434782608696 0.6378504672897196
8 0.4191304347826087 0.7009345794392523 0.42434782608695654 0.6915887850467289 0.4156521739130435 0.6915887850467289 0.40695652173913044 0.6869158878504673 0.41043478260869565 0.6985981308411215 0.4191304347826087 0.7009345794392523
8 0.4591304347826087 0.5934579439252337 0.4643478260869565 0.5934579439252337 0.4591304347826087 0.5841121495327103 0.4469565217391304 0.5841121495327103 0.4539130434782609 0.5911214953271028 0.4591304347826087 0.5934579439252337
8 0.4469565217391304 0.6261682242990654 0.4539130434782609 0.6355140186915887 0.46260869565217394 0.6378504672897196 0.46608695652173915 0.6285046728971962 0.4608695652173913 0.6191588785046729 0.4591304347826087 0.6285046728971962 0.4539130434782609 0.6285046728971962 0.4469565217391304 0.6261682242990654
3 0.5165217391304348 0.4883177570093458 0.5147826086956522 0.5023364485981309 0.5130434782608696 0.5163551401869159 0.5078260869565218 0.5280373831775701 0.4956521739130435 0.5373831775700935 0.48695652173913045 0.5373831775700935 0.47130434782608693 0.5350467289719626 0.4591304347826087 0.5467289719626168 0.45565217391304347 0.5630841121495327 0.4504347826086956 0.572429906542056 0.4817391304347826 0.5934579439252337 0.49217391304347824 0.5771028037383178 0.5060869565217392 0.5514018691588785 0.5182608695652174 0.5373831775700935 0.5321739130434783 0.5233644859813084 0.5460869565217391 0.514018691588785 0.5582608695652174 0.5116822429906542 0.56 0.4766355140186916 0.5408695652173913 0.4672897196261682 0.5269565217391304 0.4719626168224299 0.5165217391304348 0.4883177570093458
3 0.4539130434782609 0.5257009345794392 0.4469565217391304 0.5420560747663551 0.45565217391304347 0.5607476635514018 0.4608695652173913 0.5467289719626168 0.4678260869565217 0.5350467289719626 0.4782608695652174 0.5350467289719626 0.48869565217391303 0.5350467289719626 0.49043478260869566 0.4953271028037383 0.4608695652173913 0.4976635514018692 0.4573913043478261 0.5116822429906542 0.4539130434782609 0.5257009345794392
3 0.40695652173913044 0.6565420560747663 0.4052173913043478 0.6915887850467289 0.4295652173913043 0.7102803738317757 0.4469565217391304 0.719626168224299 0.4469565217391304 0.7383177570093458 0.4608695652173913 0.7406542056074766 0.46260869565217394 0.7102803738317757 0.4643478260869565 0.6799065420560748 0.4678260869565217 0.6495327102803738 0.4747826086956522 0.6238317757009346 0.4834782608695652 0.5934579439252337 0.4365217391304348 0.5607476635514018 0.4121739130434783 0.5817757009345794 0.41043478260869565 0.6214953271028038 0.40695652173913044 0.6565420560747663
3 0.26956521739130435 0.6915887850467289 0.2782608695652174 0.6985981308411215 0.28695652173913044 0.6939252336448598 0.3026086956521739 0.6822429906542056 0.288695652173913 0.6822429906542056 0.2782608695652174 0.677570093457944 0.2782608695652174 0.6588785046728972 0.2817391304347826 0.6425233644859814 0.29043478260869565 0.6285046728971962 0.3008695652173913 0.616822429906542 0.28347826086956524 0.6214953271028038 0.26956521739130435 0.6355140186915887 0.26608695652173914 0.6682242990654206 0.26956521739130435 0.6915887850467289
3 0.24869565217391304 0.7383177570093458 0.2591304347826087 0.7383177570093458 0.26260869565217393 0.7313084112149533 0.2539130434782609 0.7149532710280374 0.25043478260869567 0.705607476635514 0.24347826086956523 0.6915887850467289 0.23652173913043478 0.7009345794392523 0.23652173913043478 0.719626168224299 0.23478260869565218 0.7383177570093458 0.24869565217391304 0.7383177570093458
0 0.6226086956521739 0.3574766355140187 0.6191304347826087 0.36682242990654207 0.6156521739130435 0.37616822429906543 0.6104347826086957 0.3878504672897196 0.6052173913043478 0.40186915887850466 0.6086956521739131 0.39953271028037385 0.6121739130434782 0.39953271028037385 0.6208695652173913 0.39485981308411217 0.6278260869565218 0.3925233644859813 0.6313043478260869 0.3878504672897196 0.6365217391304347 0.3855140186915888 0.64 0.3855140186915888 0.6434782608695652 0.38317757009345793 0.6469565217391304 0.38317757009345793 0.6504347826086957 0.3855140186915888 0.6573913043478261 0.3901869158878505 0.6660869565217391 0.3901869158878505 0.6730434782608695 0.3901869158878505 0.6782608695652174 0.3901869158878505 0.6904347826086956 0.3878504672897196 0.697391304347826 0.3855140186915888 0.7008695652173913 0.38317757009345793 0.7026086956521739 0.3808411214953271 0.7060869565217391 0.37850467289719625 0.7078260869565217 0.37383177570093457 0.711304347826087 0.36682242990654207 0.711304347826087 0.3621495327102804 0.711304347826087 0.3574766355140187 0.7095652173913043 0.352803738317757 0.7060869565217391 0.35046728971962615 0.7008695652173913 0.34579439252336447 0.6921739130434783 0.34345794392523366 0.6765217391304348 0.3411214953271028 0.6695652173913044 0.3411214953271028 0.6660869565217391 0.3411214953271028 0.6608695652173913 0.3411214953271028 0.6573913043478261 0.34345794392523366 0.6556521739130434 0.34813084112149534 0.648695652173913 0.3598130841121495 0.6452173913043479 0.3598130841121495 0.6382608695652174 0.3598130841121495 0.6382608695652174 0.35514018691588783 0.6365217391304347 0.35046728971962615 0.6365217391304347 0.338785046728972 0.6330434782608696 0.3341121495327103 0.6260869565217392 0.34813084112149534 0.6226086956521739 0.3574766355140187
0 0.8278260869565217 0.42289719626168226 0.8278260869565217 0.42757009345794394 0.8278260869565217 0.43457943925233644 0.8278260869565217 0.441588785046729 0.8295652173913044 0.4485981308411215 0.8295652173913044 0.45794392523364486 0.8295652173913044 0.4649532710280374 0.8295652173913044 0.4719626168224299 0.8295652173913044 0.48130841121495327 0.8295652173913044 0.4883177570093458 0.8278260869565217 0.4953271028037383 0.8243478260869566 0.5023364485981309 0.8278260869565217 0.5116822429906542 0.8347826086956521 0.5186915887850467 0.8382608695652174 0.5163551401869159 0.8382608695652174 0.5116822429906542 0.84 0.5046728971962616 0.8417391304347827 0.5 0.8417391304347827 0.4929906542056075 0.8417391304347827 0.48130841121495327 0.8417391304347827 0.4742990654205608 0.8417391304347827 0.4672897196261682 0.84 0.45560747663551404 0.8382608695652174 0.4462616822429907 0.8417391304347827 0.4322429906542056 0.8434782608695652 0.4135514018691589 0.8434782608695652 0.4088785046728972 0.8434782608695652 0.40420560747663553 0.8452173913043478 0.39953271028037385 0.8452173913043478 0.39485981308411217 0.8452173913043478 0.3855140186915888 0.8469565217391304 0.37850467289719625 0.8469565217391304 0.37383177570093457 0.8469565217391304 0.3598130841121495 0.8365217391304348 0.40186915887850466 0.8347826086956521 0.4158878504672897 0.831304347826087 0.4182242990654206 0.8278260869565217 0.42289719626168226