0 0.06129597197898424 0.26869158878504673 0.0595446584938704 0.2803738317757009 0.05779334500875657 0.2967289719626168 0.0542907180385289 0.308411214953271 0.04903677758318739 0.3247663551401869 0.043782837127845885 0.338785046728972 0.043782837127845885 0.35046728971962615 0.043782837127845885 0.3621495327102804 0.047285464098073555 0.3901869158878505 0.04553415061295972 0.4182242990654206 0.04903677758318739 0.42757009345794394 0.05779334500875657 0.441588785046729 0.05779334500875657 0.4439252336448598 0.06304728546409807 0.45794392523364486 0.07530647985989491 0.48598130841121495 0.08581436077057793 0.5 0.10157618213660245 0.514018691588785 0.1243432574430823 0.5350467289719626 0.14886164623467601 0.5560747663551402 0.1628721541155867 0.5677570093457944 0.1786339754816112 0.5747663551401869 0.17513134851138354 0.5514018691588785 0.16637478108581435 0.514018691588785 0.16112084063047286 0.4953271028037383 0.15586690017513136 0.4766355140186916 0.15236427320490367 0.4532710280373832 0.15411558669001751 0.40654205607476634 0.15411558669001751 0.38317757009345793 0.159369527145359 0.35514018691588783 0.1681260945709282 0.3247663551401869 0.17513134851138354 0.308411214953271 0.19264448336252188 0.23130841121495327 0.2084063047285464 0.16822429906542055 0.2224168126094571 0.1261682242990654 0.2031523642732049 0.1308411214953271 0.18739054290718038 0.13551401869158877 0.16637478108581435 0.1425233644859813 0.15236427320490367 0.14953271028037382 0.1436077057793345 0.15654205607476634 0.13485113835376533 0.1658878504672897 0.12609457092819615 0.17523364485981308 0.11733800350262696 0.18691588785046728 0.11033274956217162 0.19626168224299065 0.10332749562171628 0.205607476635514 0.09632224168126094 0.21962616822429906 0.09106830122591944 0.22897196261682243 0.08056042031523643 0.24299065420560748 0.07005253940455342 0.2570093457943925
0 0.3397548161120841 0.32009345794392524 0.3502626970227671 0.32009345794392524 0.3607705779334501 0.32009345794392524 0.3712784588441331 0.3177570093457944 0.38003502626970226 0.31542056074766356 0.38879159369527144 0.31542056074766356 0.3975481611208406 0.3130841121495327 0.4063047285464098 0.3060747663551402 0.4115586690017513 0.3014018691588785 0.415061295971979 0.2897196261682243 0.415061295971979 0.2803738317757009 0.4133099824868651 0.27102803738317754 0.4115586690017513 0.25934579439252337 0.4063047285464098 0.24766355140186916 0.39404553415061294 0.22429906542056074 0.38178633975481613 0.20327102803738317 0.36952714535901926 0.18457943925233644 0.3555166374781086 0.1705607476635514 0.3432574430823117 0.1588785046728972
6 0.8598949211908932 0.4135514018691589 0.8598949211908932 0.38317757009345793 0.8598949211908932 0.37383177570093457 0.8528896672504378 0.3808411214953271 0.8528896672504378 0.40186915887850466
6 0.8546409807355516 0.45794392523364486 0.8861646234676007 0.441588785046729 0.9176882661996497 0.42289719626168226 0.9316987740805605 0.4135514018691589 0.9194395796847635 0.43457943925233644 0.8686514886164624 0.4602803738317757 0.8528896672504378 0.4672897196261682
3 0.8283712784588442 0.45560747663551404 0.8266199649737302 0.4135514018691589 0.8423817863397548 0.3621495327102804 0.9141856392294221 0.338785046728972 0.9159369527145359 0.3855140186915888 0.9141856392294221 0.39953271028037385 0.861646234676007 0.42289719626168226 0.8441330998248686 0.441588785046729
2 0.7653239929947461 0.5467289719626168 0.7828371278458844 0.5467289719626168 0.7985989492119089 0.5373831775700935 0.8161120840630472 0.47897196261682246 0.8161120840630472 0.4485981308411215 0.8021015761821366 0.441588785046729 0.7425569176882661 0.4392523364485981 0.7495621716287215 0.4649532710280374 0.7583187390542907 0.4976635514018692 0.7618213660245184 0.5280373831775701
0 0.5551663747810858 0.4485981308411215 0.5971978984238179 0.441588785046729 0.670753064798599 0.441588785046729 0.7320490367775832 0.4439252336448598 0.7425569176882661 0.4462616822429907 0.7565674255691769 0.4976635514018692 0.7635726795096323 0.5607476635514018 0.7215411558669002 0.5794392523364486 0.6672504378283712 0.5771028037383178 0.6129597197898424 0.544392523364486 0.574430823117338 0.5 0.553415061295972 0.4696261682242991
0 0.047285464098073555 0.2967289719626168 0.08756567425569177 0.3014018691588785 0.09457092819614711 0.2266355140186916 0.05779334500875657 0.26401869158878505
3 0.014010507880910683 0.308411214953271 0.040280210157618214 0.3014018691588785 0.040280210157618214 0.2850467289719626 0.01926444833625219 0.29906542056074764
3 0.0647985989492119 0.2967289719626168 0.12609457092819615 0.3037383177570093 0.14185639229422067 0.3177570093457944 0.14535901926444833 0.3574766355140187 0.14535901926444833 0.4322429906542056 0.1295971978984238 0.5 0.15761821366024517 0.5373831775700935 0.159369527145359 0.5584112149532711 0.07880910683012259 0.4883177570093458 0.07355516637478109 0.42289719626168226 0.0542907180385289 0.37850467289719625 0.03677758318739054 0.34579439252336447 0.028021015761821366 0.3644859813084112 0.01576182136602452 0.37850467289719625 0.0035026269702276708 0.3621495327102804 0.0070052539404553416 0.3294392523364486 0.02626970227670753 0.31542056074766356 0.050788091068301226 0.29439252336448596
3 0.22416812609457093 0.3177570093457944 0.287215411558669 0.3247663551401869 0.3274956217162872 0.32710280373831774 0.3222416812609457 0.37383177570093457 0.3064798598949212 0.4158878504672897 0.2819614711033275 0.5070093457943925 0.2486865148861646 0.514018691588785 0.26970227670753066 0.5467289719626168 0.2521891418563923 0.6285046728971962 0.19964973730297722 0.5957943925233645 0.18038528896672504 0.5794392523364486 0.159369527145359 0.4672897196261682 0.15586690017513136 0.38317757009345793 0.1733800350262697 0.3247663551401869
3 0.318739054290718 0.4462616822429907 0.3432574430823117 0.3364485981308411 0.4185639229422067 0.31542056074766356 0.4220665499124343 0.352803738317757 0.37478108581436076 0.530373831775701 0.3607705779334501 0.5607476635514018 0.3169877408056042 0.5397196261682243 0.29422066549912435 0.5397196261682243 0.29947460595446584 0.5116822429906542 0.3134851138353765 0.4883177570093458 0.318739054290718 0.4672897196261682
3 0.5516637478108581 0.6285046728971962 0.5586690017513135 0.6518691588785047 0.5499124343257443 0.6752336448598131 0.5306479859894921 0.6799065420560748 0.5183887915936952 0.6588785046728972 0.542907180385289 0.6518691588785047
3 0.44833625218914186 0.4976635514018692 0.4798598949211909 0.48364485981308414 0.5288966725043783 0.5023364485981309 0.5796847635726795 0.530373831775701 0.563922942206655 0.5817757009345794 0.5394045534150613 0.6425233644859814 0.51138353765324 0.6542056074766355 0.436077057793345 0.6308411214953271 0.3905429071803853 0.6191588785046729 0.3975481611208406 0.5700934579439252 0.4308231173380035 0.5630841121495327 0.4395796847635727 0.530373831775701
3 0.38003502626970226 0.39953271028037385 0.38003502626970226 0.4439252336448598 0.44308231173380036 0.4649532710280374 0.542907180385289 0.5 0.5814360770577933 0.5257009345794392 0.5866900175131349 0.5163551401869159 0.5499124343257443 0.4602803738317757 0.5709281961471103 0.4392523364485981 0.6147110332749562 0.4369158878504673 0.6217162872154116 0.39953271028037385 0.5919439579684763 0.352803738317757 0.5376532399299475 0.3294392523364486 0.4956217162872154 0.2546728971962617 0.4448336252189142 0.20794392523364486 0.4010507880910683 0.1658878504672897 0.37653239929947463 0.19626168224299065 0.4133099824868651 0.25934579439252337 0.415061295971979 0.3037383177570093 0.404553415061296 0.37149532710280375
0 0.17162872154115585 0.3037383177570093 0.15411558669001751 0.3574766355140187 0.14886164623467601 0.40420560747663553 0.15061295971978983 0.4672897196261682 0.1646234676007005 0.5327102803738317 0.1786339754816112 0.5864485981308412 0.2539404553415061 0.647196261682243 0.26444833625218916 0.633177570093458 0.2819614711033275 0.5700934579439252 0.30823117338003503 0.49065420560747663 0.3222416812609457 0.4392523364485981 0.3345008756567426 0.39485981308411217 0.3380035026269702 0.3341121495327103 0.3450087565674256 0.308411214953271 0.3450087565674256 0.23130841121495327 0.3502626970227671 0.1542056074766355 0.3117338003502627 0.13317757009345793 0.28021015761821366 0.1261682242990654 0.2171628721541156 0.1261682242990654 0.1978984238178634 0.19626168224299065
5 0.159369527145359 0.3014018691588785 0.1646234676007005 0.2967289719626168 0.17513134851138354 0.24299065420560748 0.18914185639229422 0.18691588785046728 0.20665499124343256 0.14018691588785046 0.19089316987740806 0.1425233644859813 0.15761821366024517 0.15654205607476634 0.14010507880910683 0.1705607476635514 0.1138353765323993 0.1985981308411215 0.09281961471103327 0.2336448598130841 0.08756567425569177 0.2803738317757009 0.08581436077057793 0.29205607476635514 0.11733800350262696 0.2897196261682243 0.14185639229422067 0.29439252336448596
5 0.18914185639229422 0.29906542056074764 0.19614711033274956 0.2616822429906542 0.20665499124343256 0.21728971962616822 0.21541155866900175 0.17990654205607476 0.22591943957968477 0.14018691588785046 0.2609457092819615 0.14018691588785046 0.29597197898423816 0.14953271028037382 0.3239929947460595 0.1658878504672897 0.3257443082311734 0.17289719626168223 0.329246935201401 0.2383177570093458 0.329246935201401 0.31542056074766356 0.27845884413309985 0.29906542056074764 0.2539404553415061 0.28738317757009346 0.22416812609457093 0.29439252336448596 0.20490367775831875 0.3037383177570093
4 0.8633975481611208 0.7242990654205608 0.87215411558669 0.7242990654205608 0.8844133099824869 0.7266355140186916 0.8931698774080561 0.735981308411215 0.8931698774080561 0.7149532710280374 0.9001751313485113 0.6962616822429907 0.9054290718038529 0.6845794392523364 0.9124343257443083 0.6705607476635514 0.9159369527145359 0.6565420560747663 0.9246935201401051 0.6495327102803738 0.9264448336252189 0.6588785046728972 0.9229422066549913 0.6728971962616822 0.9281961471103327 0.6705607476635514 0.9316987740805605 0.6612149532710281 0.9387040280210157 0.6565420560747663 0.9352014010507881 0.6705607476635514 0.9281961471103327 0.6822429906542056 0.9211908931698775 0.6962616822429907 0.9141856392294221 0.705607476635514 0.9106830122591943 0.7172897196261683 0.9089316987740805 0.7266355140186916 0.9036777583187391 0.735981308411215 0.8966725043782837 0.7476635514018691 0.8879159369527145 0.7570093457943925 0.882661996497373 0.7616822429906542 0.8756567425569177 0.764018691588785 0.8686514886164624 0.7733644859813084 0.8598949211908932 0.7850467289719626 0.851138353765324 0.7920560747663551 0.8458844133099825 0.7967289719626168 0.8388791593695272 0.8060747663551402 0.8318739054290718 0.8130841121495327 0.8231173380035026 0.8154205607476636 0.8213660245183888 0.8060747663551402 0.8266199649737302 0.7990654205607477 0.8318739054290718 0.7920560747663551 0.830122591943958 0.7827102803738317 0.8231173380035026 0.7757009345794392 0.8161120840630472 0.7780373831775701 0.8056042031523643 0.7850467289719626 0.8003502626970228 0.7780373831775701 0.8056042031523643 0.7686915887850467 0.8161120840630472 0.7593457943925234 0.8231173380035026 0.7546728971962616 0.8283712784588442 0.7546728971962616 0.8336252189141856 0.7593457943925234 0.840630472854641 0.7593457943925234 0.8493870402802102 0.7523364485981309 0.8546409807355516 0.7453271028037384 0.8598949211908932 0.7406542056074766 0.8546409807355516 0.7313084112149533
0 0.404553415061296 0.4649532710280374 0.4115586690017513 0.4602803738317757 0.4185639229422067 0.4602803738317757 0.425569176882662 0.46261682242990654 0.4308231173380035 0.4672897196261682 0.436077057793345 0.4766355140186916 0.43782837127845886 0.48364485981308414 0.4413309982486865 0.49065420560747663 0.4413309982486865 0.5 0.4413309982486865 0.5070093457943925 0.4413309982486865 0.5210280373831776 0.4395796847635727 0.530373831775701 0.43782837127845886 0.5373831775700935 0.436077057793345 0.544392523364486 0.43257443082311736 0.5514018691588785 0.4273204903677758 0.5584112149532711 0.4220665499124343 0.5607476635514018 0.4168126094570928 0.5630841121495327 0.4115586690017513 0.5607476635514018 0.4080560420315236 0.5607476635514018 0.4028021015761821 0.5584112149532711 0.3975481611208406 0.5537383177570093 0.3957968476357268 0.5467289719626168 0.3922942206654991 0.5397196261682243 0.3922942206654991 0.5257009345794392 0.3957968476357268 0.5093457943925234 0.3975481611208406 0.4976635514018692 0.4010507880910683 0.48364485981308414 0.4028021015761821 0.4742990654205608
5 0.9054290718038529 0.514018691588785 0.8546409807355516 0.5397196261682243 0.8563922942206655 0.4672897196261682 0.9019264448336253 0.4462616822429907