0 0.4385403323943662 0 0.43661971830985913 0.005660377358490566 0.43802816901408453 0.009433962264150943 0.476056338028169 0.05471698113207547 0.49859154929577465 0.0830188679245283 0.5070422535211268 0.026415094339622643 0.512766923943662 0 0.4385403323943662 0
2 0.34225352112676055 0.15471698113207547 0.34225352112676055 0.18490566037735848 0.3408450704225352 0.2641509433962264 0.34225352112676055 0.3018867924528302 0.3492957746478873 0.29245283018867924 0.36056338028169016 0.2679245283018868 0.3619718309859155 0.2490566037735849 0.36056338028169016 0.12641509433962264 0.34225352112676055 0.15471698113207547
8 0.31971830985915495 0.36792452830188677 0.3211267605633803 0.3849056603773585 0.3154929577464789 0.43018867924528303 0.3183098591549296 0.4320754716981132 0.32816901408450705 0.38113207547169814 0.32816901408450705 0.3660377358490566 0.33943661971830985 0.3886792452830189 0.34225352112676055 0.3867924528301887 0.3295774647887324 0.35471698113207545 0.3408450704225352 0.3339622641509434 0.352112676056338 0.36981132075471695 0.34788732394366195 0.42830188679245285 0.352112676056338 0.4320754716981132 0.3563380281690141 0.38113207547169814 0.36056338028169016 0.3886792452830189 0.36338028169014086 0.3867924528301887 0.3464788732394366 0.3169811320754717 0.3380281690140845 0.32264150943396225 0.33098591549295775 0.33584905660377357 0.3126760563380282 0.3622641509433962 0.2915492957746479 0.3867924528301887 0.2830985915492958 0.4075471698113208 0.28732394366197184 0.3849056603773585 0.28450704225352114 0.38301886792452833 0.27605633802816903 0.41132075471698115 0.27323943661971833 0.39622641509433965 0.2704225352112676 0.39622641509433965 0.2746478873239437 0.4358490566037736 0.27887323943661974 0.4377358490566038 0.29859154929577464 0.3886792452830189 0.30985915492957744 0.41320754716981134 0.31408450704225355 0.41320754716981134 0.3028169014084507 0.38113207547169814 0.3154929577464789 0.3660377358490566 0.31971830985915495 0.36792452830188677
8 0.3676056338028169 0.4320754716981132 0.3647887323943662 0.43018867924528303 0.3619718309859155 0.44716981132075473 0.35492957746478876 0.439622641509434 0.34225352112676055 0.4207547169811321 0.32535211267605635 0.41509433962264153 0.29295774647887324 0.41132075471698115 0.2915492957746479 0.41509433962264153 0.30985915492957744 0.4188679245283019 0.33098591549295775 0.4207547169811321 0.34788732394366195 0.439622641509434 0.3380281690140845 0.4358490566037736 0.32253521126760565 0.4320754716981132 0.29859154929577464 0.42830188679245285 0.2830985915492958 0.4320754716981132 0.27887323943661974 0.44150943396226416 0.28169014084507044 0.44716981132075473 0.32816901408450705 0.4509433962264151 0.3591549295774648 0.4547169811320755 0.4 0.4679245283018868 0.4014084507042254 0.4641509433962264 0.36901408450704226 0.4490566037735849 0.3676056338028169 0.4320754716981132
8 0.4788732394366197 0.439622641509434 0.48732394366197185 0.5113207547169811 0.4915492957746479 0.5377358490566038 0.5 0.5490566037735849 0.504225352112676 0.5358490566037736 0.5014084507042254 0.4811320754716981 0.5028169014084507 0.44716981132075473 0.4971830985915493 0.4207547169811321 0.4563380281690141 0.3660377358490566 0.4563380281690141 0.39433962264150946 0.4788732394366197 0.439622641509434
3 0.5259557338028169 0 0.5098591549295775 0.07547169811320754 0.5056338028169014 0.08113207547169811 0.5169014084507042 0.1471698113207547 0.528169014084507 0.19433962264150945 0.5549295774647888 0.19622641509433963 0.5887323943661972 0.1509433962264151 0.6225352112676056 0.10754716981132076 0.6253521126760564 0.08867924528301886 0.6028169014084507 0.018867924528301886 0.5962441309859154 0 0.5259557338028169 0
3 0.4309859154929577 0.3320754716981132 0.4183098591549296 0.3490566037735849 0.4211267605633803 0.39245283018867927 0.4788732394366197 0.5245283018867924 0.5014084507042254 0.5471698113207547 0.532394366197183 0.46037735849056605 0.4309859154929577 0.3320754716981132
6 0.4098591549295775 0.09622641509433963 0.4028169014084507 0.1 0.39859154929577467 0.10566037735849057 0.3873239436619718 0.11132075471698114 0.38309859154929576 0.1169811320754717 0.38028169014084506 0.11886792452830189 0.3788732394366197 0.1320754716981132 0.3788732394366197 0.13584905660377358 0.3901408450704225 0.13773584905660377 0.3901408450704225 0.1471698113207547 0.39154929577464787 0.15471698113207547 0.4014084507042254 0.15471698113207547 0.4140845070422535 0.14528301886792452 0.4154929577464789 0.13018867924528302 0.4225352112676056 0.13773584905660377 0.4323943661971831 0.1339622641509434 0.43802816901408453 0.12452830188679245 0.43802816901408453 0.10943396226415095 0.4295774647887324 0.09622641509433963 0.4098591549295775 0.09622641509433963
6 0.3971830985915493 0.06981132075471698 0.3971830985915493 0.07924528301886792 0.4014084507042254 0.08113207547169811 0.4028169014084507 0.07169811320754717 0.3971830985915493 0.06981132075471698
6 0.38028169014084506 0.1018867924528302 0.36901408450704226 0.10943396226415095 0.36901408450704226 0.12075471698113208 0.38309859154929576 0.10943396226415095 0.38028169014084506 0.1018867924528302
0 0.5129577464788733 0 0.5084507042253521 0.01509433962264151 0.5014084507042254 0.05471698113207547 0.4971830985915493 0.08490566037735849 0.5070422535211268 0.15660377358490565 0.5169014084507042 0.22641509433962265 0.5183098591549296 0.2622641509433962 0.5197183098591549 0.2943396226415094 0.5225352112676056 0.3264150943396226 0.5450704225352113 0.37735849056603776 0.5605633802816902 0.4188679245283019 0.571830985915493 0.4641509433962264 0.5816901408450704 0.4981132075471698 0.5901408450704225 0.530188679245283 0.5985915492957746 0.560377358490566 0.6028169014084507 0.5867924528301887 0.6084507042253521 0.6132075471698113 0.6126760563380281 0.6339622641509434 0.6154929577464788 0.6584905660377358 0.6225352112676056 0.6735849056603773 0.6309859154929578 0.6981132075471698 0.6464788732394366 0.6811320754716981 0.6535211267605634 0.6622641509433962 0.6549295774647887 0.6283018867924528 0.652112676056338 0.5830188679245283 0.652112676056338 0.5245283018867924 0.6563380281690141 0.439622641509434 0.6563380281690141 0.34150943396226413 0.6605633802816901 0.29245283018867924 0.6633802816901408 0.2622641509433962 0.6577464788732394 0.22075471698113208 0.6507042253521127 0.16037735849056603 0.643661971830986 0.12075471698113208 0.6338028169014085 0.07735849056603773 0.6253521126760564 0.033962264150943396 0.6114084507042253 0 0.5129577464788733 0
8 0.5408450704225352 0.5641509433962264 0.5309859154929577 0.5773584905660377 0.523943661971831 0.5867924528301887 0.5309859154929577 0.5849056603773585 0.5408450704225352 0.5735849056603773 0.5492957746478874 0.5622641509433962 0.5577464788732395 0.5566037735849056 0.5619718309859155 0.5547169811320755 0.5591549295774648 0.5490566037735849 0.5521126760563381 0.5566037735849056 0.5408450704225352 0.5641509433962264
5 0.33943661971830985 0 0.31408450704225355 0.03962264150943396 0.2830985915492958 0.10943396226415095 0.2915492957746479 0.10754716981132076 0.30704225352112674 0.09245283018867924 0.3295774647887324 0.06981132075471698 0.36338028169014086 0.04150943396226415 0.385308776056338 0 0.33943661971830985 0