8 0.2075098814229249 0.643979057591623 0.21146245059288538 0.6335078534031413 0.21739130434782608 0.6335078534031413 0.21739130434782608 0.643979057591623 0.21146245059288538 0.6465968586387435
8 0.1956521739130435 0.6465968586387435 0.19367588932806323 0.6361256544502618 0.2015810276679842 0.6413612565445026 0.20553359683794467 0.6492146596858639 0.19960474308300397 0.6518324607329843
8 0.2134387351778656 0.6544502617801047 0.22332015810276679 0.6570680628272252 0.22727272727272727 0.6675392670157068 0.23122529644268774 0.6832460732984293 0.22924901185770752 0.7015706806282722 0.22529644268774704 0.6884816753926701 0.22332015810276679 0.675392670157068 0.21936758893280633 0.6675392670157068
8 0.1956521739130435 0.6727748691099477 0.20355731225296442 0.6727748691099477 0.20948616600790515 0.6701570680628273 0.2134387351778656 0.6701570680628273 0.21936758893280633 0.680628272251309 0.21739130434782608 0.6884816753926701 0.2134387351778656 0.6989528795811518 0.2075098814229249 0.6963350785340314 0.20553359683794467 0.6884816753926701 0.1956521739130435 0.6858638743455497
8 0.1976284584980237 0.693717277486911 0.20355731225296442 0.693717277486911 0.2075098814229249 0.7015706806282722 0.2015810276679842 0.7068062827225131 0.1976284584980237 0.7041884816753927
8 0.2628458498023715 0.6832460732984293 0.2648221343873518 0.6701570680628273 0.274703557312253 0.6675392670157068 0.2845849802371542 0.6727748691099477 0.29446640316205536 0.675392670157068 0.30632411067193677 0.6832460732984293 0.2964426877470356 0.6832460732984293 0.2865612648221344 0.6780104712041884 0.2766798418972332 0.6780104712041884 0.26877470355731226 0.675392670157068 0.26679841897233203 0.6832460732984293
8 0.2845849802371542 0.7172774869109948 0.2984189723320158 0.7172774869109948 0.3102766798418972 0.7172774869109948 0.3181818181818182 0.7225130890052356 0.3181818181818182 0.7303664921465969 0.31225296442687744 0.7277486910994765 0.308300395256917 0.7225130890052356 0.2964426877470356 0.7225130890052356 0.2845849802371542 0.725130890052356
6 0.6245059288537549 0.6832460732984293 0.6324110671936759 0.680628272251309 0.6363636363636364 0.6910994764397905 0.6245059288537549 0.6963350785340314
6 0.6462450592885376 0.6780104712041884 0.6640316205533597 0.675392670157068 0.6758893280632411 0.675392670157068 0.6739130434782609 0.6884816753926701 0.6640316205533597 0.6832460732984293 0.6600790513833992 0.693717277486911 0.6541501976284585 0.6963350785340314 0.6521739130434783 0.6884816753926701 0.6462450592885376 0.6858638743455497
6 0.7292490118577075 0.5759162303664922 0.7391304347826086 0.5759162303664922 0.7371541501976284 0.5863874345549738 0.7272727272727273 0.5837696335078534
8 0.6126482213438735 0.4973821989528796 0.6245059288537549 0.49214659685863876 0.6343873517786561 0.4895287958115183 0.6462450592885376 0.4973821989528796 0.6324110671936759 0.5 0.6185770750988142 0.5052356020942408
8 0.6739130434782609 0.49476439790575916 0.6936758893280632 0.49476439790575916 0.6996047430830039 0.5026178010471204 0.6897233201581028 0.5026178010471204 0.6719367588932806 0.5026178010471204
8 0.7312252964426877 0.5549738219895288 0.7371541501976284 0.5549738219895288 0.7549407114624506 0.5497382198952879 0.7549407114624506 0.5575916230366492 0.7391304347826086 0.56282722513089 0.7312252964426877 0.56282722513089
3 0.567193675889328 0.5130890052356021 0.6086956521739131 0.4895287958115183 0.6679841897233202 0.4869109947643979 0.7114624505928854 0.4869109947643979 0.7371541501976284 0.4869109947643979 0.7608695652173914 0.5078534031413613 0.7292490118577075 0.5104712041884817 0.5810276679841897 0.518324607329843
3 0.19367588932806323 0.6413612565445026 0.2075098814229249 0.643979057591623 0.22924901185770752 0.6596858638743456 0.233201581027668 0.6989528795811518 0.21936758893280633 0.6963350785340314 0.19960474308300397 0.7068062827225131
3 0.7312252964426877 0.5706806282722513 0.7371541501976284 0.5759162303664922 0.7312252964426877 0.5890052356020943 0.7193675889328063 0.5968586387434555 0.7252964426877471 0.581151832460733
0 0.29051383399209485 0.5523560209424084 0.29051383399209485 0.5235602094240838 0.2984189723320158 0.5104712041884817 0.3557312252964427 0.5104712041884817 0.5158102766798419 0.5157068062827225 0.6264822134387352 0.5104712041884817 0.7252964426877471 0.5104712041884817 0.7312252964426877 0.5392670157068062 0.7312252964426877 0.5680628272251309 0.7193675889328063 0.6047120418848168 0.7055335968379447 0.6387434554973822 0.6857707509881423 0.6518324607329843 0.5968379446640316 0.675392670157068 0.5118577075098815 0.693717277486911 0.3201581027667984 0.6413612565445026 0.30237154150197626 0.5968586387434555
0 0.8656126482213439 0.5602094240837696 0.849802371541502 0.5916230366492147 0.8122529644268774 0.6073298429319371 0.7292490118577075 0.6361256544502618 0.7430830039525692 0.599476439790576 0.7628458498023716 0.5497382198952879 0.7905138339920948 0.5340314136125655 0.8122529644268774 0.5078534031413613 0.8399209486166008 0.450261780104712 0.857707509881423 0.5026178010471204
3 0.7529644268774703 0.5418848167539267 0.7233201581027668 0.5497382198952879 0.7233201581027668 0.5078534031413613 0.741106719367589 0.4973821989528796 0.758893280632411 0.4973821989528796 0.766798418972332 0.5209424083769634