8 0.4782244560301508 1 0.4792713567839196 0.9958123953098827 0.48304020100502515 0.9723618090452262 0.4742462311557789 0.9706867671691792 0.4729899497487437 0.9874371859296482 0.46775544346733666 1 0.4782244560301508 1
8 0.4880653266331658 0.9489112227805695 0.5056532663316583 0.9338358458961474 0.5169597989949749 0.9254606365159129 0.5219849246231156 0.9388609715242882 0.5295226130653267 0.9304857621440537 0.5408291457286433 0.9036850921273032 0.5559045226130653 0.8768844221105527 0.5609296482412061 0.8701842546063652 0.5634422110552764 0.8567839195979899 0.5483668341708543 0.8668341708542714 0.5182160804020101 0.8969849246231156 0.49685929648241206 0.9221105527638191 0.47675879396984927 0.9539363484087102 0.4880653266331658 0.9489112227805695
8 0.5621859296482412 0.6340033500837521 0.5684673366834171 0.6306532663316583 0.5672110552763819 0.6206030150753769 0.5609296482412061 0.6222780569514238 0.5609296482412061 0.6323283082077052 0.5621859296482412 0.6340033500837521
8 0.5621859296482412 0.5150753768844221 0.5672110552763819 0.5117252931323283 0.5684673366834171 0.5033500837520938 0.5621859296482412 0.5 0.5596733668341709 0.5134003350083752 0.5621859296482412 0.5150753768844221
8 0.5081658291457286 0.9673366834170855 0.5131909547738693 0.9505862646566164 0.5157035175879398 0.9388609715242882 0.5094221105527639 0.9338358458961474 0.5069095477386935 0.9422110552763819 0.503140703517588 0.9522613065326633 0.4981155778894472 0.9623115577889447 0.49309045226130654 0.9673366834170855 0.48932160804020103 0.97571189279732 0.4981155778894472 0.9824120603015075 0.5081658291457286 0.9673366834170855
8 0.5332914572864321 0.9120603015075377 0.539572864321608 0.8969849246231156 0.5458542713567839 0.8869346733668342 0.5559045226130653 0.8785594639865997 0.5672110552763819 0.8634840871021775 0.5559045226130653 0.8618090452261307 0.5483668341708543 0.873534338358459 0.5383165829145728 0.8886097152428811 0.5307788944723618 0.8986599664991625 0.5282663316582915 0.9053601340033501 0.5207286432160804 0.9120603015075377 0.5194723618090452 0.9204355108877722 0.5207286432160804 0.9288107202680067 0.5332914572864321 0.9120603015075377
8 0.5018844221105527 0.8852596314907872 0.5069095477386935 0.873534338358459 0.5069095477386935 0.8618090452261307 0.510678391959799 0.8484087102177554 0.5169597989949749 0.8417085427135679 0.5182160804020101 0.8350083752093802 0.5094221105527639 0.8417085427135679 0.5018844221105527 0.855108877721943 0.4943467336683417 0.8685092127303182 0.49309045226130654 0.8852596314907872 0.5018844221105527 0.8852596314907872
8 0.46042713567839194 0.6641541038525963 0.46168341708542715 0.6742043551088778 0.47173366834170855 0.6608040201005025 0.4780150753768844 0.6474036850921273 0.48304020100502515 0.6306532663316583 0.4742462311557789 0.6256281407035176 0.4667085427135678 0.6306532663316583 0.4641959798994975 0.6490787269681743 0.46042713567839194 0.6641541038525963
8 0.4905778894472362 0.6474036850921273 0.4956030150753769 0.6507537688442211 0.5006281407035176 0.6474036850921273 0.5006281407035176 0.6608040201005025 0.5056532663316583 0.6641541038525963 0.510678391959799 0.6624790619765494 0.5144472361809045 0.6490787269681743 0.5182160804020101 0.6373534338358459 0.5257537688442211 0.6340033500837521 0.5295226130653267 0.61892797319933 0.5018844221105527 0.61892797319933 0.4956030150753769 0.6273031825795645 0.4943467336683417 0.6373534338358459 0.4905778894472362 0.6474036850921273
8 0.5257537688442211 0.42629815745393634 0.5119346733668342 0.4547738693467337 0.5131909547738693 0.45979899497487436 0.5295226130653267 0.43132328308207707 0.5257537688442211 0.42629815745393634
8 0.4993718592964824 0.61892797319933 0.5094221105527639 0.6172529313232831 0.5182160804020101 0.6172529313232831 0.5257537688442211 0.6172529313232831 0.5345477386934674 0.6139028475711893 0.5295226130653267 0.6055276381909548 0.5194723618090452 0.6005025125628141 0.5056532663316583 0.602177554438861 0.4981155778894472 0.602177554438861 0.49309045226130654 0.602177554438861 0.48680904522613067 0.6038525963149078 0.48555276381909546 0.6105527638190955 0.48932160804020103 0.6172529313232831 0.4993718592964824 0.61892797319933
8 0.5169597989949749 0.4581239530988275 0.5219849246231156 0.45142378559463986 0.5257537688442211 0.44304857621440535 0.5295226130653267 0.43467336683417085 0.510678391959799 0.44472361809045224 0.5157035175879398 0.4396984924623116 0.5207286432160804 0.43467336683417085 0.5244974874371859 0.4296482412060301 0.5270100502512562 0.42629815745393634 0.5018844221105527 0.44974874371859297 0.5081658291457286 0.46147403685092125 0.5169597989949749 0.4581239530988275
8 0.5270100502512562 0.4899497487437186 0.532035175879397 0.4798994974874372 0.5370603015075377 0.4731993299832496 0.5383165829145728 0.466499162479062 0.5383165829145728 0.4564489112227806 0.5270100502512562 0.466499162479062 0.5182160804020101 0.4765494137353434 0.5131909547738693 0.483249581239531 0.510678391959799 0.4949748743718593 0.5194723618090452 0.4983249581239531 0.5270100502512562 0.4899497487437186
5 0.43404522613065327 0.3458961474036851 0.4315326633165829 0.25711892797319935 0.4239949748743719 0.26046901172529313 0.40766331658291455 0.30067001675041877 0.38756281407035176 0.3509212730318258 0.43404522613065327 0.3458961474036851
8 0.5596733668341709 0.5569514237855946 0.5634422110552764 0.5636515912897823 0.5672110552763819 0.5720268006700168 0.574748743718593 0.5720268006700168 0.5709798994974874 0.5603015075376885 0.5697236180904522 0.5485762144053601 0.5672110552763819 0.5418760469011725 0.5634422110552764 0.533500837520938 0.5584170854271356 0.5251256281407035 0.5571608040201005 0.5402010050251256 0.5571608040201005 0.5485762144053601 0.5596733668341709 0.5569514237855946
8 0.5697236180904522 0.6758793969849246 0.574748743718593 0.6742043551088778 0.5772613065326633 0.6624790619765494 0.5684673366834171 0.6675041876046901 0.5634422110552764 0.6725293132328308 0.5596733668341709 0.6825795644891123 0.5609296482412061 0.6909547738693468 0.5697236180904522 0.6758793969849246
8 0.4641959798994975 0.4966499162479062 0.46545226130653267 0.4815745393634841 0.45791457286432163 0.48659966499162477 0.4566582914572864 0.4966499162479062 0.4566582914572864 0.5083752093802345 0.45540201005025127 0.5150753768844221 0.4629396984924623 0.5100502512562815 0.4641959798994975 0.4966499162479062
6 0.5169597989949749 0.25879396984924624 0.5232412060301508 0.26046901172529313 0.5257537688442211 0.2520938023450586 0.5207286432160804 0.24874371859296482 0.5131909547738693 0.25041876046901174 0.5043969849246231 0.24874371859296482 0.4981155778894472 0.25041876046901174 0.4956030150753769 0.25879396984924624 0.5169597989949749 0.25879396984924624
8 0.4692211055276382 0.4380234505862647 0.4742462311557789 0.4296482412060301 0.48304020100502515 0.4128978224455611 0.49183417085427134 0.39782244556113905 0.4993718592964824 0.38944723618090454 0.5006281407035176 0.38107202680067004 0.5043969849246231 0.3693467336683417 0.5094221105527639 0.3609715242881072 0.5119346733668342 0.3525963149078727 0.5043969849246231 0.3525963149078727 0.49685929648241206 0.3659966499162479 0.49183417085427134 0.3760469011725293 0.48680904522613067 0.3944723618090452 0.47550251256281406 0.4128978224455611 0.46168341708542715 0.44304857621440535 0.46042713567839194 0.4631490787269682 0.4667085427135678 0.4547738693467337 0.4692211055276382 0.4380234505862647
6 0.5722361809045227 0.005862646566164154 0.5646984924623115 0.005862646566164154 0.5571608040201005 0.007537688442211055 0.5471105527638191 0.01423785594639866 0.539572864321608 0.020938023450586266 0.5332914572864321 0.024288107202680067 0.5295226130653267 0.015912897822445562 0.5257537688442211 0.019262981574539362 0.5257537688442211 0.02763819095477387 0.5270100502512562 0.03433835845896147 0.5194723618090452 0.04103852596314908 0.5069095477386935 0.049413735343383586 0.5006281407035176 0.05611390284757119 0.4993718592964824 0.0661641541038526 0.5018844221105527 0.0695142378559464 0.5056532663316583 0.06448911222780569 0.5094221105527639 0.05611390284757119 0.5131909547738693 0.049413735343383586 0.5182160804020101 0.046063651591289785 0.5194723618090452 0.05108877721943048 0.5157035175879398 0.06281407035175879 0.510678391959799 0.076214405360134 0.5094221105527639 0.08961474036850921 0.5056532663316583 0.11139028475711893 0.5056532663316583 0.12646566164154105 0.5056532663316583 0.14656616415410384 0.510678391959799 0.16499162479061977 0.5131909547738693 0.17839195979899497 0.5157035175879398 0.1884422110552764 0.5207286432160804 0.18174204355108878 0.5169597989949749 0.16331658291457288 0.5131909547738693 0.14321608040201006 0.510678391959799 0.12479061976549413 0.5131909547738693 0.10804020100502512 0.5157035175879398 0.08458961474036851 0.5194723618090452 0.0695142378559464 0.5257537688442211 0.052763819095477386 0.5332914572864321 0.04271356783919598 0.539572864321608 0.03768844221105527 0.5471105527638191 0.032663316582914576 0.5445979899497487 0.025963149078726967 0.5496231155778895 0.020938023450586266 0.5559045226130653 0.019262981574539362 0.5621859296482412 0.01256281407035176 0.5734924623115578 0.01423785594639866 0.5722361809045227 0.005862646566164154
8 0.47550251256281406 0.3844221105527638 0.4780150753768844 0.3760469011725293 0.48304020100502515 0.3626465661641541 0.4880653266331658 0.3542713567839196 0.49685929648241206 0.3425460636515913 0.49685929648241206 0.3341708542713568 0.4956030150753769 0.3257956448911223 0.48304020100502515 0.3492462311557789 0.4729899497487437 0.37269681742043553 0.4667085427135678 0.3860971524288107 0.46042713567839194 0.40787269681742044 0.4742462311557789 0.3961474036850921 0.47550251256281406 0.3844221105527638
6 0.5835427135678392 0.010887772194304857 0.5885678391959799 0.007537688442211055 0.5847989949748744 0.0008375209380234506 0.5797738693467337 0.002512562814070352 0.5772613065326633 0.009212730318257957 0.5835427135678392 0.010887772194304857
8 0.4805276381909548 0.3358458961474037 0.48304020100502515 0.3257956448911223 0.48932160804020103 0.32077051926298156 0.4943467336683417 0.31072026800670016 0.4880653266331658 0.31239530988274705 0.48178391959798994 0.3174204355108878 0.47550251256281406 0.32914572864321606 0.46796482412060303 0.33752093802345057 0.4667085427135678 0.3525963149078727 0.47550251256281406 0.347571189279732 0.4805276381909548 0.3358458961474037
6 0.6086683417085427 0.009212730318257957 0.6074120603015075 0.0041876046901172526 0.6061557788944724 0.002512562814070352 0.6011306532663316 0.005862646566164154 0.6048994974874372 0.010887772194304857 0.6086683417085427 0.009212730318257957
8 0.4880653266331658 0.2989949748743719 0.49309045226130654 0.3157453936348409 0.4956030150753769 0.3274706867671692 0.5006281407035176 0.3408710217755444 0.5069095477386935 0.347571189279732 0.510678391959799 0.3609715242881072 0.510678391959799 0.3693467336683417 0.5144472361809045 0.3860971524288107 0.5157035175879398 0.40619765494137355 0.5194723618090452 0.41624790619765495 0.5244974874371859 0.42797319932998323 0.5307788944723618 0.44304857621440535 0.5358040201005025 0.45309882747068675 0.5433417085427136 0.4396984924623116 0.5433417085427136 0.42462311557788945 0.5358040201005025 0.41624790619765495 0.5282663316582915 0.40619765494137355 0.5270100502512562 0.3944723618090452 0.5232412060301508 0.3793969849246231 0.5207286432160804 0.3693467336683417 0.5219849246231156 0.3425460636515913 0.5182160804020101 0.330820770519263 0.510678391959799 0.3174204355108878 0.5069095477386935 0.30234505862646566 0.5043969849246231 0.29229480737018426 0.4993718592964824 0.27386934673366836 0.49685929648241206 0.26214405360134 0.4905778894472362 0.26046901172529313 0.48555276381909546 0.28224455611390287 0.4880653266331658 0.2989949748743719
8 0.47157663316582915 1 0.47173366834170855 0.9974874371859297 0.4704773869346734 0.9773869346733668 0.4692211055276382 0.9522613065326633 0.4667085427135678 0.9388609715242882 0.46545226130653267 0.9422110552763819 0.46168341708542715 0.9623115577889447 0.4641959798994975 0.990787269681742 0.4645596407035176 1 0.47157663316582915 1
8 0.5307788944723618 0.2721943048576214 0.5345477386934674 0.26716917922948075 0.5257537688442211 0.26716917922948075 0.5157035175879398 0.27386934673366836 0.5157035175879398 0.29061976549413737 0.5219849246231156 0.28391959798994976 0.5307788944723618 0.2721943048576214
3 0.5230318253768844 1 0.5219849246231156 0.9958123953098827 0.5219849246231156 0.9656616415410385 0.5270100502512562 0.9455611390284757 0.5332914572864321 0.923785594639866 0.5295226130653267 0.907035175879397 0.5056532663316583 0.9187604690117253 0.48304020100502515 0.9489112227805695 0.4704773869346734 0.9790619765494137 0.4728329145728643 1 0.5230318253768844 1
8 0.5094221105527639 0.26046901172529313 0.4993718592964824 0.26716917922948075 0.5119346733668342 0.26884422110552764 0.5094221105527639 0.26046901172529313
3 0.48932160804020103 0.5938023450586265 0.48304020100502515 0.5703517587939698 0.45791457286432163 0.5653266331658291 0.4491206030150754 0.5737018425460636 0.45037688442211055 0.6139028475711893 0.4528894472361809 0.6155778894472361 0.48304020100502515 0.6172529313232831 0.48932160804020103 0.5938023450586265
8 0.5144472361809045 0.26046901172529313 0.5219849246231156 0.25879396984924624 0.5232412060301508 0.25041876046901174 0.5144472361809045 0.25041876046901174 0.5081658291457286 0.24874371859296482 0.49309045226130654 0.2554438860971524 0.5056532663316583 0.25711892797319935 0.5144472361809045 0.26046901172529313
3 0.5056532663316583 0.7395309882747069 0.5295226130653267 0.7026800670016751 0.5307788944723618 0.6641541038525963 0.5169597989949749 0.6289782244556114 0.4943467336683417 0.6239530988274706 0.4704773869346734 0.6323283082077052 0.4566582914572864 0.6541038525963149 0.45037688442211055 0.6959798994974874 0.46168341708542715 0.7244556113902848 0.4905778894472362 0.7445561139028476 0.5056532663316583 0.7395309882747069
8 0.5559045226130653 0.2889447236180904 0.5584170854271356 0.29061976549413737 0.5709798994974874 0.29731993299832493 0.574748743718593 0.28391959798994976 0.5709798994974874 0.2705192629815745 0.5609296482412061 0.26884422110552764 0.5496231155778895 0.26884422110552764 0.5420854271356784 0.27721943048576214 0.5358040201005025 0.27889447236180903 0.5295226130653267 0.29396984924623115 0.5458542713567839 0.2889447236180904 0.5559045226130653 0.2889447236180904
3 0.5659547738693468 0.5586264656616415 0.5596733668341709 0.5268006700167505 0.5496231155778895 0.5301507537688442 0.5483668341708543 0.5820770519262981 0.5672110552763819 0.5820770519262981 0.5659547738693468 0.5586264656616415
8 0.5282663316582915 0.049413735343383586 0.5358040201005025 0.03768844221105527 0.5458542713567839 0.02931323283082077 0.5546482412060302 0.019262981574539362 0.5659547738693468 0.01256281407035176 0.574748743718593 0.01256281407035176 0.5847989949748744 0.009212730318257957 0.5935929648241206 0.0041876046901172526 0.5810301507537688 0.0008375209380234506 0.5709798994974874 0.0008375209380234506 0.5559045226130653 0.007537688442211055 0.5471105527638191 0.01256281407035176 0.5345477386934674 0.019262981574539362 0.5232412060301508 0.025963149078726967 0.5169597989949749 0.04103852596314908 0.5232412060301508 0.03433835845896147 0.5194723618090452 0.049413735343383586 0.5282663316582915 0.049413735343383586
3 0.5370603015075377 0.4547738693467337 0.5383165829145728 0.4380234505862647 0.5282663316582915 0.40787269681742044 0.5069095477386935 0.4045226130653266 0.49183417085427134 0.4128978224455611 0.48304020100502515 0.42294807370184256 0.4956030150753769 0.4882747068676717 0.5157035175879398 0.483249581239531 0.5370603015075377 0.4547738693467337
3 0.47550251256281406 0.5418760469011725 0.48932160804020103 0.5050251256281407 0.5018844221105527 0.45979899497487436 0.4943467336683417 0.43132328308207707 0.47675879396984927 0.41457286432160806 0.4591708542713568 0.40954773869346733 0.45791457286432163 0.4296482412060301 0.45791457286432163 0.4731993299832496 0.4566582914572864 0.5150753768844221 0.4591708542713568 0.535175879396985 0.4641959798994975 0.550251256281407 0.47550251256281406 0.5418760469011725
3 0.4993718592964824 0.10971524288107203 0.5094221105527639 0.10971524288107203 0.5182160804020101 0.07956448911222781 0.5244974874371859 0.05611390284757119 0.5244974874371859 0.03936348408710218 0.5094221105527639 0.03936348408710218 0.4981155778894472 0.05108877721943048 0.4956030150753769 0.0711892797319933 0.4956030150753769 0.09966499162479062 0.4993718592964824 0.10971524288107203
3 0.5194723618090452 0.16331658291457288 0.5169597989949749 0.13316582914572864 0.5119346733668342 0.13149078726968175 0.4993718592964824 0.11976549413735343 0.4981155778894472 0.13651591289782244 0.503140703517588 0.15494137353433834 0.5169597989949749 0.15996649916247907 0.5194723618090452 0.16331658291457288