3 0.5880597014925373 0.5406593406593406 0.5850746268656717 0.4967032967032967 0.5746268656716418 0.4461538461538462 0.5537313432835821 0.41098901098901097 0.508955223880597 0.3978021978021978 0.4582089552238806 0.4043956043956044 0.4507462686567164 0.45274725274725275 0.44029850746268656 0.49230769230769234 0.4746268656716418 0.5098901098901099 0.5029850746268657 0.5428571428571428 0.5477611940298508 0.5340659340659341 0.5776119402985075 0.5428571428571428
6 0.6208955223880597 0.5648351648351648 0.6134328358208955 0.5582417582417583 0.6029850746268657 0.5582417582417583 0.6014925373134329 0.545054945054945 0.6149253731343284 0.5516483516483517 0.6164179104477612 0.545054945054945 0.6208955223880597 0.545054945054945 0.6223880597014926 0.5406593406593406 0.6208955223880597 0.5340659340659341 0.6253731343283582 0.5252747252747253 0.6313432835820896 0.5208791208791209 0.6388059701492538 0.5186813186813187 0.6447761194029851 0.5186813186813187 0.6462686567164179 0.5230769230769231 0.6373134328358209 0.5274725274725275 0.6313432835820896 0.5318681318681319 0.6283582089552239 0.5494505494505495
8 0.6582089552238806 0.6087912087912087 0.6537313432835821 0.6043956043956044 0.6582089552238806 0.5978021978021978 0.6611940298507463 0.5934065934065934 0.6656716417910448 0.5868131868131868 0.6686567164179105 0.5846153846153846 0.6746268656716418 0.5824175824175825 0.6776119402985075 0.578021978021978 0.682089552238806 0.5714285714285714 0.6880597014925374 0.567032967032967 0.6925373134328359 0.5648351648351648 0.6970149253731344 0.5626373626373626 0.6985074626865672 0.567032967032967 0.6895522388059702 0.5736263736263736 0.6791044776119403 0.5846153846153846 0.6686567164179105 0.5934065934065934
0 0.3776119402985075 0.6043956043956044 0.39104477611940297 0.5934065934065934 0.4164179104477612 0.5516483516483517 0.43582089552238806 0.4967032967032967 0.44477611940298506 0.44835164835164837 0.4462686567164179 0.42857142857142855 0.41940298507462687 0.4351648351648352 0.34776119402985073 0.45714285714285713 0.3208955223880597 0.4725274725274725 0.31044776119402984 0.5076923076923077 0.3029850746268657 0.5516483516483517 0.29850746268656714 0.5956043956043956 0.30895522388059704 0.6021978021978022 0.3417910447761194 0.6065934065934065
0 0.5447761194029851 0.9384615384615385 0.5567164179104478 0.9648351648351648 0.5671641791044776 0.9648351648351648 0.5671641791044776 0.9538461538461539 0.5686567164179105 0.945054945054945 0.5567164179104478 0.945054945054945
3 0.44925373134328356 0.5714285714285714 0.4716417910447761 0.5472527472527473 0.4925373134328358 0.5296703296703297 0.4761194029850746 0.5142857142857142 0.4626865671641791 0.4967032967032967 0.44925373134328356 0.4945054945054945 0.43283582089552236 0.5142857142857142 0.42388059701492536 0.5472527472527473
3 0.6268656716417911 0.45494505494505494 0.591044776119403 0.4989010989010989 0.5895522388059702 0.5472527472527473 0.6253731343283582 0.5648351648351648 0.6537313432835821 0.5560439560439561 0.6746268656716418 0.5362637362637362 0.6895522388059702 0.5186813186813187 0.6865671641791045 0.4989010989010989 0.6626865671641791 0.4725274725274725
8 0.33134328358208953 0.6329670329670329 0.32686567164179103 0.6373626373626373 0.3238805970149254 0.6461538461538462 0.31791044776119404 0.6505494505494506 0.3194029850746269 0.6571428571428571 0.31492537313432833 0.6571428571428571 0.31492537313432833 0.6615384615384615 0.32238805970149254 0.6659340659340659 0.32686567164179103 0.6659340659340659 0.3238805970149254 0.6527472527472528 0.3283582089552239 0.6461538461538462
0 0.517910447761194 0.701098901098901 0.49701492537313435 0.6989010989010989 0.48955223880597015 0.701098901098901 0.47313432835820896 0.7032967032967034 0.45671641791044776 0.701098901098901 0.4223880597014925 0.6857142857142857 0.40746268656716417 0.6747252747252748 0.40298507462686567 0.6681318681318681 0.3895522388059702 0.6505494505494506 0.34328358208955223 0.610989010989011 0.3940298507462687 0.5956043956043956 0.41492537313432837 0.5516483516483517 0.4298507462686567 0.5186813186813187 0.44776119402985076 0.5318681318681319 0.4626865671641791 0.5318681318681319 0.47313432835820896 0.5516483516483517 0.48507462686567165 0.5472527472527473 0.5134328358208955 0.5340659340659341 0.5507462686567164 0.5296703296703297 0.5895522388059702 0.5384615384615384 0.6253731343283582 0.567032967032967 0.6522388059701493 0.6087912087912087 0.6597014925373135 0.6659340659340659 0.655223880597015 0.7274725274725274 0.6507462686567164 0.7384615384615385 0.6447761194029851 0.6923076923076923 0.6343283582089553 0.6461538461538462 0.6179104477611941 0.6263736263736264 0.6059701492537314 0.621978021978022 0.573134328358209 0.643956043956044 0.5537313432835821 0.6571428571428571 0.5253731343283582 0.7054945054945055
8 0.3716417910447761 0.654945054945055 0.3850746268656716 0.6725274725274726 0.4 0.6725274725274726 0.39552238805970147 0.6659340659340659 0.3835820895522388 0.6615384615384615 0.3746268656716418 0.6505494505494506
8 0.4223880597014925 0.6901098901098901 0.3925373134328358 0.701098901098901 0.34776119402985073 0.7208791208791209 0.3283582089552239 0.7362637362637363 0.29701492537313434 0.7692307692307693 0.31492537313432833 0.8021978021978022 0.32985074626865674 0.832967032967033 0.4014925373134328 0.8417582417582418 0.44925373134328356 0.8395604395604396 0.48059701492537316 0.756043956043956 0.5164179104477612 0.7164835164835165 0.5208955223880597 0.6791208791208792 0.44925373134328356 0.6901098901098901
3 0.408955223880597 0.8769230769230769 0.3940298507462687 0.8593406593406593 0.36268656716417913 0.8395604395604396 0.3283582089552239 0.8373626373626374 0.2955223880597015 0.8527472527472527 0.2880597014925373 0.8703296703296703 0.2835820895522388 0.8989010989010989 0.291044776119403 0.9208791208791208 0.35074626865671643 0.9384615384615385 0.3880597014925373 0.9340659340659341 0.4014925373134328 0.9032967032967033
0 0.41492537313432837 0.9274725274725275 0.44328358208955226 0.8747252747252747 0.4716417910447761 0.8395604395604396 0.5014925373134328 0.8263736263736263 0.5343283582089552 0.8153846153846154 0.5567164179104478 0.8065934065934066 0.5358208955223881 0.7912087912087912 0.508955223880597 0.8 0.48208955223880595 0.8087912087912088 0.46865671641791046 0.8065934065934066 0.46119402985074626 0.8 0.44328358208955226 0.8219780219780219 0.4298507462686567 0.8725274725274725 0.4164179104477612 0.9098901098901099