3 0.3466135458167331 0.49471830985915494 0.39575033200531207 0.5052816901408451 0.44223107569721115 0.5598591549295775 0.46613545816733065 0.596830985915493 0.4754316069057105 0.6302816901408451 0.47410358565737054 0.676056338028169 0.450199203187251 0.6725352112676056 0.4249667994687915 0.6725352112676056 0.398406374501992 0.6373239436619719 0.3691899070385126 0.6038732394366197 0.33598937583001326 0.5369718309859155
3 0.35723771580345287 0.653169014084507 0.3930942895086321 0.6637323943661971 0.40239043824701193 0.6971830985915493 0.39176626826029215 0.7288732394366197 0.3559096945551129 0.7200704225352113 0.351925630810093 0.6690140845070423
3 0.3944223107569721 0.7235915492957746 0.40106241699867196 0.6725352112676056 0.43691899070385126 0.6637323943661971 0.4847277556440903 0.6654929577464789 0.5112881806108898 0.6954225352112676 0.50066401062417 0.7376760563380281 0.4767596281540505 0.7640845070422535 0.448871181938911 0.7588028169014085 0.4103585657370518 0.75
3 0.4767596281540505 0.7658450704225352 0.49269588313413015 0.7323943661971831 0.5073041168658698 0.7007042253521126 0.5232403718459495 0.6672535211267606 0.5391766268260292 0.6778169014084507 0.545816733067729 0.6936619718309859 0.5312084993359893 0.7095070422535211 0.5285524568393094 0.727112676056338 0.5139442231075697 0.7482394366197183 0.49800796812749004 0.7746478873239436 0.49667994687915007 0.7975352112676056
3 0.5683930942895087 0.6408450704225352 0.5869853917662683 0.6109154929577465 0.6241699867197875 0.6109154929577465 0.6547144754316069 0.6426056338028169 0.6547144754316069 0.6883802816901409 0.6254980079681275 0.7165492957746479 0.5803452855245684 0.6813380281690141
8 0.4116865869853918 0.6742957746478874 0.4262948207171315 0.6778169014084507 0.4355909694555113 0.6813380281690141 0.450199203187251 0.6866197183098591 0.46082337317397076 0.6883802816901409 0.46879150066401065 0.6954225352112676 0.45683930942895085 0.6954225352112676 0.43824701195219123 0.6901408450704225 0.42231075697211157 0.6830985915492958
6 0.5391766268260292 0.8063380281690141 0.548472775564409 0.7940140845070423 0.5551128818061088 0.795774647887324 0.549800796812749 0.8063380281690141
8 0.4913678618857902 0.602112676056338 0.5073041168658698 0.5985915492957746 0.5192563081009296 0.5985915492957746 0.5152722443559097 0.6056338028169014 0.5033200531208499 0.6126760563380281 0.49667994687915007 0.6126760563380281
8 0.46613545816733065 0.551056338028169 0.4714475431606906 0.551056338028169 0.47277556440903057 0.5598591549295775 0.4648074369189907 0.5545774647887324
3 0.48339973439575035 0.6461267605633803 0.49800796812749004 0.6232394366197183 0.5219123505976095 0.6214788732394366 0.5391766268260292 0.6461267605633803 0.5285524568393094 0.6778169014084507 0.5059760956175299 0.676056338028169
3 0.5962815405046481 0.29225352112676056 0.601593625498008 0.27816901408450706 0.6095617529880478 0.27816901408450706 0.6201859229747676 0.27992957746478875 0.6241699867197875 0.2852112676056338 0.6268260292164675 0.29401408450704225 0.6268260292164675 0.3045774647887324 0.6215139442231076 0.31514084507042256 0.6148738379814077 0.31514084507042256 0.6055776892430279 0.31161971830985913 0.598937583001328 0.30809859154929575 0.5949535192563081 0.301056338028169
3 0.6321381142098274 0.3345070422535211 0.6414342629482072 0.34330985915492956 0.648074369189907 0.36619718309859156 0.6440903054448871 0.3908450704225352 0.6334661354581673 0.41901408450704225 0.6215139442231076 0.44014084507042256 0.6135458167330677 0.4612676056338028 0.601593625498008 0.47007042253521125 0.5922974767596282 0.4524647887323944 0.598937583001328 0.4242957746478873 0.6042496679946879 0.3908450704225352 0.6122177954847278 0.3573943661971831 0.6228419654714475 0.3397887323943662
3 0.8924302788844621 0.6848591549295775 0.8924302788844621 0.670774647887324 0.899070385126162 0.6566901408450704 0.9070385126162018 0.6496478873239436 0.9123505976095617 0.6566901408450704 0.9150066401062417 0.6637323943661971 0.9203187250996016 0.6778169014084507 0.9203187250996016 0.6919014084507042 0.9083665338645418 0.7130281690140845 0.8937583001328021 0.7165492957746479 0.8924302788844621 0.7059859154929577
6 0.9123505976095617 0.7007042253521126 0.9150066401062417 0.6936619718309859 0.9203187250996016 0.6954225352112676 0.9256308100929614 0.6936619718309859 0.9322709163346613 0.6883802816901409 0.9362549800796812 0.6848591549295775 0.9375830013280213 0.6901408450704225 0.9335989375830013 0.6954225352112676 0.9296148738379814 0.7007042253521126 0.9256308100929614 0.704225352112676 0.9189907038512616 0.704225352112676 0.9150066401062417 0.7059859154929577
0 0.5816733067729084 0.301056338028169 0.5909694555112882 0.3028169014084507 0.5896414342629482 0.45598591549295775 0.5869853917662683 0.46830985915492956 0.5830013280212484 0.39436619718309857 0.5816733067729084 0.3397887323943662
8 0.4953519256308101 0.7834507042253521 0.49933598937583 0.7676056338028169 0.5059760956175299 0.7588028169014085 0.5179282868525896 0.7447183098591549 0.5272244355909694 0.7306338028169014 0.5272244355909694 0.7095070422535211 0.5351925630810093 0.6971830985915493 0.5405046480743692 0.6901408450704225 0.5285524568393094 0.6813380281690141 0.5192563081009296 0.6778169014084507 0.5126162018592297 0.6971830985915493 0.5059760956175299 0.7165492957746479 0.49800796812749004 0.7341549295774648 0.48738379814077026 0.7429577464788732 0.47941567065073043 0.7605633802816901
5 0.9468791500664011 0.5827464788732394 0.9057104913678619 0.6267605633802817 0.899070385126162 0.573943661971831 0.9428950863213812 0.551056338028169
0 0.4701195219123506 0.7623239436619719 0.48738379814077026 0.7359154929577465 0.50199203187251 0.7077464788732394 0.5099601593625498 0.6813380281690141 0.5205843293492696 0.6566901408450704 0.5219123505976095 0.6725352112676056 0.5166002656042497 0.6954225352112676 0.5099601593625498 0.7147887323943662 0.49933598937583 0.7359154929577465 0.47941567065073043 0.7552816901408451