3 0.687170474516696 0.6206088992974239 0.6959578207381371 0.6276346604215457 0.7012302284710018 0.6276346604215457 0.7082601054481547 0.629976580796253 0.7170474516695958 0.6346604215456675 0.7240773286467487 0.6346604215456675 0.7311072056239016 0.6323185011709602 0.7398945518453427 0.6252927400468384 0.7469244288224957 0.6182669789227166 0.7609841827768014 0.6112412177985949 0.7697715289982425 0.6065573770491803 0.7768014059753954 0.6018735362997658 0.7697715289982425 0.5901639344262295 0.7521968365553603 0.5878220140515222 0.7434094903339191 0.585480093676815 0.7328646748681898 0.5901639344262295 0.7258347978910369 0.5971896955503513 0.7170474516695958 0.5995316159250585 0.6994727592267135 0.5995316159250585 0.6889279437609842 0.5971896955503513 0.6854130052724078 0.6042154566744731 0.6836555360281195 0.6135831381733021 0.687170474516696 0.6206088992974239
3 0.5289982425307557 0.6018735362997658 0.5606326889279437 0.6042154566744731 0.6010544815465729 0.6042154566744731 0.6274165202108963 0.6042154566744731 0.648506151142355 0.6088992974238876 0.664323374340949 0.6088992974238876 0.6678383128295254 0.6018735362997658 0.664323374340949 0.585480093676815 0.6520210896309314 0.585480093676815 0.6344463971880492 0.5831381733021077 0.616871704745167 0.5831381733021077 0.5992970123022847 0.5831381733021077 0.5764499121265377 0.5784543325526932 0.5641476274165202 0.5761124121779859 0.5448154657293497 0.5737704918032787 0.5289982425307557 0.5714285714285714 0.5096660808435852 0.5667447306791569 0.4973637961335677 0.5644028103044496 0.47627416520210897 0.5737704918032787 0.46045694200351495 0.5831381733021077 0.45342706502636204 0.5995316159250585 0.47627416520210897 0.6018735362997658 0.4903339191564148 0.6018735362997658 0.5096660808435852 0.6018735362997658 0.5289982425307557 0.6018735362997658
3 0.6783831282952548 0.7002341920374707 0.6959578207381371 0.7049180327868853 0.7117750439367311 0.7072599531615925 0.7240773286467487 0.711943793911007 0.7346221441124781 0.7142857142857143 0.7434094903339191 0.7213114754098361 0.7521968365553603 0.7166276346604216 0.7680140597539543 0.7142857142857143 0.7820738137082601 0.7096018735362998 0.7750439367311072 0.6978922716627635 0.7662565905096661 0.6932084309133489 0.7539543057996485 0.6908665105386417 0.7416520210896309 0.6861826697892272 0.7328646748681898 0.6814988290398126 0.7258347978910369 0.6768149882903981 0.7170474516695958 0.6744730679156908 0.7082601054481547 0.6721311475409836 0.70298769771529 0.6627634660421545 0.6959578207381371 0.65807962529274 0.6854130052724078 0.6627634660421545 0.6748681898066784 0.6721311475409836 0.6502636203866432 0.6791569086651054 0.6520210896309314 0.6908665105386417 0.6590509666080844 0.6978922716627635 0.6783831282952548 0.7002341920374707
8 0.4797891036906854 0.5901639344262295 0.4903339191564148 0.5901639344262295 0.4991212653778559 0.5925058548009368 0.507908611599297 0.5925058548009368 0.5131810193321616 0.5901639344262295 0.5202108963093146 0.5737704918032787 0.5149384885764499 0.5714285714285714 0.5131810193321616 0.5807962529274004 0.507908611599297 0.585480093676815 0.4991212653778559 0.585480093676815 0.4903339191564148 0.5807962529274004 0.48154657293497366 0.5831381733021077 0.4710017574692443 0.5831381733021077 0.46221441124780316 0.5878220140515222 0.45518453427065025 0.5925058548009368 0.46221441124780316 0.5925058548009368 0.4710017574692443 0.5901639344262295 0.4797891036906854 0.5901639344262295
8 0.5202108963093146 0.7306791569086651 0.5254833040421792 0.7306791569086651 0.5219683655536028 0.7236533957845434 0.5114235500878734 0.7189695550351288 0.5096660808435852 0.7259953161592506 0.5131810193321616 0.7283372365339579 0.5202108963093146 0.7306791569086651
8 0.7065026362038664 0.6042154566744731 0.7152899824253075 0.6042154566744731 0.7223198594024605 0.6018735362997658 0.7293497363796133 0.6042154566744731 0.7346221441124781 0.5995316159250585 0.7398945518453427 0.594847775175644 0.7521968365553603 0.5925058548009368 0.7592267135325131 0.594847775175644 0.7644991212653779 0.5995316159250585 0.7750439367311072 0.6018735362997658 0.7662565905096661 0.5901639344262295 0.7574692442882249 0.585480093676815 0.7469244288224957 0.585480093676815 0.7416520210896309 0.5878220140515222 0.7363796133567663 0.5925058548009368 0.7293497363796133 0.594847775175644 0.7205623901581723 0.594847775175644 0.7117750439367311 0.5971896955503513 0.7047451669595782 0.5971896955503513 0.6942003514938488 0.594847775175644 0.687170474516696 0.594847775175644 0.6906854130052724 0.6018735362997658 0.6977152899824253 0.6042154566744731 0.7065026362038664 0.6042154566744731
8 0.6959578207381371 0.6252927400468384 0.7047451669595782 0.6229508196721312 0.7082601054481547 0.6252927400468384 0.7152899824253075 0.6229508196721312 0.7205623901581723 0.6159250585480094 0.7100175746924429 0.6159250585480094 0.7012302284710018 0.6135831381733021 0.6924428822495606 0.6112412177985949 0.6854130052724078 0.6088992974238876 0.6836555360281195 0.6182669789227166 0.6889279437609842 0.6206088992974239 0.6959578207381371 0.6252927400468384
8 0.7838312829525483 0.711943793911007 0.7873462214411248 0.711943793911007 0.7855887521968365 0.7049180327868853 0.7838312829525483 0.6978922716627635 0.7803163444639719 0.6908665105386417 0.7750439367311072 0.6885245901639344 0.7750439367311072 0.6908665105386417 0.7768014059753954 0.6955503512880562 0.7785588752196837 0.7049180327868853 0.7838312829525483 0.711943793911007
8 0.8189806678383128 0.7049180327868853 0.8312829525483304 0.6978922716627635 0.836555360281195 0.6932084309133489 0.836555360281195 0.6885245901639344 0.8312829525483304 0.6908665105386417 0.8242530755711776 0.6978922716627635 0.8154657293497364 0.702576112412178 0.8189806678383128 0.7049180327868853
8 0.6994727592267135 0.667447306791569 0.70298769771529 0.6697892271662763 0.7065026362038664 0.667447306791569 0.7012302284710018 0.65807962529274 0.6924428822495606 0.6533957845433255 0.6906854130052724 0.65807962529274 0.6942003514938488 0.6627634660421545 0.6994727592267135 0.667447306791569
8 0.70298769771529 0.6908665105386417 0.7065026362038664 0.6908665105386417 0.7117750439367311 0.6908665105386417 0.718804920913884 0.6932084309133489 0.7223198594024605 0.6908665105386417 0.7293497363796133 0.6932084309133489 0.7363796133567663 0.6932084309133489 0.7434094903339191 0.6932084309133489 0.7486818980667839 0.6932084309133489 0.7557117750439367 0.6978922716627635 0.7609841827768014 0.6978922716627635 0.7662565905096661 0.6978922716627635 0.7627416520210897 0.6932084309133489 0.7574692442882249 0.6885245901639344 0.7486818980667839 0.6885245901639344 0.7346221441124781 0.6838407494145199 0.7240773286467487 0.6861826697892272 0.718804920913884 0.6861826697892272 0.7135325131810193 0.6838407494145199 0.7065026362038664 0.6861826697892272 0.7012302284710018 0.6838407494145199 0.6924428822495606 0.6861826697892272 0.6854130052724078 0.6861826697892272 0.6889279437609842 0.6908665105386417 0.6994727592267135 0.6908665105386417 0.70298769771529 0.6908665105386417
8 0.6836555360281195 0.6791569086651054 0.6889279437609842 0.6791569086651054 0.6854130052724078 0.6768149882903981 0.680140597539543 0.6744730679156908 0.6731107205623902 0.6744730679156908 0.6678383128295254 0.6744730679156908 0.6660808435852372 0.6768149882903981 0.6766256590509666 0.6791569086651054 0.6836555360281195 0.6791569086651054
6 0.523725834797891 0.6206088992974239 0.5307557117750439 0.6206088992974239 0.5360281195079086 0.6182669789227166 0.5325131810193322 0.6135831381733021 0.5360281195079086 0.6042154566744731 0.5307557117750439 0.6018735362997658 0.5254833040421792 0.6018735362997658 0.5184534270650264 0.5971896955503513 0.5166959578207382 0.6018735362997658 0.5202108963093146 0.6112412177985949 0.523725834797891 0.6206088992974239
6 0.48154657293497366 0.7166276346604216 0.4938488576449912 0.7189695550351288 0.492091388400703 0.711943793911007 0.4797891036906854 0.7049180327868853 0.46924428822495606 0.6978922716627635 0.46924428822495606 0.7072599531615925 0.4727592267135325 0.7142857142857143 0.48154657293497366 0.7166276346604216
6 0.7223198594024605 0.639344262295082 0.7293497363796133 0.639344262295082 0.7328646748681898 0.6370023419203747 0.7363796133567663 0.6323185011709602 0.7398945518453427 0.6323185011709602 0.7434094903339191 0.6323185011709602 0.7504393673110721 0.6346604215456675 0.7486818980667839 0.629976580796253 0.7504393673110721 0.6252927400468384 0.7521968365553603 0.6206088992974239 0.7557117750439367 0.6159250585480094 0.7627416520210897 0.6088992974238876 0.7680140597539543 0.6065573770491803 0.7697715289982425 0.6018735362997658 0.7644991212653779 0.6018735362997658 0.7609841827768014 0.6042154566744731 0.7504393673110721 0.6065573770491803 0.7434094903339191 0.6135831381733021 0.7381370826010545 0.6182669789227166 0.7346221441124781 0.6252927400468384 0.7275922671353251 0.629976580796253 0.7240773286467487 0.629976580796253 0.7170474516695958 0.629976580796253 0.7117750439367311 0.6323185011709602 0.7100175746924429 0.6370023419203747 0.7117750439367311 0.639344262295082 0.7223198594024605 0.639344262295082
6 0.7258347978910369 0.7681498829039812 0.7311072056239016 0.7634660421545667 0.7293497363796133 0.7564402810304449 0.7240773286467487 0.7611241217798594 0.7205623901581723 0.7634660421545667 0.7152899824253075 0.7611241217798594 0.7082601054481547 0.7587822014051522 0.7100175746924429 0.7634660421545667 0.7170474516695958 0.7681498829039812 0.7258347978910369 0.7681498829039812
6 0.7240773286467487 0.7306791569086651 0.7275922671353251 0.7353629976580797 0.7258347978910369 0.7377049180327869 0.7223198594024605 0.7377049180327869 0.7223198594024605 0.7400468384074942 0.7240773286467487 0.7400468384074942 0.7258347978910369 0.7423887587822015 0.7275922671353251 0.7423887587822015 0.7311072056239016 0.7400468384074942 0.7328646748681898 0.7377049180327869 0.7293497363796133 0.7330210772833724 0.7293497363796133 0.7283372365339579 0.7258347978910369 0.7236533957845434 0.7223198594024605 0.7236533957845434 0.718804920913884 0.7236533957845434 0.7170474516695958 0.7259953161592506 0.718804920913884 0.7283372365339579 0.7240773286467487 0.7306791569086651
6 0.6695957820738138 0.7189695550351288 0.6660808435852372 0.7189695550351288 0.6678383128295254 0.7259953161592506 0.6695957820738138 0.7306791569086651 0.6695957820738138 0.7353629976580797 0.671353251318102 0.7353629976580797 0.6731107205623902 0.7330210772833724 0.6748681898066784 0.7306791569086651 0.6783831282952548 0.7306791569086651 0.6783831282952548 0.7353629976580797 0.680140597539543 0.7353629976580797 0.6818980667838312 0.7306791569086651 0.680140597539543 0.7259953161592506 0.680140597539543 0.7189695550351288 0.6783831282952548 0.7142857142857143 0.6731107205623902 0.7166276346604216 0.6748681898066784 0.7236533957845434 0.671353251318102 0.7236533957845434 0.6695957820738138 0.7189695550351288
6 0.6836555360281195 0.7049180327868853 0.6889279437609842 0.7072599531615925 0.6942003514938488 0.7049180327868853 0.6924428822495606 0.7002341920374707 0.687170474516696 0.7002341920374707 0.680140597539543 0.7002341920374707 0.6748681898066784 0.7002341920374707 0.6731107205623902 0.7049180327868853 0.6783831282952548 0.7049180327868853 0.6836555360281195 0.7049180327868853
6 0.6502636203866432 0.775175644028103 0.6572934973637962 0.775175644028103 0.6660808435852372 0.775175644028103 0.671353251318102 0.775175644028103 0.671353251318102 0.7704918032786885 0.671353251318102 0.765807962529274 0.6660808435852372 0.765807962529274 0.6625659050966608 0.765807962529274 0.6590509666080844 0.7704918032786885 0.6537785588752196 0.7681498829039812 0.6502636203866432 0.765807962529274 0.6432337434094904 0.765807962529274 0.6449912126537786 0.7704918032786885 0.6467486818980668 0.7728337236533958 0.6502636203866432 0.775175644028103
6 0.5905096660808435 0.747072599531616 0.5887521968365553 0.7377049180327869 0.5887521968365553 0.7330210772833724 0.5852372583479789 0.7377049180327869 0.5852372583479789 0.747072599531616 0.5887521968365553 0.7517564402810304 0.5905096660808435 0.747072599531616
6 0.5782073813708261 0.7775175644028103 0.5852372583479789 0.7775175644028103 0.5905096660808435 0.7798594847775175 0.5957820738137083 0.7728337236533958 0.5887521968365553 0.7681498829039812 0.5834797891036907 0.7728337236533958 0.5764499121265377 0.7704918032786885 0.5729349736379613 0.7634660421545667 0.5711775043936731 0.7704918032786885 0.5711775043936731 0.7728337236533958 0.5782073813708261 0.7775175644028103
0 0.7855887521968365 0.41217798594847777 0.7662565905096661 0.41451990632318503 0.7504393673110721 0.4168618266978923 0.7275922671353251 0.4215456674473068 0.7170474516695958 0.4262295081967213 0.7047451669595782 0.4309133489461358 0.6942003514938488 0.44028103044496486 0.6783831282952548 0.44730679156908665 0.6608084358523726 0.4519906323185012 0.6502636203866432 0.47306791569086654 0.671353251318102 0.47306791569086654 0.6906854130052724 0.48243559718969553 0.7047451669595782 0.49414519906323184 0.7223198594024605 0.5152224824355972 0.7328646748681898 0.5386416861826698 0.7398945518453427 0.5573770491803278 0.7381370826010545 0.5690866510538641 0.7311072056239016 0.5714285714285714 0.718804920913884 0.5690866510538641 0.6942003514938488 0.5714285714285714 0.671353251318102 0.5714285714285714 0.6502636203866432 0.5690866510538641 0.616871704745167 0.5667447306791569 0.5940246045694201 0.5644028103044496 0.5746924428822495 0.5573770491803278 0.5536028119507909 0.550351288056206 0.5413005272407733 0.5409836065573771 0.5342706502636204 0.5292740046838408 0.5096660808435852 0.5386416861826698 0.48857644991212656 0.5526932084309133 0.46397188049209137 0.5644028103044496 0.43409490333919154 0.5761124121779859 0.4428822495606327 0.6018735362997658 0.4270650263620387 0.6229508196721312 0.45342706502636204 0.6791569086651054 0.47451669595782076 0.7236533957845434 0.4850615114235501 0.7587822014051522 0.4973637961335677 0.7985948477751756 0.5008787346221442 0.8149882903981265 0.5377855887521968 0.819672131147541 0.6010544815465729 0.8173302107728337 0.6362038664323374 0.8149882903981265 0.6818980667838312 0.8079625292740047 0.7381370826010545 0.8056206088992974 0.7609841827768014 0.8079625292740047 0.7996485061511424 0.8220140515222483 0.8347978910369068 0.8032786885245902 0.859402460456942 0.7728337236533958 0.8840070298769771 0.747072599531616 0.9086115992970123 0.7049180327868853 0.9279437609841827 0.6791569086651054 0.9244288224956063 0.65807962529274 0.9279437609841827 0.5995316159250585 0.9244288224956063 0.5667447306791569 0.9244288224956063 0.5292740046838408 0.9191564147627417 0.5081967213114754 0.9138840070298769 0.48711943793911006 0.9050966608084359 0.4613583138173302 0.9015817223198594 0.44028103044496486 0.8840070298769771 0.41451990632318503 0.8646748681898067 0.3911007025761124 0.8400702987697716 0.4028103044496487 0.8224956063268892 0.405152224824356 0.8066783831282952 0.41217798594847777 0.7855887521968365 0.41217798594847777
5 0.20738137082601055 0.234192037470726 0.19507908611599298 0.2529274004683841 0.18453427065026362 0.2997658079625293 0.1827768014059754 0.33021077283372363 0.17750439367311072 0.34894613583138173 0.2038664323374341 0.3559718969555035 0.23374340949033393 0.3629976580796253 0.2478031634446397 0.37236533957845436 0.27240773286467485 0.3793911007025761 0.3022847100175747 0.3840749414519906 0.29349736379613356 0.34660421545667447 0.2741652021089631 0.27400468384074944 0.2460456942003515 0.22950819672131148 0.21968365553602812 0.22950819672131148 0.20738137082601055 0.234192037470726
0 0.47627416520210897 0.48243559718969553 0.4850615114235501 0.5105386416861827 0.5166959578207382 0.5480093676814989 0.539543057996485 0.5292740046838408 0.5254833040421792 0.5081967213114754 0.507908611599297 0.4847775175644028 0.4938488576449912 0.45433255269320844 0.4903339191564148 0.4426229508196721 0.6625659050966608 0.47306791569086654 0.6625659050966608 0.45433255269320844 0.3655536028119508 0.38173302107728335 0.3655536028119508 0.4028103044496487 0.4710017574692443 0.44730679156908665 0.47627416520210897 0.48243559718969553
5 0.7275922671353251 0.7283372365339579 0.7100175746924429 0.7049180327868853 0.6625659050966608 0.7072599531615925 0.6414762741652021 0.711943793911007 0.6028119507908611 0.7142857142857143 0.5817223198594025 0.7283372365339579 0.5746924428822495 0.7564402810304449 0.5799648506151143 0.775175644028103 0.6449912126537786 0.7775175644028103 0.7100175746924429 0.765807962529274 0.7328646748681898 0.7611241217798594 0.7275922671353251 0.7283372365339579
5 0.9191564147627417 0.5807962529274004 0.875219683655536 0.6135831381733021 0.8769771528998243 0.6885245901639344 0.9173989455184535 0.6557377049180327 0.9191564147627417 0.5807962529274004