0 0.7148416385255648 1 0.7265160523186682 0.9171597633136095 0.7526753864447087 0.7731755424063116 0.7491082045184304 0.7120315581854043 0.737217598097503 0.7061143984220908 0.6991676575505351 0.7495069033530573 0.6777645659928656 0.9743589743589743 0.6754100689655173 1 0.7148416385255648 1
8 0.7217598097502973 0.6528599605522682 0.638525564803805 0.6429980276134122 0.6504161712247325 0.6844181459566075 0.703923900118906 0.6745562130177515 0.72294887039239 0.6725838264299803 0.7217598097502973 0.6528599605522682
3 0.5374554102259215 0.2859960552268245 0.4946492271105826 0.28994082840236685 0.46135552913198574 0.3155818540433925 0.4470868014268728 0.34122287968441817 0.45541022592152197 0.3668639053254438 0.5124851367419738 0.3905325443786982 0.5636147443519619 0.39250493096646943 0.5374554102259215 0.2859960552268245
3 0.6191378299643282 1 0.6313912009512486 0.873767258382643 0.6123662306777645 0.863905325443787 0.5707491082045184 0.8323471400394478 0.5124851367419738 0.8323471400394478 0.4577883472057075 0.8027613412228797 0.451041903686088 1 0.6191378299643282 1
5 0.44946492271105826 1 0.44946492271105826 0.9704142011834319 0.45541022592152197 0.8323471400394478 0.4161712247324614 0.7751479289940828 0.3448275862068966 0.6982248520710059 0.3341260404280618 0.7593688362919132 0.33174791914387636 0.8757396449704142 0.33650416171224734 0.9881656804733728 0.3387741866825208 1 0.44946492271105826 1
8 0.4894579619500594 1 0.49108204518430437 0.9447731755424064 0.48513674197384066 0.8875739644970414 0.4589774078478002 0.8856015779092702 0.4589774078478002 1 0.4894579619500594 1
8 0.6944114149821641 0.9250493096646942 0.6967895362663495 0.854043392504931 0.6813317479191439 0.8402366863905325 0.6587395957193817 0.8520710059171598 0.6551724137931034 0.9230769230769231 0.6587395957193817 0.9723865877712031 0.6777645659928656 0.980276134122288 0.6944114149821641 0.9250493096646942
8 0.6126304661117716 1 0.6147443519619501 0.9881656804733728 0.6159334126040428 0.9329388560157791 0.5992865636147443 0.9309664694280079 0.5933412604042806 0.9861932938856016 0.5805359916765755 1 0.6126304661117716 1
8 0.5434007134363853 0.9723865877712031 0.5457788347205708 0.9881656804733728 0.5659928656361475 0.9921104536489151 0.5671819262782402 0.9625246548323472 0.5434007134363853 0.9723865877712031
0 0.4768133174791914 0.8047337278106509 0.4530321046373365 0.7850098619329389 0.42568370986920334 0.7593688362919132 0.3983353151010702 0.7357001972386588 0.3697978596908442 0.7021696252465484 0.351961950059453 0.6824457593688363 0.3579072532699168 0.7001972386587771 0.3816884661117717 0.7297830374753451 0.40784780023781214 0.7613412228796844 0.4328180737217598 0.7889546351084813 0.45659928656361476 0.8126232741617357 0.47324613555291317 0.8323471400394478 0.4982164090368609 0.8500986193293886 0.5148632580261593 0.8520710059171598 0.5885850178359097 0.8520710059171598 0.6076099881093936 0.8560157790927022 0.6171224732461356 0.8481262327416174 0.5850178359096314 0.8264299802761341 0.5529131985731273 0.8224852071005917 0.5124851367419738 0.8165680473372781 0.4768133174791914 0.8047337278106509
0 0.618432866825208 1 0.619500594530321 0.9783037475345168 0.6242568370986921 0.873767258382643 0.6147443519619501 0.8658777120315582 0.6052318668252081 0.9428007889546351 0.602933016646849 1 0.618432866825208 1