8 0.42355889724310775 0.3862876254180602 0.424812030075188 0.39464882943143814 0.42606516290726815 0.3979933110367893 0.43107769423558895 0.3963210702341137 0.4323308270676692 0.38461538461538464 0.4323308270676692 0.3762541806020067 0.424812030075188 0.3762541806020067 0.42355889724310775 0.3862876254180602
8 0.4398496240601504 0.4013377926421405 0.44110275689223055 0.40468227424749165 0.4448621553884712 0.4013377926421405 0.44360902255639095 0.39297658862876256 0.4398496240601504 0.3896321070234114 0.43859649122807015 0.39464882943143814 0.4398496240601504 0.4013377926421405
8 0.5100250626566416 0.540133779264214 0.5112781954887218 0.5434782608695652 0.5150375939849624 0.540133779264214 0.5150375939849624 0.5334448160535117 0.5100250626566416 0.5284280936454849 0.5087719298245614 0.5334448160535117 0.5100250626566416 0.540133779264214
8 0.4548872180451128 0.3862876254180602 0.45614035087719296 0.3896321070234114 0.4598997493734336 0.391304347826087 0.46115288220551376 0.38294314381270905 0.4573934837092732 0.3795986622073579 0.45112781954887216 0.38294314381270905 0.4548872180451128 0.3862876254180602
8 0.575187969924812 0.8528428093645485 0.581453634085213 0.8545150501672241 0.5852130325814536 0.8528428093645485 0.5852130325814536 0.8444816053511706 0.5789473684210527 0.8461538461538461 0.5776942355889725 0.8494983277591973 0.575187969924812 0.8528428093645485
8 0.47117794486215536 0.8244147157190636 0.47368421052631576 0.8294314381270903 0.47619047619047616 0.8260869565217391 0.4774436090225564 0.8210702341137124 0.47368421052631576 0.8177257525083612 0.47117794486215536 0.8244147157190636
8 0.5789473684210527 0.9464882943143813 0.5864661654135338 0.9464882943143813 0.5864661654135338 0.9431438127090301 0.5776942355889725 0.9431438127090301 0.5789473684210527 0.9464882943143813
8 0.5977443609022557 0.7274247491638796 0.5964912280701754 0.7324414715719063 0.6015037593984962 0.7341137123745819 0.6040100250626567 0.7357859531772575 0.6077694235588973 0.7357859531772575 0.6102756892230576 0.7240802675585284 0.6102756892230576 0.7107023411371237 0.6027568922305765 0.7190635451505016 0.6015037593984962 0.7240802675585284 0.5977443609022557 0.7274247491638796
8 0.49624060150375937 0.3311036789297659 0.4899749373433584 0.3311036789297659 0.4924812030075188 0.3394648829431438 0.49624060150375937 0.34615384615384615 0.5 0.34448160535117056 0.5012531328320802 0.33612040133779264 0.49624060150375937 0.3311036789297659
3 0.5538847117794486 0.5217391304347826 0.5639097744360902 0.5150501672240803 0.568922305764411 0.5083612040133779 0.575187969924812 0.4866220735785953 0.5776942355889725 0.4698996655518395 0.5776942355889725 0.45819397993311034 0.5726817042606517 0.4397993311036789 0.5626566416040101 0.41304347826086957 0.5576441102756893 0.3896321070234114 0.5488721804511278 0.38461538461538464 0.5426065162907269 0.3795986622073579 0.5363408521303258 0.362876254180602 0.5288220551378446 0.34615384615384615 0.5075187969924813 0.33612040133779264 0.49373433583959897 0.32608695652173914 0.4799498746867168 0.3210702341137124 0.4674185463659148 0.32274247491638797 0.4573934837092732 0.33277591973244147 0.44360902255639095 0.34782608695652173 0.42857142857142855 0.3612040133779264 0.4223057644110276 0.38461538461538464 0.41604010025062654 0.391304347826087 0.41228070175438597 0.4013377926421405 0.4223057644110276 0.44481605351170567 0.42857142857142855 0.4782608695652174 0.43859649122807015 0.5100334448160535 0.44110275689223055 0.5250836120401338 0.43358395989974935 0.560200668896321 0.43609022556390975 0.5769230769230769 0.4448621553884712 0.5886287625418061 0.4573934837092732 0.5769230769230769 0.45864661654135336 0.5618729096989966 0.45614035087719296 0.5418060200668896 0.46616541353383456 0.5451505016722408 0.47117794486215536 0.560200668896321 0.4824561403508772 0.5568561872909699 0.48872180451127817 0.5518394648829431 0.4974937343358396 0.5484949832775919 0.5050125313283208 0.5451505016722408 0.5087719298245614 0.5418060200668896 0.5162907268170426 0.540133779264214 0.525062656641604 0.5334448160535117 0.5350877192982456 0.5284280936454849 0.5538847117794486 0.5217391304347826
6 0.40225563909774437 0.5785953177257525 0.40350877192982454 0.5819397993311036 0.40601503759398494 0.5785953177257525 0.40350877192982454 0.5735785953177257 0.40225563909774437 0.5785953177257525
6 0.4273182957393484 0.5167224080267558 0.4323308270676692 0.5167224080267558 0.4323308270676692 0.5033444816053512 0.4273182957393484 0.5033444816053512 0.4273182957393484 0.5167224080267558