3 0.397196261682243 0.436241610738255 0.2850467289719626 0.4451901565995526 0.2554517133956386 0.4720357941834452 0.21962616822429906 0.5369127516778524 0.20093457943925233 0.6040268456375839 0.26635514018691586 0.7181208053691275 0.3115264797507788 0.6845637583892618 0.35669781931464173 0.6375838926174496 0.4454828660436137 0.5816554809843401 0.48753894080996885 0.5861297539149888 0.440809968847352 0.49440715883668906 0.40498442367601245 0.43400447427293065
8 0.5498442367601246 0.6599552572706935 0.5545171339563862 0.6510067114093959 0.5965732087227414 0.6017897091722595 0.5996884735202492 0.6040268456375839 0.5623052959501558 0.6532438478747203 0.5545171339563862 0.6666666666666666 0.5529595015576324 0.6666666666666666
8 0.7663551401869159 0.43847874720357943 0.7757009345794392 0.43847874720357943 0.7850467289719626 0.436241610738255 0.7975077881619937 0.4317673378076063 0.8068535825545171 0.4317673378076063 0.7990654205607477 0.4407158836689038 0.7959501557632399 0.4407158836689038 0.7866043613707165 0.4429530201342282 0.778816199376947 0.4429530201342282 0.7679127725856698 0.4451901565995526
8 0.7850467289719626 0.43400447427293065 0.7881619937694704 0.4250559284116331 0.7897196261682243 0.4317673378076063 0.7881619937694704 0.4451901565995526 0.7866043613707165 0.4541387024608501 0.7834890965732088 0.46308724832214765 0.780373831775701 0.4563758389261745 0.7834890965732088 0.44742729306487694
8 0.5529595015576324 0.680089485458613 0.5607476635514018 0.668903803131991 0.5654205607476636 0.6621923937360179 0.573208722741433 0.6510067114093959 0.5763239875389408 0.6465324384787472 0.5778816199376947 0.6465324384787472 0.5778816199376947 0.6532438478747203 0.5716510903426791 0.6621923937360179 0.5623052959501558 0.6733780760626398 0.559190031152648 0.680089485458613 0.5545171339563862 0.6845637583892618
8 0.5623052959501558 0.6912751677852349 0.5700934579439252 0.7002237136465325 0.5747663551401869 0.7069351230425056 0.5778816199376947 0.7069351230425056 0.5841121495327103 0.7114093959731543 0.5825545171339563 0.7158836689038032 0.5747663551401869 0.7158836689038032 0.5669781931464174 0.70917225950783 0.5638629283489096 0.7046979865771812 0.559190031152648 0.697986577181208
8 0.5202492211838006 0.7136465324384788 0.5295950155763239 0.70917225950783 0.5358255451713395 0.7046979865771812 0.5389408099688473 0.697986577181208 0.543613707165109 0.6935123042505593 0.5482866043613707 0.7002237136465325 0.5498442367601246 0.70917225950783 0.5404984423676013 0.7136465324384788 0.5327102803738317 0.7203579418344519 0.5264797507788161 0.727069351230425 0.5218068535825545 0.727069351230425 0.5186915887850467 0.7225950782997763
8 0.5514018691588785 0.3870246085011186 0.5560747663551402 0.38478747203579416 0.5623052959501558 0.3870246085011186 0.5654205607476636 0.39149888143176736 0.5747663551401869 0.3959731543624161 0.5809968847352025 0.3982102908277405 0.5887850467289719 0.40492170022371365 0.5919003115264797 0.4116331096196868 0.5856697819314641 0.41387024608501116 0.5809968847352025 0.41387024608501116 0.5763239875389408 0.407158836689038 0.5716510903426791 0.40492170022371365 0.5654205607476636 0.40268456375838924 0.5623052959501558 0.4004474272930649 0.557632398753894 0.39373601789709173 0.5545171339563862 0.39373601789709173 0.5514018691588785 0.39149888143176736
8 0.48598130841121495 0.5682326621923938 0.49221183800623053 0.5659955257270693 0.5 0.5816554809843401 0.5093457943925234 0.5950782997762863 0.5062305295950156 0.5973154362416108 0.49221183800623053 0.5816554809843401 0.48753894080996885 0.5704697986577181
8 0.4968847352024922 0.5950782997762863 0.5015576323987538 0.5995525727069351 0.5062305295950156 0.6062639821029083 0.5093457943925234 0.610738255033557 0.5124610591900312 0.6152125279642058 0.5109034267912772 0.6196868008948546 0.5077881619937694 0.6219239373601789 0.5093457943925234 0.6308724832214765 0.5062305295950156 0.6331096196868009 0.5015576323987538 0.6263982102908278 0.5015576323987538 0.6196868008948546 0.5062305295950156 0.6174496644295302 0.5031152647975078 0.6085011185682326 0.4984423676012461 0.6017897091722595 0.4937694704049844 0.5973154362416108
8 0.5389408099688473 0.6174496644295302 0.5404984423676013 0.6174496644295302 0.5420560747663551 0.6241610738255033 0.5451713395638629 0.6286353467561522 0.543613707165109 0.6353467561521253 0.5404984423676013 0.6375838926174496 0.5358255451713395 0.6353467561521253 0.5358255451713395 0.6286353467561522 0.5373831775700935 0.6241610738255033
8 0.5358255451713395 0.6487695749440716 0.5389408099688473 0.6442953020134228 0.5420560747663551 0.6510067114093959 0.5451713395638629 0.6577181208053692 0.5498442367601246 0.6644295302013423 0.5545171339563862 0.6711409395973155 0.557632398753894 0.6778523489932886 0.5560747663551402 0.6868008948545862 0.5529595015576324 0.6823266219239373 0.5467289719626168 0.668903803131991 0.5389408099688473 0.6554809843400448
3 0.440809968847352 0.43400447427293065 0.4672897196261682 0.43400447427293065 0.48442367601246106 0.42953020134228187 0.4984423676012461 0.42058165548098436 0.5077881619937694 0.4116331096196868 0.5295950155763239 0.40268456375838924 0.5420560747663551 0.39373601789709173 0.5716510903426791 0.3870246085011186 0.6199376947040498 0.4228187919463087 0.6308411214953271 0.43847874720357943 0.6355140186915887 0.45861297539149887 0.6417445482866043 0.5123042505592841 0.6401869158878505 0.5302013422818792 0.6261682242990654 0.5816554809843401 0.6090342679127726 0.6196868008948546 0.5825545171339563 0.6532438478747203 0.5700934579439252 0.6733780760626398 0.5498442367601246 0.6823266219239373 0.5062305295950156 0.5883668903803132 0.48130841121495327 0.5615212527964206 0.4657320872274143 0.5391498881431768 0.4532710280373832 0.5011185682326622 0.440809968847352 0.4742729306487696
4 0.3629283489096573 0.47651006711409394 0.3691588785046729 0.4809843400447427 0.37538940809968846 0.47651006711409394 0.3847352024922118 0.4697986577181208 0.3894080996884735 0.4697986577181208 0.3909657320872274 0.47651006711409394 0.3909657320872274 0.4854586129753915 0.3925233644859813 0.4899328859060403 0.3878504672897196 0.4988814317673378 0.38006230529595014 0.5078299776286354 0.37383177570093457 0.5011185682326622 0.37383177570093457 0.5078299776286354 0.367601246105919 0.5100671140939598 0.3644859813084112 0.5145413870246085 0.3644859813084112 0.5212527964205816 0.3644859813084112 0.5324384787472036 0.3598130841121495 0.5346756152125279 0.3582554517133956 0.5234899328859061 0.3582554517133956 0.5145413870246085 0.35514018691588783 0.5033557046979866 0.3582554517133956 0.49440715883668906 0.3598130841121495 0.48769574944071586 0.3598130841121495 0.4809843400447427
4 0.4236760124610592 0.49440715883668906 0.4252336448598131 0.5011185682326622 0.42834890965732086 0.5011185682326622 0.42990654205607476 0.5100671140939598 0.42679127725856697 0.5123042505592841 0.4252336448598131 0.5167785234899329 0.4221183800623053 0.5234899328859061 0.4221183800623053 0.5302013422818792 0.4205607476635514 0.5346756152125279 0.4205607476635514 0.5391498881431768 0.4158878504672897 0.5391498881431768 0.411214953271028 0.5369127516778524 0.40965732087227413 0.5436241610738255 0.40498442367601245 0.5458612975391499 0.397196261682243 0.5458612975391499 0.3940809968847352 0.5480984340044742 0.3925233644859813 0.5503355704697986 0.3894080996884735 0.5548098434004475 0.3878504672897196 0.5503355704697986 0.3847352024922118 0.5480984340044742 0.38006230529595014 0.5458612975391499 0.38006230529595014 0.5391498881431768 0.38161993769470404 0.5346756152125279 0.3909657320872274 0.5369127516778524 0.3956386292834891 0.5346756152125279 0.40031152647975077 0.5369127516778524 0.40654205607476634 0.5302013422818792 0.411214953271028 0.5257270693512305 0.4127725856697819 0.5190156599552572 0.4174454828660436 0.5190156599552572 0.4190031152647975 0.5145413870246085 0.4221183800623053 0.5123042505592841 0.4221183800623053 0.5055928411633109 0.4236760124610592 0.4988814317673378
4 0.37538940809968846 0.44966442953020136 0.37850467289719625 0.44966442953020136 0.38317757009345793 0.4519015659955257 0.38317757009345793 0.45861297539149887 0.37850467289719625 0.45861297539149887 0.37694704049844235 0.4608501118568233 0.37383177570093457 0.4608501118568233 0.37538940809968846 0.46756152125279643 0.3707165109034268 0.46756152125279643 0.367601246105919 0.4697986577181208 0.3660436137071651 0.4720357941834452 0.3629283489096573 0.47651006711409394 0.3613707165109034 0.47651006711409394 0.3613707165109034 0.4720357941834452 0.3613707165109034 0.46756152125279643 0.3613707165109034 0.46308724832214765 0.3644859813084112 0.4608501118568233 0.3660436137071651 0.4563758389261745 0.3691588785046729 0.4563758389261745 0.37227414330218067 0.4563758389261745 0.37538940809968846 0.4541387024608501
4 0.19003115264797507 0.5548098434004475 0.19470404984423675 0.5503355704697986 0.20249221183800623 0.5480984340044742 0.2118380062305296 0.5391498881431768 0.21806853582554517 0.5369127516778524 0.22585669781931464 0.5279642058165548 0.23052959501557632 0.5279642058165548 0.22741433021806853 0.5346756152125279 0.22429906542056074 0.5391498881431768 0.21962616822429906 0.5458612975391499 0.21495327102803738 0.5480984340044742 0.2118380062305296 0.5503355704697986 0.2102803738317757 0.5592841163310962 0.2087227414330218 0.5637583892617449 0.205607476635514 0.5570469798657718 0.20404984423676012 0.5659955257270693 0.19937694704049844 0.5637583892617449 0.19781931464174454 0.5727069351230425 0.19470404984423675 0.5704697986577181 0.19158878504672897 0.5682326621923938
4 0.1791277258566978 0.5637583892617449 0.1822429906542056 0.5637583892617449 0.1838006230529595 0.5682326621923938 0.1838006230529595 0.5727069351230425 0.1806853582554517 0.5727069351230425 0.1791277258566978 0.5704697986577181
4 0.1791277258566978 0.6085011185682326 0.1838006230529595 0.6129753914988815 0.1838006230529595 0.6196868008948546 0.1791277258566978 0.6241610738255033 0.17445482866043613 0.6241610738255033 0.17445482866043613 0.6196868008948546 0.17445482866043613 0.6129753914988815 0.17601246105919002 0.610738255033557
4 0.07320872274143302 0.5078299776286354 0.0763239875389408 0.5033557046979866 0.0778816199376947 0.5078299776286354 0.0778816199376947 0.5145413870246085 0.07476635514018691 0.5145413870246085 0.07476635514018691 0.5123042505592841
3 0.5669781931464174 0.680089485458613 0.5856697819314641 0.6733780760626398 0.6043613707165109 0.668903803131991 0.6214953271028038 0.6599552572706935 0.6386292834890965 0.6554809843400448 0.6464174454828661 0.6621923937360179 0.632398753894081 0.6756152125279642 0.6199376947040498 0.6845637583892618 0.5996884735202492 0.7002237136465325 0.5934579439252337 0.7114093959731543 0.5841121495327103 0.7114093959731543 0.5763239875389408 0.7069351230425056 0.5654205607476636 0.697986577181208 0.5623052959501558 0.6890380313199105
0 0.4953271028037383 0.6420581655480985 0.5062305295950156 0.6554809843400448 0.5062305295950156 0.668903803131991 0.5077881619937694 0.6778523489932886 0.5109034267912772 0.6957494407158836 0.5109034267912772 0.70917225950783 0.5109034267912772 0.7136465324384788 0.5124610591900312 0.7181208053691275 0.5124610591900312 0.7293064876957495 0.5124610591900312 0.7360178970917226 0.514018691588785 0.756152125279642 0.514018691588785 0.7628635346756152 0.514018691588785 0.7695749440715883 0.5124610591900312 0.7785234899328859 0.5077881619937694 0.7740492170022372 0.5062305295950156 0.7651006711409396 0.5046728971962616 0.7539149888143176 0.5046728971962616 0.7404921700223713 0.5046728971962616 0.7337807606263982 0.5046728971962616 0.7225950782997763 0.5031152647975078 0.70917225950783 0.5 0.6957494407158836 0.4984423676012461 0.6778523489932886 0.4968847352024922 0.6666666666666666 0.4953271028037383 0.6532438478747203
8 0.1853582554517134 0.7651006711409396 0.2118380062305296 0.7829977628635347 0.2383177570093458 0.7785234899328859 0.2336448598130841 0.7606263982102909 0.20249221183800623 0.7628635346756152
0 0.4470404984423676 0.4899328859060403 0.45482866043613707 0.5123042505592841 0.46261682242990654 0.5346756152125279 0.4750778816199377 0.5548098434004475 0.48753894080996885 0.5704697986577181 0.5 0.5816554809843401 0.5124610591900312 0.5950782997762863 0.5233644859813084 0.6174496644295302 0.5342679127725857 0.6375838926174496 0.543613707165109 0.6577181208053692 0.557632398753894 0.6823266219239373 0.5700934579439252 0.7046979865771812 0.5825545171339563 0.7136465324384788 0.5685358255451713 0.7225950782997763 0.5498442367601246 0.7002237136465325 0.5264797507788161 0.6554809843400448 0.5109034267912772 0.6219239373601789 0.4984423676012461 0.6017897091722595 0.48442367601246106 0.5861297539149888 0.4719626168224299 0.5727069351230425 0.45950155763239875 0.5525727069351231 0.4517133956386293 0.5324384787472036 0.4439252336448598 0.5145413870246085 0.43769470404984423 0.49217002237136465 0.43146417445482865 0.465324384787472 0.43769470404984423 0.46308724832214765