6 0.37024608501118567 0.4133738601823708 0.3724832214765101 0.4027355623100304 0.3680089485458613 0.39361702127659576 0.3668903803131991 0.378419452887538 0.36577181208053694 0.3541033434650456 0.3665823691275168 0.3386855197568389 0.3635346756152125 0.3252279635258359 0.3568232662192394 0.33890577507598785 0.354586129753915 0.35714285714285715 0.3568232662192394 0.38753799392097266 0.3579418344519016 0.40425531914893614 0.36465324384787473 0.4316109422492401 0.37024608501118567 0.4133738601823708
6 0.45302013422818793 0.5851063829787234 0.4463087248322148 0.5623100303951368 0.43400447427293065 0.5395136778115501 0.4228187919463087 0.5319148936170213 0.4261744966442953 0.5531914893617021 0.43400447427293065 0.5714285714285714 0.44407158836689037 0.5851063829787234 0.45302013422818793 0.5851063829787234
6 0.49776286353467564 0.4787234042553192 0.5044742729306487 0.4726443768996961 0.5100671140939598 0.46808510638297873 0.5167785234899329 0.4513677811550152 0.5223713646532439 0.4376899696048632 0.5123042505592841 0.44072948328267475 0.5067114093959731 0.45288753799392095 0.5 0.4696048632218845 0.49776286353467564 0.4787234042553192
8 0.569351230425056 0.2978723404255319 0.5648769574944071 0.2917933130699088 0.5648769574944071 0.31762917933130697 0.569351230425056 0.32674772036474165 0.5715883668903803 0.3161094224924012 0.569351230425056 0.2978723404255319
8 0.49776286353467564 0.2796352583586626 0.4966442953020134 0.270516717325228 0.48769574944071586 0.2765957446808511 0.49328859060402686 0.2887537993920973 0.49776286353467564 0.2796352583586626
6 0.37293064876957494 0.48814589665653496 0.36577181208053694 0.48936170212765956 0.3668903803131991 0.5106382978723404 0.3724832214765101 0.5212765957446809 0.383668903803132 0.5212765957446809 0.3769574944071588 0.5045592705167173 0.37293064876957494 0.48814589665653496
6 0.5067114093959731 0.3768996960486322 0.5011185682326622 0.3890577507598784 0.5134228187919463 0.3890577507598784 0.5167785234899329 0.3738601823708207 0.5067114093959731 0.3768996960486322
3 0.37024608501118567 0.378419452887538 0.3680089485458613 0.44680851063829785 0.3680089485458613 0.47416413373860183 0.3870246085011186 0.5273556231003039 0.43847874720357943 0.5547112462006079 0.46196868008948544 0.5775075987841946 0.47651006711409394 0.5653495440729484 0.4854586129753915 0.5015197568389058 0.5089485458612976 0.46048632218844987 0.5324384787472036 0.41793313069908816 0.5201342281879194 0.3465045592705167 0.5067114093959731 0.31762917933130697 0.4753914988814318 0.3009118541033435 0.43512304250559286 0.2872340425531915 0.4116331096196868 0.3069908814589666 0.37919463087248323 0.34498480243161095 0.37024608501118567 0.378419452887538
0 0.7102908277404921 0.3069908814589666 0.703579418344519 0.2765957446808511 0.6834451901565995 0.2507598784194529 0.6711409395973155 0.23708206686930092 0.6722595078299777 0.2750759878419453 0.6767337807606264 0.30547112462006076 0.6923937360178971 0.31155015197568386 0.7102908277404921 0.3069908814589666
8 0.5961968680089486 0.49240121580547114 0.6029082774049217 0.5030395136778115 0.6185682326621924 0.5106382978723404 0.6140939597315436 0.4969604863221885 0.6085011185682326 0.4878419452887538 0.5961968680089486 0.49240121580547114
8 0.5995525727069351 0.5 0.5917225950782998 0.49848024316109424 0.587248322147651 0.5151975683890577 0.5917225950782998 0.5106382978723404 0.5995525727069351 0.5
8 0.5738255033557047 0.5699088145896657 0.5671140939597316 0.5638297872340425 0.558165548098434 0.5775075987841946 0.5648769574944071 0.574468085106383 0.5738255033557047 0.5699088145896657
8 0.5861297539149888 0.7370820668693009 0.5760626398210291 0.756838905775076 0.5939597315436241 0.7370820668693009 0.5973154362416108 0.7310030395136778 0.5861297539149888 0.7370820668693009
8 0.6442953020134228 0.8054711246200608 0.639821029082774 0.7963525835866262 0.6308724832214765 0.7978723404255319 0.6230425055928411 0.8069908814589666 0.6342281879194631 0.8115501519756839 0.6442953020134228 0.8130699088145896 0.6442953020134228 0.8054711246200608
8 0.6812080536912751 0.8085106382978723 0.6834451901565995 0.7933130699088146 0.6823266219239373 0.7796352583586627 0.6767337807606264 0.7720364741641338 0.6655480984340044 0.790273556231003 0.6655480984340044 0.8069908814589666 0.6756152125279642 0.8115501519756839 0.6812080536912751 0.8085106382978723
8 0.7337807606263982 0.7629179331306991 0.738255033557047 0.7537993920972644 0.7371364653243848 0.7401215805471124 0.7315436241610739 0.7264437689969605 0.7192393736017897 0.7249240121580547 0.7192393736017897 0.7340425531914894 0.7225950782997763 0.743161094224924 0.7337807606263982 0.7629179331306991
8 0.7695749440715883 0.6854103343465046 0.7595078299776287 0.6793313069908815 0.7539149888143176 0.682370820668693 0.761744966442953 0.6884498480243161 0.7695749440715883 0.6930091185410334 0.7695749440715883 0.6854103343465046
8 0.7796420581655481 0.5987841945288754 0.7829977628635347 0.5927051671732523 0.7740492170022372 0.5972644376899696 0.7639821029082774 0.6033434650455927 0.767337807606264 0.6063829787234043 0.772930648769575 0.6033434650455927 0.7796420581655481 0.5987841945288754
8 0.7628635346756152 0.5288753799392097 0.7583892617449665 0.5334346504559271 0.7550335570469798 0.541033434650456 0.7651006711409396 0.5334346504559271 0.772930648769575 0.5288753799392097 0.7695749440715883 0.5227963525835866 0.7651006711409396 0.5227963525835866 0.7628635346756152 0.5288753799392097
8 0.6666666666666666 0.46656534954407297 0.6733780760626398 0.47112462006079026 0.6767337807606264 0.45440729483282677 0.6834451901565995 0.44984802431610943 0.674496644295302 0.44832826747720367 0.6666666666666666 0.45288753799392095 0.6666666666666666 0.46656534954407297
8 0.6364653243847874 0.46048632218844987 0.6297539149888143 0.46504559270516715 0.6219239373601789 0.4696048632218845 0.6152125279642058 0.47720364741641336 0.6096196868008948 0.4848024316109423 0.6140939597315436 0.4848024316109423 0.6241610738255033 0.4756838905775076 0.6342281879194631 0.4696048632218845 0.6431767337807607 0.46200607902735563 0.6532438478747203 0.45896656534954405 0.6498881431767338 0.45288753799392095 0.6442953020134228 0.45592705167173253 0.6364653243847874 0.46048632218844987
8 0.772930648769575 0.5820668693009119 0.7785234899328859 0.5805471124620061 0.7841163310961968 0.5775075987841946 0.7796420581655481 0.5729483282674772 0.7751677852348994 0.574468085106383 0.772930648769575 0.5820668693009119
8 0.5514541387024608 0.6246200607902735 0.5548098434004475 0.6185410334346505 0.5548098434004475 0.6094224924012158 0.5536912751677853 0.601823708206687 0.5514541387024608 0.60790273556231 0.5503355704697986 0.6155015197568389 0.5514541387024608 0.6246200607902735
8 0.5961968680089486 0.7826747720364742 0.5939597315436241 0.7750759878419453 0.5861297539149888 0.776595744680851 0.5883668903803132 0.7826747720364742 0.5939597315436241 0.7872340425531915 0.5961968680089486 0.7826747720364742
8 0.6297539149888143 0.7857142857142857 0.62751677852349 0.7978723404255319 0.6331096196868009 0.7887537993920972 0.6342281879194631 0.7796352583586627 0.6297539149888143 0.7857142857142857
8 0.6711409395973155 0.7613981762917933 0.6655480984340044 0.7629179331306991 0.6644295302013423 0.7720364741641338 0.668903803131991 0.7720364741641338 0.6722595078299777 0.7674772036474165 0.6711409395973155 0.7613981762917933
3 0.4272930648769575 0.270516717325228 0.4317673378076063 0.2553191489361702 0.4228187919463087 0.23252279635258358 0.40268456375838924 0.23556231003039513 0.3970917225950783 0.2689969604863222 0.4082774049217002 0.2750759878419453 0.4272930648769575 0.270516717325228