5 0.4983569335006273 0 0.46612296110414053 0.06916666666666667 0.5037641154328732 0.06916666666666667 0.5388958594730239 0.050833333333333335 0.5563250803011293 0 0.4983569335006273 0
8 0.5464240903387704 0.6208333333333333 0.5614805520702635 0.5808333333333333 0.5664993726474279 0.5275 0.5614805520702635 0.4891666666666667 0.541405269761606 0.4091666666666667 0.5213299874529486 0.3825 0.49247176913425345 0.41083333333333333 0.47616060225846923 0.4525 0.4397741530740276 0.4841666666666667 0.41969887076537016 0.5041666666666667 0.4347553324968632 0.5141666666666667 0.4598494353826851 0.5391666666666667 0.49372647427854455 0.5675 0.5363864491844417 0.6075 0.5464240903387704 0.6208333333333333
3 0.7885821831869511 0.6175 0.7810539523212046 0.6191666666666666 0.7747804265997491 0.6258333333333334 0.7835633626097867 0.6325 0.7948557089084065 0.6325 0.801129234629862 0.6258333333333334 0.801129234629862 0.6141666666666666 0.7910915934755333 0.6158333333333333 0.7885821831869511 0.6175
3 0.41718946047678795 0.4058333333333333 0.3996235884567127 0.3908333333333333 0.3795483061480552 0.37916666666666665 0.3607277289836888 0.38416666666666666 0.3456712672521957 0.42083333333333334 0.34316185696361357 0.4675 0.35194479297365117 0.48583333333333334 0.3858218318695107 0.5025 0.40087829360100374 0.5091666666666667 0.40589711417816815 0.4975 0.41468005018820575 0.45916666666666667 0.41718946047678795 0.4058333333333333
8 0.6179422835633626 0.5658333333333333 0.5890840652446675 0.5858333333333333 0.5715181932245922 0.5941666666666666 0.5564617314930991 0.5925 0.5589711417816813 0.6091666666666666 0.5727728983688833 0.6058333333333333 0.6129234629861983 0.5891666666666666 0.6317440401505646 0.5758333333333333 0.6468005018820577 0.5475 0.6179422835633626 0.5658333333333333
8 0.5915934755332497 0.6508333333333334 0.56900878293601 0.6125 0.5602258469259724 0.5908333333333333 0.5476787954830615 0.6141666666666666 0.5526976160602258 0.6308333333333334 0.5803011292346298 0.6591666666666667 0.5991217063989962 0.6925 0.6166875784190715 0.7241666666666666 0.6179422835633626 0.6958333333333333 0.5915934755332497 0.6508333333333334
1 0.5865746549560853 0.5041666666666667 0.5803011292346298 0.5058333333333334 0.581555834378921 0.5191666666666667 0.5915934755332497 0.5241666666666667 0.595357590966123 0.5141666666666667 0.5903387703889585 0.5041666666666667 0.5865746549560853 0.5041666666666667
1 0.3670012547051443 0.47583333333333333 0.3594730238393977 0.4891666666666667 0.3720200752823087 0.5008333333333334 0.3820577164366374 0.5025 0.3808030112923463 0.4891666666666667 0.3670012547051443 0.47583333333333333
1 0.6154328732747805 0.42583333333333334 0.6166875784190715 0.41083333333333333 0.6079046424090339 0.4041666666666667 0.5991217063989962 0.4058333333333333 0.596612296110414 0.4241666666666667 0.6079046424090339 0.4325 0.6154328732747805 0.42583333333333334
1 0.595357590966123 0.5791666666666667 0.5777917189460476 0.5891666666666666 0.5577164366373902 0.5908333333333333 0.5577164366373902 0.6075 0.5727728983688833 0.6041666666666666 0.5878293601003765 0.6041666666666666 0.6053952321204517 0.5908333333333333 0.6028858218318696 0.5758333333333333 0.595357590966123 0.5791666666666667
1 0.41468005018820575 0.6308333333333334 0.3958594730238394 0.6241666666666666 0.37829360100376414 0.6341666666666667 0.38707653701380174 0.6525 0.40338770388958595 0.6675 0.4247176913425345 0.6675 0.4272271016311167 0.6575 0.4209535759096612 0.6358333333333334 0.41468005018820575 0.6308333333333334
3 0.4109159347553325 0.4241666666666667 0.4096612296110414 0.4058333333333333 0.3845671267252196 0.3925 0.3682559598494354 0.3975 0.35194479297365117 0.4025 0.34441656210790467 0.4125 0.34190715181932246 0.4275 0.34190715181932246 0.44916666666666666 0.34316185696361357 0.4675 0.35570890840652447 0.49083333333333334 0.3707653701380176 0.5025 0.38833124215809284 0.5091666666666667 0.3983688833124216 0.5091666666666667 0.41468005018820575 0.5025 0.4096612296110414 0.4741666666666667 0.4109159347553325 0.4241666666666667
1 0.37327478042659973 0.4841666666666667 0.3619824341279799 0.4775 0.35445420326223337 0.4791666666666667 0.35319949811794227 0.4875 0.3619824341279799 0.4975 0.3795483061480552 0.5058333333333334 0.3820577164366374 0.5025 0.3808030112923463 0.49083333333333334 0.37327478042659973 0.4841666666666667