5 0.03513174404015056 0.37166666666666665 0.1618569636135508 0.4483333333333333 0.17565872020075282 0.495 0.17565872020075282 0.545 0.043914680050188205 0.43666666666666665
8 0.5809284818067754 0.45166666666666666 0.5508155583437893 0.5083333333333333 0.5294855708908407 0.5533333333333333 0.5106649937264742 0.5866666666666667 0.5031367628607277 0.6066666666666667 0.4880803011292346 0.58 0.4642409033877039 0.5316666666666666 0.4328732747804266 0.51 0.411543287327478 0.4716666666666667 0.4316185696361355 0.445 0.4918444165621079 0.41833333333333333 0.520702634880803 0.4116666666666667 0.560853199498118 0.41833333333333333 0.5909661229611042 0.43833333333333335
3 0.9372647427854455 0.23 0.9222082810539524 0.245 0.918444165621079 0.265 0.9259723964868256 0.27166666666666667 0.9385194479297365 0.26 0.9422835633626098 0.24666666666666667 0.9385194479297365 0.23166666666666666
3 0.8845671267252195 0.08166666666666667 0.8958594730238394 0.05333333333333334 0.9121706398996235 0.04666666666666667 0.9222082810539524 0.051666666666666666 0.9284818067754078 0.08833333333333333 0.9196988707653702 0.10833333333333334 0.9021329987452948 0.14666666666666667 0.8920953575909661 0.14333333333333334 0.8870765370138017 0.11833333333333333
3 0.5872020075282308 0.11333333333333333 0.5859473023839398 0.1 0.5947302383939774 0.1 0.5997490589711418 0.10833333333333334 0.5997490589711418 0.12333333333333334 0.5947302383939774 0.135 0.589711417816813 0.12666666666666668 0.588456712672522 0.11666666666666667
3 0.4981179422835634 0.625 0.46925972396486826 0.6133333333333333 0.42910915934755334 0.61 0.4178168130489335 0.6333333333333333 0.4090338770388959 0.66 0.4127979924717691 0.685 0.44040150564617314 0.705 0.4755332496863237 0.7083333333333334 0.4893350062735257 0.6966666666666667 0.5018820577164367 0.6516666666666666 0.506900878293601 0.6316666666666667
8 0.5357590966122961 0.305 0.5570890840652447 0.325 0.5671267252195734 0.35 0.5796737766624843 0.4033333333333333 0.5821831869510665 0.4216666666666667 0.5696361355081556 0.425 0.5708908406524467 0.405 0.5646173149309912 0.38166666666666665 0.5495608531994981 0.3433333333333333
8 0.6687578419071518 0.345 0.6474278544542033 0.3433333333333333 0.6135508155583438 0.37833333333333335 0.5846925972396487 0.4083333333333333 0.5683814303638645 0.42 0.5859473023839398 0.43666666666666665 0.5984943538268507 0.43 0.6198243412797992 0.3933333333333333 0.644918444165621 0.36833333333333335
1 0.5031367628607277 0.38 0.5106649937264742 0.37333333333333335 0.5181932245922208 0.37833333333333335 0.5144291091593476 0.39166666666666666 0.5043914680050188 0.3933333333333333 0.5031367628607277 0.385
1 0.5018820577164367 0.6566666666666666 0.4918444165621079 0.6583333333333333 0.48180677540777916 0.6766666666666666 0.4918444165621079 0.6866666666666666 0.5006273525721455 0.67
1 0.44291091593475534 0.37166666666666665 0.4491844416562108 0.3566666666666667 0.44416562107904645 0.3466666666666667 0.4328732747804266 0.345 0.42785445420326224 0.3566666666666667 0.42910915934755334 0.36833333333333335
1 0.5570890840652447 0.36333333333333334 0.5683814303638645 0.36 0.5784190715181933 0.38333333333333336 0.5784190715181933 0.4033333333333333 0.5809284818067754 0.42333333333333334 0.5683814303638645 0.42333333333333334 0.5671267252195734 0.39666666666666667 0.5595984943538268 0.37333333333333335
1 0.6022584692597239 0.605 0.6185696361355082 0.5966666666666667 0.6260978670012547 0.6 0.6260978670012547 0.6283333333333333 0.6148055207026348 0.65 0.6010037641154329 0.6616666666666666 0.5934755332496863 0.6383333333333333 0.5984943538268507 0.6133333333333333
3 0.5018820577164367 0.6133333333333333 0.48055207026348806 0.62 0.44291091593475534 0.6183333333333333 0.42910915934755334 0.62 0.4190715181932246 0.6533333333333333 0.4228356336260979 0.675 0.42659974905897113 0.6966666666666667 0.4341279799247177 0.7066666666666667 0.4454203262233375 0.71 0.4617314930991217 0.71 0.4755332496863237 0.7083333333333334 0.493099121706399 0.6916666666666667 0.5018820577164367 0.6716666666666666 0.506900878293601 0.6483333333333333 0.506900878293601 0.635
1 0.5018820577164367 0.6566666666666666 0.493099121706399 0.6583333333333333 0.4880803011292346 0.6683333333333333 0.48306148055207027 0.6833333333333333 0.48431618569636137 0.6933333333333334 0.4905897114178168 0.695 0.4981179422835634 0.6833333333333333 0.5043914680050188 0.66