8 0.5944584382871536 0.75 0.6095717884130982 0.7583892617449665 0.6057934508816121 0.7818791946308725 0.5969773299748111 0.7835570469798657 0.5919395465994962 0.7667785234899329
8 0.5113350125944585 0.7550335570469798 0.5327455919395466 0.7684563758389261 0.552896725440806 0.7802013422818792 0.5843828715365239 0.7969798657718121 0.610831234256927 0.8154362416107382 0.6045340050377834 0.8305369127516778 0.570528967254408 0.8221476510067114 0.5403022670025189 0.7936241610738255 0.5188916876574308 0.7818791946308725 0.5075566750629723 0.7684563758389261
8 0.5403022670025189 0.6644295302013423 0.5503778337531486 0.6711409395973155 0.5680100755667506 0.6711409395973155 0.5831234256926953 0.674496644295302 0.5894206549118388 0.6828859060402684 0.570528967254408 0.6845637583892618 0.5516372795969773 0.6795302013422819 0.5415617128463476 0.6761744966442953 0.5365239294710328 0.6677852348993288
8 0.48614609571788414 0.610738255033557 0.4924433249370277 0.6124161073825504 0.5 0.62248322147651 0.5088161209068011 0.6291946308724832 0.5188916876574308 0.6409395973154363 0.5214105793450882 0.6493288590604027 0.5100755667506297 0.6426174496644296 0.5012594458438288 0.6325503355704698 0.49370277078085645 0.6241610738255033
8 0.33123425692695213 0.5973154362416108 0.3690176322418136 0.610738255033557 0.3690176322418136 0.6191275167785235 0.33753148614609574 0.6090604026845637
8 0.2695214105793451 0.7030201342281879 0.3249370277078086 0.6845637583892618 0.327455919395466 0.6912751677852349 0.29848866498740556 0.7046979865771812 0.27329974811083124 0.7080536912751678
8 0.4244332493702771 0.6996644295302014 0.4609571788413098 0.7130872483221476 0.45717884130982367 0.7181208053691275 0.4256926952141058 0.7063758389261745
8 0.3501259445843829 0.7365771812080537 0.3765743073047859 0.7449664429530202 0.37531486146095716 0.75 0.3501259445843829 0.7416107382550335
8 0.5743073047858942 0.7718120805369127 0.5919395465994962 0.7818791946308725 0.5944584382871536 0.7953020134228188 0.570528967254408 0.790268456375839
8 0.5138539042821159 0.6140939597315436 0.535264483627204 0.6157718120805369 0.5604534005037783 0.6208053691275168 0.5919395465994962 0.6291946308724832 0.6032745591939547 0.6476510067114094 0.5818639798488665 0.6426174496644296 0.5680100755667506 0.6342281879194631 0.5478589420654912 0.6308724832214765 0.5251889168765743 0.62248322147651 0.5151133501259446 0.6208053691275168
8 0.2972292191435768 0.5973154362416108 0.3136020151133501 0.6006711409395973 0.3110831234256927 0.6073825503355704 0.29345088161209065 0.6090604026845637
8 0.6020151133501259 0.6778523489932886 0.6120906801007556 0.6778523489932886 0.6133501259445844 0.6862416107382551 0.6020151133501259 0.6845637583892618
8 0.6335012594458438 0.7399328859060402 0.6385390428211587 0.7466442953020134 0.6397984886649875 0.7785234899328859 0.6372795969773299 0.8036912751677853
3 0.17632241813602015 0.3422818791946309 0.22921914357682618 0.32550335570469796 0.26700251889168763 0.3271812080536913 0.29974811083123426 0.33557046979865773 0.34760705289672544 0.3422818791946309 0.3979848866498741 0.43288590604026844 0.4534005037783375 0.44966442953020136 0.5125944584382871 0.46476510067114096 0.5554156171284634 0.4848993288590604 0.6057934508816121 0.4949664429530201 0.6309823677581864 0.5167785234899329 0.6297229219143576 0.6476510067114094 0.6297229219143576 0.6996644295302014 0.6221662468513854 0.714765100671141 0.6322418136020151 0.7516778523489933 0.6322418136020151 0.7919463087248322 0.6209068010075567 0.8204697986577181 0.6095717884130982 0.8640939597315436 0.5579345088161209 0.837248322147651 0.5239294710327456 0.8204697986577181 0.47858942065491183 0.7936241610738255 0.4508816120906801 0.7818791946308725 0.4193954659949622 0.7667785234899329 0.3891687657430731 0.7550335570469798 0.353904282115869 0.7365771812080537 0.3249370277078086 0.7281879194630873 0.28463476070528965 0.709731543624161 0.2607052896725441 0.6996644295302014 0.23551637279596976 0.6929530201342282 0.22040302267002518 0.6879194630872483 0.21536523929471033 0.6778523489932886
4 0.9357682619647355 0.6157718120805369 0.9521410579345088 0.62248322147651 0.9697732997481109 0.6241610738255033 0.9911838790931989 0.6375838926174496 0.9974811083123426 0.6526845637583892 0.9949622166246851 0.6694630872483222 0.9848866498740554 0.6912751677852349 0.9710327455919395 0.6895973154362416 0.9634760705289672 0.6795302013422819 0.9546599496221663 0.6694630872483222 0.9445843828715366 0.6694630872483222 0.9408060453400504 0.6593959731543624 0.9395465994962217 0.6409395973154363 0.9357682619647355 0.6308724832214765
4 0.9685138539042821 0.7533557046979866 0.9785894206549118 0.7600671140939598 0.9848866498740554 0.7651006711409396 0.9848866498740554 0.7768456375838926 0.9785894206549118 0.7768456375838926 0.9722921914357683 0.7718120805369127 0.964735516372796 0.7667785234899329 0.964735516372796 0.7583892617449665
8 0.7947103274559194 0.6493288590604027 0.8035264483627204 0.6459731543624161 0.8047858942065491 0.6577181208053692 0.801007556675063 0.6577181208053692 0.7947103274559194 0.6543624161073825
3 0.8967254408060453 0.6073825503355704 0.9105793450881612 0.6040268456375839 0.9256926952141058 0.6140939597315436 0.9319899244332494 0.6191275167785235 0.9395465994962217 0.6526845637583892 0.9483627204030227 0.6711409395973155 0.9483627204030227 0.6912751677852349 0.9622166246851386 0.7030201342281879 0.9773299748110831 0.714765100671141 0.9836272040302267 0.738255033557047 0.9848866498740554 0.7667785234899329 0.9672544080604534 0.7667785234899329 0.9508816120906801 0.7634228187919463 0.924433249370277 0.7533557046979866 0.8954659949622166 0.7365771812080537 0.8627204030226701 0.7248322147651006 0.836272040302267 0.709731543624161 0.8110831234256927 0.6963087248322147 0.8022670025188917 0.6761744966442953 0.7972292191435768 0.6593959731543624 0.8136020151133502 0.639261744966443 0.8501259445843828 0.6241610738255033 0.8702770780856424 0.6157718120805369 0.8866498740554156 0.6124161073825504
0 0.6360201511335013 0.20134228187919462 0.6397984886649875 0.3724832214765101 0.6146095717884131 0.3691275167785235 0.6120906801007556 0.18791946308724833
0 0.6523929471032746 0.3808724832214765 0.6410579345088161 0.5268456375838926 0.6322418136020151 0.5268456375838926 0.6309823677581864 0.37919463087248323
0 0.6397984886649875 0.7080536912751678 0.6423173803526449 0.7583892617449665 0.6410579345088161 0.7969798657718121 0.6309823677581864 0.837248322147651 0.6196473551637279 0.8791946308724832 0.6045340050377834 0.8674496644295302 0.6272040302267002 0.7835570469798657 0.6259445843828715 0.7231543624161074 0.6309823677581864 0.697986577181208
0 0.681360201511335 0.7953020134228188 0.690176322418136 0.8204697986577181 0.6788413098236776 0.8674496644295302 0.6574307304785895 0.9177852348993288 0.6347607052896725 0.9177852348993288 0.48614609571788414 0.8322147651006712 0.39420654911838793 0.7768456375838926 0.3992443324937028 0.7516778523489933 0.47732997481108314 0.7818791946308725 0.5188916876574308 0.802013422818792 0.5629722921914357 0.8305369127516778 0.6045340050377834 0.8540268456375839 0.6297229219143576 0.87248322147651 0.6486146095717884 0.8842281879194631