8 0.3695106649937265 0.4841666666666667 0.3569636135508156 0.49416666666666664 0.3695106649937265 0.49416666666666664 0.3820577164366374 0.49416666666666664 0.3946047678795483 0.49583333333333335 0.40464240903387705 0.5008333333333334 0.4109159347553325 0.5125 0.4234629861982434 0.5108333333333334 0.4134253450439147 0.5008333333333334 0.40464240903387705 0.4891666666666667 0.39084065244667504 0.4825 0.3695106649937265 0.4841666666666667
8 0.5100376411543287 0.6075 0.501254705144291 0.5975 0.4874529485570891 0.5891666666666666 0.4749058971141782 0.5858333333333333 0.4623588456712672 0.5775 0.4598494353826851 0.5891666666666666 0.4749058971141782 0.5958333333333333 0.4887076537013802 0.6025 0.501254705144291 0.6125 0.5112923462986199 0.6208333333333333 0.5213299874529486 0.6325 0.5326223337515684 0.6491666666666667 0.541405269761606 0.6591666666666667 0.5526976160602258 0.6658333333333334 0.5464240903387704 0.6508333333333334 0.5363864491844417 0.6358333333333334 0.5225846925972396 0.6208333333333333 0.5100376411543287 0.6075
8 0.3958594730238394 0.5891666666666666 0.3933500627352572 0.5941666666666666 0.3983688833124216 0.5941666666666666 0.40213299874529485 0.5925 0.40589711417816815 0.5875 0.40338770388958595 0.5841666666666666 0.3996235884567127 0.5841666666666666 0.3958594730238394 0.5891666666666666
8 0.6442910915934755 0.7108333333333333 0.6430363864491845 0.7141666666666666 0.6468005018820577 0.7158333333333333 0.6493099121706399 0.7158333333333333 0.6555834378920954 0.7141666666666666 0.6530740276035132 0.7091666666666666 0.6493099121706399 0.7108333333333333 0.6455457967377666 0.7075 0.6442910915934755 0.7041666666666667 0.6405269761606023 0.7041666666666667 0.6380175658720201 0.7041666666666667 0.6380175658720201 0.7075 0.6392722710163111 0.7108333333333333 0.6442910915934755 0.7108333333333333
3 0.2766624843161857 0.5408333333333334 0.2590966122961104 0.5708333333333333 0.40213299874529485 0.6075 0.4397741530740276 0.6141666666666666 0.46612296110414053 0.6208333333333333 0.49372647427854455 0.6275 0.513801756587202 0.6341666666666667 0.541405269761606 0.6608333333333334 0.5639899623588457 0.6975 0.5740276035131744 0.7108333333333333 0.5740276035131744 0.7375 0.5978670012547052 0.7425 0.6292346298619824 0.7458333333333333 0.6493099121706399 0.7458333333333333 0.6693851944792973 0.7341666666666666 0.678168130489335 0.7275 0.6982434127979925 0.7208333333333333 0.7070263488080301 0.7108333333333333 0.7220828105395232 0.7025 0.7396486825595985 0.6775 0.7383939774153074 0.6608333333333334 0.7296110414052698 0.6308333333333334 0.7158092848180677 0.5858333333333333 0.7158092848180677 0.5508333333333333 0.704516938519448 0.49916666666666665 0.7020075282308658 0.4708333333333333 0.6869510664993727 0.45416666666666666 0.6468005018820577 0.44583333333333336 0.6154328732747805 0.44083333333333335 0.5865746549560853 0.4691666666666667 0.5602258469259724 0.5075 0.5338770388958595 0.5158333333333334 0.5163111668757842 0.5275 0.472396486825596 0.5241666666666667 0.22647427854454202 0.3475 0.37703889585947303 0.5125 0.30175658720200754 0.5175 0.2766624843161857 0.5408333333333334
3 0.7396486825595985 0.4608333333333333 0.7358845671267252 0.49916666666666665 0.7245922208281054 0.5375 0.7245922208281054 0.5675 0.7383939774153074 0.6108333333333333 0.7421580928481807 0.6491666666666667 0.7547051442910916 0.6591666666666667 0.7572145545796738 0.6475 0.760978670012547 0.6058333333333333 0.7697616060225847 0.5891666666666666 0.7823086574654956 0.5691666666666667 0.7823086574654956 0.5275 0.773525721455458 0.4658333333333333 0.773525721455458 0.4075 0.7697616060225847 0.36583333333333334 0.7484316185696361 0.41583333333333333 0.7421580928481807 0.4425 0.7396486825595985 0.4608333333333333
0 0.5338770388958595 0.4475 0.5464240903387704 0.46416666666666667 0.5589711417816813 0.4708333333333333 0.5715181932245922 0.4708333333333333 0.581555834378921 0.4575 0.5853199498117942 0.44583333333333336 0.5928481806775407 0.43583333333333335 0.6079046424090339 0.4325 0.624215809284818 0.43583333333333335 0.6380175658720201 0.43416666666666665 0.6580928481806776 0.42916666666666664 0.6668757841907151 0.4191666666666667 0.6718946047678795 0.3958333333333333 0.6668757841907151 0.3825 0.6405269761606023 0.3575 0.6204516938519448 0.3458333333333333 0.6154328732747805 0.3308333333333333 0.6028858218318696 0.31083333333333335 0.581555834378921 0.30916666666666665 0.5627352572145545 0.31416666666666665 0.5476787954830615 0.3258333333333333 0.5326223337515684 0.33916666666666667 0.5175658720200753 0.3575 0.5175658720200753 0.3908333333333333 0.5238393977415308 0.4225 0.5338770388958595 0.4475
8 0.49247176913425345 0.38416666666666666 0.4887076537013802 0.3825 0.4849435382685069 0.3825 0.47992471769134254 0.3825 0.47616060225846923 0.3825 0.47616060225846923 0.3875 0.47741530740276034 0.3925 0.47867001254705144 0.3975 0.48243412797992474 0.39916666666666667 0.486198243412798 0.3925 0.48996235884567124 0.3908333333333333 0.49623588456712675 0.3908333333333333 0.4987452948557089 0.3925 0.5 0.39916666666666667 0.501254705144291 0.3958333333333333 0.5025094102885822 0.3875 0.501254705144291 0.38416666666666666 0.4974905897114178 0.38416666666666666 0.49247176913425345 0.38416666666666666
6 0.4498117942283563 0.5925 0.5100376411543287 0.6275 0.5238393977415308 0.6158333333333333 0.46612296110414053 0.5708333333333333 0.4498117942283563 0.5808333333333333 0.4498117942283563 0.5925
8 0.5175658720200753 0.4425 0.5213299874529486 0.44583333333333336 0.5250941028858218 0.4425 0.5288582183186951 0.43583333333333335 0.526348808030113 0.43083333333333335 0.5213299874529486 0.4325 0.5188205771643664 0.4375 0.5175658720200753 0.4425
6 0.38833124215809284 0.5958333333333333 0.40589711417816815 0.5975 0.4109159347553325 0.5841666666666666 0.3858218318695107 0.5741666666666667 0.38833124215809284 0.5958333333333333
8 0.526348808030113 0.4508333333333333 0.5326223337515684 0.4508333333333333 0.5326223337515684 0.4475 0.5313676286072773 0.44083333333333335 0.527603513174404 0.43916666666666665 0.5238393977415308 0.4425 0.5250941028858218 0.4475 0.526348808030113 0.4508333333333333
8 0.5351317440401505 0.4691666666666667 0.5388958594730239 0.4708333333333333 0.5426599749058971 0.4691666666666667 0.5451693851944793 0.4675 0.5451693851944793 0.4625 0.541405269761606 0.4575 0.5388958594730239 0.4608333333333333 0.5363864491844417 0.4625 0.5351317440401505 0.4691666666666667
8 0.4611041405269762 0.38083333333333336 0.49121706398996234 0.4025 0.49498117942283565 0.38416666666666666 0.46737766624843163 0.36916666666666664 0.4611041405269762 0.38083333333333336
8 0.26411543287327477 0.4241666666666667 0.26286072772898367 0.42916666666666664 0.2678795483061481 0.4325 0.2716436637390213 0.42916666666666664 0.2741530740276035 0.4241666666666667 0.2703889585947302 0.42083333333333334 0.266624843161857 0.42083333333333334 0.26411543287327477 0.4241666666666667
5 0.555207026348808 0.4725 0.5677540777917189 0.4708333333333333 0.5903387703889585 0.4575 0.5941028858218319 0.44583333333333336 0.6279799247176914 0.4325 0.6580928481806776 0.4275 0.6668757841907151 0.4091666666666667 0.6656210790464241 0.3825 0.6593475533249686 0.3625 0.636762860727729 0.3325 0.6104140526976161 0.32083333333333336 0.5915934755332497 0.3125 0.553952321204517 0.3225 0.5213299874529486 0.36916666666666664 0.526348808030113 0.41583333333333333 0.5464240903387704 0.4558333333333333 0.555207026348808 0.4725
0 0.6317440401505646 0.44583333333333336 0.704516938519448 0.48083333333333333 0.7107904642409034 0.5191666666666667 0.704516938519448 0.5458333333333333 0.7170639899623589 0.5791666666666667 0.7245922208281054 0.6158333333333333 0.7308657465495608 0.6408333333333334 0.7484316185696361 0.6708333333333333 0.7471769134253451 0.6441666666666667 0.7434127979924717 0.5991666666666666 0.732120451693852 0.5591666666666667 0.7296110414052698 0.5375 0.7308657465495608 0.5175 0.7346298619824341 0.4925 0.7346298619824341 0.47583333333333333 0.7396486825595985 0.4525 0.7572145545796738 0.37916666666666665 0.7245922208281054 0.43916666666666665 0.7082810539523212 0.44583333333333336 0.6317440401505646 0.44583333333333336