8 0.4899845916795069 0.29596412556053814 0.5177195685670262 0.28475336322869954 0.5408320493066255 0.28475336322869954 0.576271186440678 0.26905829596412556 0.5993836671802774 0.26905829596412556 0.6209553158705701 0.2713004484304933 0.6070878274268104 0.289237668161435 0.5546995377503852 0.2982062780269058 0.49614791987673346 0.3071748878923767
4 0.576271186440678 0.5560538116591929 0.588597842835131 0.5403587443946188 0.5993836671802774 0.5224215246636771 0.6224961479198767 0.4977578475336323 0.6147919876733436 0.5224215246636771 0.6024653312788906 0.5493273542600897 0.588597842835131 0.5650224215246636 0.5839753466872111 0.5717488789237668 0.5747303543913713 0.5717488789237668
4 0.5238828967642527 0.6883408071748879 0.5285053929121726 0.6681614349775785 0.5315870570107858 0.6569506726457399 0.5423728813559322 0.647982062780269 0.5423728813559322 0.6681614349775785 0.5362095531587057 0.6838565022421524 0.5300462249614792 0.6905829596412556
4 0.539291217257319 0.647982062780269 0.5331278890600925 0.6502242152466368 0.5346687211093991 0.6390134529147982 0.5423728813559322 0.6322869955156951 0.5439137134052389 0.6121076233183856 0.5546995377503852 0.5986547085201793 0.5654853620955316 0.5874439461883408 0.5701078582434514 0.5762331838565022 0.5808936825885979 0.5807174887892377 0.5731895223420647 0.6031390134529148 0.5716486902927581 0.6143497757847534 0.5577812018489985 0.6322869955156951 0.5469953775038521 0.6457399103139013
4 0.5839753466872111 0.600896860986547 0.5932203389830508 0.600896860986547 0.600924499229584 0.5986547085201793 0.6117103235747303 0.5762331838565022 0.6147919876733436 0.5874439461883408 0.6070878274268104 0.600896860986547 0.5978428351309707 0.6188340807174888 0.5901386748844376 0.6300448430493274 0.576271186440678 0.6322869955156951 0.5654853620955316 0.6345291479820628 0.5716486902927581 0.6210762331838565 0.576271186440678 0.6076233183856502
8 0.09090909090909091 0.24663677130044842 0.0970724191063174 0.24887892376681614 0.10477657935285054 0.257847533632287 0.11248073959938366 0.273542600896861 0.1140215716486903 0.28475336322869954 0.11248073959938366 0.2914798206278027 0.10939907550077041 0.2802690582959641 0.10477657935285054 0.273542600896861 0.09861325115562404 0.2645739910313901 0.09399075500770417 0.2600896860986547 0.08936825885978428 0.2533632286995516
1 0.9229583975346687 0.09865470852017937 0.9291217257318952 0.11659192825112108 0.9337442218798151 0.11883408071748879 0.9352850539291218 0.1367713004484305 0.9337442218798151 0.15246636771300448 0.9337442218798151 0.16143497757847533 0.9352850539291218 0.17488789237668162 0.9306625577812019 0.18161434977578475 0.9275808936825886 0.1726457399103139 0.926040061633282 0.1591928251121076 0.9244992295839753 0.14573991031390135 0.9229583975346687 0.13228699551569506 0.9214175654853621 0.11434977578475336
6 0.9060092449922958 0.3542600896860987 0.9152542372881356 0.35874439461883406 0.9152542372881356 0.3789237668161435 0.9044684129429892 0.3901345291479821 0.9044684129429892 0.36995515695067266
6 0.9106317411402157 0.2802690582959641 0.9183359013867488 0.28475336322869954 0.9167950693374423 0.3071748878923767 0.9060092449922958 0.29596412556053814 0.9060092449922958 0.28475336322869954
6 0.7935285053929122 0.34080717488789236 0.802773497688752 0.3475336322869955 0.7950693374422187 0.3609865470852018 0.7873651771956857 0.3654708520179372 0.7873651771956857 0.35201793721973096
6 0.7534668721109399 0.3609865470852018 0.7627118644067796 0.35874439461883406 0.7642526964560863 0.3811659192825112 0.7580893682588598 0.38565022421524664 0.7519260400616333 0.37668161434977576
8 0.6363636363636364 0.4641255605381166 0.6440677966101694 0.4641255605381166 0.6548536209553159 0.4641255605381166 0.6517719568567026 0.4730941704035874 0.6440677966101694 0.47533632286995514 0.6363636363636364 0.47757847533632286 0.6332819722650231 0.4730941704035874
3 0.12942989214175654 0.289237668161435 0.12788906009244994 0.257847533632287 0.11556240369799692 0.24663677130044842 0.10015408320493066 0.2399103139013453 0.0847457627118644 0.24663677130044842 0.09090909090909091 0.26905829596412556 0.10631741140215717 0.2914798206278027 0.11710323574730354 0.29596412556053814