6 0.29365079365079366 0.8714285714285714 0.2968253968253968 0.9 0.30158730158730157 0.9071428571428571 0.3047619047619048 0.8964285714285715 0.3 0.8678571428571429 0.29365079365079366 0.8714285714285714
6 0.31746031746031744 0.8785714285714286 0.3126984126984127 0.8928571428571429 0.3142857142857143 0.9035714285714286 0.32063492063492066 0.8964285714285715 0.32063492063492066 0.8857142857142857 0.31746031746031744 0.8785714285714286
6 0.3952380952380952 0.8857142857142857 0.37777777777777777 0.875 0.37777777777777777 0.8892857142857142 0.4015873015873016 0.8928571428571429 0.42698412698412697 0.8892857142857142 0.4365079365079365 0.8928571428571429 0.43492063492063493 0.8821428571428571 0.4095238095238095 0.8857142857142857 0.3952380952380952 0.8857142857142857
6 0.3888888888888889 0.6821428571428572 0.4 0.6821428571428572 0.4015873015873016 0.6785714285714286 0.3904761904761905 0.675 0.3888888888888889 0.6821428571428572
6 0.27936507936507937 0.9035714285714286 0.27936507936507937 0.9214285714285714 0.2873015873015873 0.9142857142857143 0.2873015873015873 0.9035714285714286 0.27936507936507937 0.9035714285714286
6 0.2857142857142857 0.8071428571428572 0.2857142857142857 0.8321428571428572 0.2904761904761905 0.825 0.28888888888888886 0.8142857142857143 0.28888888888888886 0.7892857142857143 0.2857142857142857 0.8071428571428572
8 0.32222222222222224 0.6857142857142857 0.319047619047619 0.6892857142857143 0.31587301587301586 0.7 0.3111111111111111 0.7214285714285714 0.30793650793650795 0.7321428571428571 0.30634920634920637 0.75 0.3047619047619048 0.7714285714285715 0.3047619047619048 0.7857142857142857 0.30634920634920637 0.7964285714285714 0.30793650793650795 0.7857142857142857 0.30793650793650795 0.7714285714285715 0.30952380952380953 0.75 0.3126984126984127 0.7285714285714285 0.31746031746031744 0.7107142857142857 0.32222222222222224 0.6928571428571428 0.326984126984127 0.6857142857142857 0.32222222222222224 0.6857142857142857
6 0.30793650793650795 0.8857142857142857 0.3126984126984127 0.9 0.31587301587301586 0.9035714285714286 0.3238095238095238 0.9 0.3238095238095238 0.8892857142857142 0.3142857142857143 0.8821428571428571 0.30793650793650795 0.8857142857142857
0 0.4835978841269842 1 0.4888888888888889 0.9928571428571429 0.49682539682539684 0.9535714285714286 0.4984126984126984 0.9142857142857143 0.49523809523809526 0.8607142857142858 0.49523809523809526 0.7964285714285714 0.4936507936507937 0.7464285714285714 0.49047619047619045 0.7178571428571429 0.48095238095238096 0.6964285714285714 0.46190476190476193 0.6607142857142857 0.44126984126984126 0.6428571428571429 0.44126984126984126 0.6535714285714286 0.43492063492063493 0.7071428571428572 0.43492063492063493 0.7535714285714286 0.4380952380952381 0.8035714285714286 0.44285714285714284 0.85 0.44761904761904764 0.9821428571428571 0.44845446984126985 1 0.4835978841269842 1
0 0.448 1 0.44761904761904764 0.9785714285714285 0.4444444444444444 0.8857142857142857 0.4396825396825397 0.8214285714285714 0.4365079365079365 0.7607142857142857 0.43492063492063493 0.7178571428571429 0.44603174603174606 0.6357142857142857 0.4158730158730159 0.6 0.40476190476190477 0.5892857142857143 0.40476190476190477 0.5678571428571428 0.4111111111111111 0.5 0.39365079365079364 0.5321428571428571 0.38095238095238093 0.5464285714285714 0.3682539682539683 0.5642857142857143 0.3619047619047619 0.5714285714285714 0.33174603174603173 0.5964285714285714 0.3142857142857143 0.6107142857142858 0.30158730158730157 0.6285714285714286 0.2904761904761905 0.6607142857142857 0.2841269841269841 0.6964285714285714 0.27936507936507937 0.7321428571428571 0.2777777777777778 0.9607142857142857 0.2841269841269841 0.9714285714285714 0.2942857142857143 1 0.3486291492063492 1 0.3476190476190476 0.975 0.35079365079365077 0.9428571428571428 0.35714285714285715 0.9071428571428571 0.3746031746031746 0.8892857142857142 0.38095238095238093 0.8964285714285715 0.38095238095238093 0.9678571428571429 0.38219461746031747 1 0.448 1
5 0.38063492063492066 1 0.37777777777777777 0.9678571428571429 0.37936507936507935 0.8928571428571429 0.3682539682539683 0.8928571428571429 0.35873015873015873 0.9107142857142857 0.3492063492063492 0.95 0.3492063492063492 0.9928571428571429 0.3488888888888889 1 0.38063492063492066 1
6 0.49523809523809526 0.7642857142857142 0.49682539682539684 0.7642857142857142 0.5 0.7714285714285715 0.5031746031746032 0.7714285714285715 0.5047619047619047 0.7857142857142857 0.5031746031746032 0.7964285714285714 0.5031746031746032 0.8107142857142857 0.5015873015873016 0.8285714285714286 0.5 0.8392857142857143 0.5031746031746032 0.8428571428571429 0.5047619047619047 0.8357142857142857 0.5047619047619047 0.825 0.5063492063492063 0.8142857142857143 0.5063492063492063 0.8035714285714286 0.5079365079365079 0.7892857142857143 0.5079365079365079 0.775 0.5063492063492063 0.7642857142857142 0.5047619047619047 0.7571428571428571 0.4936507936507937 0.7428571428571429 0.49523809523809526 0.7642857142857142
3 0.43492063492063493 0.8035714285714286 0.4031746031746032 0.8 0.373015873015873 0.8178571428571428 0.326984126984127 0.8142857142857143 0.29523809523809524 0.7964285714285714 0.28095238095238095 0.8178571428571428 0.27936507936507937 0.8928571428571429 0.27936507936507937 0.9678571428571429 0.3142857142857143 0.95 0.3333333333333333 0.9464285714285714 0.3412698412698413 0.9285714285714286 0.35079365079365077 0.8928571428571429 0.3746031746031746 0.875 0.40793650793650793 0.8678571428571429 0.43333333333333335 0.85 0.4365079365079365 0.8285714285714286 0.43492063492063493 0.8035714285714286
3 0.49523809523809526 0.8392857142857143 0.4984126984126984 0.85 0.5047619047619047 0.8464285714285714 0.5079365079365079 0.8107142857142857 0.5095238095238095 0.7785714285714286 0.5047619047619047 0.7571428571428571 0.5 0.7464285714285714 0.49523809523809526 0.7535714285714286 0.49523809523809526 0.7857142857142857 0.49523809523809526 0.8392857142857143