0 0.2574430823117338 0 0.2565674255691769 0.0011682242990654205 0.24956217162872155 0.012850467289719626 0.2425569176882662 0.02453271028037383 0.2373029772329247 0.036214953271028034 0.23204903677758318 0.054906542056074766 0.22679509632224168 0.08294392523364486 0.22329246935201402 0.10397196261682243 0.21978984238178634 0.12967289719626168 0.2513134851138354 0.11098130841121495 0.29859894921190894 0.08995327102803738 0.3563922942206655 0.06658878504672897 0.36865148861646235 0.05724299065420561 0.3914185639229422 0.0455607476635514 0.4124343257443082 0.038551401869158876 0.4299474605954466 0.038551401869158876 0.4649737302977233 0.036214953271028034 0.48248686514886163 0.04088785046728972 0.4964973730297723 0.04789719626168224 0.510507880910683 0.054906542056074766 0.5385288966725044 0.06658878504672897 0.5560420315236427 0.07126168224299065 0.5507880910683012 0.05023364485981308 0.542031523642732 0.03154205607476635 0.5268326252189143 0 0.2574430823117338 0
0 0.2635726795096322 0.32593457943925236 0.2775831873905429 0.3422897196261682 0.29334500875656744 0.35864485981308414 0.3108581436077058 0.375 0.31961471103327493 0.3820093457943925 0.3283712784588441 0.38434579439252337 0.3353765323992995 0.3866822429906542 0.3423817863397548 0.3866822429906542 0.351138353765324 0.3820093457943925 0.35464098073555167 0.375 0.35989492119089317 0.3633177570093458 0.361646234676007 0.3516355140186916 0.361646234676007 0.3399532710280374 0.36339754816112085 0.3282710280373832 0.36514886164623467 0.3142523364485981 0.36514886164623467 0.3002336448598131 0.36514886164623467 0.286214953271028 0.24430823117338005 0.2908878504672897 0.2530647985989492 0.3072429906542056 0.2635726795096322 0.32593457943925236
6 0.4054290718038529 0.9801401869158879 0.4124343257443082 0.9801401869158879 0.4352014010507881 0.9801401869158879 0.4264448336252189 0.9707943925233645 0.4106830122591944 0.9707943925233645 0.4054290718038529 0.9801401869158879
6 0.4679026514886165 1 0.4702276707530648 0.991822429906542 0.4754816112084063 0.9707943925233645 0.46847635726795095 0.9731308411214953 0.4606440945709282 1 0.4679026514886165 1
3 0.43782837127845886 1 0.44220665499124345 0.9824766355140186 0.45621716287215414 0.9591121495327103 0.46672504378283713 0.9380841121495327 0.4352014010507881 0.9357476635514018 0.3966725043782837 0.9567757009345794 0.3887702364273205 1 0.43782837127845886 1
2 0.47373029772329245 0.8329439252336449 0.45446584938704027 0.8235981308411215 0.45621716287215414 0.9030373831775701 0.46147110332749564 0.9217289719626168 0.4842381786339755 0.9217289719626168 0.5280210157618214 0.8983644859813084 0.5350262697022767 0.8773364485981309 0.5350262697022767 0.8539719626168224 0.521015761821366 0.8492990654205608 0.4982486865148862 0.844626168224299 0.47373029772329245 0.8329439252336449
0 0.45971978984238177 0.8235981308411215 0.4982486865148862 0.8422897196261683 0.5455341506129597 0.8516355140186916 0.5595446584938704 0.7955607476635514 0.5577933450087565 0.7231308411214953 0.5332749562171629 0.6507009345794392 0.5 0.5992990654205608 0.47723292469352013 0.5712616822429907 0.46147110332749564 0.5735981308411215 0.45621716287215414 0.6296728971962616 0.45621716287215414 0.727803738317757 0.45796847635726795 0.8095794392523364 0.45971978984238177 0.8235981308411215
3 0.3528146112084063 0 0.35288966725043786 0.0011682242990654205 0.36339754816112085 0.02219626168224299 0.39316987740805603 0.026869158878504672 0.44921190893169877 0.026869158878504672 0.5 0.005841121495327103 0.5280210157618214 0.04322429906542056 0.5437828371278459 0.0455607476635514 0.5215106987740805 0 0.3528146112084063 0
3 0.43695271453590195 0.24182242990654207 0.5052539404553416 0.2091121495327103 0.510507880910683 0.1647196261682243 0.5350262697022767 0.1927570093457944 0.5963222416812609 0.169392523364486 0.5718038528896673 0.09929906542056074 0.5595446584938704 0.07359813084112149 0.4754816112084063 0.0455607476635514 0.4124343257443082 0.04088785046728972 0.36865148861646235 0.06425233644859812 0.36339754816112085 0.13200934579439252 0.36865148861646235 0.2161214953271028 0.37040280210157617 0.26985981308411217 0.4054290718038529 0.2628504672897196 0.43695271453590195 0.24182242990654207
3 0.5227670753064798 0.33294392523364486 0.5455341506129597 0.3142523364485981 0.5297723292469352 0.2558411214953271 0.5297723292469352 0.22546728971962618 0.5087565674255692 0.2324766355140187 0.4912434325744308 0.25116822429906543 0.4754816112084063 0.25817757009345793 0.45971978984238177 0.25817757009345793 0.37740805604203154 0.2908878504672897 0.361646234676007 0.39135514018691586 0.38966725043782835 0.39602803738317754 0.5227670753064798 0.33294392523364486
3 0.6190893169877408 0.5245327102803738 0.6138353765323993 0.5572429906542056 0.5963222416812609 0.5689252336448598 0.6138353765323993 0.5782710280373832 0.6313485113835376 0.5665887850467289 0.6348511383537653 0.5408878504672897 0.6190893169877408 0.5245327102803738
3 0.5612959719789843 0.5852803738317757 0.6068301225919439 0.552570093457944 0.6155866900175131 0.5151869158878505 0.5980735551663747 0.4147196261682243 0.5893169877408057 0.35397196261682246 0.5525394045534151 0.3633177570093458 0.5472854640980735 0.4077102803738318 0.5227670753064798 0.41939252336448596 0.4982486865148862 0.4310747663551402 0.48774080560420313 0.47313084112149534 0.5017513134851138 0.5385514018691588 0.5227670753064798 0.6063084112149533 0.5612959719789843 0.5852803738317757
3 0.31961471103327493 0.38434579439252337 0.2723292469352014 0.3352803738317757 0.24956217162872155 0.3679906542056075 0.28108581436077057 0.4264018691588785 0.3161120840630473 0.4941588785046729 0.37215411558669004 0.5502336448598131 0.38966725043782835 0.6226635514018691 0.4246935201401051 0.6623831775700935 0.45271453590192645 0.6530373831775701 0.45446584938704027 0.594626168224299 0.4702276707530648 0.5665887850467289 0.5122591943957968 0.6156542056074766 0.5192644483362522 0.6086448598130841 0.5 0.5572429906542056 0.47373029772329245 0.42406542056074764 0.45796847635726795 0.3399532710280374 0.4246935201401051 0.3399532710280374 0.40367775831873903 0.3726635514018692 0.35288966725043786 0.3866822429906542 0.31961471103327493 0.38434579439252337
0 0.21978984238178634 0.20677570093457945 0.22504378283712784 0.2488317757009346 0.24080560420315236 0.3002336448598131 0.29859894921190894 0.2932242990654206 0.3563922942206655 0.2932242990654206 0.37565674255691767 0.2838785046728972 0.4211908931698774 0.27920560747663553 0.45446584938704027 0.2628504672897196 0.4929947460595447 0.2441588785046729 0.5525394045534151 0.2091121495327103 0.5998248686514887 0.18574766355140188 0.6103327495621717 0.17172897196261683 0.5647985989492119 0.07126168224299065 0.5245183887915937 0.052570093457943924 0.4754816112084063 0.03387850467289719 0.42819614711033277 0.03154205607476635 0.39316987740805603 0.038551401869158876 0.35288966725043786 0.06191588785046729 0.2723292469352014 0.0969626168224299 0.21978984238178634 0.12266355140186916 0.21978984238178634 0.20677570093457945
5 0.2649737302977233 0 0.2530647985989492 0.01985981308411215 0.2425569176882662 0.04322429906542056 0.23204903677758318 0.08761682242990654 0.23029772329246936 0.10864485981308411 0.26532399299474607 0.0852803738317757 0.3073555166374781 0.06658878504672897 0.3476357267950963 0.052570093457943924 0.351138353765324 0.0455607476635514 0.3458844133099825 0.02219626168224299 0.34350763047285465 0 0.2649737302977233 0
5 0.23029772329246936 0.13434579439252337 0.23029772329246936 0.1810747663551402 0.2373029772329247 0.22780373831775702 0.24956217162872155 0.2651869158878505 0.2548161120840631 0.2675233644859813 0.30385288966725044 0.272196261682243 0.361646234676007 0.272196261682243 0.34938704028021017 0.2044392523364486 0.340630472854641 0.17172897196261683 0.3458844133099825 0.13200934579439252 0.35288966725043786 0.10630841121495327 0.34938704028021017 0.0852803738317757 0.3213660245183888 0.09462616822429906 0.28809106830122594 0.10864485981308411 0.2600700525394046 0.12032710280373832 0.23029772329246936 0.13434579439252337
4 0.6987740805604203 1 0.7049036777583187 0.991822429906542 0.7136602451838879 0.9801401869158879 0.7189141856392294 0.9684579439252337 0.7224168126094571 0.9614485981308412 0.7294220665499125 0.9521028037383178 0.7346760070052539 0.9427570093457944 0.7364273204903677 0.9310747663551402 0.7294220665499125 0.9287383177570093 0.7241681260945709 0.9357476635514018 0.7189141856392294 0.9427570093457944 0.7119089316987741 0.9404205607476636 0.7066549912434326 0.9310747663551402 0.7084063047285464 0.9217289719626168 0.7136602451838879 0.9077102803738317 0.7084063047285464 0.9007009345794392 0.7014010507880911 0.9077102803738317 0.6943957968476357 0.9217289719626168 0.690893169877408 0.9310747663551402 0.690893169877408 0.9380841121495327 0.6943957968476357 0.9450934579439252 0.6943957968476357 0.9544392523364486 0.6891418563922942 0.9661214953271028 0.6838879159369528 0.9731308411214953 0.680385288966725 0.9801401869158879 0.6733800350262698 0.9731308411214953 0.6681260945709282 0.9848130841121495 0.6681260945709282 0.9964953271028038 0.6685013765323993 1 0.6987740805604203 1
0 0.4754816112084063 0.4077102803738318 0.48248686514886163 0.4147196261682243 0.48774080560420313 0.41705607476635514 0.4929947460595447 0.4217289719626168 0.5 0.4217289719626168 0.5052539404553416 0.4217289719626168 0.5157618213660246 0.4217289719626168 0.5227670753064798 0.41939252336448596 0.5280210157618214 0.41705607476635514 0.5332749562171629 0.4147196261682243 0.5385288966725044 0.4100467289719626 0.5437828371278459 0.4030373831775701 0.5455341506129597 0.39602803738317754 0.5472854640980735 0.38901869158878505 0.5455341506129597 0.3820093457943925 0.5455341506129597 0.3773364485981308 0.5437828371278459 0.3703271028037383 0.5402802101576182 0.3633177570093458 0.5350262697022767 0.36098130841121495 0.5297723292469352 0.35630841121495327 0.5192644483362522 0.35630841121495327 0.5070052539404554 0.36098130841121495 0.4982486865148862 0.3633177570093458 0.48774080560420313 0.3679906542056075 0.4807355516637478 0.3703271028037383 0.47373029772329245 0.3726635514018692 0.4702276707530648 0.3820093457943925 0.4702276707530648 0.39135514018691586 0.47197898423817863 0.4007009345794392 0.4754816112084063 0.4077102803738318
5 0.5221329789842382 1 0.5297723292469352 0.9731308411214953 0.4754816112084063 0.9754672897196262 0.4691162609457093 1 0.5221329789842382 1