0 0.3916040100250627 0.5400667779632721 0.4091478696741855 0.5383973288814691 0.43045112781954886 0.5367278797996661 0.4492481203007519 0.5383973288814691 0.4667919799498747 0.5417362270450752 0.4730576441102757 0.5450751252086812 0.4793233082706767 0.5484140233722872 0.4868421052631579 0.5500834724540902 0.4931077694235589 0.5484140233722872 0.5043859649122807 0.5450751252086812 0.5131578947368421 0.5417362270450752 0.5281954887218046 0.5383973288814691 0.5820802005012531 0.5300500834724541 0.5971177944862155 0.5300500834724541 0.6134085213032582 0.5300500834724541 0.6209273182957393 0.5283806343906511 0.643483709273183 0.5267111853088481 0.6459899749373433 0.5217028380634391 0.6472431077694235 0.511686143572621 0.6459899749373433 0.501669449081803 0.643483709273183 0.493322203672788 0.6409774436090225 0.493322203672788 0.6359649122807017 0.498330550918197 0.6384711779448622 0.506677796327212 0.6372180451127819 0.510016694490818 0.6372180451127819 0.5183639398998331 0.6334586466165414 0.5183639398998331 0.6284461152882206 0.5183639398998331 0.62468671679198 0.5200333889816361 0.6171679197994987 0.5200333889816361 0.6134085213032582 0.5200333889816361 0.6008771929824561 0.5200333889816361 0.5369674185463659 0.5250417362270451 0.5231829573934837 0.5250417362270451 0.5106516290726817 0.5267111853088481 0.4993734335839599 0.5283806343906511 0.4943609022556391 0.5300500834724541 0.4893483709273183 0.5317195325542571 0.4843358395989975 0.5300500834724541 0.4805764411027569 0.5300500834724541 0.4755639097744361 0.5300500834724541 0.4718045112781955 0.5300500834724541 0.4642857142857143 0.5267111853088481 0.4567669172932331 0.5250417362270451 0.4517543859649123 0.5250417362270451 0.44548872180451127 0.5250417362270451 0.4392230576441103 0.5250417362270451 0.43045112781954886 0.5250417362270451 0.4216791979949875 0.5250417362270451 0.4116541353383459 0.5267111853088481 0.40288220551378445 0.5267111853088481 0.3966165413533835 0.5267111853088481 0.3890977443609023 0.5283806343906511 0.3815789473684211 0.5300500834724541 0.36904761904761907 0.5367278797996661 0.37030075187969924 0.5450751252086812 0.3916040100250627 0.5400667779632721
5 0.35275689223057644 0.4081803005008347 0.35651629072681706 0.3831385642737897 0.35651629072681706 0.3564273789649416 0.35526315789473684 0.3330550918196995 0.35025062656641603 0.31803005008347246 0.34147869674185466 0.3063439065108514 0.32894736842105265 0.29799666110183637 0.31641604010025065 0.2929883138564274 0.30137844611528825 0.3013355592654424 0.29135338345864664 0.3113522537562604 0.28884711779448624 0.31969949916527546 0.28634085213032584 0.32637729549248745 0.2850877192982456 0.3380634390651085 0.28383458646616544 0.34641068447412354 0.2825814536340852 0.35308848080133554 0.2825814536340852 0.3597662771285476 0.2825814536340852 0.3731218697829716 0.28383458646616544 0.38647746243739567 0.28634085213032584 0.3981636060100167 0.28884711779448624 0.41151919866444076 0.29135338345864664 0.41652754590984975 0.29636591478696744 0.4282136894824708 0.30137844611528825 0.4365609348914858 0.3076441102756892 0.44490818030050083 0.31892230576441105 0.4515859766277129 0.3201754385964912 0.4515859766277129 0.325187969924812 0.4549248747913189 0.33395989974937346 0.4565943238731219 0.34774436090225563 0.4515859766277129 0.35275689223057644 0.4265442404006678 0.35275689223057644 0.4081803005008347
8 0.5294486215538847 0.8639398998330551 0.5231829573934837 0.8472454090150251 0.5219298245614035 0.828881469115192 0.5231829573934837 0.8171953255425709 0.5294486215538847 0.7971619365609349 0.5269423558897243 0.7804674457429048 0.5206766917293233 0.7671118530884808 0.5156641604010025 0.7554257095158597 0.5131578947368421 0.7404006677796328 0.5093984962406015 0.7136894824707847 0.5043859649122807 0.6886477462437396 0.4993734335839599 0.6652754590984975 0.4931077694235589 0.6519198664440734 0.4843358395989975 0.6569282136894825 0.4805764411027569 0.6652754590984975 0.4793233082706767 0.6936560934891486 0.4830827067669173 0.7253756260434057 0.4893483709273183 0.7353923205342237 0.4918546365914787 0.7437395659432388 0.4956140350877193 0.7654424040066778 0.5068922305764411 0.820534223706177 0.5081453634085213 0.840567612687813 0.5081453634085213 0.8606010016694491 0.5156641604010025 0.8873121869782972 0.5206766917293233 0.8956594323873122 0.5281954887218046 0.9040066777963273 0.5369674185463659 0.9156928213689483 0.5469924812030075 0.9257095158597662 0.5532581453634086 0.9307178631051753 0.5469924812030075 0.9123539232053423 0.5357142857142857 0.8873121869782972 0.5294486215538847 0.8639398998330551
8 0.4241854636591479 0.5434056761268782 0.41791979949874686 0.5500834724540902 0.4141604010025063 0.5634390651085142 0.41290726817042606 0.5717863105175293 0.41290726817042606 0.5834724540901502 0.4141604010025063 0.5901502504173622 0.41791979949874686 0.5968280467445742 0.42042606516290726 0.6001669449081803 0.4266917293233083 0.6018363939899833 0.43295739348370926 0.6035058430717863 0.4392230576441103 0.6018363939899833 0.43546365914786966 0.6001669449081803 0.4291979949874687 0.5984974958263773 0.42543859649122806 0.5918196994991652 0.4216791979949875 0.5767946577629383 0.4241854636591479 0.5651085141903172 0.4291979949874687 0.5584307178631052 0.4317042606516291 0.5534223706176962 0.4342105263157895 0.5484140233722872 0.4392230576441103 0.5417362270450752 0.44298245614035087 0.5383973288814691 0.43546365914786966 0.5367278797996661 0.43045112781954886 0.5367278797996661 0.4241854636591479 0.5434056761268782
8 0.4417293233082707 0.510016694490818 0.43796992481203006 0.5166944908180301 0.44047619047619047 0.5200333889816361 0.44548872180451127 0.5233722871452421 0.45050125313283207 0.5267111853088481 0.4592731829573935 0.5283806343906511 0.4642857142857143 0.5283806343906511 0.4680451127819549 0.5267111853088481 0.4755639097744361 0.5200333889816361 0.4705513784461153 0.5150250417362271 0.4655388471177945 0.511686143572621 0.45802005012531327 0.508347245409015 0.45551378446115287 0.501669449081803 0.4605263157894737 0.501669449081803 0.4705513784461153 0.501669449081803 0.4805764411027569 0.498330550918197 0.4880952380952381 0.501669449081803 0.4931077694235589 0.511686143572621 0.4993734335839599 0.5150250417362271 0.5068922305764411 0.506677796327212 0.5056390977443609 0.503338898163606 0.4956140350877193 0.49165275459098495 0.4981203007518797 0.48163606010016696 0.5043859649122807 0.48163606010016696 0.5093984962406015 0.48831385642737896 0.5156641604010025 0.493322203672788 0.5281954887218046 0.503338898163606 0.5332080200501254 0.493322203672788 0.5269423558897243 0.48330550918196996 0.5231829573934837 0.4732888146911519 0.5194235588972431 0.4716193656093489 0.5119047619047619 0.4582637729549249 0.5169172932330827 0.4515859766277129 0.5219298245614035 0.44657762938230383 0.5256892230576441 0.4348914858096828 0.5244360902255639 0.42153589315525875 0.5206766917293233 0.40984974958263776 0.518170426065163 0.39315525876460766 0.5106516290726817 0.38981636060100167 0.5043859649122807 0.38814691151919867 0.4981203007518797 0.38647746243739567 0.4918546365914787 0.3831385642737897 0.4843358395989975 0.3614357262103506 0.4793233082706767 0.34140233722871455 0.4718045112781955 0.3113522537562604 0.4667919799498747 0.3080133555926544 0.4692982456140351 0.32637729549248745 0.4743107769423559 0.34140233722871455 0.4768170426065163 0.3564273789649416 0.4818295739348371 0.3764607679465776 0.4830827067669173 0.3964941569282137 0.4843358395989975 0.41485809682804675 0.4880952380952381 0.4315525876460768 0.4880952380952381 0.44657762938230383 0.4968671679197995 0.4699499165275459 0.4943609022556391 0.4749582637729549 0.4855889724310777 0.4766277128547579 0.4780701754385965 0.4749582637729549 0.4730576441102757 0.47996661101836396 0.4755639097744361 0.48497495826377296 0.4793233082706767 0.49165275459098495 0.4718045112781955 0.49165275459098495 0.4655388471177945 0.493322203672788 0.4605263157894737 0.49165275459098495 0.45551378446115287 0.48664440734557596 0.4517543859649123 0.4749582637729549 0.4467418546365915 0.46160267111853087 0.44298245614035087 0.44991652754590983 0.4367167919799499 0.44991652754590983 0.43796992481203006 0.4565943238731219 0.44047619047619047 0.4666110183639399 0.44298245614035087 0.4749582637729549 0.44298245614035087 0.48330550918196996 0.4442355889724311 0.48831385642737896 0.44548872180451127 0.493322203672788 0.4492481203007519 0.508347245409015 0.4542606516290727 0.5183639398998331 0.4417293233082707 0.510016694490818
8 0.4830827067669173 0.2929883138564274 0.4818295739348371 0.2879799666110184 0.4793233082706767 0.28130217028380633 0.4743107769423559 0.27128547579298834 0.4617794486215539 0.2362270450751252 0.4592731829573935 0.2278797996661102 0.45551378446115287 0.21786310517529214 0.4492481203007519 0.21118530884808012 0.44548872180451127 0.20784641068447413 0.4417293233082707 0.20617696160267113 0.4367167919799499 0.2045075125208681 0.43546365914786966 0.21118530884808012 0.43796992481203006 0.21619365609348914 0.44047619047619047 0.22120200333889817 0.4467418546365915 0.2295492487479132 0.4542606516290727 0.2328881469115192 0.4667919799498747 0.2662771285475793 0.4830827067669173 0.3080133555926544 0.4830827067669173 0.2929883138564274
8 0.36152882205513787 0.09766277128547579 0.36403508771929827 0.1010016694490818 0.36779448621553884 0.10267111853088481 0.37406015037593987 0.10601001669449082 0.37656641604010027 0.10934891485809682 0.38032581453634084 0.11101836393989983 0.3840852130325815 0.11101836393989983 0.38784461152882205 0.11268781302170283 0.39285714285714285 0.11268781302170283 0.39786967418546365 0.10767946577629382 0.3966165413533835 0.10601001669449082 0.3916040100250627 0.1010016694490818 0.38784461152882205 0.1010016694490818 0.38533834586466165 0.0993322203672788 0.38032581453634084 0.0993322203672788 0.37531328320802004 0.09766277128547579 0.36528822055137844 0.09432387312186978 0.36152882205513787 0.09098497495826377 0.36152882205513787 0.09766277128547579
8 0.3155806177944862 0 0.3176691729323308 0.004173622704507512 0.32142857142857145 0.014190317195325543 0.325187969924812 0.024207011686143573 0.3276942355889724 0.030884808013355594 0.33521303258145363 0.040901502504173626 0.34398496240601506 0.049248747913188645 0.35025062656641603 0.03923205342237062 0.35025062656641603 0.03589315525876461 0.35275689223057644 0.024207011686143573 0.35401002506265666 0.015859766277128547 0.35275689223057644 0.007512520868113523 0.34523809523809523 0.004173622704507512 0.3410609862155389 0 0.3155806177944862 0
5 0.4392230576441103 0.5150250417362271 0.44047619047619047 0.510016694490818 0.44047619047619047 0.5 0.43796992481203006 0.493322203672788 0.4367167919799499 0.48998330550918195 0.43295739348370926 0.48497495826377296 0.43045112781954886 0.47996661101836396 0.4266917293233083 0.4732888146911519 0.4241854636591479 0.46494156928213687 0.4241854636591479 0.4582637729549249 0.4241854636591479 0.44991652754590983 0.42293233082706766 0.44824707846410683 0.41791979949874686 0.44490818030050083 0.4141604010025063 0.44323873121869783 0.4091478696741855 0.43989983305509184 0.40538847117794485 0.4248747913188648 0.40288220551378445 0.41819699499165275 0.40037593984962405 0.41151919866444076 0.3966165413533835 0.4065108514190317 0.39285714285714285 0.4065108514190317 0.39035087719298245 0.40984974958263776 0.3890977443609023 0.41485809682804675 0.38784461152882205 0.42153589315525875 0.3890977443609023 0.4282136894824708 0.3916040100250627 0.4315525876460768 0.39285714285714285 0.4332220367278798 0.40037593984962405 0.4365609348914858 0.4041353383458647 0.43989983305509184 0.40538847117794485 0.44490818030050083 0.40538847117794485 0.4532554257095159 0.4041353383458647 0.46160267111853087 0.4041353383458647 0.4666110183639399 0.40538847117794485 0.4682804674457429 0.4066416040100251 0.4699499165275459 0.4116541353383459 0.4716193656093489 0.41290726817042606 0.4732888146911519 0.4166666666666667 0.4749582637729549 0.4191729323308271 0.4766277128547579 0.4216791979949875 0.48163606010016696 0.4241854636591479 0.48831385642737896 0.42543859649122806 0.493322203672788 0.42543859649122806 0.503338898163606 0.42543859649122806 0.508347245409015 0.4266917293233083 0.513355592654424 0.43295739348370926 0.5183639398998331 0.43546365914786966 0.5166944908180301 0.4392230576441103 0.5150250417362271
5 0.4617794486215539 0.5767946577629383 0.4705513784461153 0.5834724540901502 0.4755639097744361 0.5818030050083473 0.4768170426065163 0.5767946577629383 0.4755639097744361 0.5634390651085142 0.4730576441102757 0.5534223706176962 0.4718045112781955 0.5484140233722872 0.4655388471177945 0.5383973288814691 0.45551378446115287 0.5350584307178631 0.4417293233082707 0.5400667779632721 0.4367167919799499 0.5467445742904842 0.42794486215538846 0.5651085141903172 0.4241854636591479 0.5751252086811353 0.4241854636591479 0.5901502504173622 0.4317042606516291 0.5968280467445742 0.43796992481203006 0.5918196994991652 0.44047619047619047 0.5801335559265443 0.44047619047619047 0.5651085141903172 0.44047619047619047 0.5601001669449082 0.44298245614035087 0.5534223706176962 0.4492481203007519 0.5484140233722872 0.45300751879699247 0.5517529215358932 0.45050125313283207 0.5567612687813022 0.45300751879699247 0.5667779632721202 0.4617794486215539 0.5767946577629383
5 0.4968671679197995 0.494991652754591 0.5031328320802005 0.494991652754591 0.5043859649122807 0.48664440734557596 0.5043859649122807 0.4732888146911519 0.5031328320802005 0.4565943238731219 0.5018796992481203 0.44323873121869783 0.5018796992481203 0.43823038397328884 0.4993734335839599 0.4298831385642738 0.4931077694235589 0.4298831385642738 0.4880952380952381 0.43823038397328884 0.4880952380952381 0.44991652754590983 0.4906015037593985 0.4599332220367279 0.4931077694235589 0.46327212020033387 0.4906015037593985 0.4716193656093489 0.4893483709273183 0.4766277128547579 0.4830827067669173 0.4782971619365609 0.4793233082706767 0.4749582637729549 0.4755639097744361 0.47996661101836396 0.4743107769423559 0.48163606010016696 0.4743107769423559 0.48664440734557596 0.4780701754385965 0.48664440734557596 0.4968671679197995 0.494991652754591
0 0.6023012080200502 1 0.6071428571428571 0.9858096828046744 0.6196741854636592 0.9524207011686143 0.6259398496240601 0.9357262103505843 0.6322055137844611 0.9190317195325542 0.6359649122807017 0.9106844741235393 0.6322055137844611 0.9006677796327212 0.6271929824561403 0.8923205342237062 0.6271929824561403 0.8939899833055092 0.6259398496240601 0.9023372287145242 0.6234335839598998 0.9156928213689483 0.6171679197994987 0.9340567612687813 0.6121553884711779 0.9457429048414023 0.6008771929824561 0.9757929883138564 0.58876357518797 1 0.6023012080200502 1
3 0.5419799498746867 0.9323873121869783 0.5419799498746867 0.9240400667779632 0.5407268170426065 0.9140233722871453 0.5419799498746867 0.8939899833055092 0.5469924812030075 0.8772954924874792 0.5557644110275689 0.8806343906510852 0.5733082706766918 0.8906510851419032 0.5833333333333334 0.9056761268781303 0.599624060150376 0.9273789649415692 0.6134085213032582 0.9407345575959933 0.6397243107769424 0.9424040066777963 0.6597744360902256 0.9357262103505843 0.6459899749373433 0.9106844741235393 0.6372180451127819 0.9040066777963273 0.6284461152882206 0.8989983305509182 0.6234335839598998 0.8939899833055092 0.6196741854636592 0.8856427378964942 0.6121553884711779 0.8856427378964942 0.6046365914786967 0.8706176961602671 0.593358395989975 0.8522537562604341 0.5870927318295739 0.843906510851419 0.5808270676691729 0.832220367278798 0.5758145363408521 0.8138564273789649 0.5733082706766918 0.7737896494156928 0.5708020050125313 0.7570951585976627 0.5670426065162907 0.7253756260434057 0.5733082706766918 0.7053422370617696 0.5745614035087719 0.6736227045075125 0.5720551378446115 0.6469115191986644 0.5783208020050126 0.6235392320534223 0.5858395989974937 0.6085141903171953 0.6146616541353384 0.5801335559265443 0.6271929824561403 0.5717863105175293 0.6459899749373433 0.5717863105175293 0.6547619047619048 0.5467445742904842 0.6547619047619048 0.5300500834724541 0.6447368421052632 0.506677796327212 0.6397243107769424 0.5 0.6296992481203008 0.48664440734557596 0.6134085213032582 0.46160267111853087 0.5946115288220551 0.4265442404006678 0.5808270676691729 0.39315525876460766 0.5695488721804511 0.3731218697829716 0.5545112781954887 0.3580968280467446 0.5407268170426065 0.34641068447412354 0.5231829573934837 0.3347245409015025 0.5068922305764411 0.3280467445742905 0.4918546365914787 0.3297161936560935 0.4805764411027569 0.3363939899833055 0.4642857142857143 0.3580968280467446 0.43796992481203006 0.38981636060100167 0.42794486215538846 0.42153589315525875 0.42293233082706766 0.44991652754590983 0.42042606516290726 0.4749582637729549 0.4216791979949875 0.501669449081803 0.42794486215538846 0.5333889816360601 0.4367167919799499 0.5567612687813022 0.4467418546365915 0.5851419031719532 0.4517543859649123 0.6035058430717863 0.45551378446115287 0.6268781302170284 0.4642857142857143 0.6669449081803005 0.4655388471177945 0.6953255425709516 0.4667919799498747 0.7270450751252087 0.4692982456140351 0.7737896494156928 0.4705513784461153 0.8138564273789649 0.4730576441102757 0.8689482470784641 0.4768170426065163 0.8973288814691152 0.4893483709273183 0.9273789649415692 0.4993734335839599 0.9424040066777963 0.5169172932330827 0.9524207011686143 0.5319548872180451 0.9507512520868113 0.5419799498746867 0.9323873121869783
3 0.25375939849624063 0 0.25375939849624063 0.02587646076794658 0.25877192982456143 0.04257095158597663 0.2650375939849624 0.049248747913188645 0.2725563909774436 0.0642737896494157 0.28884711779448624 0.07262103505843072 0.30889724310776945 0.07429048414023372 0.33270676691729323 0.08096828046744574 0.36403508771929827 0.09766277128547579 0.37781954887218044 0.10767946577629382 0.3890977443609023 0.11602671118530884 0.4041353383458647 0.1293823038397329 0.41791979949874686 0.14440734557595994 0.4291979949874687 0.15442404006677796 0.4417293233082707 0.164440734557596 0.4605263157894737 0.16277128547579298 0.4667919799498747 0.14941569282136896 0.4667919799498747 0.12437395659432388 0.4680451127819549 0.09766277128547579 0.4605263157894737 0.08764607679465776 0.45300751879699247 0.07595993322203673 0.4467418546365915 0.0676126878130217 0.44298245614035087 0.0642737896494157 0.43546365914786966 0.055926544240400666 0.42543859649122806 0.049248747913188645 0.4191729323308271 0.045909849749582635 0.40288220551378445 0.040901502504173626 0.38533834586466165 0.037562604340567615 0.37280701754385964 0.02587646076794658 0.36779448621553884 0.014190317195325543 0.35902255639097747 0.0025041736227045075 0.35735171303258145 0 0.25375939849624063 0