0 0.9363507779349364 0.25626204238921 0.9476661951909476 0.3198458574181118 0.9335219236209336 0.3217726396917148 0.9094766619519095 0.3622350674373796 0.8953323903818954 0.3911368015414258 0.8811881188118812 0.4393063583815029 0.8543140028288543 0.47398843930635837 0.8543140028288543 0.4489402697495183 0.8642149929278642 0.42196531791907516 0.8727015558698727 0.3737957610789981 0.8727015558698727 0.31021194605009633 0.8741159830268741 0.2832369942196532 0.8613861386138614 0.26396917148362237 0.9123055162659123 0.23314065510597304
3 0.7227722772277227 0.3737957610789981 0.7355021216407355 0.4046242774566474 0.7171145685997171 0.4605009633911368 0.6888260254596889 0.464354527938343 0.6647807637906648 0.4662813102119461 0.6633663366336634 0.41040462427745666
0 0.22065063649222066 0.5684007707129094 0.272984441301273 0.5741811175337187 0.26449787835926447 0.6088631984585742 0.26874115983026875 0.6223506743737958 0.4045261669024045 0.630057803468208 0.4780763790664781 0.6165703275529865 0.5091937765205092 0.6069364161849711 0.49504950495049505 0.6897880539499036 0.5997171145685997 0.653179190751445 0.5657708628005658 0.8034682080924855 0.5502121640735502 0.8169556840077071 0.4695898161244696 0.8477842003853564 0.39745403111739747 0.8709055876685935 0.347949080622348 0.8747591522157996 0.297029702970297 0.8728323699421965 0.25884016973125884 0.8689788053949904 0.23055162659123055 0.859344894026975 0.19377652050919378 0.8169556840077071 0.1782178217821782 0.7976878612716763 0.1867043847241867 0.789980732177264 0.18528995756718528 0.7495183044315993 0.18953323903818953 0.6782273603082851
0 0.8246110325318247 0.12138728323699421 0.8345120226308345 0.11946050096339114 0.8373408769448374 0.10982658959537572 0.8826025459688827 0.1233140655105973 0.8981612446958982 0.18304431599229287 0.9052333804809052 0.22928709055876687 0.8571428571428571 0.2543352601156069 0.8528995756718529 0.24470134874759153 0.8444130127298444 0.2350674373795761 0.8401697312588402 0.1811175337186898
8 0.18953323903818953 0.7032755298651252 0.18811881188118812 0.7302504816955684 0.21923620933521923 0.7225433526011561 0.21782178217821782 0.7052023121387283
8 0.21216407355021216 0.7552986512524085 0.24186704384724186 0.7630057803468208 0.2362093352192362 0.7861271676300579 0.2164073550212164 0.7880539499036608
8 0.2531824611032532 0.6570327552986512 0.26449787835926447 0.6570327552986512 0.26591230551626593 0.7052023121387283 0.2814710042432815 0.7167630057803468 0.2743988684582744 0.7341040462427746 0.26166902404526166 0.7244701348747592 0.25035360678925034 0.7071290944123314
8 0.32107496463932106 0.7013487475915221 0.33804809052333806 0.7148362235067437 0.3635077793493635 0.7244701348747592 0.3606789250353607 0.7302504816955684 0.3437057991513437 0.7283236994219653 0.3521923620933522 0.7418111753371869 0.355021216407355 0.7707129094412332 0.3493635077793494 0.7726396917148363 0.3422913719943423 0.7475915221579962 0.31966053748231965 0.7186897880539499
0 0.3408769448373409 0.8227360308285164 0.3408769448373409 0.8053949903660886 0.3451202263083451 0.7957610789980732 0.355021216407355 0.7957610789980732 0.37057991513437055 0.7957610789980732 0.38613861386138615 0.7938342967244701 0.4016973125884017 0.791907514450867 0.4144271570014144 0.7880539499036608 0.42857142857142855 0.7822736030828517 0.43847241867043846 0.7803468208092486 0.44271570014144274 0.7938342967244701 0.44695898161244696 0.8034682080924855 0.43988684582743987 0.8092485549132948 0.4186704384724187 0.8131021194605009 0.39745403111739747 0.8169556840077071 0.37906647807637905 0.8188824662813102 0.3635077793493635 0.8227360308285164 0.3507779349363508 0.8246628131021194
5 0.4115983026874116 0.7360308285163777 0.4087694483734088 0.7321772639691715 0.4087694483734088 0.7283236994219653 0.4101838755304102 0.7244701348747592 0.413012729844413 0.7225433526011561 0.4158415841584158 0.7225433526011561 0.41725601131541723 0.7244701348747592 0.4186704384724187 0.7263969171483622 0.4200848656294201 0.7283236994219653 0.4200848656294201 0.7302504816955684 0.4186704384724187 0.7321772639691715 0.41725601131541723 0.7341040462427746 0.4144271570014144 0.7360308285163777
3 0.8783592644978784 0.3044315992292871 0.8981612446958982 0.28516377649325625 0.9123055162659123 0.27360308285163776 0.9222065063649222 0.2697495183044316 0.9321074964639321 0.2678227360308285 0.9391796322489392 0.28901734104046245 0.9476661951909476 0.31021194605009633 0.9405940594059405 0.3179190751445087 0.9321074964639321 0.3217726396917148 0.9024045261669024 0.3737957610789981 0.8939179632248939 0.3872832369942196 0.8868458274398868 0.4161849710982659 0.8811881188118812 0.43545279383429675 0.8698727015558698 0.4489402697495183 0.8571428571428571 0.4624277456647399 0.8571428571428571 0.44701348747591524 0.8712871287128713 0.3892100192678227