8 0.5141242937853108 0.5024 0.5333333333333333 0.5392 0.5457627118644067 0.5632 0.5581920903954802 0.5856 0.5638418079096045 0.5968 0.5649717514124294 0.5984 0.5615819209039548 0.5872 0.5322033898305085 0.5296 0.5175141242937853 0.504 0.511864406779661 0.496 0.5141242937853108 0.5024
8 0.5728813559322034 0.4896 0.5774011299435028 0.4944 0.5796610169491525 0.4912 0.5796610169491525 0.4864 0.5796610169491525 0.48 0.576271186440678 0.4784 0.5740112994350283 0.4848 0.5728813559322034 0.4896
8 0.488135593220339 0.6096 0.4915254237288136 0.6112 0.49491525423728816 0.6176 0.4971751412429379 0.6144 0.49491525423728816 0.6112 0.4915254237288136 0.608 0.48926553672316386 0.6064 0.488135593220339 0.6096
8 0.45875706214689266 0.536 0.4655367231638418 0.5248 0.47005649717514125 0.528 0.47005649717514125 0.5232 0.4655367231638418 0.5216 0.46214689265536724 0.5232 0.45875706214689266 0.5296 0.45875706214689266 0.536
8 0.5966101694915255 0.5872 0.5909604519774011 0.5744 0.5864406779661017 0.56 0.5796610169491525 0.5472 0.576271186440678 0.5376 0.5717514124293785 0.5296 0.5683615819209039 0.5184 0.5627118644067797 0.5072 0.5581920903954802 0.496 0.5559322033898305 0.488 0.5525423728813559 0.48 0.5468926553672316 0.4704 0.5401129943502825 0.4592 0.5333333333333333 0.4496 0.5322033898305085 0.448 0.5299435028248588 0.4448 0.5265536723163842 0.4416 0.5242937853107345 0.4368 0.5209039548022599 0.4352 0.519774011299435 0.4304 0.5175141242937853 0.4288 0.5163841807909605 0.4288 0.5141242937853108 0.4288 0.5129943502824859 0.4288 0.5175141242937853 0.4368 0.5242937853107345 0.4432 0.5344632768361582 0.4592 0.5412429378531074 0.4736 0.5491525423728814 0.4896 0.5581920903954802 0.5088 0.559322033898305 0.512 0.5615819209039548 0.52 0.5627118644067797 0.5264 0.5672316384180791 0.5296 0.5683615819209039 0.5312 0.5706214689265536 0.5344 0.5728813559322034 0.5376 0.5796610169491525 0.552 0.5875706214689266 0.5712 0.5966101694915255 0.5936 0.6 0.6048 0.6022598870056497 0.6128 0.6067796610169491 0.632 0.6067796610169491 0.6112 0.6033898305084746 0.6048 0.5966101694915255 0.5872
8 0.6 0.6272 0.6 0.632 0.6022598870056497 0.6384 0.6067796610169491 0.6416 0.6067796610169491 0.6368 0.6045197740112994 0.6336 0.6 0.6272
8 0.5141242937853108 0.0224 0.5129943502824859 0.024 0.5163841807909605 0.0224 0.5186440677966102 0.0192 0.5209039548022599 0.016 0.5209039548022599 0.0112 0.519774011299435 0.008 0.5175141242937853 0.0096 0.5163841807909605 0.0096 0.5141242937853108 0.0144 0.5141242937853108 0.0208 0.5141242937853108 0.0224
8 0.5932203389830508 0.616 0.5898305084745763 0.6032 0.5864406779661017 0.592 0.5819209039548022 0.5792 0.5785310734463277 0.5664 0.5751412429378531 0.56 0.5717514124293785 0.552 0.5706214689265536 0.5488 0.5706214689265536 0.5536 0.5751412429378531 0.5664 0.5766478338983051 0.5738666672 0.5751412429378531 0.568 0.5717514124293785 0.5648 0.5706214689265536 0.56 0.5683615819209039 0.5568 0.5661016949152542 0.552 0.5649717514124294 0.5456 0.56045197740113 0.5376 0.56045197740113 0.5328 0.5570621468926553 0.5264 0.5548022598870056 0.5216 0.5536723163841808 0.5184 0.5502824858757062 0.512 0.5480225988700564 0.504 0.5457627118644067 0.4992 0.5423728813559322 0.496 0.5378531073446328 0.4864 0.5344632768361582 0.4816 0.5322033898305085 0.4736 0.5299435028248588 0.472 0.5276836158192091 0.4704 0.5310734463276836 0.4784 0.5401129943502825 0.496 0.5480225988700564 0.5136 0.5559322033898305 0.5296 0.5615819209039548 0.544 0.5672316384180791 0.5584 0.5638418079096045 0.5536 0.5615819209039548 0.5488 0.559322033898305 0.5424 0.5559322033898305 0.5376 0.5536723163841808 0.5312 0.5514124293785311 0.5264 0.5480225988700564 0.52 0.5457627118644067 0.5136 0.5423728813559322 0.5072 0.5389830508474577 0.5008 0.536723163841808 0.496 0.5344632768361582 0.4912 0.5310734463276836 0.4864 0.5288135593220339 0.4816 0.5265536723163842 0.4768 0.5242937853107345 0.4752 0.5265536723163842 0.4848 0.5344632768361582 0.5008 0.5435028248587571 0.5136 0.5468926553672316 0.5232 0.5559322033898305 0.5424 0.5672316384180791 0.5648 0.5740112994350283 0.5808 0.5819209039548022 0.5984 0.5864406779661017 0.6128 0.5943502824858757 0.6304 0.5977401129943503 0.6384 0.6011299435028249 0.6464 0.6033898305084746 0.6496 0.6067796610169491 0.6512 0.6067796610169491 0.6448 0.6 0.64 0.5988700564971752 0.632 0.5932203389830508 0.616
6 0.5480225988700564 0.4816 0.5491525423728814 0.4848 0.5514124293785311 0.488 0.5525423728813559 0.4912 0.5536723163841808 0.4864 0.5525423728813559 0.4832 0.5502824858757062 0.48 0.5480225988700564 0.4752 0.5480225988700564 0.4784 0.5480225988700564 0.4816
8 0.5141242937853108 0.456 0.5096045197740113 0.448 0.5050847457627119 0.4432 0.5005649717514125 0.44 0.49830508474576274 0.4352 0.49491525423728816 0.4288 0.49265536723163844 0.4272 0.5050847457627119 0.448 0.5129943502824859 0.4592 0.5163841807909605 0.4672 0.5186440677966102 0.4736 0.5220338983050847 0.4752 0.5231638418079096 0.4752 0.5186440677966102 0.464 0.5141242937853108 0.456
8 0.5084745762711864 0.416 0.5050847457627119 0.4144 0.5005649717514125 0.4208 0.5028248587570622 0.4256 0.5073446327683616 0.4272 0.5096045197740113 0.4288 0.5141242937853108 0.4272 0.511864406779661 0.4208 0.5084745762711864 0.416
8 0.4847457627118644 0.4128 0.48135593220338985 0.4128 0.48135593220338985 0.416 0.4824858757062147 0.4192 0.4847457627118644 0.4208 0.48700564971751414 0.424 0.48926553672316386 0.424 0.488135593220339 0.416 0.4847457627118644 0.4128
8 0.5638418079096045 0.528 0.5615819209039548 0.5216 0.559322033898305 0.5136 0.5570621468926553 0.5088 0.5559322033898305 0.504 0.5525423728813559 0.496 0.5480225988700564 0.4944 0.5468926553672316 0.4976 0.5480225988700564 0.5072 0.5536723163841808 0.5184 0.559322033898305 0.5296 0.56045197740113 0.5376 0.5627118644067797 0.5408 0.5649717514124294 0.5472 0.5672316384180791 0.5488 0.5694915254237288 0.552 0.5706214689265536 0.5504 0.5672316384180791 0.536 0.5638418079096045 0.528
2 0.6112994350282486 0.6416 0.6146892655367232 0.664 0.7220338983050848 0.712 0.7344632768361582 0.416 0.6485875706214689 0.2736 0.6112994350282486 0.6416
0 0.3706666666666667 0 0.33220338983050846 0.0736 0.31751412429378534 0.1312 0.3016949152542373 0.2096 0.2937853107344633 0.2352 0.28361581920903955 0.288 0.280225988700565 0.3568 0.29265536723163843 0.4288 0.3107344632768362 0.4688 0.3310734463276836 0.4688 0.3559322033898305 0.4736 0.392090395480226 0.5024 0.41694915254237286 0.5296 0.4553672316384181 0.5376 0.47344632768361583 0.4704 0.4248587570621469 0.432 0.41468926553672314 0.408 0.40790960451977404 0.376 0.4033898305084746 0.2656 0.40790960451977404 0.2416 0.43389830508474575 0.2592 0.4497175141242938 0.272 0.4497175141242938 0.2416 0.41468926553672314 0.2192 0.4101694915254237 0.2016 0.4135593220338983 0.0928 0.4180790960451977 0.0624 0.4497175141242938 0.0096 0.4576271186440678 0 0.3706666666666667 0