1 0.5659777424483307 0.23142250530785563 0.5532591414944356 0.23991507430997877 0.5325914149443561 0.2484076433121019 0.5119236883942766 0.2653927813163482 0.5039745627980922 0.2929936305732484 0.505564387917329 0.34182590233545646 0.5135135135135135 0.37367303609341823 0.5294117647058824 0.3673036093418259 0.5151033386327504 0.32696390658174096 0.5119236883942766 0.30148619957537154 0.5166931637519873 0.28874734607218683 0.5357710651828299 0.2611464968152866 0.5437201907790143 0.25477707006369427 0.5580286168521462 0.2526539278131635 0.5707472178060413 0.2505307855626327 0.5930047694753577 0.2505307855626327 0.5834658187599364 0.23779193205944799 0.5659777424483307 0.23142250530785563
1 0.5075516693163752 0 0.5103338632750397 0.014861995753715499 0.5119236883942766 0.036093418259023353 0.519872813990461 0.05307855626326964 0.5373608903020668 0.06369426751592357 0.548489666136725 0.07643312101910828 0.5532591414944356 0.06794055201698514 0.5421303656597775 0.04883227176220807 0.5294117647058824 0.010615711252653927 0.527645292527822 0 0.5075516693163752 0
8 0.5166931637519873 0.25477707006369427 0.5151033386327504 0.24628450106157113 0.5119236883942766 0.2505307855626327 0.5135135135135135 0.25690021231422505 0.5151033386327504 0.2632696390658174 0.5166931637519873 0.25477707006369427
8 0.5373608903020668 0.2505307855626327 0.534181240063593 0.24628450106157113 0.5294117647058824 0.23779193205944799 0.5278219395866455 0.24203821656050956 0.5357710651828299 0.2526539278131635 0.5373608903020668 0.2505307855626327
8 0.4610492845786963 0.06369426751592357 0.44992050874403816 0.05307855626326964 0.45310015898251194 0.06581740976645435 0.4626391096979332 0.07643312101910828 0.4610492845786963 0.06369426751592357
8 0.44992050874403816 0.050955414012738856 0.4467408585055644 0.044585987261146494 0.43720190779014306 0.036093418259023353 0.4419713831478537 0.04670912951167728 0.4419713831478537 0.05732484076433121 0.44992050874403816 0.050955414012738856
0 0.575516693163752 0.1464968152866242 0.56120826709062 0.09766454352441614 0.5564387917329093 0.07006369426751592 0.519872813990461 0.07006369426751592 0.47058823529411764 0.05307855626326964 0.4292527821939587 0.05732484076433121 0.3847376788553259 0.05307855626326964 0.356120826709062 0.05732484076433121 0.27980922098569155 0.06157112526539278 0.24165341812400637 0.07430997876857749 0.24324324324324326 0.10615711252653928 0.2527821939586645 0.1464968152866242 0.2718600953895072 0.16985138004246284 0.2988871224165342 0.1932059447983015 0.33068362480127184 0.2208067940552017 0.35453100158982515 0.23779193205944799 0.3767885532591415 0.23779193205944799 0.39268680445151033 0.23779193205944799 0.40381558028616854 0.2229299363057325 0.41812400635930047 0.21868365180467092 0.4594594594594595 0.2208067940552017 0.48330683624801274 0.22505307855626328 0.5071542130365659 0.23142250530785563 0.5294117647058824 0.23354564755838642 0.5421303656597775 0.22505307855626328 0.5675675675675675 0.22505307855626328 0.5834658187599364 0.23779193205944799 0.6057233704292527 0.24203821656050956 0.6184419713831478 0.23354564755838642 0.615262321144674 0.2208067940552017 0.5977742448330684 0.18259023354564755 0.575516693163752 0.1464968152866242
3 0.4356120826709062 0.1740976645435244 0.46740858505564387 0.20169851380042464 0.49761526232114467 0.21868365180467092 0.5135135135135135 0.22717622080679406 0.5421303656597775 0.2229299363057325 0.5564387917329093 0.21656050955414013 0.589825119236884 0.2208067940552017 0.6089030206677265 0.2059447983014862 0.5850556438791733 0.1592356687898089 0.5643879173290938 0.12101910828025478 0.5580286168521462 0.08067940552016985 0.5294117647058824 0.07006369426751592 0.4642289348171701 0.05732484076433121 0.41812400635930047 0.06157112526539278 0.3990461049284579 0.09129511677282377 0.40858505564387915 0.1316348195329087 0.4356120826709062 0.1740976645435244
3 0.4056703767885532 0 0.4069952305246423 0.006369426751592357 0.4260731319554849 0.05307855626326964 0.46899841017488075 0.050955414012738856 0.5007949125596184 0.06794055201698514 0.548489666136725 0.06794055201698514 0.5255961844197139 0 0.4056703767885532 0
3 0.5151033386327504 0.24416135881104034 0.519872813990461 0.2356687898089172 0.505564387917329 0.23354564755838642 0.5103338632750397 0.2484076433121019 0.5151033386327504 0.24416135881104034
3 0.56120826709062 0.24203821656050956 0.5516693163751988 0.23142250530785563 0.5405405405405406 0.23142250530785563 0.5421303656597775 0.2526539278131635 0.5532591414944356 0.2505307855626327 0.56120826709062 0.24203821656050956
3 0.5802861685214626 0.25477707006369427 0.6025437201907791 0.2632696390658174 0.6248012718600954 0.2484076433121019 0.6216216216216216 0.23354564755838642 0.6025437201907791 0.23991507430997877 0.5818759936406995 0.23779193205944799 0.5691573926868044 0.23142250530785563 0.5627980922098569 0.2484076433121019 0.5802861685214626 0.25477707006369427
8 0.49761526232114467 0.12314225053078556 0.49761526232114467 0.11889596602972399 0.49761526232114467 0.11252653927813164 0.4944356120826709 0.11464968152866242 0.4944356120826709 0.12314225053078556 0.4960254372019078 0.12738853503184713 0.49920508744038156 0.1316348195329087 0.5007949125596184 0.12951167728237792 0.49761526232114467 0.12314225053078556
8 0.5532591414944356 0.09554140127388536 0.548489666136725 0.08492569002123142 0.5405405405405406 0.08492569002123142 0.5437201907790143 0.08917197452229299 0.548489666136725 0.09766454352441614 0.5548489666136724 0.10615711252653928 0.5532591414944356 0.09554140127388536
8 0.5007949125596184 0.18895966029723993 0.49920508744038156 0.1932059447983015 0.5007949125596184 0.20169851380042464 0.5039745627980922 0.19957537154989385 0.5039745627980922 0.18895966029723993 0.5007949125596184 0.18895966029723993
8 0.49761526232114467 0.10191082802547771 0.5007949125596184 0.09554140127388536 0.5007949125596184 0.09129511677282377 0.49920508744038156 0.08492569002123142 0.4960254372019078 0.09554140127388536 0.49761526232114467 0.10191082802547771
8 0.47217806041335453 0.07643312101910828 0.47058823529411764 0.08067940552016985 0.47217806041335453 0.08280254777070063 0.4769475357710652 0.08280254777070063 0.4769475357710652 0.07855626326963906 0.47217806041335453 0.07643312101910828