3 0.5944055944055944 0.46261682242990654 0.5891608391608392 0.3598130841121495 0.5192307692307693 0.3574766355140187 0.4807692307692308 0.37383177570093457 0.49475524475524474 0.4462616822429907 0.5122377622377622 0.5116822429906542 0.5576923076923077 0.5747663551401869 0.5716783216783217 0.5420560747663551 0.5944055944055944 0.46261682242990654
8 0.5472027972027972 0.3691588785046729 0.5559440559440559 0.36682242990654207 0.5629370629370629 0.37383177570093457 0.5699300699300699 0.37383177570093457 0.5699300699300699 0.35514018691588783 0.5646853146853147 0.3317757009345794 0.5524475524475524 0.32009345794392524 0.5384615384615384 0.32009345794392524 0.5297202797202797 0.3247663551401869 0.5402097902097902 0.3411214953271028 0.5472027972027972 0.35514018691588783 0.5384615384615384 0.36682242990654207 0.5472027972027972 0.3691588785046729
8 0.6520979020979021 0.397196261682243 0.6241258741258742 0.3808411214953271 0.6083916083916084 0.37616822429906543 0.6328671328671329 0.3925233644859813 0.6695804195804196 0.4182242990654206 0.6678321678321678 0.4088785046728972 0.6520979020979021 0.397196261682243
8 0.7202797202797203 0.441588785046729 0.7045454545454546 0.4322429906542056 0.6940559440559441 0.4322429906542056 0.7097902097902098 0.441588785046729 0.7202797202797203 0.45093457943925236 0.7325174825174825 0.4602803738317757 0.7202797202797203 0.441588785046729
8 0.6451048951048951 0.6799065420560748 0.6800699300699301 0.6845794392523364 0.7132867132867133 0.677570093457944 0.736013986013986 0.677570093457944 0.7604895104895105 0.6635514018691588 0.7744755244755245 0.6495327102803738 0.7797202797202797 0.6261682242990654 0.7727272727272727 0.6074766355140186 0.7534965034965035 0.6074766355140186 0.7097902097902098 0.6144859813084113 0.6678321678321678 0.6074766355140186 0.6381118881118881 0.602803738317757 0.6048951048951049 0.5887850467289719 0.5699300699300699 0.5700934579439252 0.5786713286713286 0.5957943925233645 0.5926573426573427 0.6238317757009346 0.6188811188811189 0.6448598130841121 0.6451048951048951 0.6799065420560748
8 0.7674825174825175 0.5257009345794392 0.7325174825174825 0.46261682242990654 0.6678321678321678 0.48364485981308414 0.6118881118881119 0.5023364485981309 0.6118881118881119 0.5490654205607477 0.6748251748251748 0.6051401869158879 0.7797202797202797 0.6004672897196262 0.7674825174825175 0.5257009345794392
3 0.6468531468531469 0.9018691588785047 0.708041958041958 0.9065420560747663 0.743006993006993 0.8014018691588785 0.7604895104895105 0.75 0.777972027972028 0.6985981308411215 0.7482517482517482 0.6705607476635514 0.6783216783216783 0.6845794392523364 0.6748251748251748 0.75 0.6695804195804196 0.8060747663551402 0.6538461538461539 0.8761682242990654 0.6468531468531469 0.9018691588785047
3 0.5681818181818182 0.5747663551401869 0.5856643356643356 0.6051401869158879 0.6171328671328671 0.6495327102803738 0.6468531468531469 0.6822429906542056 0.6783216783216783 0.6845794392523364 0.7342657342657343 0.6799065420560748 0.7587412587412588 0.6658878504672897 0.7762237762237763 0.6191588785046729 0.777972027972028 0.5537383177570093 0.7709790209790209 0.5046728971962616 0.7272727272727273 0.441588785046729 0.6853146853146853 0.39953271028037385 0.5909090909090909 0.3341121495327103 0.6013986013986014 0.42289719626168226 0.5961538461538461 0.47897196261682246 0.583916083916084 0.5210280373831776 0.5681818181818182 0.5747663551401869
3 0.6363636363636364 0.8551401869158879 0.6520979020979021 0.8551401869158879 0.6538461538461539 0.7967289719626168 0.6293706293706294 0.7897196261682243 0.6206293706293706 0.8037383177570093 0.6363636363636364 0.8551401869158879
0 0.5646853146853147 0.7219626168224299 0.5681818181818182 0.6869158878504673 0.5646853146853147 0.6448598130841121 0.5576923076923077 0.5887850467289719 0.5384615384615384 0.5584112149532711 0.5 0.5070093457943925 0.46503496503496505 0.45794392523364486 0.4597902097902098 0.5046728971962616 0.46153846153846156 0.5537383177570093 0.47027972027972026 0.6285046728971962 0.47027972027972026 0.6869158878504673 0.48951048951048953 0.7102803738317757 0.5157342657342657 0.7219626168224299 0.5646853146853147 0.7219626168224299
5 0.5325892062937063 1 0.5576923076923077 0.9182242990654206 0.4982517482517482 0.9065420560747663 0.479020979020979 1 0.5325892062937063 1
4 0.7272727272727273 0.8574766355140186 0.7132867132867133 0.9042056074766355 0.7395104895104895 0.8948598130841121 0.7517482517482518 0.8598130841121495 0.7272727272727273 0.8574766355140186
0 0.5681818181818182 0.49065420560747663 0.5559440559440559 0.530373831775701 0.5506993006993007 0.5467289719626168 0.534965034965035 0.5537383177570093 0.541958041958042 0.5841121495327103 0.5524475524475524 0.6074766355140186 0.5629370629370629 0.633177570093458 0.5699300699300699 0.6098130841121495 0.5646853146853147 0.5887850467289719 0.5786713286713286 0.5490654205607477 0.5926573426573427 0.5163551401869159 0.5996503496503497 0.48364485981308414 0.6048951048951049 0.4485981308411215 0.6013986013986014 0.4205607476635514 0.5996503496503497 0.37383177570093457 0.5944055944055944 0.3411214953271028 0.5874125874125874 0.3294392523364486 0.5594405594405595 0.3317757009345794 0.5611888111888111 0.37383177570093457 0.5664335664335665 0.43457943925233644 0.5699300699300699 0.4672897196261682 0.5681818181818182 0.49065420560747663