4 0.4075471698113208 0.8545150501672241 0.40125786163522015 0.8595317725752508 0.38616352201257864 0.862876254180602 0.379874213836478 0.862876254180602 0.3786163522012579 0.8712374581939799 0.38616352201257864 0.8729096989966555 0.39622641509433965 0.8745819397993311 0.4075471698113208 0.8729096989966555 0.42138364779874216 0.8678929765886287 0.4327044025157233 0.8595317725752508 0.44150943396226416 0.8528428093645485 0.4490566037735849 0.842809364548495 0.45157232704402517 0.8277591973244147 0.44025157232704404 0.8244147157190636 0.4226415094339623 0.8327759197324415 0.410062893081761 0.8444816053511706 0.4075471698113208 0.8545150501672241
6 0.6314465408805031 0.431438127090301 0.6264150943396226 0.4280936454849498 0.6188679245283019 0.4280936454849498 0.6138364779874214 0.4280936454849498 0.6088050314465409 0.431438127090301 0.6113207547169811 0.459866220735786 0.6188679245283019 0.45484949832775917 0.6264150943396226 0.44816053511705684 0.6327044025157232 0.4414715719063545 0.6314465408805031 0.431438127090301
6 0.589937106918239 0.459866220735786 0.5811320754716981 0.45819397993311034 0.5849056603773585 0.4665551839464883 0.5861635220125786 0.47324414715719065 0.5874213836477987 0.4782608695652174 0.5861635220125786 0.48327759197324416 0.5911949685534591 0.4882943143812709 0.5974842767295597 0.49498327759197325 0.6062893081761006 0.49665551839464883 0.6138364779874214 0.5 0.6125786163522012 0.4916387959866221 0.6113207547169811 0.48327759197324416 0.5962264150943396 0.479933110367893 0.5949685534591195 0.4698996655518395 0.5974842767295597 0.46488294314381273 0.6050314465408805 0.45819397993311034 0.6025157232704402 0.43478260869565216 0.6 0.44648829431438125 0.5937106918238994 0.451505016722408 0.589937106918239 0.459866220735786
6 0.6213836477987421 0.5033444816053512 0.6238993710691824 0.5083612040133779 0.6251572327044025 0.5133779264214047 0.6264150943396226 0.5183946488294314 0.6264150943396226 0.5217391304347826 0.6264150943396226 0.5267558528428093 0.6264150943396226 0.5301003344481605 0.6289308176100629 0.5317725752508361 0.6289308176100629 0.5284280936454849 0.6314465408805031 0.5267558528428093 0.6314465408805031 0.520066889632107 0.6314465408805031 0.5150501672240803 0.630188679245283 0.5100334448160535 0.6289308176100629 0.5033444816053512 0.6251572327044025 0.5033444816053512 0.6226415094339622 0.4983277591973244 0.6213836477987421 0.49498327759197325 0.620125786163522 0.4916387959866221 0.6188679245283019 0.4882943143812709 0.6150943396226415 0.48494983277591974 0.6163522012578616 0.49331103678929766 0.6176100628930817 0.4983277591973244 0.6213836477987421 0.5033444816053512
6 0.6138364779874214 0.5334448160535117 0.6062893081761006 0.5351170568561873 0.5987421383647799 0.5334448160535117 0.5962264150943396 0.5367892976588629 0.589937106918239 0.5384615384615384 0.5836477987421383 0.540133779264214 0.5773584905660377 0.5434782608695652 0.5735849056603773 0.5468227424749164 0.569811320754717 0.5535117056856187 0.5647798742138365 0.560200668896321 0.5622641509433962 0.5635451505016722 0.5622641509433962 0.568561872909699 0.5685534591194968 0.5668896321070234 0.5723270440251572 0.560200668896321 0.5735849056603773 0.5568561872909699 0.579874213836478 0.5501672240802675 0.5836477987421383 0.5451505016722408 0.5886792452830188 0.5468227424749164 0.5949685534591195 0.5451505016722408 0.6 0.5451505016722408 0.6025157232704402 0.5468227424749164 0.6062893081761006 0.5451505016722408 0.6088050314465409 0.5434782608695652 0.6113207547169811 0.540133779264214 0.6150943396226415 0.540133779264214 0.620125786163522 0.5384615384615384 0.6226415094339622 0.5334448160535117 0.6238993710691824 0.5301003344481605 0.6213836477987421 0.5267558528428093 0.6176100628930817 0.5284280936454849 0.620125786163522 0.5317725752508361 0.6138364779874214 0.5334448160535117
6 0.5735849056603773 0.4698996655518395 0.5735849056603773 0.47491638795986624 0.5748427672955975 0.4782608695652174 0.5748427672955975 0.4816053511705686 0.5786163522012578 0.4816053511705686 0.5823899371069182 0.4782608695652174 0.579874213836478 0.4765886287625418 0.5786163522012578 0.47324414715719065 0.579874213836478 0.4682274247491639 0.579874213836478 0.46488294314381273 0.5823899371069182 0.46153846153846156 0.5811320754716981 0.45652173913043476 0.5761006289308176 0.459866220735786 0.5748427672955975 0.46321070234113715 0.5735849056603773 0.4665551839464883 0.5735849056603773 0.4698996655518395
6 0.579874213836478 0.5234113712374582 0.5761006289308176 0.5250836120401338 0.5710691823899371 0.5267558528428093 0.5685534591194968 0.5284280936454849 0.5647798742138365 0.5284280936454849 0.5610062893081761 0.5317725752508361 0.5559748427672956 0.5351170568561873 0.5509433962264151 0.5367892976588629 0.5446540880503145 0.5367892976588629 0.5408805031446541 0.5367892976588629 0.5383647798742138 0.540133779264214 0.539622641509434 0.5434782608695652 0.5459119496855346 0.5468227424749164 0.549685534591195 0.5434782608695652 0.5559748427672956 0.5418060200668896 0.5610062893081761 0.5384615384615384 0.5647798742138365 0.5367892976588629 0.5710691823899371 0.5351170568561873 0.5761006289308176 0.5334448160535117 0.579874213836478 0.5301003344481605 0.5849056603773585 0.5284280936454849 0.5886792452830188 0.5284280936454849 0.5937106918238994 0.5284280936454849 0.5974842767295597 0.5267558528428093 0.6 0.5217391304347826 0.6025157232704402 0.520066889632107 0.6 0.5183946488294314 0.5962264150943396 0.5183946488294314 0.589937106918239 0.5183946488294314 0.5849056603773585 0.520066889632107 0.579874213836478 0.5234113712374582
6 0.5522012578616352 0.5903010033444817 0.5534591194968553 0.5836120401337793 0.5509433962264151 0.580267558528428 0.5471698113207547 0.5852842809364549 0.5446540880503145 0.5819397993311036 0.5421383647798742 0.5752508361204013 0.539622641509434 0.568561872909699 0.539622641509434 0.560200668896321 0.539622641509434 0.5535117056856187 0.5371069182389937 0.5468227424749164 0.5345911949685535 0.5418060200668896 0.5320754716981132 0.5418060200668896 0.529559748427673 0.5451505016722408 0.529559748427673 0.5518394648829431 0.5320754716981132 0.560200668896321 0.5345911949685535 0.5652173913043478 0.5358490566037736 0.568561872909699 0.5358490566037736 0.5719063545150501 0.5333333333333333 0.5702341137123745 0.529559748427673 0.5702341137123745 0.5257861635220126 0.5735785953177257 0.5245283018867924 0.5785953177257525 0.5245283018867924 0.5836120401337793 0.5257861635220126 0.5886287625418061 0.5283018867924528 0.5919732441471572 0.529559748427673 0.5986622073578596 0.5320754716981132 0.6020066889632107 0.5333333333333333 0.6053511705685619 0.5358490566037736 0.6103678929765887 0.5333333333333333 0.6137123745819398 0.529559748427673 0.6153846153846154 0.5270440251572327 0.6137123745819398 0.5257861635220126 0.6086956521739131 0.5245283018867924 0.6036789297658863 0.5220125786163522 0.6020066889632107 0.519496855345912 0.6036789297658863 0.519496855345912 0.6120401337792643 0.5220125786163522 0.6153846153846154 0.5220125786163522 0.6187290969899666 0.5207547169811321 0.6254180602006689 0.5232704402515723 0.6321070234113713 0.5270440251572327 0.6337792642140468 0.529559748427673 0.6270903010033445 0.5308176100628931 0.6237458193979933 0.5358490566037736 0.6270903010033445 0.5371069182389937 0.6321070234113713 0.5408805031446541 0.6354515050167224 0.5446540880503145 0.6321070234113713 0.5484276729559748 0.6254180602006689 0.5509433962264151 0.6204013377926422 0.5509433962264151 0.6103678929765887 0.5509433962264151 0.6053511705685619 0.5522012578616352 0.5953177257525084 0.5522012578616352 0.5903010033444817
6 0.5408805031446541 0.4866220735785953 0.5421383647798742 0.4866220735785953 0.5459119496855346 0.48494983277591974 0.549685534591195 0.48327759197324416 0.5534591194968553 0.4816053511705686 0.549685534591195 0.4882943143812709 0.5446540880503145 0.49498327759197325 0.539622641509434 0.4983277591973244 0.539622641509434 0.5033444816053512 0.5408805031446541 0.5083612040133779 0.5433962264150943 0.5066889632107023 0.5446540880503145 0.5033444816053512 0.5509433962264151 0.4983277591973244 0.5547169811320755 0.49331103678929766 0.5559748427672956 0.4916387959866221 0.5610062893081761 0.4882943143812709 0.5685534591194968 0.48327759197324416 0.5710691823899371 0.4782608695652174 0.5710691823899371 0.4682274247491639 0.5635220125786163 0.46488294314381273 0.5559748427672956 0.4682274247491639 0.5522012578616352 0.47324414715719065 0.5484276729559748 0.47491638795986624 0.539622641509434 0.47491638795986624 0.5383647798742138 0.4816053511705686 0.5383647798742138 0.4866220735785953 0.5408805031446541 0.4866220735785953
6 0.5182389937106918 0.4782608695652174 0.5169811320754717 0.4816053511705686 0.5182389937106918 0.4866220735785953 0.5207547169811321 0.48494983277591974 0.5257861635220126 0.48494983277591974 0.529559748427673 0.48494983277591974 0.5320754716981132 0.4899665551839465 0.5333333333333333 0.49331103678929766 0.5358490566037736 0.4882943143812709 0.5345911949685535 0.48327759197324416 0.5345911949685535 0.479933110367893 0.5320754716981132 0.4765886287625418 0.5270440251572327 0.4782608695652174 0.5232704402515723 0.4782608695652174 0.5182389937106918 0.4782608695652174
8 0.47924528301886793 0.5819397993311036 0.4830188679245283 0.5769230769230769 0.48930817610062893 0.5702341137123745 0.49559748427672956 0.5668896321070234 0.4981132075471698 0.5635451505016722 0.5031446540880503 0.560200668896321 0.5069182389937107 0.5551839464882943 0.5106918238993711 0.5518394648829431 0.5144654088050314 0.5468227424749164 0.5182389937106918 0.5434782608695652 0.5207547169811321 0.5367892976588629 0.5257861635220126 0.5317725752508361 0.5283018867924528 0.5267558528428093 0.5257861635220126 0.5183946488294314 0.519496855345912 0.520066889632107 0.5169811320754717 0.5284280936454849 0.5132075471698113 0.5267558528428093 0.5094339622641509 0.5250836120401338 0.5056603773584906 0.5250836120401338 0.5018867924528302 0.5301003344481605 0.5018867924528302 0.5367892976588629 0.5006289308176101 0.5468227424749164 0.5006289308176101 0.5518394648829431 0.4968553459119497 0.5568561872909699 0.4880503144654088 0.5618729096989966 0.4817610062893082 0.568561872909699 0.4767295597484277 0.5752508361204013 0.4729559748427673 0.5836120401337793 0.4666666666666667 0.5903010033444817 0.4628930817610063 0.5953177257525084 0.4628930817610063 0.6020066889632107 0.4666666666666667 0.6020066889632107 0.47044025157232705 0.5986622073578596 0.4716981132075472 0.5936454849498328 0.47547169811320755 0.5886287625418061 0.47924528301886793 0.5819397993311036
6 0.5182389937106918 0.5250836120401338 0.519496855345912 0.5234113712374582 0.5220125786163522 0.5183946488294314 0.519496855345912 0.5133779264214047 0.5169811320754717 0.5117056856187291 0.5106918238993711 0.5117056856187291 0.5081761006289308 0.5117056856187291 0.5018867924528302 0.5133779264214047 0.5018867924528302 0.5150501672240803 0.5044025157232704 0.520066889632107 0.5056603773584906 0.5217391304347826 0.5132075471698113 0.5217391304347826 0.5119496855345912 0.5267558528428093 0.5106918238993711 0.5301003344481605 0.5132075471698113 0.5301003344481605 0.5157232704402516 0.5267558528428093 0.5182389937106918 0.5250836120401338
8 0.5710691823899371 0.6053511705685619 0.5761006289308176 0.5986622073578596 0.5836477987421383 0.5953177257525084 0.5937106918238994 0.5919732441471572 0.6025157232704402 0.5903010033444817 0.6025157232704402 0.5852842809364549 0.5974842767295597 0.5836120401337793 0.5937106918238994 0.5852842809364549 0.5911949685534591 0.5869565217391305 0.5874213836477987 0.5869565217391305 0.5886792452830188 0.5819397993311036 0.589937106918239 0.5719063545150501 0.5937106918238994 0.5635451505016722 0.5949685534591195 0.5568561872909699 0.5924528301886792 0.5518394648829431 0.5861635220125786 0.5535117056856187 0.5786163522012578 0.5585284280936454 0.5735849056603773 0.5635451505016722 0.569811320754717 0.5702341137123745 0.5647798742138365 0.5752508361204013 0.559748427672956 0.5819397993311036 0.5572327044025157 0.5886287625418061 0.5572327044025157 0.5953177257525084 0.559748427672956 0.6003344481605352 0.5584905660377358 0.6036789297658863 0.5584905660377358 0.6153846153846154 0.5622641509433962 0.6137123745819398 0.5660377358490566 0.6103678929765887 0.5710691823899371 0.6053511705685619
6 0.5257861635220126 0.5167224080267558 0.5245283018867924 0.520066889632107 0.5257861635220126 0.520066889632107 0.5283018867924528 0.520066889632107 0.5308176100628931 0.5183946488294314 0.5345911949685535 0.5150501672240803 0.5371069182389937 0.5117056856187291 0.539622641509434 0.5083612040133779 0.5383647798742138 0.5050167224080268 0.5358490566037736 0.5050167224080268 0.5345911949685535 0.5083612040133779 0.5308176100628931 0.5117056856187291 0.5283018867924528 0.5150501672240803 0.5257861635220126 0.5167224080267558
8 0.47547169811320755 0.7207357859531772 0.4767295597484277 0.717391304347826 0.4716981132075472 0.7107023411371237 0.4666666666666667 0.7107023411371237 0.46163522012578617 0.717391304347826 0.4591194968553459 0.7240802675585284 0.45534591194968554 0.7274247491638796 0.45660377358490567 0.7341137123745819 0.4591194968553459 0.7341137123745819 0.4628930817610063 0.7357859531772575 0.4628930817610063 0.7391304347826086 0.4628930817610063 0.7441471571906354 0.46540880503144655 0.745819397993311 0.4679245283018868 0.7408026755852842 0.4716981132075472 0.7357859531772575 0.4729559748427673 0.7324414715719063 0.4742138364779874 0.7290969899665551 0.47547169811320755 0.7240802675585284 0.47547169811320755 0.7207357859531772
6 0.5069182389937107 0.6471571906354515 0.5044025157232704 0.6438127090301003 0.5069182389937107 0.6354515050167224 0.5031446540880503 0.6321070234113713 0.49937106918238994 0.6287625418060201 0.49559748427672956 0.6287625418060201 0.49559748427672956 0.637123745819398 0.49433962264150944 0.6454849498327759 0.4981132075471698 0.6488294314381271 0.5018867924528302 0.6538461538461539 0.49937106918238994 0.657190635451505 0.4968553459119497 0.6638795986622074 0.4981132075471698 0.6705685618729097 0.5018867924528302 0.6688963210702341 0.5069182389937107 0.6655518394648829 0.5106918238993711 0.6555183946488294 0.5094339622641509 0.6505016722408027 0.5069182389937107 0.6471571906354515
6 0.5207547169811321 0.6605351170568562 0.5157232704402516 0.6672240802675585 0.5132075471698113 0.6705685618729097 0.5169811320754717 0.6705685618729097 0.5207547169811321 0.6672240802675585 0.5257861635220126 0.6672240802675585 0.5257861635220126 0.6622073578595318 0.5245283018867924 0.6555183946488294 0.5245283018867924 0.6521739130434783 0.5220125786163522 0.6538461538461539 0.5207547169811321 0.6605351170568562
8 0.4918238993710692 0.7207357859531772 0.49056603773584906 0.717391304347826 0.4867924528301887 0.7190635451505016 0.4817610062893082 0.7224080267558528 0.47924528301886793 0.7240802675585284 0.4779874213836478 0.7290969899665551 0.4817610062893082 0.7307692307692307 0.49056603773584906 0.7307692307692307 0.4930817610062893 0.725752508361204 0.49433962264150944 0.7207357859531772 0.4918238993710692 0.7207357859531772
8 0.4716981132075472 0.68561872909699 0.4628930817610063 0.6889632107023411 0.46037735849056605 0.6956521739130435 0.4666666666666667 0.6956521739130435 0.4742138364779874 0.6956521739130435 0.4779874213836478 0.6906354515050167 0.4767295597484277 0.68561872909699 0.4716981132075472 0.68561872909699
6 0.4817610062893082 0.7040133779264214 0.47924528301886793 0.7107023411371237 0.48427672955974843 0.7140468227424749 0.4918238993710692 0.7123745819397993 0.49433962264150944 0.7123745819397993 0.49559748427672956 0.7207357859531772 0.49937106918238994 0.7123745819397993 0.5044025157232704 0.7023411371237458 0.5106918238993711 0.6923076923076923 0.5081761006289308 0.6906354515050167 0.5031446540880503 0.697324414715719 0.4968553459119497 0.6989966555183946 0.4918238993710692 0.7040133779264214 0.4817610062893082 0.7040133779264214
8 0.45534591194968554 0.7023411371237458 0.4477987421383648 0.7006688963210702 0.44150943396226416 0.7006688963210702 0.43647798742138366 0.7023411371237458 0.43647798742138366 0.7090301003344481 0.44150943396226416 0.7107023411371237 0.4477987421383648 0.7107023411371237 0.4528301886792453 0.7107023411371237 0.46037735849056605 0.7107023411371237 0.4641509433962264 0.7040133779264214 0.46037735849056605 0.7040133779264214 0.45534591194968554 0.7023411371237458
3 0.9069182389937107 0.36454849498327757 0.9006289308176101 0.35618729096989965 0.8968553459119497 0.35785953177257523 0.8968553459119497 0.3712374581939799 0.8968553459119497 0.38294314381270905 0.8968553459119497 0.3879598662207358 0.889308176100629 0.39464882943143814 0.8855345911949686 0.40301003344481606 0.8830188679245283 0.4180602006688963 0.8842767295597485 0.4297658862876254 0.8867924528301887 0.43812709030100333 0.8905660377358491 0.4331103678929766 0.8955974842767296 0.4230769230769231 0.9006289308176101 0.41638795986622074 0.9031446540880503 0.4096989966555184 0.9069182389937107 0.40635451505016723 0.909433962264151 0.4096989966555184 0.9132075471698113 0.41638795986622074 0.919496855345912 0.4214046822742475 0.9232704402515723 0.40468227424749165 0.9207547169811321 0.3896321070234114 0.9157232704402516 0.3779264214046823 0.9069182389937107 0.36454849498327757
5 0.18238993710691823 0.7508361204013378 0.18742138364779873 0.7307692307692307 0.17232704402515722 0.677257525083612 0.09182389937106918 0.596989966555184 0.08553459119496855 0.6387959866220736 0.09433962264150944 0.6638795986622074 0.18238993710691823 0.7508361204013378
5 0.8591194968553459 0.34448160535117056 0.8616352201257862 0.3795986622073579 0.869182389937107 0.3879598662207358 0.8817610062893082 0.3745819397993311 0.8767295597484277 0.35785953177257523 0.869182389937107 0.34448160535117056 0.8591194968553459 0.34448160535117056