3 0.6649122807017543 0.37055837563451777 0.6701754385964912 0.35786802030456855 0.6771929824561403 0.34517766497461927 0.6877192982456141 0.3477157360406091 0.6894736842105263 0.3223350253807107 0.6964912280701754 0.31218274111675126 0.712280701754386 0.29949238578680204 0.7333333333333333 0.2918781725888325 0.756140350877193 0.2868020304568528 0.775438596491228 0.2918781725888325 0.7947368421052632 0.2969543147208122 0.8035087719298246 0.3096446700507614 0.8157894736842105 0.3223350253807107 0.8192982456140351 0.3477157360406091 0.8192982456140351 0.37817258883248733 0.8175438596491228 0.40609137055837563 0.8122807017543859 0.44416243654822335 0.8070175438596491 0.46954314720812185 0.8017543859649123 0.5050761421319797 0.7947368421052632 0.5329949238578681 0.7894736842105263 0.5431472081218274 0.7543859649122807 0.5812182741116751 0.7192982456140351 0.6218274111675127 0.7105263157894737 0.5812182741116751 0.7052631578947368 0.5406091370558376 0.7087719298245614 0.5279187817258884 0.7087719298245614 0.5101522842639594 0.7017543859649122 0.5 0.6842105263157895 0.47715736040609136 0.6719298245614035 0.43908629441624364 0.6649122807017543 0.39847715736040606
3 0.612280701754386 0.5304568527918782 0.6017543859649123 0.5177664974619289 0.5929824561403508 0.49238578680203043 0.5912280701754385 0.4593908629441624 0.5947368421052631 0.4416243654822335 0.6052631578947368 0.4263959390862944 0.612280701754386 0.4213197969543147 0.6140350877192983 0.4086294416243655 0.6017543859649123 0.4010152284263959 0.6070175438596491 0.38578680203045684 0.6140350877192983 0.3730964467005076 0.6228070175438597 0.38071065989847713 0.6350877192982456 0.38071065989847713 0.6385964912280702 0.3730964467005076 0.6526315789473685 0.3756345177664975 0.6596491228070176 0.383248730964467 0.6614035087719298 0.40609137055837563 0.6666666666666666 0.43147208121827413 0.6736842105263158 0.4593908629441624 0.6842105263157895 0.48223350253807107 0.6912280701754386 0.49746192893401014 0.6982456140350877 0.5126903553299492 0.7 0.5304568527918782 0.6929824561403509 0.5355329949238579 0.6807017543859649 0.5203045685279187 0.6701754385964912 0.5279187817258884 0.6473684210526316 0.5482233502538071 0.6263157894736842 0.5685279187817259 0.6087719298245614 0.583756345177665 0.6 0.5862944162436549 0.6017543859649123 0.5685279187817259 0.6070175438596491 0.5558375634517766 0.6140350877192983 0.5558375634517766 0.6175438596491228 0.5431472081218274
3 0.8175438596491228 0.30710659898477155 0.8228070175438597 0.29949238578680204 0.8298245614035088 0.28426395939086296 0.8403508771929824 0.2817258883248731 0.8421052631578947 0.29441624365482233 0.8508771929824561 0.30456852791878175 0.8473684210526315 0.3197969543147208 0.8578947368421053 0.33756345177664976 0.8649122807017544 0.35279187817258884 0.868421052631579 0.36548223350253806 0.868421052631579 0.38071065989847713 0.868421052631579 0.39847715736040606 0.8649122807017544 0.40609137055837563 0.8578947368421053 0.4137055837563452 0.843859649122807 0.4213197969543147 0.8315789473684211 0.43147208121827413 0.8245614035087719 0.434010152284264 0.8280701754385965 0.4467005076142132 0.8315789473684211 0.4593908629441624 0.8228070175438597 0.46954314720812185 0.8140350877192982 0.4847715736040609 0.8087719298245614 0.5025380710659898 0.8017543859649123 0.49746192893401014 0.8052631578947368 0.4796954314720812 0.8175438596491228 0.39847715736040606 0.8192982456140351 0.35786802030456855 0.8175438596491228 0.3248730964467005 0.8157894736842105 0.3147208121827411
3 0.09824561403508772 0.30456852791878175 0.10877192982456141 0.3096446700507614 0.11929824561403508 0.31725888324873097 0.12105263157894737 0.33756345177664976 0.12982456140350876 0.34517766497461927 0.14385964912280702 0.35786802030456855 0.1368421052631579 0.3730964467005076 0.11754385964912281 0.36548223350253806 0.09298245614035087 0.35279187817258884 0.08771929824561403 0.3401015228426396 0.08947368421052632 0.3147208121827411
8 0.8842105263157894 0.37817258883248733 0.868421052631579 0.3883248730964467 0.868421052631579 0.39593908629441626 0.8842105263157894 0.383248730964467
8 0.8614035087719298 0.3350253807106599 0.843859649122807 0.350253807106599 0.8280701754385965 0.3629441624365482 0.8263157894736842 0.37055837563451777 0.8421052631578947 0.35786802030456855 0.8614035087719298 0.3401015228426396
8 0.868421052631579 0.3477157360406091 0.8543859649122807 0.3553299492385787 0.8403508771929824 0.36548223350253806 0.8403508771929824 0.3730964467005076 0.8508771929824561 0.3629441624365482 0.8649122807017544 0.35279187817258884
8 0.8736842105263158 0.36548223350253806 0.8631578947368421 0.38578680203045684 0.8666666666666667 0.38578680203045684 0.875438596491228 0.3680203045685279
8 0.8017543859649123 0.46446700507614214 0.7684210526315789 0.4847715736040609 0.7719298245614035 0.49238578680203043 0.8035087719298246 0.46954314720812185
8 0.8035087719298246 0.44923857868020306 0.7736842105263158 0.46954314720812185 0.743859649122807 0.48984771573604063 0.7421052631578947 0.49746192893401014 0.7701754385964912 0.47715736040609136 0.8052631578947368 0.4543147208121827
8 0.5789473684210527 0.6928934010152284 0.5280701754385965 0.7157360406091371 0.4824561403508772 0.7360406091370558 0.44912280701754387 0.7563451776649747 0.41228070175438597 0.766497461928934 0.41228070175438597 0.7766497461928934 0.4456140350877193 0.766497461928934 0.48596491228070177 0.7436548223350253 0.531578947368421 0.7233502538071066 0.5929824561403508 0.6954314720812182
8 0.6280701754385964 0.38071065989847713 0.612280701754386 0.38578680203045684 0.5684210526315789 0.41624365482233505 0.5754385964912281 0.41878172588832485 0.6017543859649123 0.39847715736040606 0.624561403508772 0.3883248730964467
8 0.6684210526315789 0.4593908629441624 0.6385964912280702 0.4873096446700508 0.5929824561403508 0.5253807106598984 0.5701754385964912 0.5431472081218274 0.5385964912280702 0.5583756345177665 0.543859649122807 0.5634517766497462 0.5666666666666667 0.5558375634517766 0.5807017543859649 0.5406091370558376 0.6228070175438597 0.5101522842639594 0.6526315789473685 0.48223350253807107 0.6719298245614035 0.46446700507614214
8 0.531578947368421 0.4720812182741117 0.5614035087719298 0.45685279187817257 0.6 0.434010152284264 0.6 0.4416243654822335 0.5649122807017544 0.4619289340101523 0.5543859649122806 0.467005076142132
8 0.5 0.6802030456852792 0.49298245614035086 0.6903553299492385 0.4964912280701754 0.6954314720812182 0.4982456140350877 0.7055837563451777 0.5017543859649123 0.7055837563451777 0.5 0.6954314720812182 0.4982456140350877 0.6903553299492385
8 0.5263157894736842 0.6979695431472082 0.5140350877192983 0.7081218274111675 0.4982456140350877 0.7157360406091371 0.5017543859649123 0.7208121827411168 0.5070175438596491 0.7233502538071066 0.5105263157894737 0.7233502538071066 0.5087719298245614 0.7182741116751269 0.5210526315789473 0.7081218274111675 0.5280701754385965 0.7055837563451777 0.531578947368421 0.700507614213198
8 0.5912280701754385 0.6370558375634517 0.6035087719298246 0.6243654822335025 0.6070175438596491 0.631979695431472 0.5964912280701754 0.6421319796954315
8 0.6035087719298246 0.6700507614213198 0.6087719298245614 0.6725888324873096 0.5929824561403508 0.7081218274111675 0.5877192982456141 0.7030456852791879
8 0.6157894736842106 0.6269035532994924 0.6087719298245614 0.6446700507614214 0.6140350877192983 0.6446700507614214 0.6210526315789474 0.6243654822335025
8 0.09473684210526316 0.3096446700507614 0.10350877192982456 0.3197969543147208 0.10175438596491228 0.32741116751269034 0.0912280701754386 0.31725888324873097
8 0.6491228070175439 0.5228426395939086 0.5929824561403508 0.5786802030456852 0.6035087719298246 0.5913705583756346 0.6368421052631579 0.550761421319797 0.6824561403508772 0.5025380710659898 0.6807017543859649 0.49746192893401014
8 0.7 0.6345177664974619 0.7105263157894737 0.6269035532994924 0.712280701754386 0.6345177664974619 0.7052631578947368 0.6548223350253807
0 0.6754385964912281 0.1065989847715736 0.6947368421052632 0.09390862944162437 0.7298245614035088 0.08883248730964467 0.7491228070175439 0.09137055837563451 0.7807017543859649 0.20304568527918782 0.7929824561403509 0.26903553299492383 0.8122807017543859 0.2918781725888325 0.8228070175438597 0.32741116751269034 0.8245614035087719 0.36548223350253806 0.8192982456140351 0.40609137055837563 0.8122807017543859 0.4467005076142132 0.8052631578947368 0.4746192893401015 0.7982456140350878 0.5253807106598984 0.7894736842105263 0.5456852791878173 0.7017543859649122 0.6370558375634517 0.6912280701754386 0.5761421319796954 0.6754385964912281 0.5380710659898477 0.6736842105263158 0.48223350253807107 0.6649122807017543 0.44923857868020306 0.6543859649122807 0.39593908629441626 0.6456140350877193 0.3350253807106599 0.6491228070175439 0.27918781725888325 0.6578947368421053 0.14720812182741116
5 0.712280701754386 0.37817258883248733 0.6859649122807018 0.38578680203045684 0.6842105263157895 0.3730964467005076 0.7087719298245614 0.3604060913705584
5 0.8421052631578947 0.3248730964467005 0.8210526315789474 0.3248730964467005 0.8210526315789474 0.31725888324873097 0.8403508771929824 0.31218274111675126
5 0.14736842105263157 0.41624365482233505 0.21754385964912282 0.44416243654822335 0.21228070175438596 0.5304568527918782 0.14385964912280702 0.5
0 0.45964912280701753 0.5888324873096447 0.5 0.5786802030456852 0.4982456140350877 0.6218274111675127 0.5894736842105263 0.583756345177665 0.624561403508772 0.5532994923857868 0.6473684210526316 0.5329949238578681 0.6666666666666666 0.5812182741116751 0.6140350877192983 0.6015228426395939 0.5491228070175439 0.6269035532994924 0.49473684210526314 0.6472081218274112 0.4824561403508772 0.6472081218274112 0.48771929824561405 0.5989847715736041 0.4614035087719298 0.6065989847715736