8 0.5860552763819096 0.7730318257956449 0.5860552763819096 0.7294807370184254 0.5734924623115578 0.7194304857621441 0.5634422110552764 0.7847571189279732 0.5659547738693468 0.8232830820770519 0.5659547738693468 0.855108877721943 0.5634422110552764 0.890284757118928 0.5596733668341709 0.9221105527638191 0.5672110552763819 0.9355108877721943 0.5772613065326633 0.907035175879397 0.5860552763819096 0.8517587939698492 0.5860552763819096 0.7730318257956449
8 0.5433417085427136 0.8651591289782244 0.539572864321608 0.8819095477386935 0.539572864321608 0.9187604690117253 0.5471105527638191 0.9204355108877722 0.5596733668341709 0.8886097152428811 0.5609296482412061 0.8567839195979899 0.5571608040201005 0.838358458961474 0.5433417085427136 0.8651591289782244
8 0.49515434296482413 1 0.4981155778894472 0.9974874371859297 0.5006281407035176 0.974036850921273 0.5043969849246231 0.9455611390284757 0.5018844221105527 0.9271356783919598 0.48932160804020103 0.9338358458961474 0.4880653266331658 0.9556113902847572 0.48555276381909546 0.9790619765494137 0.4846803467336684 1 0.49515434296482413 1
8 0.48178391959798994 0.8651591289782244 0.47675879396984927 0.8986599664991625 0.47173366834170855 0.923785594639866 0.47173366834170855 0.9388609715242882 0.4842964824120603 0.9321608040201005 0.4905778894472362 0.9137353433835846 0.49309045226130654 0.8919597989949749 0.4981155778894472 0.8651591289782244 0.49309045226130654 0.8450586264656617 0.48178391959798994 0.8651591289782244
8 0.5345477386934674 0.9053601340033501 0.5295226130653267 0.8752093802345059 0.5169597989949749 0.8953098827470687 0.5194723618090452 0.9288107202680067 0.5232412060301508 0.957286432160804 0.5295226130653267 0.9790619765494137 0.539572864321608 0.9606365159128978 0.5370603015075377 0.9422110552763819 0.5358040201005025 0.9204355108877722 0.5345477386934674 0.9053601340033501
8 0.5646984924623115 0.6825795644891123 0.5609296482412061 0.6574539363484088 0.5496231155778895 0.6825795644891123 0.5496231155778895 0.7026800670016751 0.5496231155778895 0.7311557788944724 0.5621859296482412 0.7194304857621441 0.5646984924623115 0.7010050251256281 0.5646984924623115 0.6825795644891123
8 0.5445979899497487 0.6708542713567839 0.5345477386934674 0.6608040201005025 0.5295226130653267 0.6792294807370184 0.5307788944723618 0.6976549413735343 0.532035175879397 0.7278056951423786 0.5383165829145728 0.7445561139028476 0.5445979899497487 0.7311557788944724 0.5445979899497487 0.7144053601340034 0.5445979899497487 0.6892797319932998 0.5445979899497487 0.6708542713567839
8 0.4993718592964824 0.8182579564489112 0.49685929648241206 0.8015075376884422 0.49183417085427134 0.8249581239530989 0.49183417085427134 0.8366834170854272 0.49309045226130654 0.8467336683417085 0.5018844221105527 0.8500837520938024 0.4981155778894472 0.8417085427135679 0.4993718592964824 0.8283082077051926 0.4993718592964824 0.8182579564489112
8 0.5194723618090452 0.7144053601340034 0.5144472361809045 0.7026800670016751 0.5094221105527639 0.7194304857621441 0.5094221105527639 0.7328308207705193 0.510678391959799 0.7495812395309883 0.5119346733668342 0.7629815745393634 0.5207286432160804 0.7562814070351759 0.5194723618090452 0.7445561139028476 0.5194723618090452 0.7328308207705193 0.5194723618090452 0.7144053601340034
8 0.3636934673366834 0.535175879396985 0.35615577889447236 0.5452261306532663 0.35238693467336685 0.5603015075376885 0.3649497487437186 0.5485762144053601 0.3687185929648241 0.5284757118927973 0.3636934673366834 0.535175879396985
8 0.3599246231155779 0.5 0.35615577889447236 0.4916247906197655 0.34610552763819097 0.5100502512562815 0.34233668341708545 0.5201005025125628 0.34108040201005024 0.5284757118927973 0.35113065326633164 0.5268006700167505 0.35615577889447236 0.5134003350083752 0.3599246231155779 0.5
8 0.4277638190954774 0.3542713567839196 0.4315326633165829 0.32914572864321606 0.439070351758794 0.31909547738693467 0.4453517587939699 0.3073701842546064 0.44660804020100503 0.29061976549413737 0.4378140703517588 0.2889447236180904 0.42902010050251255 0.30234505862646566 0.41520100502512564 0.3442211055276382 0.40766331658291455 0.3659966499162479 0.4026381909547739 0.3760469011725293 0.40389447236180903 0.3944723618090452 0.41520100502512564 0.38944723618090454 0.4202261306532663 0.3844221105527638 0.4265075376884422 0.3693467336683417 0.4277638190954774 0.3542713567839196
8 0.42525125628140703 0.28391959798994976 0.42273869346733667 0.29731993299832493 0.4164572864321608 0.30904522613065327 0.43027638190954776 0.30067001675041877 0.43404522613065327 0.29061976549413737 0.439070351758794 0.28391959798994976 0.4428391959798995 0.26214405360134 0.4378140703517588 0.26549413735343386 0.42902010050251255 0.26884422110552764 0.42525125628140703 0.28391959798994976
8 0.439070351758794 0.1968174204355109 0.43655778894472363 0.2051926298157454 0.43027638190954776 0.2403685092127303 0.43404522613065327 0.25041876046901174 0.44660804020100503 0.24204355108877723 0.44660804020100503 0.2202680067001675 0.45037688442211055 0.2068676716917923 0.45791457286432163 0.19514237855946398 0.4566582914572864 0.17839195979899497 0.44660804020100503 0.1800670016750419 0.439070351758794 0.1968174204355109
8 0.4629396984924623 0.4748743718592965 0.46545226130653267 0.4815745393634841 0.4729899497487437 0.4765494137353434 0.4805276381909548 0.4715242881072027 0.4692211055276382 0.466499162479062 0.4629396984924623 0.4748743718592965
8 0.5672110552763819 0.3659966499162479 0.5621859296482412 0.3592964824120603 0.5584170854271356 0.3676716917922948 0.5546482412060302 0.3877721943048576 0.5521356783919598 0.39949748743718594 0.5559045226130653 0.41457286432160806 0.5596733668341709 0.4045226130653266 0.5659547738693468 0.3927973199329983 0.5659547738693468 0.3777219430485762 0.5672110552763819 0.3659966499162479
8 0.5106155778894472 0.404953338358459 0.5144472361809045 0.40787269681742044 0.5182160804020101 0.39949748743718594 0.5182160804020101 0.38944723618090454 0.5157035175879398 0.38944723618090454 0.5106155778894472 0.404953338358459
8 0.5056532663316583 0.40117252931323283 0.5069095477386935 0.41624790619765495 0.5106155778894472 0.404953338358459 0.5056532663316583 0.40117252931323283
8 0.2908291457286432 0.6440536013400335 0.2832914572864322 0.6708542713567839 0.2795226130653266 0.6842546063651591 0.2971105527638191 0.6725293132328308 0.3021356783919598 0.6440536013400335 0.2908291457286432 0.6440536013400335
8 0.6023869346733668 0.5234505862646566 0.5873115577889447 0.5318257956448911 0.582286432160804 0.5469011725293133 0.5772613065326633 0.5636515912897823 0.574748743718593 0.5787269681742043 0.5760050251256281 0.5887772194304858 0.5860552763819096 0.585427135678392 0.5873115577889447 0.567001675041876 0.5910804020100503 0.5485762144053601 0.6048994974874372 0.5368509212730318 0.6149497487437185 0.533500837520938 0.6199748743718593 0.5201005025125628 0.6023869346733668 0.5234505862646566
8 0.5772613065326633 0.5284757118927973 0.5609296482412061 0.5284757118927973 0.5370603015075377 0.535175879396985 0.510678391959799 0.5385259631490787 0.49309045226130654 0.5552763819095478 0.5043969849246231 0.5586264656616415 0.5131909547738693 0.5552763819095478 0.5232412060301508 0.5552763819095478 0.5307788944723618 0.5569514237855946 0.5332914572864321 0.5720268006700168 0.5332914572864321 0.583752093802345 0.5345477386934674 0.5971524288107203 0.5508793969849246 0.585427135678392 0.5571608040201005 0.5703517587939698 0.5697236180904522 0.550251256281407 0.5772613065326633 0.5284757118927973
8 0.4064070351758794 0.5284757118927973 0.40766331658291455 0.5117252931323283 0.40891959798994976 0.4916247906197655 0.3913316582914573 0.5117252931323283 0.3863065326633166 0.5402010050251256 0.3850502512562814 0.5636515912897823 0.3951005025125628 0.5586264656616415 0.40389447236180903 0.5418760469011725 0.4064070351758794 0.5284757118927973
3 0.7471072462311558 0 0.7368090452261307 0.0745393634840871 0.7054020100502513 0.2185929648241206 0.6940954773869347 0.39949748743718594 0.6940954773869347 0.5117252931323283 0.7204773869346733 0.5 0.7481155778894473 0.3944723618090452 0.7518844221105527 0.25041876046901174 0.7832914572864321 0.13819095477386933 0.7983668341708543 0.01423785594639866 0.8003957286432161 0 0.7471072462311558 0