8 0.5294117647058824 0.2865013774104683 0.5215686274509804 0.31129476584022037 0.5078431372549019 0.3443526170798898 0.49607843137254903 0.38292011019283745 0.48627450980392156 0.4132231404958678 0.49019607843137253 0.38292011019283745 0.5 0.35537190082644626 0.5117647058823529 0.325068870523416 0.5176470588235295 0.30578512396694213
8 0.5235294117647059 0.465564738292011 0.5450980392156862 0.4820936639118457 0.5490196078431373 0.509641873278237 0.5568627450980392 0.5289256198347108 0.5627450980392157 0.5564738292011019 0.5529411764705883 0.5482093663911846 0.5470588235294118 0.5179063360881543 0.5392156862745098 0.4931129476584022 0.5235294117647059 0.4765840220385675
8 0.7058823529411765 0.2699724517906336 0.7176470588235294 0.27823691460055094 0.7313725490196078 0.2837465564738292 0.7450980392156863 0.2892561983471074 0.7568627450980392 0.2975206611570248 0.7431372549019608 0.29476584022038566 0.7333333333333333 0.2892561983471074 0.7235294117647059 0.2892561983471074 0.7098039215686275 0.2809917355371901 0.703921568627451 0.27548209366391185
8 0.7568627450980392 0.721763085399449 0.7686274509803922 0.71900826446281 0.7843137254901961 0.71900826446281 0.803921568627451 0.7162534435261708 0.8156862745098039 0.7162534435261708 0.8137254901960784 0.7245179063360881 0.792156862745098 0.7272727272727273 0.7745098039215687 0.7327823691460055 0.7588235294117647 0.7327823691460055
6 0.8470588235294118 0.33608815426997246 0.8666666666666667 0.3415977961432507 0.8588235294117647 0.3581267217630854 0.8470588235294118 0.3526170798898072
6 0.2725490196078431 0.8209366391184573 0.2784313725490196 0.8347107438016529 0.27647058823529413 0.8457300275482094 0.26862745098039215 0.8319559228650137
6 0.29411764705882354 0.8567493112947658 0.30196078431372547 0.8622589531680441 0.3156862745098039 0.8732782369146006 0.30196078431372547 0.8732782369146006 0.29215686274509806 0.8650137741046832
4 0.5215686274509804 0.27823691460055094 0.5352941176470588 0.27823691460055094 0.5392156862745098 0.2892561983471074 0.5411764705882353 0.3085399449035813 0.5313725490196078 0.3085399449035813 0.5274509803921569 0.325068870523416 0.5235294117647059 0.3415977961432507 0.515686274509804 0.3526170798898072 0.5176470588235295 0.3691460055096419 0.5078431372549019 0.3581267217630854 0.503921568627451 0.3774104683195592 0.5019607843137255 0.39118457300275483 0.49607843137254903 0.39118457300275483 0.492156862745098 0.41597796143250687 0.4843137254901961 0.42699724517906334 0.4764705882352941 0.4132231404958678 0.4823529411764706 0.39118457300275483 0.4803921568627451 0.3746556473829201 0.4843137254901961 0.3608815426997245 0.4980392156862745 0.3526170798898072 0.5058823529411764 0.3305785123966942 0.5117647058823529 0.31129476584022037 0.5019607843137255 0.30578512396694213 0.5176470588235295 0.2865013774104683
4 0.703921568627451 0.30303030303030304 0.7215686274509804 0.30303030303030304 0.711764705882353 0.31955922865013775 0.7 0.3333333333333333 0.6882352941176471 0.34710743801652894 0.692156862745098 0.3608815426997245 0.6823529411764706 0.36639118457300274 0.6745098039215687 0.3581267217630854 0.6745098039215687 0.33608815426997246 0.6823529411764706 0.31955922865013775 0.6941176470588235 0.30578512396694213
4 0.5254901960784314 0.3774104683195592 0.5470588235294118 0.3691460055096419 0.5647058823529412 0.3746556473829201 0.5607843137254902 0.4132231404958678 0.5470588235294118 0.43526170798898073 0.5450980392156862 0.45179063360881544 0.5568627450980392 0.46831955922865015 0.5549019607843138 0.49586776859504134 0.5745098039215686 0.49586776859504134 0.5843137254901961 0.5179063360881543 0.5764705882352941 0.5371900826446281 0.5823529411764706 0.5564738292011019 0.5647058823529412 0.5702479338842975 0.5313725490196078 0.5564738292011019 0.5333333333333333 0.5371900826446281 0.5313725490196078 0.5151515151515151 0.5196078431372549 0.5041322314049587 0.515686274509804 0.4765840220385675 0.5058823529411764 0.4573002754820937 0.5313725490196078 0.4573002754820937 0.5274509803921569 0.44077134986225897 0.5137254901960784 0.4214876033057851 0.5215686274509804 0.39669421487603307
4 0.4666666666666667 0.5068870523415978 0.47843137254901963 0.509641873278237 0.4803921568627451 0.5344352617079889 0.4666666666666667 0.5399449035812672
4 0.615686274509804 0.5482093663911846 0.6215686274509804 0.5371900826446281 0.6372549019607843 0.5344352617079889 0.6411764705882353 0.5454545454545454 0.6313725490196078 0.5509641873278237
4 0.7274509803921568 0.5399449035812672 0.7196078431372549 0.5289256198347108 0.703921568627451 0.5179063360881543 0.6862745098039216 0.5206611570247934 0.6705882352941176 0.5289256198347108 0.6666666666666666 0.5454545454545454
3 0.30196078431372547 0.5234159779614325 0.2823529411764706 0.42424242424242425 0.34705882352941175 0.3691460055096419 0.4372549019607843 0.2975206611570248 0.5333333333333333 0.2837465564738292 0.46078431372549017 0.4022038567493113 0.35490196078431374 0.48760330578512395
3 0.5490196078431373 0.2892561983471074 0.6431372549019608 0.2837465564738292 0.7235294117647059 0.3002754820936639 0.6450980392156863 0.3305785123966942 0.5705882352941176 0.3305785123966942 0.5411764705882353 0.3856749311294766 0.5117647058823529 0.35537190082644626 0.5274509803921569 0.30578512396694213
3 0.5470588235294118 0.42424242424242425 0.6 0.4132231404958678 0.6607843137254902 0.41597796143250687 0.6980392156862745 0.35537190082644626 0.7235294117647059 0.3278236914600551 0.7588235294117647 0.35537190082644626 0.792156862745098 0.3939393939393939 0.8254901960784313 0.39669421487603307 0.8274509803921568 0.4820936639118457 0.8 0.5013774104683195 0.7784313725490196 0.5068870523415978 0.7450980392156863 0.4297520661157025 0.7274509803921568 0.418732782369146 0.7137254901960784 0.4738292011019284 0.7 0.5068870523415978 0.6529411764705882 0.5316804407713499 0.6078431372549019 0.5316804407713499 0.5725490196078431 0.5206611570247934 0.5509803921568628 0.5041322314049587 0.5392156862745098 0.4490358126721763
3 0.5176470588235295 0.5316804407713499 0.4823529411764706 0.5399449035812672 0.4647058823529412 0.512396694214876 0.46078431372549017 0.47107438016528924 0.4764705882352941 0.41597796143250687 0.5117647058823529 0.39118457300275483 0.5294117647058824 0.42424242424242425
3 0.7568627450980392 0.30303030303030304 0.7627450980392156 0.2727272727272727 0.7941176470588235 0.25895316804407714 0.8313725490196079 0.27823691460055094 0.8254901960784313 0.3278236914600551 0.8235294117647058 0.4022038567493113
0 0.27058823529411763 0.25068870523415976 0.296078431372549 0.2396694214876033 0.39215686274509803 0.2396694214876033 0.4803921568627451 0.23140495867768596 0.5529411764705883 0.23140495867768596 0.6450980392156863 0.22865013774104684 0.7196078431372549 0.2396694214876033 0.7607843137254902 0.24242424242424243 0.8058823529411765 0.256198347107438 0.8411764705882353 0.2865013774104683 0.8784313725490196 0.325068870523416 0.8921568627450981 0.34710743801652894 0.8901960784313725 0.40771349862258954 0.8960784313725491 0.4490358126721763 0.8705882352941177 0.48760330578512395 0.7666666666666667 0.5730027548209367 0.7352941176470589 0.5509641873278237 0.6215686274509804 0.5564738292011019 0.5392156862745098 0.5730027548209367 0.4666666666666667 0.5730027548209367 0.31176470588235294 0.5840220385674931 0.2725490196078431 0.5674931129476584 0.21176470588235294 0.5454545454545454 0.14901960784313725 0.4793388429752066 0.14901960784313725 0.418732782369146 0.13333333333333333 0.3884297520661157 0.14901960784313725 0.3443526170798898 0.18235294117647058 0.31129476584022037
0 0.16666666666666666 0.42424242424242425 0.15098039215686274 0.47107438016528924 0.14313725490196078 0.5702479338842975 0.20980392156862746 0.6308539944903582 0.2235294117647059 0.6253443526170799 0.26666666666666666 0.5647382920110193 0.30392156862745096 0.5619834710743802 0.3137254901960784 0.5757575757575758 0.2823529411764706 0.6253443526170799 0.2784313725490196 0.6859504132231405 0.3254901960784314 0.8347107438016529 0.3509803921568627 0.8870523415977961 0.44901960784313727 0.8953168044077136 0.5823529411764706 0.8898071625344353 0.6588235294117647 0.8898071625344353 0.6941176470588235 0.8787878787878788 0.7058823529411765 0.8925619834710744 0.7352941176470589 0.8236914600550964 0.7392156862745098 0.7851239669421488 0.7568627450980392 0.7162534435261708 0.7666666666666667 0.6666666666666666 0.7666666666666667 0.6143250688705234 0.7529411764705882 0.5867768595041323 0.7705882352941177 0.5730027548209367 0.792156862745098 0.6363636363636364 0.8 0.6418732782369146 0.8470588235294118 0.6198347107438017 0.8823529411764706 0.5977961432506887 0.8960784313725491 0.5785123966942148 0.9019607843137255 0.559228650137741 0.9 0.5234159779614325 0.8960784313725491 0.48760330578512395 0.8921568627450981 0.4738292011019284 0.8607843137254902 0.4931129476584022 0.888235294117647 0.4490358126721763 0.8803921568627451 0.418732782369146 0.8921568627450981 0.4049586776859504 0.907843137254902 0.45454545454545453 0.9196078431372549 0.5179063360881543 0.9274509803921569 0.5647382920110193 0.9235294117647059 0.6088154269972452 0.9176470588235294 0.6694214876033058 0.9098039215686274 0.7079889807162535 0.8980392156862745 0.7410468319559229 0.9 0.7796143250688705 0.8862745098039215 0.8181818181818182 0.8745098039215686 0.8677685950413223 0.8490196078431372 0.9090909090909091 0.8215686274509804 0.9504132231404959 0.7803921568627451 0.9807162534435262 0.7450980392156863 0.9972451790633609 0.6745098039215687 0.9944903581267218 0.5823529411764706 0.9917355371900827 0.4745098039215686 0.9917355371900827 0.35294117647058826 0.9696969696969697 0.2784313725490196 0.953168044077135 0.20392156862745098 0.9090909090909091 0.15490196078431373 0.8512396694214877 0.14313725490196078 0.8099173553719008 0.13137254901960785 0.7603305785123967 0.13137254901960785 0.7162534435261708 0.12941176470588237 0.6859504132231405 0.12352941176470589 0.6418732782369146 0.12549019607843137 0.5895316804407713 0.12745098039215685 0.5371900826446281 0.13529411764705881 0.48760330578512395 0.1411764705882353 0.4490358126721763 0.15294117647058825 0.4132231404958678
0 0.31176470588235294 0.5730027548209367 0.4725490196078431 0.5619834710743802 0.5470588235294118 0.559228650137741 0.6196078431372549 0.5399449035812672 0.7392156862745098 0.5371900826446281 0.7686274509803922 0.5785123966942148 0.7647058823529411 0.6887052341597796 0.7607843137254902 0.7410468319559229 0.7372549019607844 0.8264462809917356 0.7058823529411765 0.8925619834710744 0.692156862745098 0.8787878787878788 0.5372549019607843 0.8925619834710744 0.3588235294117647 0.8953168044077136 0.3156862745098039 0.8044077134986226 0.28431372549019607 0.7079889807162535 0.2784313725490196 0.6446280991735537 0.29215686274509806 0.5950413223140496
3 0.7352941176470589 0.7878787878787878 0.5588235294117647 0.7079889807162535 0.4647058823529412 0.7410468319559229 0.3764705882352941 0.768595041322314 0.37058823529411766 0.8622589531680441 0.5352941176470588 0.859504132231405 0.6941176470588235 0.8787878787878788
5 0.1627450980392157 0.7548209366391184 0.19215686274509805 0.7823691460055097 0.2411764705882353 0.8044077134986226 0.2607843137254902 0.8071625344352618 0.2784313725490196 0.8539944903581267 0.2647058823529412 0.8787878787878788 0.21764705882352942 0.859504132231405 0.18627450980392157 0.8292011019283747 0.15490196078431373 0.7851239669421488
5 0.8215686274509804 0.8181818181818182 0.8568627450980392 0.7988980716253443 0.8745098039215686 0.7851239669421488 0.8745098039215686 0.8181818181818182 0.8529411764705882 0.8484848484848485 0.8274509803921568 0.8815426997245179 0.792156862745098 0.90633608815427 0.7686274509803922 0.8842975206611571 0.796078431372549 0.8347107438016529
0 0.8058823529411765 0.6556473829201102 0.7627450980392156 0.5702479338842975 0.7764705882352941 0.5454545454545454 0.8156862745098039 0.5179063360881543 0.8549019607843137 0.4903581267217631 0.8941176470588236 0.46831955922865015 0.9019607843137255 0.509641873278237 0.907843137254902 0.5564738292011019 0.8960784313725491 0.5950413223140496 0.8529411764705882 0.628099173553719
0 0.27058823529411763 0.5757575757575758 0.24901960784313726 0.5399449035812672 0.1588235294117647 0.46005509641873277 0.1450980392156863 0.48484848484848486 0.13529411764705881 0.5344352617079889 0.13529411764705881 0.5757575757575758 0.1607843137254902 0.5977961432506887 0.19607843137254902 0.6225895316804407 0.22941176470588234 0.6336088154269972