8 0.32452830188679244 0.676126878130217 0.3333333333333333 0.676126878130217 0.32955974842767294 0.666110183639399 0.3169811320754717 0.66110183639399 0.30440251572327043 0.656093489148581 0.3119496855345912 0.667779632721202 0.32452830188679244 0.676126878130217
8 0.22767295597484277 0.4323873121869783 0.22515723270440252 0.4357262103505843 0.23647798742138365 0.44908180300500833 0.25031446540880503 0.46410684474123537 0.25660377358490566 0.4757929883138564 0.2641509433962264 0.48747913188647746 0.26666666666666666 0.48080133555926546 0.2628930817610063 0.4657762938230384 0.2490566037735849 0.44908180300500833 0.24150943396226415 0.44240400667779634 0.22767295597484277 0.4323873121869783
8 0.2050314465408805 0.4557595993322204 0.19622641509433963 0.44407345575959933 0.17987421383647798 0.44073455759599334 0.21132075471698114 0.4674457429048414 0.22767295597484277 0.48080133555926546 0.2540880503144654 0.4958263772954925 0.2591194968553459 0.5041736227045075 0.26666666666666666 0.5058430717863105 0.25031446540880503 0.48580968280467446 0.2339622641509434 0.4774624373956594 0.2188679245283019 0.4657762938230384 0.2050314465408805 0.4557595993322204
8 0.21132075471698114 0.4791318864774624 0.19748427672955976 0.4691151919866444 0.2088050314465409 0.48247078464106846 0.22012578616352202 0.48914858096828046 0.22767295597484277 0.4941569282136895 0.2389937106918239 0.5008347245409015 0.24654088050314465 0.5075125208681135 0.2490566037735849 0.5108514190317195 0.2528301886792453 0.5158597662771286 0.2591194968553459 0.5175292153589316 0.2679245283018868 0.5225375626043406 0.24528301886792453 0.4991652754590985 0.23270440251572327 0.49081803005008345 0.2188679245283019 0.48080133555926546 0.21132075471698114 0.4791318864774624
8 0.23144654088050315 0.4991652754590985 0.2238993710691824 0.4941569282136895 0.2188679245283019 0.49081803005008345 0.21132075471698114 0.48914858096828046 0.22264150943396227 0.4991652754590985 0.23144654088050315 0.5058430717863105 0.2389937106918239 0.5141903171953256 0.24654088050314465 0.5208681135225376 0.2540880503144654 0.5242070116861436 0.2578616352201258 0.5225375626043406 0.25031446540880503 0.5158597662771286 0.24528301886792453 0.5108514190317195 0.23647798742138365 0.5041736227045075 0.23144654088050315 0.4991652754590985
8 0.32075471698113206 0.48414023372287146 0.32452830188679244 0.4941569282136895 0.33584905660377357 0.5125208681135225 0.35094339622641507 0.5225375626043406 0.3584905660377358 0.5308848080133556 0.35094339622641507 0.5108514190317195 0.3371069182389937 0.4974958263772955 0.32578616352201256 0.48747913188647746 0.32075471698113206 0.48414023372287146
8 0.23270440251572327 0.5258764607679466 0.22264150943396227 0.5158597662771286 0.23144654088050315 0.5325542570951586 0.24025157232704403 0.5475792988313857 0.2490566037735849 0.5609348914858097 0.26037735849056604 0.5709515859766278 0.2679245283018868 0.5709515859766278 0.25660377358490566 0.5626043405676127 0.2490566037735849 0.5475792988313857 0.24150943396226415 0.5409015025041736 0.23270440251572327 0.5258764607679466
8 0.2440251572327044 0.5392320534223706 0.2578616352201258 0.5475792988313857 0.2641509433962264 0.5492487479131887 0.26163522012578616 0.5442404006677797 0.2540880503144654 0.5375626043405676 0.2490566037735849 0.5342237061769616 0.23522012578616353 0.5275459098497496 0.2440251572327044 0.5392320534223706
8 0.2389937106918239 0.5575959933222037 0.23647798742138365 0.5509181969949917 0.23270440251572327 0.5509181969949917 0.2339622641509434 0.5575959933222037 0.2389937106918239 0.5575959933222037
8 0.34591194968553457 0.5358931552587646 0.3559748427672956 0.5425709515859767 0.3484276729559748 0.5275459098497496 0.33962264150943394 0.5191986644407346 0.3433962264150943 0.5292153589315526 0.34591194968553457 0.5358931552587646
8 0.35094339622641507 0.5609348914858097 0.3559748427672956 0.5559265442404007 0.3522012578616352 0.5442404006677797 0.34465408805031444 0.5409015025041736 0.3484276729559748 0.5525876460767947 0.35094339622641507 0.5609348914858097
6 0.3660377358490566 0.5292153589315526 0.3710691823899371 0.5308848080133556 0.3836477987421384 0.5358931552587646 0.3886792452830189 0.5292153589315526 0.39119496855345914 0.5141903171953256 0.3849056603773585 0.5191986644407346 0.3786163522012579 0.5225375626043406 0.3660377358490566 0.5292153589315526
8 0.3169811320754717 0.48247078464106846 0.31572327044025156 0.4674457429048414 0.30943396226415093 0.4540901502504174 0.3069182389937107 0.4657762938230384 0.3119496855345912 0.4724540901502504 0.3169811320754717 0.48247078464106846
8 0.3069182389937107 0.5242070116861436 0.31572327044025156 0.5308848080133556 0.32955974842767294 0.5358931552587646 0.3169811320754717 0.5242070116861436 0.30943396226415093 0.5075125208681135 0.3031446540880503 0.5041736227045075 0.3069182389937107 0.5242070116861436
8 0.3270440251572327 0.5676126878130217 0.3270440251572327 0.5609348914858097 0.3220125786163522 0.5559265442404007 0.31572327044025156 0.5492487479131887 0.30943396226415093 0.5459098497495827 0.30943396226415093 0.5542570951585977 0.3182389937106918 0.5609348914858097 0.3270440251572327 0.5676126878130217
8 0.3220125786163522 0.5409015025041736 0.3182389937106918 0.5325542570951586 0.30943396226415093 0.5258764607679466 0.2968553459119497 0.5191986644407346 0.3031446540880503 0.5325542570951586 0.3119496855345912 0.5392320534223706 0.3220125786163522 0.5409015025041736
8 0.3018867924528302 0.5208681135225376 0.3018867924528302 0.5108514190317195 0.2930817610062893 0.4991652754590985 0.2918238993710692 0.5075125208681135 0.29559748427672955 0.5125208681135225 0.3018867924528302 0.5208681135225376
6 0.31069182389937106 0.5776293823038398 0.33584905660377357 0.5843071786310517 0.33962264150943394 0.5792988313856428 0.3283018867924528 0.5709515859766278 0.3169811320754717 0.5626043405676127 0.2993710691823899 0.5475792988313857 0.2930817610062893 0.5559265442404007 0.2993710691823899 0.5676126878130217 0.31069182389937106 0.5776293823038398
8 0.3559748427672956 0.5993322203672788 0.3559748427672956 0.5926544240400667 0.35094339622641507 0.5859766277128547 0.34088050314465407 0.5809682804674458 0.33962264150943394 0.5893155258764607 0.3471698113207547 0.5959933222036727 0.3559748427672956 0.5993322203672788
8 0.3421383647798742 0.6227045075125208 0.35094339622641507 0.6410684474123539 0.35094339622641507 0.6310517529215359 0.34968553459119495 0.6210350584307178 0.3421383647798742 0.6143572621035058 0.3383647798742138 0.6043405676126878 0.32955974842767294 0.5993322203672788 0.3182389937106918 0.5926544240400667 0.3270440251572327 0.6060100166944908 0.33459119496855344 0.6143572621035058 0.3421383647798742 0.6227045075125208
8 0.26666666666666666 0.4524207011686144 0.26666666666666666 0.4574290484140234 0.26540880503144654 0.46410684474123537 0.2691823899371069 0.4707846410684474 0.2742138364779874 0.4707846410684474 0.27672955974842767 0.46410684474123537 0.2779874213836478 0.4574290484140234 0.2742138364779874 0.4524207011686144 0.2779874213836478 0.44407345575959933 0.2729559748427673 0.43906510851419034 0.2691823899371069 0.43906510851419034 0.26666666666666666 0.44407345575959933 0.2628930817610063 0.4340567612687813 0.26163522012578616 0.44240400667779634 0.26666666666666666 0.4524207011686144
8 0.29056603773584905 0.6076794657762938 0.3018867924528302 0.6160267111853088 0.3119496855345912 0.6227045075125208 0.32075471698113206 0.6327212020033389 0.33081761006289306 0.6393989983305509 0.33459119496855344 0.6327212020033389 0.3182389937106918 0.6210350584307178 0.3081761006289308 0.6093489148580968 0.2993710691823899 0.5993322203672788 0.29056603773584905 0.6076794657762938
6 0.2830188679245283 0.5475792988313857 0.2893081761006289 0.5492487479131887 0.2930817610062893 0.5509181969949917 0.2993710691823899 0.5509181969949917 0.2968553459119497 0.5442404006677797 0.29056603773584905 0.5392320534223706 0.28050314465408804 0.5375626043405676 0.28050314465408804 0.5442404006677797 0.2830188679245283 0.5475792988313857
8 0.27547169811320754 0.5442404006677797 0.27672955974842767 0.5392320534223706 0.2742138364779874 0.5375626043405676 0.27169811320754716 0.5392320534223706 0.2691823899371069 0.5425709515859767 0.2729559748427673 0.5442404006677797 0.27547169811320754 0.5442404006677797
0 0.2037735849056604 0.5409015025041736 0.17358490566037735 0.5208681135225376 0.14842767295597484 0.4991652754590985 0.14088050314465408 0.5041736227045075 0.13584905660377358 0.5125208681135225 0.15345911949685534 0.5325542570951586 0.18238993710691823 0.5609348914858097 0.20754716981132076 0.5893155258764607 0.23144654088050315 0.6126878130217028 0.2490566037735849 0.6343906510851419 0.2641509433962264 0.6460767946577629 0.27547169811320754 0.656093489148581 0.28050314465408804 0.662771285475793 0.2830188679245283 0.67779632721202 0.29056603773584905 0.6928213689482471 0.29559748427672955 0.6961602671118531 0.2993710691823899 0.6844741235392321 0.3069182389937107 0.6878130217028381 0.31572327044025156 0.6961602671118531 0.32578616352201256 0.7028380634390651 0.33459119496855344 0.7078464106844741 0.33962264150943394 0.7111853088480802 0.34465408805031444 0.7111853088480802 0.34591194968553457 0.6978297161936561 0.3433962264150943 0.679465776293823 0.3433962264150943 0.667779632721202 0.34591194968553457 0.654424040066778 0.3018867924528302 0.6227045075125208 0.2691823899371069 0.5959933222036727 0.23144654088050315 0.5676126878130217 0.2037735849056604 0.5409015025041736
8 0.44528301886792454 0.6243739565943238 0.4490566037735849 0.6227045075125208 0.4477987421383648 0.6176961602671118 0.44528301886792454 0.6143572621035058 0.44025157232704404 0.6193656093489148 0.44025157232704404 0.6227045075125208 0.44528301886792454 0.6243739565943238
3 0.2238993710691824 0.4590984974958264 0.2037735849056604 0.44741235392320533 0.1811320754716981 0.4340567612687813 0.17987421383647798 0.44574290484140233 0.18867924528301888 0.46410684474123537 0.1949685534591195 0.4774624373956594 0.20125786163522014 0.4974958263772955 0.20125786163522014 0.5141903171953256 0.19874213836477989 0.5308848080133556 0.2037735849056604 0.5375626043405676 0.21635220125786164 0.5425709515859767 0.21761006289308177 0.5509181969949917 0.22138364779874214 0.5592654424040067 0.23144654088050315 0.5659432387312187 0.24025157232704403 0.5742904841402338 0.26037735849056604 0.5876460767946577 0.2679245283018868 0.5976627712854758 0.2729559748427673 0.5676126878130217 0.27672955974842767 0.5442404006677797 0.2679245283018868 0.5158597662771286 0.26666666666666666 0.48914858096828046 0.2641509433962264 0.46410684474123537 0.2628930817610063 0.44407345575959933 0.2440251572327044 0.4323873121869783 0.21761006289308177 0.4323873121869783 0.23144654088050315 0.4507512520868113 0.2238993710691824 0.4590984974958264
3 0.16855345911949685 0.3589315525876461 0.16981132075471697 0.37061769616026713 0.18238993710691823 0.38564273789649417 0.19371069182389938 0.4023372287145242 0.20754716981132076 0.4240400667779633 0.2188679245283019 0.41903171953255425 0.21635220125786164 0.39398998330550916 0.2037735849056604 0.3606010016694491 0.20125786163522014 0.34390651085141904 0.18867924528301888 0.34390651085141904 0.1861635220125786 0.35225375626043404 0.16855345911949685 0.3589315525876461
5 0.4716981132075472 0.6260434056761269 0.4628930817610063 0.6010016694490818 0.45534591194968554 0.5859766277128547 0.44025157232704404 0.5709515859766278 0.43144654088050316 0.5609348914858097 0.4238993710691824 0.5559265442404007 0.39622641509433965 0.5325542570951586 0.38238993710691827 0.5308848080133556 0.3660377358490566 0.5358931552587646 0.3572327044025157 0.5475792988313857 0.35471698113207545 0.5659432387312187 0.3534591194968553 0.6243739565943238 0.3635220125786163 0.6243739565943238 0.3635220125786163 0.5976627712854758 0.3660377358490566 0.5642737896494157 0.3937106918238994 0.5642737896494157 0.42138364779874216 0.5959933222036727 0.47044025157232705 0.7078464106844741 0.49937106918238994 0.7095158597662772 0.49433962264150944 0.669449081803005 0.4867924528301887 0.6527545909849749 0.4716981132075472 0.6260434056761269
3 0.2641509433962264 0.41736227045075125 0.2628930817610063 0.44741235392320533 0.26540880503144654 0.4657762938230384 0.26666666666666666 0.48580968280467446 0.2679245283018868 0.5158597662771286 0.2742138364779874 0.5308848080133556 0.2792452830188679 0.5358931552587646 0.27547169811320754 0.5509181969949917 0.2729559748427673 0.5726210350584308 0.2729559748427673 0.5993322203672788 0.2830188679245283 0.6043405676126878 0.30566037735849055 0.6243739565943238 0.32452830188679244 0.6410684474123539 0.33962264150943394 0.6494156928213689 0.34591194968553457 0.656093489148581 0.3522012578616352 0.6510851419031719 0.3622641509433962 0.6277128547579299 0.3660377358490566 0.6110183639398998 0.3572327044025157 0.5909849749582637 0.3522012578616352 0.5726210350584308 0.35094339622641507 0.5575959933222037 0.3522012578616352 0.5409015025041736 0.3559748427672956 0.5258764607679466 0.3559748427672956 0.5075125208681135 0.34968553459119495 0.48580968280467446 0.33459119496855344 0.46243739565943237 0.3220125786163522 0.44240400667779634 0.30062893081761005 0.42237061769616024 0.2779874213836478 0.41068447412353926 0.27547169811320754 0.39065108514190316 0.2691823899371069 0.3672787979966611 0.2628930817610063 0.3756260434056761 0.26163522012578616 0.39565943238731216 0.2641509433962264 0.41736227045075125
0 0.26666666666666666 0.5342237061769616 0.2679245283018868 0.5642737896494157 0.2641509433962264 0.5943238731218697 0.3320754716981132 0.6494156928213689 0.34968553459119495 0.6527545909849749 0.36477987421383645 0.6260434056761269 0.36477987421383645 0.6026711185308848 0.3610062893081761 0.5726210350584308 0.3660377358490566 0.5575959933222037 0.379874213836478 0.5459098497495827 0.38616352201257864 0.5375626043405676 0.3937106918238994 0.5225375626043406 0.38238993710691827 0.5075125208681135 0.3572327044025157 0.5191986644407346 0.33962264150943394 0.5509181969949917 0.3132075471698113 0.5392320534223706 0.2842767295597484 0.5191986644407346 0.2779874213836478 0.4941569282136895 0.2729559748427673 0.4507512520868113 0.27169811320754716 0.4273789649415693 0.27044025157232704 0.3989983305509182 0.2628930817610063 0.36894824707846413 0.26037735849056604 0.41068447412353926 0.2628930817610063 0.4507512520868113 0.26163522012578616 0.4958263772954925 0.26666666666666666 0.5342237061769616
0 0.3622641509433962 0.8063439065108514 0.3723270440251572 0.8380634390651085 0.39748427672955977 0.8647746243739566 0.4339622641509434 0.8764607679465777 0.4641509433962264 0.8297161936560935 0.4641509433962264 0.7595993322203672 0.4528301886792453 0.7078464106844741 0.4339622641509434 0.662771285475793 0.4037735849056604 0.6377295492487479 0.3786163522012579 0.6444073455759599 0.3584905660377358 0.6811352253756261 0.3572327044025157 0.7562604340567612 0.3622641509433962 0.8063439065108514