3 0.37043478260869567 0.42093023255813955 0.40347826086956523 0.4372093023255814 0.42434782608695654 0.45348837209302323 0.4330434782608696 0.4744186046511628 0.4330434782608696 0.5093023255813953 0.4156521739130435 0.5348837209302325 0.3982608695652174 0.5558139534883721 0.39304347826086955 0.586046511627907 0.39304347826086955 0.6302325581395349 0.36695652173913046 0.6046511627906976 0.36869565217391304 0.5604651162790698 0.37043478260869567 0.5302325581395348 0.37217391304347824 0.5 0.36695652173913046 0.45348837209302323
8 0.2817391304347826 0.47674418604651164 0.28 0.5 0.288695652173913 0.5279069767441861 0.288695652173913 0.5069767441860465 0.2852173913043478 0.4906976744186046
8 0.29043478260869565 0.48604651162790696 0.2921739130434783 0.5046511627906977 0.2921739130434783 0.5279069767441861 0.2991304347826087 0.5162790697674419 0.29739130434782607 0.49767441860465117
8 0.3234782608695652 0.5348837209302325 0.34608695652173915 0.5534883720930233 0.34608695652173915 0.5697674418604651 0.3339130434782609 0.5534883720930233 0.3269565217391304 0.5441860465116279
8 0.3217391304347826 0.5441860465116279 0.33043478260869563 0.5465116279069767 0.3373913043478261 0.5511627906976744 0.3339130434782609 0.5558139534883721 0.32521739130434785 0.5511627906976744
8 0.3008695652173913 0.4232558139534884 0.29739130434782607 0.43953488372093025 0.2956521739130435 0.4627906976744186 0.30434782608695654 0.44651162790697674
8 0.33043478260869563 0.4906976744186046 0.34608695652173915 0.4930232558139535 0.3565217391304348 0.5023255813953489 0.3582608695652174 0.5162790697674419 0.3426086956521739 0.5069767441860465 0.3356521739130435 0.5023255813953489
8 0.3026086956521739 0.4744186046511628 0.3130434782608696 0.46744186046511627 0.3234782608695652 0.47674418604651164 0.3130434782608696 0.48372093023255813
8 0.26956521739130435 0.40930232558139534 0.2921739130434783 0.4 0.2852173913043478 0.4116279069767442 0.2782608695652174 0.413953488372093
8 0.29391304347826086 0.40930232558139534 0.30782608695652175 0.4116279069767442 0.3165217391304348 0.42093023255813955 0.3026086956521739 0.4186046511627907
8 0.3565217391304348 0.4186046511627907 0.35304347826086957 0.4372093023255814 0.3565217391304348 0.4511627906976744 0.36 0.4720930232558139 0.3617391304347826 0.4604651162790698 0.36 0.43953488372093025 0.36 0.43023255813953487
5 0.2591304347826087 0.3116279069767442 0.3130434782608696 0.33488372093023255 0.3652173913043478 0.3674418604651163 0.3739130434782609 0.3674418604651163 0.37217391304347824 0.3511627906976744 0.36 0.32790697674418606 0.34608695652173915 0.28604651162790695 0.3269565217391304 0.24883720930232558 0.3095652173913043 0.22325581395348837 0.29739130434782607 0.2116279069767442 0.28695652173913044 0.20930232558139536 0.27652173913043476 0.2069767441860465 0.271304347826087 0.21395348837209302 0.26608695652173914 0.24883720930232558 0.26260869565217393 0.2813953488372093
5 0.34782608695652173 0.3209302325581395 0.3426086956521739 0.34651162790697676 0.3443478260869565 0.3674418604651163 0.34782608695652173 0.37906976744186044 0.35130434782608694 0.39069767441860465 0.3565217391304348 0.39767441860465114 0.3617391304347826 0.4046511627906977 0.3843478260869565 0.4069767441860465 0.3843478260869565 0.39069767441860465 0.3808695652173913 0.3767441860465116 0.3773913043478261 0.3627906976744186 0.3739130434782609 0.3511627906976744 0.36869565217391304 0.34186046511627904 0.3634782608695652 0.33488372093023255 0.36 0.32558139534883723
3 0.2573913043478261 0.3186046511627907 0.3339130434782609 0.3581395348837209 0.3443478260869565 0.3674418604651163 0.3565217391304348 0.3744186046511628 0.3634782608695652 0.3813953488372093 0.36695652173913046 0.38372093023255816 0.37217391304347824 0.3930232558139535 0.3739130434782609 0.4 0.37043478260869567 0.41627906976744183 0.36869565217391304 0.4255813953488372 0.36695652173913046 0.4325581395348837 0.36695652173913046 0.43953488372093025 0.36695652173913046 0.4441860465116279 0.36695652173913046 0.4558139534883721 0.36695652173913046 0.4604651162790698 0.36695652173913046 0.46744186046511627 0.36695652173913046 0.4744186046511628 0.36869565217391304 0.4813953488372093 0.37043478260869567 0.4883720930232558 0.37043478260869567 0.4930232558139535 0.37217391304347824 0.5023255813953489 0.37217391304347824 0.5093023255813953 0.37217391304347824 0.5186046511627908 0.36869565217391304 0.5302325581395348 0.36869565217391304 0.5372093023255814 0.36695652173913046 0.5465116279069767 0.3652173913043478 0.5558139534883721 0.3634782608695652 0.5674418604651162 0.3634782608695652 0.5744186046511628 0.3652173913043478 0.586046511627907 0.3652173913043478 0.5976744186046512 0.3652173913043478 0.6046511627906976 0.3060869565217391 0.5511627906976744 0.2608695652173913 0.5046511627906977 0.2608695652173913 0.4930232558139535 0.2591304347826087 0.4790697674418605 0.2573913043478261 0.46511627906976744 0.2573913043478261 0.4558139534883721 0.2539130434782609 0.4325581395348837 0.25043478260869567 0.42093023255813955 0.24869565217391304 0.4116279069767442 0.24695652173913044 0.4046511627906977 0.24521739130434783 0.3930232558139535 0.24521739130434783 0.38372093023255816 0.24521739130434783 0.3697674418604651 0.24521739130434783 0.3627906976744186 0.24695652173913044 0.3558139534883721 0.25043478260869567 0.34651162790697676 0.25043478260869567 0.33488372093023255 0.25217391304347825 0.32790697674418606
0 0.37565217391304345 0.39767441860465114 0.37217391304347824 0.42093023255813955 0.37043478260869567 0.42790697674418604 0.37043478260869567 0.4372093023255814 0.36869565217391304 0.44883720930232557 0.36869565217391304 0.4558139534883721 0.36869565217391304 0.46511627906976744 0.36869565217391304 0.47674418604651164 0.37043478260869567 0.4813953488372093 0.37217391304347824 0.4883720930232558 0.3739130434782609 0.49534883720930234 0.37565217391304345 0.5023255813953489 0.3773913043478261 0.5116279069767442 0.3773913043478261 0.5162790697674419 0.3773913043478261 0.5279069767441861 0.3773913043478261 0.5348837209302325 0.37565217391304345 0.541860465116279 0.3739130434782609 0.5511627906976744 0.37217391304347824 0.5627906976744186 0.37043478260869567 0.5720930232558139 0.36869565217391304 0.5837209302325581 0.36695652173913046 0.5883720930232558 0.36695652173913046 0.6 0.3652173913043478 0.5953488372093023 0.3634782608695652 0.5837209302325581 0.3634782608695652 0.5674418604651162 0.3617391304347826 0.5581395348837209 0.3634782608695652 0.5511627906976744 0.3652173913043478 0.5441860465116279 0.36695652173913046 0.5302325581395348 0.36695652173913046 0.5232558139534884 0.36869565217391304 0.513953488372093 0.36869565217391304 0.5069767441860465 0.3652173913043478 0.5 0.3634782608695652 0.4930232558139535 0.3617391304347826 0.48604651162790696 0.3617391304347826 0.4790697674418605 0.3617391304347826 0.4720930232558139 0.3617391304347826 0.4627906976744186 0.3617391304347826 0.4511627906976744 0.3617391304347826 0.4418604651162791 0.3634782608695652 0.4325581395348837 0.3652173913043478 0.42093023255813955 0.36869565217391304 0.40930232558139534 0.37217391304347824 0.3953488372093023 0.3739130434782609 0.3883720930232558
1 0.2747826086956522 0.5209302325581395 0.39304347826086955 0.6302325581395349 0.391304347826087 0.6232558139534884 0.37217391304347824 0.6023255813953489 0.3026086956521739 0.5395348837209303
8 0.37565217391304345 0.34651162790697676 0.3773913043478261 0.35348837209302325 0.3791304347826087 0.3581395348837209 0.3826086956521739 0.3674418604651163 0.3843478260869565 0.37906976744186044 0.38608695652173913 0.38372093023255816 0.38608695652173913 0.3883720930232558 0.38608695652173913 0.3953488372093023 0.3826086956521739 0.39767441860465114 0.3826086956521739 0.39069767441860465 0.3808695652173913 0.38372093023255816 0.3773913043478261 0.3744186046511628 0.3773913043478261 0.3674418604651163 0.37565217391304345 0.3627906976744186 0.3739130434782609 0.35348837209302325
8 0.3826086956521739 0.4418604651162791 0.3947826086956522 0.43953488372093025 0.40347826086956523 0.43953488372093025 0.41739130434782606 0.43953488372093025 0.41739130434782606 0.43488372093023253 0.4156521739130435 0.43023255813953487 0.41043478260869565 0.42790697674418604 0.4052173913043478 0.42790697674418604 0.3947826086956522 0.42790697674418604 0.38608695652173913 0.43023255813953487
0 0.7356521739130435 0.5930232558139535 0.7426086956521739 0.5837209302325581 0.7478260869565218 0.5744186046511628 0.7530434782608696 0.5697674418604651 0.7652173913043478 0.5627906976744186 0.871304347826087 0.5 0.8730434782608696 0.5046511627906977 0.8747826086956522 0.5116279069767442 0.8747826086956522 0.5279069767441861 0.8730434782608696 0.5372093023255814 0.8660869565217392 0.5488372093023256 0.8626086956521739 0.5581395348837209 0.8608695652173913 0.5627906976744186 0.8539130434782609 0.5720930232558139 0.8486956521739131 0.5767441860465117 0.8382608695652174 0.5837209302325581 0.831304347826087 0.5906976744186047 0.8208695652173913 0.5976744186046512 0.8104347826086956 0.6023255813953489 0.8052173913043478 0.6046511627906976 0.7982608695652174 0.6093023255813953 0.7930434782608695 0.6116279069767442 0.7878260869565218 0.6139534883720931 0.7773913043478261 0.6209302325581395 0.7704347826086957 0.6232558139534884 0.7617391304347826 0.627906976744186 0.7582608695652174 0.627906976744186 0.7530434782608696 0.627906976744186 0.7426086956521739 0.6186046511627907