8 0.5515734265734266 0.9106728538283063 0.5463286713286714 0.9106728538283063 0.5428321678321678 0.919953596287703 0.5428321678321678 0.9292343387470998 0.5498251748251748 0.9338747099767981 0.5550699300699301 0.9385150812064965 0.5585664335664335 0.9385150812064965 0.5620629370629371 0.9408352668213457 0.5673076923076923 0.9361948955916474 0.5655594405594405 0.9292343387470998 0.5603146853146853 0.919953596287703 0.5568181818181818 0.9129930394431555 0.5515734265734266 0.9106728538283063
8 0.5375874125874126 0.7761020881670534 0.5323426573426573 0.7737819025522041 0.5270979020979021 0.7737819025522041 0.5236013986013986 0.7761020881670534 0.5253496503496503 0.7877030162412993 0.5288461538461539 0.7946635730858469 0.5340909090909091 0.7923433874709976 0.541083916083916 0.7946635730858469 0.5463286713286714 0.7900232018561485 0.5463286713286714 0.7830626450116009 0.541083916083916 0.7784222737819025 0.5375874125874126 0.7761020881670534
8 0.5375874125874126 0.8317865429234339 0.5375874125874126 0.8248259860788864 0.5340909090909091 0.8271461716937355 0.5323426573426573 0.8317865429234339 0.5375874125874126 0.8317865429234339
8 0.5236013986013986 0.7250580046403712 0.5236013986013986 0.7180974477958236 0.5166083916083916 0.7157772621809745 0.5166083916083916 0.7250580046403712 0.5236013986013986 0.7250580046403712
8 0.5445804195804196 0.8735498839907193 0.5428321678321678 0.8596287703016241 0.5375874125874126 0.8549883990719258 0.5323426573426573 0.8503480278422274 0.5253496503496503 0.845707656612529 0.5166083916083916 0.8480278422273781 0.5131118881118881 0.8503480278422274 0.5113636363636364 0.8549883990719258 0.5131118881118881 0.8665893271461717 0.5166083916083916 0.8781902552204176 0.5183566433566433 0.8897911832946636 0.5218531468531469 0.8967517401392111 0.5270979020979021 0.9013921113689095 0.5323426573426573 0.8990719257540604 0.5393356643356644 0.8990719257540604 0.5463286713286714 0.8897911832946636 0.5445804195804196 0.8805104408352669 0.5445804195804196 0.8735498839907193
0 0.6302447552447552 0.9477958236658933 0.6459790209790209 0.9245939675174014 0.6512237762237763 0.894431554524362 0.6617132867132867 0.8642691415313225 0.6722027972027972 0.834106728538283 0.6756993006993007 0.8039443155452436 0.6844405594405595 0.759860788863109 0.6687062937062938 0.7273781902552204 0.6582167832167832 0.685614849187935 0.6477272727272727 0.6392111368909513 0.6372377622377622 0.5951276102088167 0.6232517482517482 0.525522041763341 0.6162587412587412 0.45591647331786544 0.611013986013986 0.37935034802784223 0.5952797202797203 0.3654292343387471 0.5777972027972028 0.36310904872389793 0.5638111888111889 0.388631090487239 0.48164335664335667 0.5580046403712297 0.4763986013986014 0.6345707656612529 0.4781468531468531 0.7250580046403712 0.4798951048951049 0.7761020881670534 0.49038461538461536 0.8039443155452436 0.4938811188811189 0.8271461716937355 0.5008741258741258 0.8433874709976799 0.5043706293706294 0.8526682134570766 0.5096153846153846 0.87122969837587 0.5131118881118881 0.8874709976798144 0.5183566433566433 0.9013921113689095 0.5253496503496503 0.9129930394431555 0.5323426573426573 0.9245939675174014 0.5375874125874126 0.9361948955916474 0.5428321678321678 0.9501160092807425 0.5515734265734266 0.9640371229698376 0.5603146853146853 0.9733178654292344 0.5673076923076923 0.9802784222737819 0.5743006993006993 0.9779582366589327 0.583041958041958 0.9756380510440835 0.590034965034965 0.9709976798143851 0.6075174825174825 0.9617169373549884 0.6302447552447552 0.9477958236658933
0 0.4117132867132867 0.5974477958236659 0.4152097902097902 0.5556844547563805 0.4187062937062937 0.525522041763341 0.42744755244755245 0.5023201856148491 0.42744755244755245 0.48839907192575405 0.43094405594405594 0.4443155452436195 0.4326923076923077 0.41183294663573083 0.3977272727272727 0.39791183294663574 0.3924825174825175 0.4071925754060325 0.3977272727272727 0.5023201856148491 0.3977272727272727 0.5348027842227379 0.3977272727272727 0.5788863109048724 0.3994755244755245 0.622969837587007 0.40472027972027974 0.6554524361948956 0.4117132867132867 0.6879350348027842 0.4187062937062937 0.6832946635730859 0.41346153846153844 0.648491879350348 0.4117132867132867 0.5974477958236659
0 0.5708041958041958 1 0.5812937062937062 0.9825986078886311 0.5620629370629371 0.9779582366589327 0.5323426573426573 0.9825986078886311 0.5113636363636364 0.9802784222737819 0.5113636363636364 0.9918793503480279 0.520541958041958 1 0.5708041958041958 1
3 0.46765734265734266 0.46983758700696054 0.46765734265734266 0.4419953596287703 0.46416083916083917 0.4234338747099768 0.4571678321678322 0.4095127610208817 0.44842657342657344 0.4071925754060325 0.4326923076923077 0.4095127610208817 0.4256993006993007 0.45591647331786544 0.4291958041958042 0.5 0.4606643356643357 0.4837587006960557 0.46765734265734266 0.46983758700696054
3 0.5340909090909091 0.8480278422273781 0.5463286713286714 0.834106728538283 0.5498251748251748 0.8248259860788864 0.5533216783216783 0.8062645011600929 0.5533216783216783 0.7877030162412993 0.5533216783216783 0.7552204176334106 0.5603146853146853 0.7296983758700696 0.5743006993006993 0.6995359628770301 0.5795454545454546 0.6763341067285383 0.5795454545454546 0.6647331786542924 0.5743006993006993 0.6554524361948956 0.5673076923076923 0.6508120649651972 0.5585664335664335 0.6508120649651972 0.5498251748251748 0.6577726218097448 0.5393356643356644 0.6740139211136891 0.5131118881118881 0.7575406032482599 0.5078671328671329 0.7877030162412993 0.5078671328671329 0.820185614849188 0.5201048951048951 0.845707656612529 0.5340909090909091 0.8480278422273781
3 0.5270979020979021 0.6740139211136891 0.5340909090909091 0.6438515081206496 0.5428321678321678 0.5974477958236659 0.5498251748251748 0.5812064965197216 0.5550699300699301 0.5603248259860789 0.5620629370629371 0.537122969837587 0.5638111888111889 0.5232018561484919 0.5603146853146853 0.5069605568445475 0.5445804195804196 0.5069605568445475 0.5393356643356644 0.5092807424593968 0.5270979020979021 0.5278422273781903 0.5148601398601399 0.5417633410672854 0.5096153846153846 0.5580046403712297 0.5043706293706294 0.5835266821345708 0.5008741258741258 0.6067285382830626 0.4938811188811189 0.6647331786542924 0.4938811188811189 0.7088167053364269 0.5008741258741258 0.7505800464037123 0.5131118881118881 0.7389791183294664 0.5201048951048951 0.7180974477958236 0.5218531468531469 0.6948955916473318 0.5270979020979021 0.6740139211136891
3 0.5708041958041958 0.919953596287703 0.5673076923076923 0.9106728538283063 0.5498251748251748 0.9083526682134571 0.541083916083916 0.9060324825986079 0.5375874125874126 0.9153132250580046 0.5463286713286714 0.9431554524361949 0.5585664335664335 0.9477958236658933 0.5673076923076923 0.9385150812064965 0.5708041958041958 0.919953596287703
3 0.5743006993006993 0.857308584686775 0.5743006993006993 0.8387470997679815 0.5638111888111889 0.8317865429234339 0.5515734265734266 0.8526682134570766 0.541083916083916 0.894431554524362 0.5585664335664335 0.9013921113689095 0.5690559440559441 0.8921113689095128 0.5725524475524476 0.8735498839907193 0.5743006993006993 0.857308584686775
3 0.6005244755244755 0.9083526682134571 0.6075174825174825 0.882830626450116 0.6145104895104895 0.8665893271461717 0.6040209790209791 0.8665893271461717 0.590034965034965 0.9013921113689095 0.5812937062937062 0.9269141531322506 0.5847902097902098 0.9408352668213457 0.590034965034965 0.9408352668213457 0.5935314685314685 0.931554524361949 0.6005244755244755 0.9083526682134571