3 0.8900763358778626 0.2335958005249344 0.916030534351145 0.24146981627296588 0.9419847328244275 0.2782152230971129 0.9572519083969465 0.3359580052493438 0.9389312977099237 0.4041994750656168 0.9297709923664123 0.44881889763779526 0.9251908396946565 0.46194225721784776 0.8961832061068702 0.49343832020997375 0.867175572519084 0.5275590551181102 0.8488549618320611 0.48293963254593175 0.8442748091603054 0.4409448818897638 0.8412213740458016 0.3700787401574803 0.8396946564885496 0.3333333333333333 0.8641221374045801 0.25984251968503935 0.867175572519084 0.2440944881889764
3 0.7633587786259542 0.34120734908136485 0.7725190839694657 0.3464566929133858 0.7694656488549618 0.4015748031496063 0.7541984732824427 0.4041994750656168 0.7419847328244275 0.3805774278215223 0.7480916030534351 0.3543307086614173
3 0.8137404580152672 0.4435695538057743 0.8290076335877863 0.43832020997375326 0.8290076335877863 0.4645669291338583 0.815267175572519 0.48556430446194226 0.8091603053435115 0.4671916010498688
3 0.3465648854961832 0.7559055118110236 0.39083969465648855 0.7795275590551181 0.4076335877862595 0.7611548556430446 0.42900763358778626 0.7270341207349081 0.45648854961832064 0.6666666666666666 0.44274809160305345 0.6325459317585301 0.41068702290076337 0.6299212598425197 0.37251908396946565 0.6194225721784777 0.33129770992366414 0.6482939632545932 0.3053435114503817 0.6850393700787402 0.2916030534351145 0.7349081364829396 0.27938931297709924 0.7637795275590551 0.32213740458015266 0.7742782152230971 0.3236641221374046 0.7532808398950132
8 0.6916030534351145 0.5223097112860893 0.7129770992366412 0.5275590551181102 0.7389312977099237 0.5380577427821522 0.7038167938931298 0.5538057742782152 0.6885496183206107 0.5538057742782152 0.6778625954198473 0.5459317585301837
8 0.6610687022900763 0.5538057742782152 0.6977099236641221 0.5249343832020997 0.7282442748091603 0.5065616797900262 0.7603053435114504 0.4881889763779528 0.7770992366412214 0.46981627296587924 0.8030534351145038 0.45144356955380577 0.8061068702290076 0.47244094488188976 0.732824427480916 0.5223097112860893 0.683969465648855 0.5538057742782152 0.665648854961832 0.5669291338582677 0.6564885496183206 0.5669291338582677
3 0.7480916030534351 0.6194225721784777 0.7603053435114504 0.6089238845144357 0.7725190839694657 0.6089238845144357 0.7770992366412214 0.6272965879265092 0.7709923664122137 0.6325459317585301 0.7526717557251908 0.6404199475065617 0.7450381679389313 0.6430446194225722 0.7465648854961832 0.6325459317585301
1 0.4488549618320611 0.6377952755905512 0.46106870229007635 0.6141732283464567 0.500763358778626 0.5695538057742782 0.5343511450381679 0.5485564304461942 0.5633587786259542 0.5459317585301837 0.5511450381679389 0.5616797900262467 0.500763358778626 0.6036745406824147 0.4778625954198473 0.6272965879265092 0.4595419847328244 0.6535433070866141
4 0.6641221374045801 0.30446194225721784 0.6763358778625954 0.28608923884514437 0.683969465648855 0.30183727034120733 0.7022900763358778 0.2992125984251969 0.7114503816793893 0.2782152230971129 0.7099236641221374 0.25984251968503935 0.6977099236641221 0.2572178477690289 0.683969465648855 0.25984251968503935 0.665648854961832 0.27034120734908135 0.6564885496183206 0.2992125984251969 0.6595419847328244 0.30446194225721784
1 0.5435114503816794 0.7874015748031497 0.5526717557251909 0.7769028871391076 0.5618320610687023 0.7874015748031497 0.566412213740458 0.8162729658792651 0.5572519083969466 0.8451443569553806 0.5465648854961832 0.868766404199475 0.5297709923664122 0.884514435695538 0.5145038167938931 0.8818897637795275 0.5251908396946565 0.8661417322834646 0.5389312977099237 0.8530183727034121 0.5465648854961832 0.8293963254593176 0.5450381679389313 0.8083989501312336
5 0.0366412213740458 0.6876640419947506 0.0717557251908397 0.7427821522309711 0.1282442748091603 0.7900262467191601 0.1297709923664122 0.8451443569553806 0.07633587786259542 0.8031496062992126 0.05343511450381679 0.7664041994750657 0.035114503816793895 0.7217847769028871