3 0.48052959501557635 0.8512304250559284 0.5257009345794392 0.9026845637583892 0.572429906542056 0.9295302013422819 0.6518691588785047 0.8355704697986577 0.6285046728971962 0.7706935123042505 0.5957943925233645 0.7058165548098434 0.5568535825545171 0.5782997762863534 0.5599688473520249 0.5178970917225951 0.4961059190031153 0.5850111856823266 0.45404984423676015 0.6364653243847874 0.45560747663551404 0.6476510067114094 0.4618380062305296 0.8087248322147651 0.48052959501557635 0.8512304250559284
8 0.6160436137071651 0.42393736017897093 0.6160436137071651 0.4217002237136465 0.6066978193146417 0.4105145413870246 0.572429906542056 0.3568232662192394 0.5708722741433022 0.36129753914988816 0.6051401869158879 0.4217002237136465 0.6113707165109035 0.42841163310961966 0.6160436137071651 0.42393736017897093
8 0.4618380062305296 0.11521252796420582 0.4602803738317757 0.09955257270693513 0.4602803738317757 0.0883668903803132 0.45872274143302183 0.07494407158836688 0.45872274143302183 0.07046979865771812 0.45249221183800625 0.0592841163310962 0.45249221183800625 0.07270693512304251 0.45560747663551404 0.09060402684563758 0.45716510903426794 0.1040268456375839 0.45716510903426794 0.1174496644295302 0.4618380062305296 0.11521252796420582
8 0.4633956386292835 0.09284116331096197 0.4696261682242991 0.09731543624161074 0.4742990654205608 0.09284116331096197 0.4680685358255452 0.0883668903803132 0.4618380062305296 0.08612975391498881 0.45249221183800625 0.08389261744966443 0.44781931464174457 0.08612975391498881 0.45404984423676015 0.09060402684563758 0.4633956386292835 0.09284116331096197
8 0.6285046728971962 0.4217002237136465 0.6253894080996885 0.41498881431767337 0.6207165109034268 0.4105145413870246 0.6129283489096573 0.3970917225950783 0.6066978193146417 0.38814317673378074 0.6020249221183801 0.38814317673378074 0.6020249221183801 0.39038031319910516 0.6051401869158879 0.39485458612975394 0.6129283489096573 0.40604026845637586 0.617601246105919 0.412751677852349 0.6253894080996885 0.42393736017897093 0.6285046728971962 0.4217002237136465
8 0.6378504672897196 0.41498881431767337 0.6425233644859814 0.4082774049217002 0.6456386292834891 0.40380313199105144 0.6503115264797508 0.3926174496644295 0.6503115264797508 0.3814317673378076 0.647196261682243 0.37919463087248323 0.6440809968847352 0.38814317673378074 0.6440809968847352 0.3926174496644295 0.6394080996884736 0.39932885906040266 0.633177570093458 0.4105145413870246 0.6378504672897196 0.41498881431767337
8 0.6549844236760125 0.47315436241610737 0.6580996884735203 0.46868008948545864 0.6580996884735203 0.46196868008948544 0.6534267912772586 0.45302013422818793 0.6487538940809969 0.441834451901566 0.6456386292834891 0.42841163310961966 0.6394080996884736 0.4306487695749441 0.6347352024922118 0.4373601789709172 0.6378504672897196 0.44407158836689037 0.6425233644859814 0.44854586129753915 0.6456386292834891 0.4574944071588367 0.6487538940809969 0.470917225950783 0.6549844236760125 0.47315436241610737
8 0.42445482866043616 0.4261744966442953 0.42601246105919005 0.4217002237136465 0.42601246105919005 0.4172259507829978 0.43068535825545173 0.4105145413870246 0.4322429906542056 0.40604026845637586 0.4338006230529595 0.3970917225950783 0.4353582554517134 0.39038031319910516 0.4400311526479751 0.383668903803132 0.4400311526479751 0.3769574944071588 0.4384735202492212 0.3680089485458613 0.4338006230529595 0.3724832214765101 0.42912772585669784 0.383668903803132 0.42757009345794394 0.3926174496644295 0.42445482866043616 0.40604026845637586 0.42133956386292837 0.4105145413870246 0.4197819314641745 0.41946308724832215 0.42133956386292837 0.4261744966442953 0.42445482866043616 0.4261744966442953
8 0.5490654205607477 0.5178970917225951 0.5568535825545171 0.5111856823266219 0.5677570093457944 0.49105145413870244 0.5661993769470405 0.4865771812080537 0.5568535825545171 0.5 0.5459501557632399 0.5111856823266219 0.5475077881619937 0.5201342281879194 0.5490654205607477 0.5178970917225951
8 0.5677570093457944 0.5089485458612976 0.5708722741433022 0.5022371364653244 0.5755451713395638 0.4955257270693512 0.5817757009345794 0.49105145413870244 0.5833333333333334 0.49776286353467564 0.588006230529595 0.49776286353467564 0.5926791277258567 0.49105145413870244 0.5911214953271028 0.4865771812080537 0.5848909657320872 0.4888143176733781 0.5833333333333334 0.4843400447427293 0.5802180685358256 0.48210290827740493 0.5771028037383178 0.4865771812080537 0.57398753894081 0.49105145413870244 0.5693146417445483 0.49776286353467564 0.5661993769470405 0.5044742729306487 0.5677570093457944 0.5089485458612976
8 0.5864485981308412 0.4463087248322148 0.589563862928349 0.44854586129753915 0.5942367601246106 0.44854586129753915 0.5957943925233645 0.441834451901566 0.5942367601246106 0.4373601789709172 0.589563862928349 0.43512304250559286 0.5864485981308412 0.4395973154362416 0.5817757009345794 0.441834451901566 0.5817757009345794 0.44407158836689037 0.5864485981308412 0.4463087248322148
8 0.6082554517133957 0.44407158836689037 0.617601246105919 0.43288590604026844 0.6269470404984424 0.42393736017897093 0.6300623052959502 0.41946308724832215 0.6238317757009346 0.4172259507829978 0.6191588785046729 0.4217002237136465 0.6144859813084113 0.42841163310961966 0.6098130841121495 0.43512304250559286 0.6051401869158879 0.4395973154362416 0.6004672897196262 0.44407158836689037 0.6035825545171339 0.44854586129753915 0.6082554517133957 0.44407158836689037
3 0.48208722741433024 0.5850111856823266 0.5007788161993769 0.5671140939597316 0.5272585669781932 0.5492170022371364 0.5428348909657321 0.5268456375838926 0.5615264797507789 0.49105145413870244 0.6269470404984424 0.42841163310961966 0.6207165109034268 0.39932885906040266 0.6066978193146417 0.3814317673378076 0.5833333333333334 0.3434004474272931 0.5568535825545171 0.3187919463087248 0.5210280373831776 0.2986577181208054 0.5085669781931464 0.29642058165548096 0.471183800623053 0.3053691275167785 0.45716510903426794 0.31208053691275167 0.4462616822429907 0.3277404921700224 0.42133956386292837 0.3970917225950783 0.42601246105919005 0.4395973154362416 0.4322429906542056 0.4574944071588367 0.4384735202492212 0.4888143176733781 0.4447040498442368 0.5022371364653244 0.45093457943925236 0.5223713646532439 0.45404984423676015 0.5469798657718121 0.45404984423676015 0.5850111856823266 0.48208722741433024 0.5850111856823266
4 0.4867601246105919 0.7013422818791947 0.4914330218068536 0.7013422818791947 0.4961059190031153 0.703579418344519 0.5023364485981309 0.7080536912751678 0.5101246105919003 0.703579418344519 0.5163551401869159 0.703579418344519 0.5241433021806854 0.7013422818791947 0.5225856697819314 0.6946308724832215 0.514797507788162 0.6946308724832215 0.5101246105919003 0.6946308724832215 0.5070093457943925 0.6901565995525727 0.5054517133956387 0.6812080536912751 0.5007788161993769 0.6812080536912751 0.5054517133956387 0.6722595078299777 0.4992211838006231 0.6610738255033557 0.4929906542056075 0.6543624161073825 0.4898753894080997 0.656599552572707 0.48364485981308414 0.656599552572707 0.47897196261682246 0.6588366890380313 0.47897196261682246 0.6655480984340044 0.48364485981308414 0.6789709172259508 0.4867601246105919 0.6879194630872483 0.48364485981308414 0.6968680089485458 0.4867601246105919 0.7013422818791947
4 0.4992211838006231 0.6096196868008948 0.5038940809968847 0.6118568232662193 0.5085669781931464 0.6118568232662193 0.5101246105919003 0.616331096196868 0.5132398753894081 0.6185682326621924 0.5132398753894081 0.6252796420581656 0.5179127725856698 0.62751677852349 0.5210280373831776 0.6342281879194631 0.5257009345794392 0.6431767337807607 0.5241433021806854 0.6498881431767338 0.5257009345794392 0.656599552572707 0.5241433021806854 0.6700223713646533 0.5272585669781932 0.6722595078299777 0.5319314641744548 0.6722595078299777 0.5334890965732088 0.6655480984340044 0.5350467289719626 0.6610738255033557 0.5381619937694704 0.6588366890380313 0.5350467289719626 0.6543624161073825 0.5334890965732088 0.6521252796420581 0.5319314641744548 0.6476510067114094 0.5319314641744548 0.6364653243847874 0.530373831775701 0.6297539149888143 0.5257009345794392 0.62751677852349 0.5272585669781932 0.6208053691275168 0.5272585669781932 0.6140939597315436 0.5241433021806854 0.6140939597315436 0.5210280373831776 0.6118568232662193 0.5163551401869159 0.6118568232662193 0.5116822429906542 0.6073825503355704 0.5085669781931464 0.6051454138702461 0.5070093457943925 0.6006711409395973 0.5007788161993769 0.6029082774049217 0.5007788161993769 0.6073825503355704 0.4961059190031153 0.6096196868008948 0.4992211838006231 0.6096196868008948
4 0.4680685358255452 0.6789709172259508 0.4696261682242991 0.6834451901565995 0.4696261682242991 0.6879194630872483 0.4696261682242991 0.6923937360178971 0.4727414330218069 0.6946308724832215 0.4742990654205608 0.6991051454138703 0.47741433021806856 0.6991051454138703 0.48052959501557635 0.6991051454138703 0.48364485981308414 0.6991051454138703 0.48364485981308414 0.6968680089485458 0.48052959501557635 0.6923937360178971 0.47897196261682246 0.6901565995525727 0.47741433021806856 0.685682326621924 0.47741433021806856 0.6789709172259508 0.4727414330218069 0.6812080536912751 0.4727414330218069 0.6767337807606264 0.471183800623053 0.674496644295302 0.471183800623053 0.6677852348993288 0.4665109034267913 0.6677852348993288 0.4649532710280374 0.674496644295302 0.4649532710280374 0.6789709172259508 0.4680685358255452 0.6789709172259508
4 0.5475077881619937 0.9429530201342282 0.5490654205607477 0.9384787472035794 0.5506230529595015 0.9340044742729307 0.544392523364486 0.9317673378076062 0.5459501557632399 0.9250559284116331 0.5397196261682243 0.9228187919463087 0.544392523364486 0.9183445190156599 0.5412772585669782 0.9161073825503355 0.5350467289719626 0.9138702460850112 0.5334890965732088 0.9093959731543624 0.5319314641744548 0.9026845637583892 0.5272585669781932 0.8959731543624161 0.5241433021806854 0.8914988814317674 0.5194704049844237 0.8870246085011185 0.5194704049844237 0.8937360178970917 0.5257009345794392 0.9049217002237137 0.5272585669781932 0.9138702460850112 0.5334890965732088 0.9272930648769575 0.5350467289719626 0.9384787472035794 0.5381619937694704 0.9451901565995525 0.5475077881619937 0.9429530201342282
4 0.5490654205607477 0.9608501118568232 0.5506230529595015 0.9586129753914989 0.5506230529595015 0.9541387024608501 0.5475077881619937 0.9541387024608501 0.544392523364486 0.9563758389261745 0.544392523364486 0.9608501118568232 0.5490654205607477 0.9608501118568232
4 0.5771028037383178 0.9653243847874721 0.5786604361370716 0.9675615212527964 0.5833333333333334 0.9675615212527964 0.5864485981308412 0.9675615212527964 0.5864485981308412 0.9608501118568232 0.5833333333333334 0.9541387024608501 0.5786604361370716 0.9541387024608501 0.5755451713395638 0.9608501118568232 0.5771028037383178 0.9653243847874721
3 0.631619937694704 0.4105145413870246 0.6378504672897196 0.40604026845637586 0.6440809968847352 0.39038031319910516 0.647196261682243 0.37919463087248323 0.647196261682243 0.36577181208053694 0.6394080996884736 0.3568232662192394 0.6285046728971962 0.3277404921700224 0.6222741433021807 0.3098434004474273 0.6129283489096573 0.2897091722595078 0.6082554517133957 0.30089485458612975 0.6113707165109035 0.32550335570469796 0.617601246105919 0.35011185682326623 0.6207165109034268 0.3769574944071588 0.6253894080996885 0.40380313199105144 0.631619937694704 0.4105145413870246
0 0.6066978193146417 0.5067114093959731 0.6160436137071651 0.5044742729306487 0.6238317757009346 0.5022371364653244 0.6362928348909658 0.5 0.6456386292834891 0.4955257270693512 0.6549844236760125 0.49328859060402686 0.6627725856697819 0.49328859060402686 0.6674454828660437 0.49328859060402686 0.676791277258567 0.49328859060402686 0.6845794392523364 0.49105145413870244 0.690809968847352 0.4888143176733781 0.6939252336448598 0.48210290827740493 0.6876947040498442 0.4798657718120805 0.6830218068535826 0.4798657718120805 0.6783489096573209 0.4798657718120805 0.6643302180685359 0.48210290827740493 0.6596573208722741 0.48210290827740493 0.6518691588785047 0.48210290827740493 0.6487538940809969 0.4843400447427293 0.6456386292834891 0.4843400447427293 0.6362928348909658 0.4843400447427293 0.6238317757009346 0.4888143176733781 0.617601246105919 0.49105145413870244 0.6082554517133957 0.49105145413870244 0.5989096573208723 0.5067114093959731 0.6066978193146417 0.5067114093959731
8 0.6939252336448598 0.8758389261744967 0.6814641744548287 0.8825503355704698 0.6830218068535826 0.9272930648769575 0.6845794392523364 0.9519015659955258 0.6970404984423676 0.9138702460850112 0.6939252336448598 0.8758389261744967
0 0.4742990654205608 0.5894854586129754 0.47585669781931467 0.598434004474273 0.4945482866043614 0.5894854586129754 0.5101246105919003 0.5805369127516778 0.5225856697819314 0.569351230425056 0.5366043613707165 0.558165548098434 0.5506230529595015 0.540268456375839 0.5599688473520249 0.5223713646532439 0.5708722741433022 0.5022371364653244 0.5848909657320872 0.4843400447427293 0.6082554517133957 0.46196868008948544 0.6394080996884736 0.42841163310961966 0.6549844236760125 0.4015659955257271 0.6487538940809969 0.3814317673378076 0.6425233644859814 0.39932885906040266 0.6269470404984424 0.4172259507829978 0.6098130841121495 0.4373601789709172 0.5957943925233645 0.4507829977628635 0.5817757009345794 0.4664429530201342 0.5661993769470405 0.48210290827740493 0.5568535825545171 0.5 0.5490654205607477 0.5178970917225951 0.5381619937694704 0.5357941834451901 0.5241433021806854 0.5536912751677853 0.5085669781931464 0.5648769574944071 0.4929906542056075 0.5760626398210291 0.4742990654205608 0.5894854586129754