3 0.8114209827357237 0.35984095427435386 0.8393094289508632 0.3658051689860835 0.8539176626826029 0.40556660039761433 0.8539176626826029 0.43737574552683894 0.8326693227091634 0.48906560636182905 0.7928286852589641 0.5228628230616302 0.7596281540504648 0.5487077534791253 0.7290836653386454 0.584493041749503 0.7065073041168659 0.5924453280318092 0.6932270916334662 0.5765407554671969 0.6839309428950863 0.5467196819085487 0.6945551128818062 0.49502982107355864 0.7118193891102258 0.45129224652087474 0.7290836653386454 0.415506958250497 0.7875166002656042 0.36779324055666 0.8021248339973439 0.36381709741550694
3 0.6440903054448871 0.5387673956262425 0.6653386454183267 0.5129224652087475 0.6892430278884463 0.5029821073558648 0.6918990703851262 0.536779324055666 0.6839309428950863 0.5666003976143141 0.6693227091633466 0.6023856858846919 0.6533864541832669 0.6003976143141153 0.6361221779548473 0.5705765407554672
8 0.701195219123506 0.5228628230616302 0.7158034528552457 0.5188866799204771 0.7277556440903055 0.5149105367793241 0.7343957503320053 0.5149105367793241 0.7343957503320053 0.5208747514910537 0.7078353253652059 0.5288270377733598 0.699867197875166 0.5288270377733598
8 0.7397078353253652 0.5129224652087475 0.750332005312085 0.510934393638171 0.750332005312085 0.5188866799204771 0.7397078353253652 0.5188866799204771
8 0.7543160690571049 0.5089463220675944 0.7622841965471447 0.5069582504970179 0.7689243027888446 0.5069582504970179 0.7755644090305445 0.5069582504970179 0.7689243027888446 0.5149105367793241 0.7569721115537849 0.5149105367793241
8 0.7782204515272244 0.5049701789264414 0.7848605577689243 0.5009940357852882 0.7928286852589641 0.5009940357852882 0.8034528552456839 0.49502982107355864 0.8180610889774237 0.49304174950298213 0.8273572377158035 0.49304174950298213 0.8313413014608234 0.49502982107355864 0.8260292164674635 0.4990059642147117 0.7875166002656042 0.5089463220675944 0.7808764940239044 0.510934393638171
6 0.5338645418326693 0.5825049701789264 0.5524568393094289 0.5725646123260437 0.5524568393094289 0.5944333996023857 0.549800796812749 0.6063618290258449 0.5365205843293492 0.5944333996023857
6 0.6347941567065073 0.5427435387673957 0.648074369189907 0.5288270377733598 0.6520584329349269 0.5129224652087475 0.6573705179282868 0.49502982107355864 0.6640106241699867 0.48111332007952284 0.6706507304116865 0.4850894632206759 0.6586985391766268 0.5089463220675944 0.6520584329349269 0.536779324055666 0.6414342629482072 0.5467196819085487
6 0.5564409030544488 0.5725646123260437 0.5657370517928287 0.5685884691848907 0.5816733067729084 0.5646123260437376 0.6069057104913679 0.558648111332008 0.6308100929614874 0.5467196819085487 0.650730411686587 0.5427435387673957 0.6653386454183267 0.536779324055666 0.6799468791500664 0.532803180914513 0.6839309428950863 0.5407554671968191 0.6706507304116865 0.5447316103379721 0.6135458167330677 0.562624254473161 0.5763612217795485 0.5765407554671969
8 0.5564409030544488 0.5984095427435387 0.5763612217795485 0.5924453280318092 0.5936254980079682 0.5864811133200796 0.6175298804780877 0.5785288270377733 0.6188579017264276 0.584493041749503 0.6095617529880478 0.588469184890656 0.5644090305444888 0.6023856858846919 0.5537848605577689 0.6043737574552683
6 0.6162018592297477 0.5805168986083499 0.6241699867197875 0.5745526838966203 0.6347941567065073 0.5725646123260437 0.6454183266932271 0.5685884691848907 0.6600265604249668 0.562624254473161 0.6719787516600265 0.5606361829025845 0.6693227091633466 0.5685884691848907 0.6427622841965471 0.5805168986083499 0.6228419654714475 0.5825049701789264
6 0.6865869853917662 0.6322067594433399 0.7065073041168659 0.6222664015904572 0.7290836653386454 0.614314115308151 0.7410358565737052 0.610337972166998 0.751660026560425 0.5944333996023857 0.7662682602921647 0.5924453280318092 0.7622841965471447 0.610337972166998 0.7343957503320053 0.6242544731610338 0.703851261620186 0.6361829025844931 0.6905710491367862 0.6381709741550696
3 0.5059760956175299 0.7017892644135189 0.50066401062417 0.6858846918489065 0.49269588313413015 0.6640159045725647 0.48871181938911024 0.6481113320079522 0.4820717131474104 0.6341948310139165 0.4807436918990704 0.6163021868787276 0.4860557768924303 0.5984095427435387 0.50066401062417 0.5805168986083499 0.5152722443559097 0.5745526838966203 0.5285524568393094 0.5725646123260437 0.5325365205843293 0.5666003976143141 0.5405046480743692 0.5467196819085487 0.548472775564409 0.532803180914513 0.5590969455511288 0.532803180914513 0.5657370517928287 0.5526838966202783 0.5644090305444888 0.5805168986083499 0.5444887118193891 0.6282306163021869 0.5365205843293492 0.658051689860835 0.5405046480743692 0.6759443339960238 0.5378486055776892 0.6918489065606361 0.5272244355909694 0.7037773359840954 0.5152722443559097 0.7077534791252486
3 0.049136786188579015 0.30019880715705766 0.06905710491367861 0.3240556660039761 0.08233731739707835 0.33001988071570576 0.10092961487383798 0.36381709741550694 0.10358565737051793 0.4115308151093439 0.10358565737051793 0.4850894632206759 0.10358565737051793 0.532803180914513 0.10358565737051793 0.5745526838966203 0.08632138114209828 0.6023856858846919 0.099601593625498 0.6322067594433399 0.10092961487383798 0.6640159045725647 0.09163346613545817 0.6998011928429424 0.07835325365205843 0.6918489065606361 0.05976095617529881 0.6381709741550696 0.043824701195219126 0.5964214711729622 0.04249667994687915 0.558648111332008 0.05976095617529881 0.5347912524850894 0.049136786188579015 0.5268389662027833 0.03718459495351926 0.4990059642147117 0.035856573705179286 0.4433399602385686 0.041168658698539175 0.4135188866799205 0.034528552456839307 0.3817097415506958 0.041168658698539175 0.3320079522862823
3 0.5431606905710491 0.4572564612326044 0.5272244355909694 0.4592445328031809 0.5179282868525896 0.4433399602385686 0.5166002656042497 0.41749502982107356 0.5258964143426295 0.40159045725646125 0.5418326693227091 0.3976143141153082 0.5630810092961488 0.40556660039761433 0.5776892430278885 0.4135188866799205 0.5909694555112882 0.42147117296222664 0.5949535192563081 0.43339960238568587 0.5949535192563081 0.45129224652087474 0.5790172642762285 0.4532803180914513 0.5657370517928287 0.4552683896620278
0 0.5272244355909694 0.7137176938369781 0.5232403718459495 0.6958250497017893 0.5205843293492696 0.6759443339960238 0.5179282868525896 0.6540755467196819 0.5139442231075697 0.6381709741550696 0.5086321381142098 0.6222664015904572 0.50066401062417 0.6063618290258449 0.4913678618857902 0.5964214711729622 0.4847277556440903 0.5904572564612326 0.47277556440903057 0.5745526838966203 0.48339973439575035 0.6023856858846919 0.49667994687915007 0.6262425447316103 0.5033200531208499 0.6520874751491054 0.5112881806108898 0.6819085487077535 0.5166002656042497 0.7017892644135189 0.5219123505976095 0.7176938369781312
5 0.5325365205843293 0.5805168986083499 0.6905710491367862 0.5288270377733598 0.7742363877822045 0.5049701789264414 0.8379814077025233 0.49105367793240556 0.852589641434263 0.49105367793240556 0.8618857901726428 0.49502982107355864 0.8565737051792829 0.5069582504970179 0.6985391766268261 0.5546719681908548 0.6201859229747676 0.584493041749503 0.5524568393094289 0.6063618290258449 0.5391766268260292 0.5964214711729622
6 0.7782204515272244 0.536779324055666 0.7835325365205843 0.5427435387673957 0.7901726427622842 0.5467196819085487 0.7835325365205843 0.5546719681908548 0.7768924302788844 0.5506958250497018 0.7702523240371846 0.5467196819085487 0.7662682602921647 0.5447316103379721
6 0.8552456839309429 0.43538767395626243 0.8605577689243028 0.441351888667992 0.8618857901726428 0.45129224652087474 0.8592297476759628 0.4671968190854871 0.8552456839309429 0.48111332007952284 0.849933598937583 0.4831013916500994 0.8406374501992032 0.4831013916500994 0.8366533864541833 0.47713717693836977 0.8326693227091634 0.47514910536779326 0.8180610889774237 0.4831013916500994 0.8127490039840638 0.4870775347912525 0.8140770252324038 0.47912524850894633 0.8406374501992032 0.4572564612326044 0.848605577689243 0.44532803180914515
8 0.5099601593625498 0.6998011928429424 0.48871181938911024 0.6341948310139165 0.4940239043824701 0.6202783300198808 0.5139442231075697 0.6878727634194831
8 0.7729083665338645 0.5944333996023857 0.8127490039840638 0.5745526838966203 0.8167330677290837 0.584493041749503 0.7782204515272244 0.6023856858846919