0 0.3060869565217391 0.18329466357308585 0.29739130434782607 0.20417633410672853 0.31130434782608696 0.21577726218097448 0.3269565217391304 0.22041763341067286 0.3391304347826087 0.20649651972157773 0.3443478260869565 0.1925754060324826 0.34608695652173915 0.16473317865429235 0.33217391304347826 0.16473317865429235 0.3408695652173913 0.14385150812064965 0.3426086956521739 0.12064965197215777 0.3408695652173913 0.10208816705336426 0.3391304347826087 0.09048723897911833 0.33043478260869563 0.08120649651972157 0.32 0.07888631090487239 0.30782608695652175 0.08352668213457076 0.2956521739130435 0.10904872389791183 0.28347826086956524 0.1531322505800464 0.2991304347826087 0.17633410672853828 0.3060869565217391 0.18329466357308585
8 0.36869565217391304 0.0765661252900232 0.36 0.06728538283062645 0.36 0.0765661252900232 0.3634782608695652 0.08816705336426914 0.36869565217391304 0.09280742459396751 0.36869565217391304 0.0765661252900232
8 0.38956521739130434 0.06496519721577726 0.3826086956521739 0.060324825986078884 0.37217391304347824 0.060324825986078884 0.3652173913043478 0.06264501160092807 0.37217391304347824 0.06960556844547564 0.3791304347826087 0.07192575406032482 0.38956521739130434 0.06496519721577726
8 0.3634782608695652 0.05336426914153132 0.3634782608695652 0.060324825986078884 0.37565217391304345 0.060324825986078884 0.39304347826086955 0.060324825986078884 0.38608695652173913 0.05568445475638051 0.3739130434782609 0.05336426914153132 0.3634782608695652 0.05336426914153132
8 0.391304347826087 0.048723897911832945 0.40347826086956523 0.048723897911832945 0.3826086956521739 0.04176334106728538 0.36869565217391304 0.037122969837587005 0.35478260869565215 0.037122969837587005 0.3634782608695652 0.03944315545243619 0.37565217391304345 0.04408352668213457 0.391304347826087 0.048723897911832945
8 0.3634782608695652 0.03480278422273782 0.36869565217391304 0.030162412993039442 0.3652173913043478 0.025522041763341066 0.3634782608695652 0.03480278422273782
8 0.3565217391304348 0.016241299303944315 0.35130434782608694 0.018561484918793503 0.3565217391304348 0.02320185614849188 0.37217391304347824 0.02320185614849188 0.3634782608695652 0.016241299303944315 0.3565217391304348 0.016241299303944315
8 0.34782608695652173 0 0.32869565217391306 0.004640371229698376 0.3408695652173913 0.0069605568445475635 0.35478260869565215 0.004640371229698376 0.34782608695652173 0
8 0.41739130434782606 0.22041763341067286 0.42782608695652175 0.23433874709976799 0.40695652173913044 0.24129930394431554 0.4591304347826087 0.2459396751740139 0.4643478260869565 0.23897911832946636 0.44173913043478263 0.23433874709976799 0.41739130434782606 0.22041763341067286
8 0.4434782608695652 0.31786542923433875 0.42434782608695654 0.31786542923433875 0.4191304347826087 0.31554524361948955 0.4121739130434783 0.31554524361948955 0.4121739130434783 0.3225058004640371 0.40869565217391307 0.33178654292343385 0.4434782608695652 0.3248259860788863 0.4434782608695652 0.31786542923433875
8 0.4295652173913043 0.30162412993039445 0.4295652173913043 0.2900232018561485 0.4295652173913043 0.28074245939675174 0.4295652173913043 0.2691415313225058 0.4226086956521739 0.28074245939675174 0.42434782608695654 0.29698375870069604 0.41739130434782606 0.3062645011600928 0.4295652173913043 0.30162412993039445
8 0.4434782608695652 0.25986078886310904 0.45565217391304347 0.2668213457076566 0.4539130434782609 0.25986078886310904 0.4504347826086956 0.2529002320185615 0.4434782608695652 0.25986078886310904
8 0.42086956521739133 0.25754060324825984 0.4295652173913043 0.2552204176334107 0.4226086956521739 0.2459396751740139 0.41391304347826086 0.2482598607888631 0.42086956521739133 0.25754060324825984
8 0.4504347826086956 0.33178654292343385 0.4539130434782609 0.3225058004640371 0.47130434782608693 0.3109048723897912 0.4678260869565217 0.3039443155452436 0.4504347826086956 0.31322505800464034 0.44521739130434784 0.3062645011600928 0.43826086956521737 0.2877030162412993 0.4330434782608696 0.2737819025522042 0.4504347826086956 0.2737819025522042 0.44869565217391305 0.2668213457076566 0.43826086956521737 0.2668213457076566 0.43478260869565216 0.26218097447795824 0.42782608695652175 0.25754060324825984 0.43130434782608695 0.28074245939675174 0.4365217391304348 0.30162412993039445 0.44521739130434784 0.32018561484918795 0.4504347826086956 0.33178654292343385
8 0.34956521739130436 0.05568445475638051 0.35130434782608694 0.06496519721577726 0.3582608695652174 0.06264501160092807 0.3565217391304348 0.05336426914153132 0.34956521739130436 0.05568445475638051
8 0.3634782608695652 0.027842227378190254 0.3582608695652174 0.027842227378190254 0.35130434782608694 0.030162412993039442 0.3582608695652174 0.03480278422273782 0.3634782608695652 0.03480278422273782 0.3634782608695652 0.027842227378190254
8 0.34608695652173915 0.05568445475638051 0.3426086956521739 0.048723897911832945 0.3356521739130435 0.048723897911832945 0.3408695652173913 0.058004640371229696 0.3408695652173913 0.06728538283062645 0.34608695652173915 0.06728538283062645 0.34608695652173915 0.05568445475638051
3 0.3982608695652174 0.06496519721577726 0.39304347826086955 0.05104408352668213 0.36869565217391304 0.048723897911832945 0.34608695652173915 0.048723897911832945 0.33043478260869563 0.05104408352668213 0.3165217391304348 0.05336426914153132 0.32869565217391306 0.06496519721577726 0.3634782608695652 0.07424593967517401 0.38608695652173913 0.07424593967517401 0.3982608695652174 0.06496519721577726
3 0.2956521739130435 0 0.2921739130434783 0.002320185614849188 0.2956521739130435 0.025522041763341066 0.31478260869565217 0.05104408352668213 0.35478260869565215 0.048723897911832945 0.3739130434782609 0.04640371229698376 0.4295652173913043 0.05104408352668213 0.42782608695652175 0.03480278422273782 0.4156521739130435 0.03248259860788863 0.38608695652173913 0.030162412993039442 0.37043478260869567 0.025522041763341066 0.35478260869565215 0.01160092807424594 0.3565217391304348 0 0.2956521739130435 0
3 0.36695652173913046 0.2111368909512761 0.3426086956521739 0.22041763341067286 0.32521739130434785 0.22505800464037123 0.3130434782608696 0.2273781902552204 0.3356521739130435 0.24129930394431554 0.36695652173913046 0.23897911832946636 0.37565217391304345 0.23201856148491878 0.36695652173913046 0.2111368909512761
3 0.4365217391304348 0.22505800464037123 0.40869565217391307 0.21577726218097448 0.38782608695652177 0.2111368909512761 0.36869565217391304 0.2111368909512761 0.3791304347826087 0.24129930394431554 0.4539130434782609 0.271461716937355 0.46260869565217394 0.23897911832946636 0.4365217391304348 0.22505800464037123
8 0.46956521739130436 0.4408352668213457 0.47304347826086957 0.45243619489559167 0.48 0.45243619489559167 0.48 0.4431554524361949 0.46956521739130436 0.4408352668213457
8 0.4295652173913043 0.37354988399071926 0.4226086956521739 0.37122969837587005 0.4260869565217391 0.3805104408352668 0.4295652173913043 0.39211136890951276 0.43130434782608695 0.3805104408352668 0.4295652173913043 0.37354988399071926
8 0.5078260869565218 0.3805104408352668 0.49043478260869566 0.37122969837587005 0.4765217391304348 0.3480278422273782 0.46608695652173915 0.33642691415313225 0.45217391304347826 0.33178654292343385 0.46260869565217394 0.35730858468677495 0.48 0.37587006960556846 0.5095652173913043 0.39443155452436196 0.5078260869565218 0.3805104408352668
8 0.5165217391304348 0.4245939675174014 0.5130434782608696 0.4060324825986079 0.5113043478260869 0.42691415313225056 0.5130434782608696 0.45243619489559167 0.5182608695652174 0.44547563805104406 0.5165217391304348 0.4245939675174014
8 0.5321739130434783 0.4245939675174014 0.5252173913043479 0.4245939675174014 0.5234782608695652 0.41299303944315546 0.5182608695652174 0.39675174013921116 0.5147826086956522 0.3851508120649652 0.5060869565217392 0.3805104408352668 0.5130434782608696 0.40835266821345706 0.5217391304347826 0.4385150812064965 0.5321739130434783 0.43387470997679817 0.5321739130434783 0.4245939675174014
8 0.5269565217391304 0.4733178654292343 0.5234782608695652 0.48259860788863107 0.5304347826086957 0.48259860788863107 0.5373913043478261 0.4709976798143852 0.5391304347826087 0.4617169373549884 0.5391304347826087 0.44779582366589327 0.5356521739130434 0.4408352668213457 0.5269565217391304 0.4385150812064965 0.5234782608695652 0.44779582366589327 0.5234782608695652 0.45707656612529 0.528695652173913 0.4617169373549884 0.5234782608695652 0.46867749419953597 0.5269565217391304 0.4733178654292343
8 0.528695652173913 0.4895591647331787 0.5269565217391304 0.494199535962877 0.5321739130434783 0.494199535962877 0.5339130434782609 0.4872389791183295 0.528695652173913 0.4895591647331787
8 0.5634782608695652 0.4245939675174014 0.5634782608695652 0.43387470997679817 0.5791304347826087 0.4361948955916473 0.5791304347826087 0.42923433874709976 0.5634782608695652 0.4245939675174014
8 0.5704347826086956 0.5034802784222738 0.5669565217391305 0.4895591647331787 0.56 0.46403712296983757 0.5547826086956522 0.45011600928074247 0.5460869565217391 0.4408352668213457 0.5495652173913044 0.4593967517401392 0.5565217391304348 0.4756380510440835 0.5634782608695652 0.5034802784222738 0.5704347826086956 0.5034802784222738
8 0.5634782608695652 0.41299303944315546 0.5860869565217391 0.419953596287703 0.6173913043478261 0.4222737819025522 0.5947826086956521 0.41531322505800466 0.5739130434782609 0.40835266821345706 0.551304347826087 0.4013921113689095 0.5356521739130434 0.39443155452436196 0.5182608695652174 0.3874709976798144 0.5269565217391304 0.39675174013921116 0.542608695652174 0.4037122969837587 0.5634782608695652 0.41299303944315546
8 0.5860869565217391 0.4617169373549884 0.5704347826086956 0.4617169373549884 0.5756521739130435 0.4733178654292343 0.5860869565217391 0.4779582366589327 0.5860869565217391 0.4617169373549884
8 0.6 0.46403712296983757 0.5982608695652174 0.4733178654292343 0.6243478260869565 0.4733178654292343 0.6243478260869565 0.46403712296983757 0.6 0.46403712296983757
8 0.6069565217391304 0.48491879350348027 0.5878260869565217 0.48259860788863107 0.5756521739130435 0.4872389791183295 0.577391304347826 0.5011600928074246 0.6313043478260869 0.505800464037123 0.6330434782608696 0.4895591647331787 0.6069565217391304 0.48491879350348027
8 0.6243478260869565 0.5174013921113689 0.6121739130434782 0.5127610208816705 0.6173913043478261 0.5336426914153132 0.6173913043478261 0.5498839907192575 0.6260869565217392 0.5382830626450116 0.6243478260869565 0.5174013921113689
8 0.5826086956521739 0.5591647331786543 0.5791304347826087 0.5359628770301624 0.5756521739130435 0.5220417633410673 0.5721739130434783 0.5150812064965197 0.5669565217391305 0.5197215777262181 0.5721739130434783 0.5452436194895591 0.5756521739130435 0.5777262180974478 0.5860869565217391 0.5846867749419954 0.5826086956521739 0.5591647331786543
8 0.5547826086956522 0.505800464037123 0.5478260869565217 0.5011600928074246 0.5495652173913044 0.5197215777262181 0.5530434782608695 0.54292343387471 0.5582608695652174 0.5661252900232019 0.5652173913043478 0.5939675174013921 0.5860869565217391 0.6380510440835266 0.5878260869565217 0.5870069605568445 0.5652173913043478 0.5498839907192575 0.5582608695652174 0.531322505800464 0.5547826086956522 0.505800464037123
8 0.7043478260869566 0.5266821345707656 0.697391304347826 0.505800464037123 0.6869565217391305 0.48491879350348027 0.6747826086956522 0.45707656612529 0.6608695652173913 0.4361948955916473 0.6765217391304348 0.48491879350348027 0.6904347826086956 0.5290023201856149 0.6991304347826087 0.5754060324825986 0.7095652173913043 0.5707656612529002 0.7095652173913043 0.5498839907192575 0.7043478260869566 0.5266821345707656
8 0.5391304347826087 0.2296983758700696 0.5182608695652174 0.21577726218097448 0.48695652173913045 0.21809744779582366 0.4643478260869565 0.22505800464037123 0.46956521739130436 0.23665893271461716 0.4991304347826087 0.2296983758700696 0.5234782608695652 0.2273781902552204 0.5391304347826087 0.2296983758700696
3 0.44521739130434784 0.43155452436194897 0.43826086956521737 0.4037122969837587 0.4226086956521739 0.35962877030162416 0.4052173913043478 0.33410672853828305 0.3982608695652174 0.37819025522041766 0.41043478260869565 0.4176334106728538 0.4365217391304348 0.4408352668213457 0.44521739130434784 0.43155452436194897
3 0.46956521739130436 0.3294663573085847 0.46608695652173915 0.308584686774942 0.40695652173913044 0.3248259860788863 0.4260869565217391 0.33642691415313225 0.44521739130434784 0.33410672853828305 0.46956521739130436 0.3294663573085847
3 0.4226086956521739 0.3062645011600928 0.41739130434782606 0.3039443155452436 0.41391304347826086 0.31322505800464034 0.43130434782608695 0.31554524361948955 0.44 0.31322505800464034 0.44521739130434784 0.3062645011600928 0.4469565217391304 0.29466357308584684 0.44521739130434784 0.2877030162412993 0.44173913043478263 0.27610208816705334 0.43478260869565216 0.271461716937355 0.4295652173913043 0.27842227378190254 0.42782608695652175 0.2853828306264501 0.4330434782608696 0.2900232018561485 0.4295652173913043 0.29930394431554525 0.4226086956521739 0.3062645011600928
0 0.4052173913043478 0.22041763341067286 0.4191304347826087 0.22505800464037123 0.44173913043478263 0.23201856148491878 0.4469565217391304 0.22505800464037123 0.45565217391304347 0.22041763341067286 0.46608695652173915 0.22273781902552203 0.4834782608695652 0.22041763341067286 0.5408695652173913 0.22041763341067286 0.5095652173913043 0.20649651972157773 0.46260869565217394 0.19721577726218098 0.42782608695652175 0.19489559164733178 0.3982608695652174 0.1925754060324826 0.3791304347826087 0.19489559164733178 0.3582608695652174 0.20185614849187936 0.34782608695652173 0.20417633410672853 0.3408695652173913 0.22041763341067286 0.36 0.21577726218097448 0.37217391304347824 0.21345707656612528 0.38956521739130434 0.21577726218097448 0.4052173913043478 0.22041763341067286
4 0.3947826086956522 0.4037122969837587 0.37043478260869567 0.33410672853828305 0.3773913043478261 0.32018561484918795 0.3826086956521739 0.31322505800464034 0.38608695652173913 0.3062645011600928 0.38782608695652177 0.29930394431554525 0.38782608695652177 0.2877030162412993 0.3826086956521739 0.27610208816705334 0.3634782608695652 0.2877030162412993 0.35130434782608694 0.29930394431554525 0.4017391304347826 0.44547563805104406 0.40695652173913044 0.43387470997679817 0.3947826086956522 0.4037122969837587
4 0.3843478260869565 0.5336426914153132 0.38956521739130434 0.5475638051044084 0.39304347826086955 0.5545243619489559 0.3982608695652174 0.5591647331786543 0.4017391304347826 0.5545243619489559 0.4017391304347826 0.54292343387471 0.39652173913043476 0.5359628770301624 0.39304347826086955 0.5127610208816705 0.3982608695652174 0.5034802784222738 0.4017391304347826 0.5150812064965197 0.41043478260869565 0.531322505800464 0.41043478260869565 0.5406032482598608 0.4260869565217391 0.5962877030162413 0.4295652173913043 0.6102088167053364 0.4330434782608696 0.62877030162413 0.43826086956521737 0.6473317865429234 0.44869565217391305 0.665893271461717 0.44521739130434784 0.654292343387471 0.44173913043478263 0.6357308584686775 0.44 0.617169373549884 0.44 0.6032482598607889 0.44 0.5823665893271461 0.44 0.5475638051044084 0.42782608695652175 0.5197215777262181 0.41043478260869565 0.4779582366589327 0.3843478260869565 0.4037122969837587 0.3826086956521739 0.4988399071925754 0.3826086956521739 0.505800464037123 0.3843478260869565 0.5336426914153132
4 0.39652173913043476 0.3039443155452436 0.4017391304347826 0.31322505800464034 0.40695652173913044 0.3109048723897912 0.4121739130434783 0.3039443155452436 0.41043478260869565 0.29698375870069604 0.4052173913043478 0.2900232018561485 0.4 0.29466357308584684 0.39652173913043476 0.3039443155452436
0 0.43217391304347824 1 0.4434782608695652 0.9605568445475638 0.4747826086956522 0.8120649651972158 0.48 0.7679814385150812 0.4817391304347826 0.7122969837587007 0.48 0.6960556844547564 0.46260869565217394 0.665893271461717 0.4643478260869565 0.6334106728538283 0.4591304347826087 0.5591647331786543 0.4504347826086956 0.5150812064965197 0.44 0.45707656612529 0.4365217391304348 0.4802784222737819 0.43478260869565216 0.5243619489559165 0.39304347826086955 0.41067285382830626 0.38782608695652177 0.4176334106728538 0.40347826086956523 0.4709976798143852 0.4330434782608696 0.5475638051044084 0.4365217391304348 0.5614849187935035 0.43478260869565216 0.605568445475638 0.4365217391304348 0.6357308584686775 0.44173913043478263 0.6635730858468677 0.44869565217391305 0.6821345707656613 0.45565217391304347 0.6983758700696056 0.4504347826086956 0.7354988399071926 0.4365217391304348 0.8468677494199536 0.42086956521739133 0.9327146171693735 0.41043478260869565 0.9930394431554525 0.4091304347826087 1 0.43217391304347824 1
0 0.5043478260869565 0.4802784222737819 0.5008695652173913 0.4895591647331787 0.45565217391304347 0.42691415313225056 0.44 0.42923433874709976 0.4330434782608696 0.4408352668213457 0.4434782608695652 0.45011600928074247 0.4573913043478261 0.4617169373549884 0.4747826086956522 0.48491879350348027 0.48869565217391303 0.4988399071925754 0.5026086956521739 0.5127610208816705 0.5165217391304348 0.531322505800464 0.5234782608695652 0.5545243619489559 0.5304347826086957 0.5823665893271461 0.5408695652173913 0.5777262180974478 0.5408695652173913 0.54292343387471 0.5339130434782609 0.5174013921113689 0.5217391304347826 0.4895591647331787 0.528695652173913 0.45707656612529 0.528695652173913 0.43155452436194897 0.5217391304347826 0.3990719257540603 0.5165217391304348 0.37587006960556846 0.4991304347826087 0.3665893271461717 0.5043478260869565 0.39443155452436196 0.5095652173913043 0.42923433874709976 0.5095652173913043 0.45707656612529 0.5043478260869565 0.4802784222737819