6 0.41854934601664684 0.7495069033530573 0.41854934601664684 0.7416173570019724 0.41854934601664684 0.7317554240631163 0.41854934601664684 0.7258382642998028 0.41854934601664684 0.7140039447731755 0.4173602853745541 0.7061143984220908 0.41379310344827586 0.7080867850098619 0.4114149821640904 0.7140039447731755 0.40784780023781214 0.7140039447731755 0.40784780023781214 0.7120315581854043 0.4090368608799049 0.6982248520710059 0.4090368608799049 0.6824457593688363 0.40665873959571935 0.6942800788954635 0.4054696789536266 0.7021696252465484 0.4042806183115339 0.7120315581854043 0.40309155766944116 0.7199211045364892 0.4042806183115339 0.7297830374753451 0.40665873959571935 0.7357001972386588 0.4090368608799049 0.7297830374753451 0.4114149821640904 0.7258382642998028 0.41379310344827586 0.7218934911242604 0.4149821640903686 0.7317554240631163 0.41379310344827586 0.7396449704142012 0.4149821640903686 0.7514792899408284 0.4149821640903686 0.7593688362919132 0.41854934601664684 0.7554240631163708 0.41854934601664684 0.7495069033530573
6 0.3590963139120095 0.5404339250493096 0.36028537455410226 0.5069033530571992 0.3626634958382878 0.46548323471400394 0.3697978596908442 0.39644970414201186 0.37098692033293695 0.3708086785009862 0.3733650416171225 0.33530571992110453 0.375743162901308 0.29980276134122286 0.37812128418549346 0.27416173570019725 0.3507728894173603 0.4990138067061144 0.34720570749108204 0.5226824457593688 0.3460166468489893 0.5581854043392505 0.3436385255648038 0.6015779092702169 0.3460166468489893 0.6291913214990138 0.34720570749108204 0.6863905325443787 0.35315101070154575 0.6134122287968442 0.356718192627824 0.5779092702169625 0.3590963139120095 0.5404339250493096
6 0.38287752675386444 0.47928994082840237 0.38287752675386444 0.46153846153846156 0.3912009512485137 0.4378698224852071 0.3935790725326992 0.40631163708086787 0.3912009512485137 0.3826429980276134 0.3912009512485137 0.3629191321499014 0.39595719381688466 0.35502958579881655 0.40071343638525564 0.3530571992110454 0.40665873959571935 0.35502958579881655 0.4102259215219976 0.3629191321499014 0.4042806183115339 0.3668639053254438 0.4173602853745541 0.3668639053254438 0.4280618311533888 0.3629191321499014 0.43638525564803804 0.33727810650887574 0.44351961950059454 0.3254437869822485 0.4482758620689655 0.3155818540433925 0.45541022592152197 0.3057199211045365 0.460166468489893 0.2958579881656805 0.46730083234244946 0.29191321499013806 0.4756242568370987 0.28994082840236685 0.4803804994054697 0.2859960552268245 0.48513674197384066 0.29191321499013806 0.4815695600475624 0.3175542406311637 0.47205707491082044 0.3333333333333333 0.4625445897740785 0.35700197238658776 0.46730083234244946 0.35700197238658776 0.49108204518430437 0.29980276134122286 0.48989298454221164 0.28205128205128205 0.4863258026159334 0.28205128205128205 0.47443519619500596 0.2781065088757396 0.460166468489893 0.28994082840236685 0.4482758620689655 0.30177514792899407 0.4351961950059453 0.3076923076923077 0.42568370986920334 0.3116370808678501 0.4173602853745541 0.3254437869822485 0.40665873959571935 0.3254437869822485 0.3971462544589774 0.3254437869822485 0.38525564803804996 0.33530571992110453 0.3816884661117717 0.3767258382642998 0.3769322235434007 0.39447731755424065 0.380499405469679 0.41025641025641024 0.3816884661117717 0.42011834319526625 0.380499405469679 0.4418145956607495 0.3745541022592152 0.46745562130177515 0.3769322235434007 0.4891518737672584 0.37812128418549346 0.4990138067061144 0.38406658739595717 0.4970414201183432 0.38287752675386444 0.47928994082840237
6 0.3793103448275862 0.5996055226824457 0.3745541022592152 0.5976331360946746 0.37098692033293695 0.5976331360946746 0.3626634958382878 0.6055226824457594 0.36741973840665876 0.6015779092702169 0.3733650416171225 0.6015779092702169 0.37812128418549346 0.6035502958579881 0.380499405469679 0.6055226824457594 0.3864447086801427 0.6074950690335306 0.39001189060642094 0.6074950690335306 0.3935790725326992 0.6035502958579881 0.3947681331747919 0.5956607495069034 0.3923900118906064 0.5936883629191322 0.39001189060642094 0.5976331360946746 0.3876337693222354 0.6035502958579881 0.38406658739595717 0.6015779092702169 0.3793103448275862 0.5996055226824457
8 0.3971462544589774 0.9723865877712031 0.3947681331747919 0.9723865877712031 0.39595719381688466 0.9704142011834319 0.3983353151010702 0.9704142011834319 0.40190249702734837 0.9704142011834319 0.4042806183115339 0.9684418145956607 0.40190249702734837 0.9684418145956607 0.40071343638525564 0.9644970414201184 0.3971462544589774 0.9644970414201184 0.3935790725326992 0.9644970414201184 0.3912009512485137 0.9585798816568047 0.38882282996432815 0.9625246548323472 0.39001189060642094 0.9684418145956607 0.3876337693222354 0.9704142011834319 0.38525564803804996 0.9743589743589743 0.38406658739595717 0.9684418145956607 0.38406658739595717 0.9664694280078896 0.380499405469679 0.9625246548323472 0.375743162901308 0.9625246548323472 0.3686087990487515 0.960552268244576 0.36028537455410226 0.9566074950690335 0.356718192627824 0.9566074950690335 0.35315101070154575 0.9546351084812623 0.34720570749108204 0.9546351084812623 0.34958382877526756 0.960552268244576 0.351961950059453 0.960552268244576 0.35434007134363854 0.9625246548323472 0.3590963139120095 0.9625246548323472 0.36504161712247324 0.9625246548323472 0.3697978596908442 0.9664694280078896 0.3745541022592152 0.9664694280078896 0.3793103448275862 0.9684418145956607 0.3769322235434007 0.9723865877712031 0.3769322235434007 0.9822485207100592 0.38287752675386444 0.9822485207100592 0.38882282996432815 0.9861932938856016 0.3983353151010702 0.9861932938856016 0.3983353151010702 0.980276134122288 0.3983353151010702 0.9763313609467456 0.3971462544589774 0.9723865877712031
6 0.38406658739595717 0.5305719921104537 0.38525564803804996 0.5187376725838264 0.38525564803804996 0.5108481262327417 0.38525564803804996 0.5009861932938856 0.38525564803804996 0.49506903353057197 0.38287752675386444 0.514792899408284 0.3816884661117717 0.5325443786982249 0.3816884661117717 0.5542406311637081 0.3816884661117717 0.5641025641025641 0.38287752675386444 0.5581854043392505 0.38287752675386444 0.5463510848126233 0.38406658739595717 0.5404339250493096 0.38406658739595717 0.5305719921104537
8 0.40071343638525564 0.9842209072978304 0.40071343638525564 0.9881656804733728 0.40309155766944116 0.9901380670611439 0.4042806183115339 0.9940828402366864 0.40784780023781214 0.9960552268244576 0.40665873959571935 0.9901380670611439 0.4054696789536266 0.9861932938856016 0.40071343638525564 0.9842209072978304
6 0.47205707491082044 0.14398422090729784 0.47205707491082044 0.1341222879684418 0.47919143876337694 0.1203155818540434 0.4839476813317479 0.11045364891518737 0.4839476813317479 0.09270216962524655 0.4827586206896552 0.08678500986193294 0.4803804994054697 0.0670611439842209 0.4756242568370987 0.055226824457593686 0.46730083234244946 0.05128205128205128 0.460166468489893 0.03747534516765286 0.4625445897740785 0.027613412228796843 0.464922711058264 0.013806706114398421 0.4577883472057075 0.013806706114398421 0.45422116527942924 0.02564102564102564 0.44351961950059454 0.021696252465483234 0.4351961950059453 0.023668639053254437 0.4233055885850178 0.02564102564102564 0.41854934601664684 0.03155818540433925 0.4126040428061831 0.045364891518737675 0.4090368608799049 0.05719921104536489 0.4054696789536266 0.07297830374753451 0.40071343638525564 0.08678500986193294 0.3995243757431629 0.11834319526627218 0.3935790725326992 0.11242603550295859 0.3935790725326992 0.10059171597633136 0.39595719381688466 0.08481262327416174 0.39595719381688466 0.05325443786982249 0.38406658739595717 0.06903353057199212 0.375743162901308 0.10256410256410256 0.3686087990487515 0.126232741617357 0.36504161712247324 0.16765285996055226 0.36504161712247324 0.1913214990138067 0.36504161712247324 0.23076923076923078 0.36623067776456597 0.252465483234714 0.3686087990487515 0.26429980276134124 0.375743162901308 0.2603550295857988 0.38406658739595717 0.2504930966469428 0.3912009512485137 0.22090729783037474 0.38525564803804996 0.1854043392504931 0.39595719381688466 0.16765285996055226 0.3947681331747919 0.14398422090729784 0.40071343638525564 0.1282051282051282 0.4054696789536266 0.1242603550295858 0.4102259215219976 0.11045364891518737 0.41379310344827586 0.10650887573964497 0.4173602853745541 0.09861932938856016 0.4233055885850178 0.09072978303747535 0.4233055885850178 0.07100591715976332 0.42568370986920334 0.04930966469428008 0.4340071343638526 0.04930966469428008 0.43876337693222356 0.055226824457593686 0.4470868014268728 0.0611439842209073 0.44589774078478 0.0650887573964497 0.43757431629013077 0.09072978303747535 0.4328180737217598 0.10453648915187377 0.4304399524375743 0.11045364891518737 0.4268727705112961 0.1282051282051282 0.4149821640903686 0.20710059171597633 0.4292508917954816 0.14990138067061143 0.4351961950059453 0.13806706114398423 0.44351961950059454 0.126232741617357 0.4482758620689655 0.11637080867850098 0.45422116527942924 0.11045364891518737 0.4577883472057075 0.1282051282051282 0.464922711058264 0.14990138067061143 0.47205707491082044 0.14398422090729784
8 0.38525564803804996 0.9329388560157791 0.38287752675386444 0.9309664694280079 0.380499405469679 0.9309664694280079 0.3793103448275862 0.9250493096646942 0.3769322235434007 0.9270216962524654 0.3769322235434007 0.9309664694280079 0.37812128418549346 0.9388560157790927 0.380499405469679 0.9388560157790927 0.38287752675386444 0.9408284023668639 0.38287752675386444 0.9467455621301775 0.3864447086801427 0.9566074950690335 0.3864447086801427 0.9487179487179487 0.38525564803804996 0.9408284023668639 0.38525564803804996 0.9329388560157791
6 0.4221165279429251 0.27218934911242604 0.4173602853745541 0.2702169625246548 0.41379310344827586 0.28205128205128205 0.41854934601664684 0.2859960552268245 0.4221165279429251 0.28007889546351084 0.42568370986920334 0.27416173570019725 0.4221165279429251 0.27218934911242604
6 0.4268727705112961 0.2504930966469428 0.4244946492271106 0.25443786982248523 0.42568370986920334 0.26429980276134124 0.4304399524375743 0.26627218934911245 0.4340071343638526 0.2564102564102564 0.4340071343638526 0.2504930966469428 0.4268727705112961 0.2504930966469428
8 0.3686087990487515 0.8856015779092702 0.36623067776456597 0.8895463510848126 0.3626634958382878 0.893491124260355 0.361474435196195 0.8974358974358975 0.36028537455410226 0.9013806706114399 0.36028537455410226 0.9112426035502958 0.3626634958382878 0.9132149901380671 0.36623067776456597 0.9112426035502958 0.36623067776456597 0.9053254437869822 0.3686087990487515 0.8994082840236687 0.37217598097502974 0.9053254437869822 0.3769322235434007 0.9112426035502958 0.38406658739595717 0.9211045364891519 0.37098692033293695 0.8974358974358975 0.3686087990487515 0.893491124260355 0.3686087990487515 0.8856015779092702
6 0.4637336504161712 0.2583826429980276 0.47205707491082044 0.2564102564102564 0.4625445897740785 0.25443786982248523 0.45422116527942924 0.2564102564102564 0.44351961950059454 0.26429980276134124 0.441141498216409 0.2702169625246548 0.4447086801426873 0.2781065088757396 0.450653983353151 0.27416173570019725 0.4530321046373365 0.2682445759368836 0.45541022592152197 0.26429980276134124 0.4637336504161712 0.2583826429980276
8 0.36623067776456597 0.863905325443787 0.3638525564803805 0.8619329388560157 0.361474435196195 0.863905325443787 0.36028537455410226 0.854043392504931 0.3579072532699168 0.8441814595660749 0.35434007134363854 0.8461538461538461 0.35434007134363854 0.8599605522682445 0.35434007134363854 0.8717948717948718 0.35434007134363854 0.8816568047337278 0.35434007134363854 0.8875739644970414 0.3555291319857313 0.8974358974358975 0.36028537455410226 0.8954635108481263 0.36028537455410226 0.8856015779092702 0.3626634958382878 0.8816568047337278 0.36623067776456597 0.873767258382643 0.36623067776456597 0.863905325443787
6 0.42092746730083236 0.20512820512820512 0.4233055885850178 0.1932938856015779 0.42568370986920334 0.1814595660749507 0.42568370986920334 0.17159763313609466 0.4280618311533888 0.16370808678500987 0.4304399524375743 0.15187376725838264 0.43162901307966706 0.14595660749506903 0.4268727705112961 0.14595660749506903 0.41973840665873957 0.15187376725838264 0.41973840665873957 0.17159763313609466 0.41854934601664684 0.1854043392504931 0.41379310344827586 0.1992110453648915 0.4102259215219976 0.20710059171597633 0.4054696789536266 0.21104536489151873 0.3947681331747919 0.21499013806706113 0.39001189060642094 0.22682445759368836 0.3995243757431629 0.22287968441814596 0.4054696789536266 0.21893491124260356 0.4149821640903686 0.21301775147928995 0.42092746730083236 0.20512820512820512
6 0.5315101070154578 0.17751479289940827 0.5291319857312723 0.1814595660749507 0.525564803804994 0.1873767258382643 0.5219976218787158 0.1913214990138067 0.5172413793103449 0.1992110453648915 0.5148632580261593 0.20315581854043394 0.5136741973840666 0.20907297830374755 0.5124851367419738 0.21301775147928995 0.5124851367419738 0.21893491124260356 0.5148632580261593 0.22287968441814596 0.5184304399524375 0.22682445759368836 0.5208085612366231 0.22682445759368836 0.5196195005945303 0.22090729783037474 0.5172413793103449 0.21499013806706113 0.5172413793103449 0.21301775147928995 0.5196195005945303 0.20512820512820512 0.5208085612366231 0.1992110453648915 0.5243757431629013 0.1952662721893491 0.5267538644470868 0.1913214990138067 0.5303210463733651 0.1873767258382643 0.5338882282996433 0.1814595660749507 0.535077288941736 0.1794871794871795 0.535077288941736 0.1755424063116371 0.5338882282996433 0.16765285996055226 0.5303210463733651 0.15976331360946747 0.5291319857312723 0.15581854043392504 0.5267538644470868 0.15581854043392504 0.5267538644470868 0.16173570019723865 0.5291319857312723 0.16568047337278108 0.5291319857312723 0.16765285996055226 0.5315101070154578 0.1755424063116371 0.5315101070154578 0.17751479289940827
8 0.469678953626635 0.6765285996055227 0.47324613555291317 0.6785009861932939 0.47324613555291317 0.6686390532544378 0.469678953626635 0.6686390532544378 0.469678953626635 0.6765285996055227
8 0.4577883472057075 0.6844181459566075 0.45659928656361476 0.6883629191321499 0.45659928656361476 0.6962524654832347 0.45659928656361476 0.7021696252465484 0.460166468489893 0.7021696252465484 0.460166468489893 0.6903353057199211 0.460166468489893 0.6824457593688363 0.4577883472057075 0.6824457593688363 0.4577883472057075 0.6844181459566075
8 0.535077288941736 0.9112426035502958 0.5374554102259215 0.9013806706114399 0.5374554102259215 0.8974358974358975 0.5362663495838288 0.8915187376725838 0.5326991676575505 0.8915187376725838 0.5303210463733651 0.8954635108481263 0.5315101070154578 0.9112426035502958 0.5338882282996433 0.9250493096646942 0.5386444708680143 0.9349112426035503 0.5386444708680143 0.9289940828402367 0.5374554102259215 0.9230769230769231 0.535077288941736 0.9112426035502958
8 0.46730083234244946 0.6370808678500987 0.4661117717003567 0.6232741617357002 0.4661117717003567 0.611439842209073 0.4661117717003567 0.5838264299802761 0.464922711058264 0.5739644970414202 0.4637336504161712 0.5641025641025641 0.4589774078478002 0.5700197238658777 0.4577883472057075 0.5779092702169625 0.4577883472057075 0.5838264299802761 0.4577883472057075 0.5956607495069034 0.4589774078478002 0.6035502958579881 0.460166468489893 0.5976331360946746 0.4637336504161712 0.5936883629191322 0.4625445897740785 0.6134122287968442 0.4625445897740785 0.6370808678500987 0.4637336504161712 0.6528599605522682 0.464922711058264 0.6627218934911243 0.46730083234244946 0.6568047337278107 0.46730083234244946 0.6469428007889546 0.46730083234244946 0.6370808678500987
8 0.4768133174791914 0.6134122287968442 0.4768133174791914 0.5956607495069034 0.4780023781212842 0.5759368836291914 0.47919143876337694 0.5502958579881657 0.47919143876337694 0.5305719921104537 0.4768133174791914 0.5108481262327417 0.47324613555291317 0.5088757396449705 0.47443519619500596 0.5207100591715976 0.47443519619500596 0.5285996055226825 0.47443519619500596 0.5384615384615384 0.47443519619500596 0.5522682445759369 0.47324613555291317 0.5739644970414202 0.47324613555291317 0.5857988165680473 0.4708680142687277 0.6055226824457594 0.4708680142687277 0.6232741617357002 0.4708680142687277 0.650887573964497 0.47324613555291317 0.6469428007889546 0.47443519619500596 0.6272189349112426 0.4768133174791914 0.6134122287968442
8 0.469678953626635 0.5167652859960552 0.46730083234244946 0.5207100591715976 0.46730083234244946 0.5364891518737672 0.4661117717003567 0.5562130177514792 0.4661117717003567 0.5759368836291914 0.4661117717003567 0.5897435897435898 0.46730083234244946 0.5996055226824457 0.4684898929845422 0.5759368836291914 0.469678953626635 0.5443786982248521 0.469678953626635 0.5266272189349113 0.469678953626635 0.5167652859960552
6 0.6801426872770512 0.1992110453648915 0.6777645659928656 0.20512820512820512 0.6741973840665874 0.21104536489151873 0.667063020214031 0.21893491124260356 0.6587395957193817 0.22287968441814596 0.6539833531510107 0.21499013806706113 0.6551724137931034 0.22879684418145957 0.6551724137931034 0.23274161735700197 0.6551724137931034 0.23668639053254437 0.6599286563614745 0.23668639053254437 0.6682520808561236 0.23274161735700197 0.6646848989298454 0.22682445759368836 0.6741973840665874 0.21893491124260356 0.6801426872770512 0.21893491124260356 0.6860879904875149 0.20512820512820512 0.6872770511296076 0.19723865877712032 0.6920332936979786 0.19723865877712032 0.6944114149821641 0.1893491124260355 0.6896551724137931 0.1893491124260355 0.6837098692033293 0.1913214990138067 0.6801426872770512 0.1992110453648915
6 0.4637336504161712 0.20710059171597633 0.4661117717003567 0.1932938856015779 0.4661117717003567 0.1854043392504931 0.464922711058264 0.1755424063116371 0.46135552913198574 0.1794871794871795 0.460166468489893 0.20118343195266272 0.45422116527942924 0.22287968441814596 0.450653983353151 0.23274161735700197 0.44351961950059454 0.2485207100591716 0.4423305588585018 0.252465483234714 0.4399524375743163 0.2603550295857988 0.441141498216409 0.26627218934911245 0.4470868014268728 0.2504930966469428 0.4518430439952438 0.24260355029585798 0.45541022592152197 0.23668639053254437 0.460166468489893 0.22090729783037474 0.4637336504161712 0.20710059171597633
6 0.6813317479191439 0.126232741617357 0.6777645659928656 0.1242603550295858 0.6777645659928656 0.1341222879684418 0.6848989298454221 0.1341222879684418 0.6908442330558858 0.1282051282051282 0.6884661117717004 0.1242603550295858 0.6848989298454221 0.1282051282051282 0.6813317479191439 0.126232741617357
6 0.4482758620689655 0.1854043392504931 0.4482758620689655 0.1814595660749507 0.44589774078478 0.1794871794871795 0.441141498216409 0.1873767258382643 0.43876337693222356 0.1992110453648915 0.43757431629013077 0.22090729783037474 0.43876337693222356 0.23076923076923078 0.4399524375743163 0.2406311637080868 0.44351961950059454 0.23274161735700197 0.4423305588585018 0.21696252465483234 0.4423305588585018 0.20512820512820512 0.44589774078478 0.1913214990138067 0.4482758620689655 0.1854043392504931
6 0.643281807372176 0.11834319526627218 0.6409036860879905 0.1203155818540434 0.638525564803805 0.1242603550295858 0.6361474435196195 0.1282051282051282 0.6349583828775267 0.1301775147928994 0.6325802615933412 0.13214990138067062 0.6302021403091558 0.13609467455621302 0.6266349583828775 0.14201183431952663 0.6254458977407847 0.14792899408284024 0.6242568370986921 0.15384615384615385 0.6206896551724138 0.16173570019723865 0.6206896551724138 0.16962524654832348 0.6242568370986921 0.15976331360946747 0.6278240190249703 0.15384615384615385 0.6302021403091558 0.14990138067061143 0.6325802615933412 0.14398422090729784 0.6349583828775267 0.13609467455621302 0.638525564803805 0.1301775147928994 0.643281807372176 0.1301775147928994 0.6468489892984542 0.1282051282051282 0.6456599286563615 0.1222879684418146 0.6444708680142688 0.11834319526627218 0.643281807372176 0.11834319526627218
6 0.667063020214031 0.26429980276134124 0.6658739595719382 0.2583826429980276 0.6658739595719382 0.2504930966469428 0.6658739595719382 0.23668639053254437 0.6623067776456599 0.2406311637080868 0.6623067776456599 0.2465483234714004 0.6623067776456599 0.2564102564102564 0.6646848989298454 0.27613412228796846 0.6658739595719382 0.2958579881656805 0.6658739595719382 0.28402366863905326 0.667063020214031 0.27218934911242604 0.667063020214031 0.26429980276134124
6 0.42568370986920334 0.40828402366863903 0.4221165279429251 0.40828402366863903 0.42092746730083236 0.41025641025641024 0.4149821640903686 0.42011834319526625 0.4161712247324614 0.42011834319526625 0.41854934601664684 0.42011834319526625 0.4221165279429251 0.4161735700197239 0.4244946492271106 0.4161735700197239 0.4280618311533888 0.4161735700197239 0.4292508917954816 0.41025641025641024 0.4280618311533888 0.40828402366863903 0.42568370986920334 0.40828402366863903
6 0.6730083234244947 0.26429980276134124 0.6765755053507729 0.26627218934911245 0.6765755053507729 0.2583826429980276 0.6741973840665874 0.2583826429980276 0.6730083234244947 0.26429980276134124
6 0.4625445897740785 0.2859960552268245 0.4756242568370987 0.2859960552268245 0.4839476813317479 0.27416173570019725 0.4780023781212842 0.27218934911242604 0.47324613555291317 0.27613412228796846 0.4684898929845422 0.28007889546351084 0.464922711058264 0.2781065088757396 0.4625445897740785 0.2682445759368836 0.460166468489893 0.26627218934911245 0.4577883472057075 0.27218934911242604 0.45422116527942924 0.2781065088757396 0.4518430439952438 0.28402366863905326 0.44589774078478 0.29191321499013806 0.44589774078478 0.29980276134122286 0.450653983353151 0.29980276134122286 0.45659928656361476 0.28994082840236685 0.4625445897740785 0.2859960552268245
6 0.6563614744351962 0.20315581854043394 0.652794292508918 0.21104536489151873 0.6563614744351962 0.21104536489151873 0.6599286563614745 0.20710059171597633 0.6634958382877527 0.20118343195266272 0.6682520808561236 0.1932938856015779 0.6634958382877527 0.1932938856015779 0.6587395957193817 0.1992110453648915 0.6563614744351962 0.20315581854043394
6 0.39595719381688466 0.13806706114398423 0.39595719381688466 0.14595660749506903 0.3947681331747919 0.14990138067061143 0.3983353151010702 0.15187376725838264 0.40071343638525564 0.14595660749506903 0.40309155766944116 0.14003944773175542 0.4042806183115339 0.13214990138067062 0.4042806183115339 0.126232741617357 0.40071343638525564 0.1301775147928994 0.3995243757431629 0.13214990138067062 0.39595719381688466 0.13806706114398423
6 0.6230677764565993 0.22287968441814596 0.6171224732461356 0.22879684418145957 0.6159334126040428 0.23668639053254437 0.6099881093935791 0.23668639053254437 0.6016646848989299 0.23668639053254437 0.5933412604042806 0.23865877712031558 0.5862068965517241 0.2465483234714004 0.5909631391200951 0.2485207100591716 0.5969084423305588 0.2485207100591716 0.6016646848989299 0.2485207100591716 0.6087990487514863 0.2504930966469428 0.6135552913198573 0.2445759368836292 0.6183115338882283 0.24260355029585798 0.6218787158145065 0.23471400394477318 0.6254458977407847 0.23274161735700197 0.6313912009512486 0.23274161735700197 0.6361474435196195 0.22879684418145957 0.6420927467300832 0.21893491124260356 0.638525564803805 0.22090729783037474 0.6313912009512486 0.22287968441814596 0.6230677764565993 0.22287968441814596
6 0.638525564803805 0.23865877712031558 0.6349583828775267 0.23865877712031558 0.6313912009512486 0.2445759368836292 0.6278240190249703 0.2465483234714004 0.6254458977407847 0.2504930966469428 0.6230677764565993 0.252465483234714 0.6183115338882283 0.25443786982248523 0.6159334126040428 0.2564102564102564 0.6147443519619501 0.252465483234714 0.6123662306777645 0.252465483234714 0.6076099881093936 0.252465483234714 0.6087990487514863 0.2564102564102564 0.6099881093935791 0.2583826429980276 0.6111771700356718 0.26232741617357 0.6064209274673008 0.2603550295857988 0.6040428061831153 0.2603550295857988 0.6004756242568371 0.2603550295857988 0.5957193816884662 0.2603550295857988 0.5921521997621879 0.26232741617357 0.5885850178359097 0.26429980276134124 0.5873959571938169 0.2682445759368836 0.5921521997621879 0.26627218934911245 0.5969084423305588 0.26429980276134124 0.6004756242568371 0.26429980276134124 0.6040428061831153 0.26627218934911245 0.6076099881093936 0.26627218934911245 0.6147443519619501 0.26627218934911245 0.6206896551724138 0.26232741617357 0.6266349583828775 0.25443786982248523 0.6313912009512486 0.252465483234714 0.6373365041617123 0.252465483234714 0.6409036860879905 0.2465483234714004 0.6397146254458977 0.23865877712031558 0.638525564803805 0.23865877712031558
6 0.5576694411414982 0.21696252465483234 0.5529131985731273 0.22090729783037474 0.5517241379310345 0.22879684418145957 0.5517241379310345 0.23668639053254437 0.5552913198573127 0.23668639053254437 0.5576694411414982 0.23076923076923078 0.5576694411414982 0.22485207100591717 0.5576694411414982 0.21696252465483234
6 0.4042806183115339 0.20512820512820512 0.40071343638525564 0.20512820512820512 0.3971462544589774 0.21104536489151873 0.3923900118906064 0.22090729783037474 0.3971462544589774 0.21893491124260356 0.40071343638525564 0.21696252465483234 0.40309155766944116 0.21499013806706113 0.40665873959571935 0.21696252465483234 0.40784780023781214 0.22287968441814596 0.4102259215219976 0.23076923076923078 0.4173602853745541 0.23274161735700197 0.4173602853745541 0.22485207100591717 0.41379310344827586 0.21893491124260356 0.4102259215219976 0.21499013806706113 0.40665873959571935 0.20907297830374755 0.4042806183115339 0.20512820512820512
6 0.5719381688466112 0.23668639053254437 0.5576694411414982 0.23865877712031558 0.5505350772889417 0.23865877712031558 0.5422116527942925 0.23471400394477318 0.5315101070154578 0.23668639053254437 0.525564803804994 0.23865877712031558 0.5184304399524375 0.23274161735700197 0.5148632580261593 0.23668639053254437 0.5112960760998811 0.2445759368836292 0.5077288941736029 0.2504930966469428 0.5112960760998811 0.2504930966469428 0.5112960760998811 0.2564102564102564 0.5148632580261593 0.2564102564102564 0.5196195005945303 0.25443786982248523 0.5208085612366231 0.252465483234714 0.5231866825208086 0.2485207100591716 0.5267538644470868 0.2465483234714004 0.5338882282996433 0.24260355029585798 0.5386444708680143 0.24260355029585798 0.5434007134363853 0.24260355029585798 0.5457788347205708 0.24260355029585798 0.5481569560047562 0.2445759368836292 0.5517241379310345 0.2465483234714004 0.5552913198573127 0.2465483234714004 0.558858501783591 0.2465483234714004 0.5636147443519619 0.2465483234714004 0.5648038049940547 0.24260355029585798 0.5671819262782402 0.2406311637080868 0.5707491082045184 0.2406311637080868 0.5778834720570749 0.2406311637080868 0.5838287752675386 0.2406311637080868 0.5909631391200951 0.2406311637080868 0.5873959571938169 0.23668639053254437 0.5802615933412604 0.23668639053254437 0.5719381688466112 0.23668639053254437
6 0.3793103448275862 0.32938856015779094 0.3793103448275862 0.3175542406311637 0.3793103448275862 0.3116370808678501 0.375743162901308 0.3116370808678501 0.375743162901308 0.3175542406311637 0.37217598097502974 0.33925049309664695 0.37217598097502974 0.3510848126232742 0.37217598097502974 0.3629191321499014 0.37217598097502974 0.3668639053254438 0.3733650416171225 0.3708086785009862 0.375743162901308 0.3609467455621302 0.375743162901308 0.34714003944773175 0.37812128418549346 0.34122287968441817 0.3793103448275862 0.32938856015779094
6 0.5196195005945303 0.22090729783037474 0.5172413793103449 0.21893491124260356 0.5172413793103449 0.21301775147928995 0.5172413793103449 0.20710059171597633 0.5196195005945303 0.20512820512820512 0.5219976218787158 0.1992110453648915 0.5231866825208086 0.1952662721893491 0.5219976218787158 0.1932938856015779 0.5196195005945303 0.1932938856015779 0.5172413793103449 0.19723865877712032 0.5160523186682521 0.20118343195266272 0.5124851367419738 0.20710059171597633 0.5124851367419738 0.21696252465483234 0.5136741973840666 0.22485207100591717 0.5184304399524375 0.23076923076923078 0.5208085612366231 0.22879684418145957 0.5219976218787158 0.22682445759368836 0.5196195005945303 0.22090729783037474
6 0.47443519619500596 0.40433925049309666 0.4708680142687277 0.3826429980276134 0.47919143876337694 0.3747534516765286 0.4827586206896552 0.35502958579881655 0.47324613555291317 0.34714003944773175 0.4708680142687277 0.35502958579881655 0.4625445897740785 0.3767258382642998 0.4684898929845422 0.40039447731755423 0.469678953626635 0.4161735700197239 0.4708680142687277 0.4358974358974359 0.4708680142687277 0.4516765285996055 0.47443519619500596 0.4181459566074951 0.47443519619500596 0.40433925049309666
6 0.49702734839476814 0.28994082840236685 0.49702734839476814 0.30177514792899407 0.49702734839476814 0.3155818540433925 0.4946492271105826 0.33136094674556216 0.4994054696789536 0.3214990138067061 0.5005945303210464 0.28205128205128205 0.5017835909631391 0.26627218934911245 0.4958382877526754 0.27613412228796846 0.49702734839476814 0.28994082840236685
6 0.3876337693222354 0.7554240631163708 0.38882282996432815 0.7455621301775148 0.39001189060642094 0.7297830374753451 0.3912009512485137 0.7199211045364892 0.3935790725326992 0.7120315581854043 0.3971462544589774 0.7061143984220908 0.40071343638525564 0.6903353057199211 0.4042806183115339 0.6824457593688363 0.4054696789536266 0.6666666666666666 0.40665873959571935 0.6607495069033531 0.4042806183115339 0.6429980276134122 0.4054696789536266 0.631163708086785 0.40784780023781214 0.6291913214990138 0.40784780023781214 0.6153846153846154 0.4102259215219976 0.6134122287968442 0.4102259215219976 0.5996055226824457 0.4126040428061831 0.5956607495069034 0.4126040428061831 0.5779092702169625 0.41379310344827586 0.571992110453649 0.41379310344827586 0.5621301775147929 0.41379310344827586 0.5562130177514792 0.4161712247324614 0.5522682445759369 0.4161712247324614 0.5483234714003945 0.4161712247324614 0.5404339250493096 0.4149821640903686 0.5384615384615384 0.4126040428061831 0.5325443786982249 0.4149821640903686 0.5325443786982249 0.4149821640903686 0.5266272189349113 0.4173602853745541 0.5226824457593688 0.41854934601664684 0.5167652859960552 0.4161712247324614 0.514792899408284 0.4149821640903686 0.5108481262327417 0.4126040428061831 0.504930966469428 0.4102259215219976 0.5029585798816568 0.4090368608799049 0.5009861932938856 0.4090368608799049 0.504930966469428 0.40784780023781214 0.514792899408284 0.40665873959571935 0.5266272189349113 0.4054696789536266 0.5424063116370809 0.4054696789536266 0.5581854043392505 0.4054696789536266 0.5759368836291914 0.4042806183115339 0.5897435897435898 0.40309155766944116 0.6035502958579881 0.40190249702734837 0.611439842209073 0.40071343638525564 0.6291913214990138 0.3983353151010702 0.6331360946745562 0.39595719381688466 0.6469428007889546 0.3912009512485137 0.6686390532544378 0.39001189060642094 0.6923076923076923 0.3876337693222354 0.7080867850098619 0.38406658739595717 0.7218934911242604 0.38287752675386444 0.747534516765286 0.38406658739595717 0.7731755424063116 0.3864447086801427 0.7731755424063116 0.3864447086801427 0.7652859960552268 0.3876337693222354 0.7554240631163708
6 0.4863258026159334 0.7948717948717948 0.4815695600475624 0.777120315581854 0.4839476813317479 0.7593688362919132 0.4803804994054697 0.7455621301775148 0.4803804994054697 0.7317554240631163 0.47919143876337694 0.7100591715976331 0.47919143876337694 0.7061143984220908 0.47919143876337694 0.6903353057199211 0.4756242568370987 0.7218934911242604 0.4768133174791914 0.7416173570019724 0.4768133174791914 0.7633136094674556 0.4780023781212842 0.7850098619329389 0.4803804994054697 0.7948717948717948 0.4839476813317479 0.7928994082840237 0.4863258026159334 0.7948717948717948
6 0.39595719381688466 0.5818540433925049 0.3995243757431629 0.5897435897435898 0.40309155766944116 0.591715976331361 0.40309155766944116 0.5660749506903353 0.40071343638525564 0.5680473372781065 0.3983353151010702 0.5759368836291914 0.39595719381688466 0.5818540433925049
6 0.37812128418549346 0.7928994082840237 0.37812128418549346 0.777120315581854 0.380499405469679 0.757396449704142 0.38525564803804996 0.7080867850098619 0.39001189060642094 0.6804733727810651 0.3923900118906064 0.650887573964497 0.3935790725326992 0.6291913214990138 0.39001189060642094 0.6351084812623274 0.38882282996432815 0.6469428007889546 0.3864447086801427 0.6627218934911243 0.3864447086801427 0.6844181459566075 0.38287752675386444 0.7001972386587771 0.3816884661117717 0.7120315581854043 0.3793103448275862 0.7258382642998028 0.3793103448275862 0.73767258382643 0.3745541022592152 0.7613412228796844 0.3733650416171225 0.7869822485207101 0.3745541022592152 0.8027613412228797 0.3733650416171225 0.8126232741617357 0.37217598097502974 0.8244575936883629 0.3733650416171225 0.8422090729783037 0.37098692033293695 0.8560157790927022 0.3697978596908442 0.8678500986193294 0.37812128418549346 0.8284023668639053 0.37812128418549346 0.8106508875739645 0.37812128418549346 0.7928994082840237
6 0.43638525564803804 0.6410256410256411 0.43638525564803804 0.6232741617357002 0.43638525564803804 0.6055226824457594 0.43757431629013077 0.5779092702169625 0.43876337693222356 0.5483234714003945 0.43876337693222356 0.5364891518737672 0.43757431629013077 0.5226824457593688 0.43638525564803804 0.5128205128205128 0.43638525564803804 0.49506903353057197 0.4340071343638526 0.48717948717948717 0.4340071343638526 0.47337278106508873 0.4351961950059453 0.44970414201183434 0.43876337693222356 0.4260355029585799 0.43876337693222356 0.40039447731755423 0.43757431629013077 0.3806706114398422 0.4328180737217598 0.378698224852071 0.43162901307966706 0.39644970414201186 0.43162901307966706 0.42011834319526625 0.4304399524375743 0.4437869822485207 0.4304399524375743 0.46153846153846156 0.4304399524375743 0.48520710059171596 0.43162901307966706 0.5029585798816568 0.43162901307966706 0.5285996055226825 0.4340071343638526 0.5364891518737672 0.4328180737217598 0.5463510848126233 0.43162901307966706 0.5601577909270217 0.4304399524375743 0.5798816568047337 0.4280618311533888 0.5936883629191322 0.4292508917954816 0.6074950690335306 0.4304399524375743 0.6193293885601578 0.4328180737217598 0.6252465483234714 0.4292508917954816 0.6291913214990138 0.4268727705112961 0.6291913214990138 0.42568370986920334 0.6429980276134122 0.4233055885850178 0.6646942800788954 0.4221165279429251 0.6883629191321499 0.4304399524375743 0.6646942800788954 0.4340071343638526 0.6548323471400395 0.43638525564803804 0.6410256410256411
6 0.44589774078478 0.40828402366863903 0.44351961950059454 0.41222879684418146 0.4399524375743163 0.42011834319526625 0.43757431629013077 0.4378698224852071 0.4399524375743163 0.4358974358974359 0.44351961950059454 0.4280078895463511 0.4447086801426873 0.42209072978303747 0.4470868014268728 0.4181459566074951 0.450653983353151 0.4161735700197239 0.4518430439952438 0.40433925049309666 0.45541022592152197 0.40236686390532544 0.45422116527942924 0.3905325443786982 0.44946492271105826 0.39644970414201186 0.44589774078478 0.40828402366863903
6 0.5362663495838288 0.9526627218934911 0.5315101070154578 0.9585798816568047 0.5279429250891795 0.960552268244576 0.525564803804994 0.9684418145956607 0.5315101070154578 0.9684418145956607 0.5362663495838288 0.9664694280078896 0.5386444708680143 0.960552268244576 0.5422116527942925 0.960552268244576 0.544589774078478 0.960552268244576 0.5422116527942925 0.9526627218934911 0.539833531510107 0.9506903353057199 0.5362663495838288 0.9526627218934911
6 0.45422116527942924 0.4260355029585799 0.4577883472057075 0.4260355029585799 0.4577883472057075 0.42209072978303747 0.45422116527942924 0.42011834319526625 0.45422116527942924 0.4260355029585799
6 0.5053507728894173 0.8323471400394478 0.5041617122473246 0.8382642998027613 0.5041617122473246 0.8441814595660749 0.5053507728894173 0.8441814595660749 0.5089179548156956 0.8382642998027613 0.5101070154577884 0.8244575936883629 0.5089179548156956 0.8284023668639053 0.5053507728894173 0.8323471400394478
6 0.3864447086801427 0.6015779092702169 0.38287752675386444 0.6015779092702169 0.3793103448275862 0.6015779092702169 0.380499405469679 0.6074950690335306 0.38287752675386444 0.6074950690335306 0.38882282996432815 0.6074950690335306 0.3912009512485137 0.6035502958579881 0.3947681331747919 0.5996055226824457 0.3935790725326992 0.591715976331361 0.38882282996432815 0.5956607495069034 0.3864447086801427 0.6015779092702169
6 0.4423305588585018 0.03550295857988166 0.4340071343638526 0.02564102564102564 0.4328180737217598 0.03353057199211045 0.43638525564803804 0.045364891518737675 0.441141498216409 0.047337278106508875 0.44589774078478 0.05917159763313609 0.4470868014268728 0.06903353057199212 0.45541022592152197 0.07889546351084813 0.46135552913198574 0.07692307692307693 0.464922711058264 0.0650887573964497 0.460166468489893 0.05325443786982249 0.4518430439952438 0.045364891518737675 0.4423305588585018 0.03550295857988166
6 0.4863258026159334 0.3096646942800789 0.4887039239001189 0.3057199211045365 0.48989298454221164 0.29980276134122286 0.48989298454221164 0.29191321499013806 0.48989298454221164 0.28205128205128205 0.4875148632580262 0.2781065088757396 0.4839476813317479 0.27613412228796846 0.48513674197384066 0.28205128205128205 0.4863258026159334 0.28994082840236685 0.4863258026159334 0.29980276134122286 0.4839476813317479 0.3057199211045365 0.47919143876337694 0.3116370808678501 0.4768133174791914 0.3155818540433925 0.4815695600475624 0.3155818540433925 0.4827586206896552 0.3116370808678501 0.4863258026159334 0.3096646942800789
6 0.469678953626635 0.2859960552268245 0.4661117717003567 0.2879684418145957 0.460166468489893 0.2978303747534517 0.45541022592152197 0.3096646942800789 0.44946492271105826 0.3155818540433925 0.4518430439952438 0.31952662721893493 0.45541022592152197 0.3155818540433925 0.460166468489893 0.3057199211045365 0.464922711058264 0.29980276134122286 0.46730083234244946 0.29191321499013806 0.47205707491082044 0.2879684418145957 0.4756242568370987 0.2859960552268245 0.4780023781212842 0.28205128205128205 0.4827586206896552 0.2781065088757396 0.4803804994054697 0.27613412228796846 0.4756242568370987 0.28007889546351084 0.469678953626635 0.2859960552268245
6 0.49108204518430437 0.2485207100591716 0.4887039239001189 0.2485207100591716 0.4839476813317479 0.2504930966469428 0.4887039239001189 0.25443786982248523 0.49108204518430437 0.2583826429980276 0.49227110582639716 0.252465483234714 0.49702734839476814 0.2504930966469428 0.5041617122473246 0.2485207100591716 0.4994054696789536 0.2465483234714004 0.4958382877526754 0.2485207100591716 0.49108204518430437 0.2485207100591716
3 0.48224902378121287 0 0.47205707491082044 0.01972386587771203 0.4447086801426873 0.05128205128205128 0.4173602853745541 0.1341222879684418 0.4173602853745541 0.16173570019723865 0.41973840665873957 0.20512820512820512 0.43162901307966706 0.2406311637080868 0.45659928656361476 0.2406311637080868 0.5077288941736029 0.2445759368836292 0.5374554102259215 0.2445759368836292 0.5636147443519619 0.2445759368836292 0.5707491082045184 0.23865877712031558 0.5778834720570749 0.22485207100591717 0.5897740784780023 0.17751479289940827 0.619500594530321 0.1282051282051282 0.6064209274673008 0.03550295857988166 0.6016646848989299 0 0.48224902378121287 0
6 0.380499405469679 0.5207100591715976 0.38287752675386444 0.5128205128205128 0.38287752675386444 0.5088757396449705 0.3793103448275862 0.5128205128205128 0.375743162901308 0.52465483234714 0.375743162901308 0.5305719921104537 0.37812128418549346 0.5266272189349113 0.380499405469679 0.5207100591715976
3 0.4265996076099881 0 0.40665873959571935 0.14398422090729784 0.37217598097502974 0.28402366863905326 0.36504161712247324 0.40236686390532544 0.3579072532699168 0.5009861932938856 0.34244946492271106 0.6824457593688363 0.35315101070154575 0.8856015779092702 0.34720570749108204 0.9526627218934911 0.37217598097502974 0.9743589743589743 0.4102259215219976 0.9842209072978304 0.41854934601664684 0.9664694280078896 0.43162901307966706 0.9388560157790927 0.4423305588585018 0.9329388560157791 0.46135552913198574 0.9270216962524654 0.4875148632580262 0.9211045364891519 0.4982164090368609 0.8915187376725838 0.5041617122473246 0.873767258382643 0.5041617122473246 0.8461538461538461 0.4827586206896552 0.7416173570019724 0.4827586206896552 0.7159763313609467 0.4768133174791914 0.6568047337278107 0.47324613555291317 0.6055226824457594 0.47205707491082044 0.5562130177514792 0.469678953626635 0.4911242603550296 0.469678953626635 0.4457593688362919 0.469678953626635 0.40631163708086787 0.4708680142687277 0.3609467455621302 0.4756242568370987 0.32938856015779094 0.4863258026159334 0.3057199211045365 0.4934601664684899 0.2859960552268245 0.5053507728894173 0.2583826429980276 0.5101070154577884 0.21893491124260356 0.5112960760998811 0.17751479289940827 0.5112960760998811 0.15779092702169625 0.5148632580261593 0.1341222879684418 0.5267538644470868 0.09861932938856016 0.5315101070154578 0.04930966469428008 0.5315101070154578 0 0.4265996076099881 0
3 0.5001189060642093 1 0.4994054696789536 0.9980276134122288 0.49108204518430437 0.980276134122288 0.49108204518430437 0.9921104536489151 0.49108204518430437 1 0.5001189060642093 1
3 0.6872770511296076 0.21696252465483234 0.6884661117717004 0.16962524654832348 0.6825208085612366 0.08678500986193294 0.6623067776456599 0.08678500986193294 0.6230677764565993 0.13609467455621302 0.5933412604042806 0.21696252465483234 0.5897740784780023 0.2583826429980276 0.6206896551724138 0.26627218934911245 0.652794292508918 0.26627218934911245 0.6730083234244947 0.2485207100591716 0.6872770511296076 0.21696252465483234
8 0.36741973840665876 0.727810650887574 0.3697978596908442 0.7140039447731755 0.3697978596908442 0.6942800788954635 0.36741973840665876 0.7001972386587771 0.36504161712247324 0.7337278106508875 0.361474435196195 0.7554240631163708 0.356718192627824 0.7850098619329389 0.356718192627824 0.8067061143984221 0.356718192627824 0.8165680473372781 0.3590963139120095 0.7988165680473372 0.361474435196195 0.7751479289940828 0.36504161712247324 0.7495069033530573 0.36741973840665876 0.727810650887574
8 0.4090368608799049 0.8165680473372781 0.4102259215219976 0.8224852071005917 0.4149821640903686 0.8244575936883629 0.4126040428061831 0.8047337278106509 0.40784780023781214 0.7790927021696252 0.40665873959571935 0.7909270216962525 0.4090368608799049 0.8165680473372781
3 0.5648038049940547 0.1834319526627219 0.5374554102259215 0.13214990138067062 0.5148632580261593 0.11834319526627218 0.5101070154577884 0.1203155818540434 0.5053507728894173 0.17357001972386588 0.5065398335315101 0.23076923076923078 0.5017835909631391 0.27416173570019725 0.5231866825208086 0.27416173570019725 0.5374554102259215 0.27218934911242604 0.5838287752675386 0.2702169625246548 0.5933412604042806 0.26429980276134124 0.5921521997621879 0.23865877712031558 0.5862068965517241 0.21893491124260356 0.582639714625446 0.20512820512820512 0.5648038049940547 0.1834319526627219
8 0.4149821640903686 0.6252465483234714 0.4126040428061831 0.6351084812623274 0.4102259215219976 0.6528599605522682 0.40784780023781214 0.6706114398422091 0.4042806183115339 0.6942800788954635 0.40309155766944116 0.7061143984220908 0.40309155766944116 0.7140039447731755 0.40784780023781214 0.7061143984220908 0.4114149821640904 0.6903353057199211 0.4126040428061831 0.6686390532544378 0.4161712247324614 0.6410256410256411 0.4149821640903686 0.6252465483234714
3 0.5172413793103449 0.7633136094674556 0.5112960760998811 0.7396449704142012 0.5005945303210464 0.6942800788954635 0.4863258026159334 0.7140039447731755 0.4839476813317479 0.7790927021696252 0.47919143876337694 0.8264299802761341 0.4958382877526754 0.8698224852071006 0.5124851367419738 0.8422090729783037 0.5172413793103449 0.8067061143984221 0.5172413793103449 0.7633136094674556
3 0.35434007134363854 0.9664694280078896 0.3579072532699168 0.9585798816568047 0.3579072532699168 0.9388560157790927 0.3507728894173603 0.9447731755424064 0.3460166468489893 0.960552268244576 0.35434007134363854 0.9664694280078896
0 0.40160523186682523 0 0.3971462544589774 0.029585798816568046 0.3935790725326992 0.07100591715976332 0.39001189060642094 0.13609467455621302 0.38525564803804996 0.21696252465483234 0.380499405469679 0.2682445759368836 0.3793103448275862 0.28994082840236685 0.38882282996432815 0.29980276134122286 0.40665873959571935 0.2958579881656805 0.441141498216409 0.2859960552268245 0.4863258026159334 0.27613412228796846 0.5160523186682521 0.26627218934911245 0.5648038049940547 0.2583826429980276 0.5838287752675386 0.2504930966469428 0.643281807372176 0.23668639053254437 0.6658739595719382 0.23076923076923078 0.6872770511296076 0.23471400394477318 0.6991676575505351 0.1893491124260355 0.6991676575505351 0.15976331360946747 0.6956004756242569 0.1222879684418146 0.6932223543400713 0.09072978303747535 0.6896551724137931 0.04339250493096647 0.6896551724137931 0 0.40160523186682523 0
0 0.6765755053507729 0.5542406311637081 0.6801426872770512 0.4260355029585799 0.6825208085612366 0.2938856015779093 0.6825208085612366 0.23471400394477318 0.667063020214031 0.23076923076923078 0.6016646848989299 0.2465483234714004 0.5612366230677764 0.2504930966469428 0.535077288941736 0.26232741617357 0.4934601664684899 0.27218934911242604 0.4577883472057075 0.28205128205128205 0.42568370986920334 0.28994082840236685 0.4054696789536266 0.2958579881656805 0.39001189060642094 0.29980276134122286 0.37812128418549346 0.28994082840236685 0.3697978596908442 0.378698224852071 0.36623067776456597 0.4832347140039448 0.3590963139120095 0.6074950690335306 0.34958382877526756 0.777120315581854 0.3376932223543401 0.9151873767258383 0.3341260404280618 0.9704142011834319 0.375743162901308 0.9783037475345168 0.41854934601664684 0.9861932938856016 0.4530321046373365 0.9940828402366864 0.5112960760998811 0.9960552268244576 0.558858501783591 0.9901380670611439 0.5921521997621879 0.9842209072978304 0.6278240190249703 0.9763313609467456 0.6504161712247325 0.9763313609467456 0.6563614744351962 0.9723865877712031 0.6611177170035671 0.9230769230769231 0.6611177170035671 0.9053254437869822 0.6575505350772889 0.9211045364891519 0.6492271105826397 0.9250493096646942 0.6409036860879905 0.9132149901380671 0.6397146254458977 0.9053254437869822 0.6397146254458977 0.8796844181459567 0.6397146254458977 0.8579881656804734 0.6420927467300832 0.834319526627219 0.6456599286563615 0.8264299802761341 0.6539833531510107 0.8165680473372781 0.6623067776456599 0.8126232741617357 0.6658739595719382 0.8067061143984221 0.6658739595719382 0.7692307692307693 0.6694411414982164 0.7337278106508875 0.6718192627824019 0.6903353057199211 0.6765755053507729 0.5542406311637081
8 0.5172413793103449 0.0650887573964497 0.5160523186682521 0.04339250493096647 0.5100155493460167 0.11075709270216963 0.5148632580261593 0.09467455621301775 0.5172413793103449 0.0650887573964497
8 0.5065398335315101 0.15779092702169625 0.5077035945303211 0.13655629783037476 0.5029726516052319 0.1893491124260355 0.5065398335315101 0.15779092702169625
0 0.38667591438763377 0 0.38287752675386444 0.045364891518737675 0.37098692033293695 0.11242603550295859 0.3686087990487515 0.13806706114398423 0.36623067776456597 0.16962524654832348 0.361474435196195 0.15581854043392504 0.35315101070154575 0.15581854043392504 0.3590963139120095 0.16765285996055226 0.3638525564803805 0.1794871794871795 0.361474435196195 0.1992110453648915 0.3638525564803805 0.21104536489151873 0.36623067776456597 0.22090729783037474 0.36741973840665876 0.23274161735700197 0.36741973840665876 0.24260355029585798 0.36504161712247324 0.2504930966469428 0.361474435196195 0.25443786982248523 0.3590963139120095 0.2781065088757396 0.3555291319857313 0.3096646942800789 0.35315101070154575 0.3214990138067061 0.34958382877526756 0.33925049309664695 0.351961950059453 0.34714003944773175 0.351961950059453 0.3747534516765286 0.34958382877526756 0.42998027613412226 0.34839476813317477 0.46745562130177515 0.3448275862068966 0.5443786982248521 0.33650416171224734 0.6449704142011834 0.33055885850178357 0.7495069033530573 0.3258026159334126 0.8500986193293886 0.3210463733650416 0.9309664694280079 0.31747919143876335 0.9684418145956607 0.3376932223543401 0.9743589743589743 0.3579072532699168 0.6982248520710059 0.37098692033293695 0.47731755424063116 0.37812128418549346 0.33136094674556216 0.38525564803804996 0.27613412228796846 0.40071343638525564 0.1301775147928994 0.40665873959571935 0.0650887573964497 0.41379310344827586 0.009861932938856016 0.4223807633769322 0 0.38667591438763377 0
8 0.4164684898929845 0 0.41379310344827586 0.005917159763313609 0.4102259215219976 0.023668639053254437 0.4126040428061831 0.03747534516765286 0.4161712247324614 0.029585798816568046 0.41854934601664684 0.01972386587771203 0.4233055885850178 0.0039447731755424065 0.4268727705112961 0 0.4164684898929845 0
0 0.7395957193816884 0.7712031558185405 0.7336504161712247 0.7416173570019724 0.72294887039239 0.7140039447731755 0.7074910820451843 0.7061143984220908 0.6908442330558858 0.6962524654832347 0.6801426872770512 0.7061143984220908 0.6753864447086801 0.7297830374753451 0.6706302021403091 0.7633136094674556 0.6694411414982164 0.7928994082840237 0.6658739595719382 0.8086785009861933 0.6551724137931034 0.8185404339250493 0.6468489892984542 0.8244575936883629 0.643281807372176 0.8441814595660749 0.643281807372176 0.883629191321499 0.6444708680142688 0.9171597633136095 0.652794292508918 0.9191321499013807 0.6599286563614745 0.9053254437869822 0.6658739595719382 0.873767258382643 0.6682520808561236 0.8461538461538461 0.6718192627824019 0.8323471400394478 0.6813317479191439 0.8126232741617357 0.6908442330558858 0.8027613412228797 0.7015457788347206 0.8205128205128205 0.7122473246135553 0.8362919132149902 0.7193816884661117 0.8303747534516766 0.7300832342449465 0.8264299802761341 0.7395957193816884 0.814595660749507 0.7407847800237812 0.8027613412228797 0.7395957193816884 0.7712031558185405