8 0.6035805626598465 0.6967871485943775 0.6061381074168798 0.7008032128514057 0.6138107416879796 0.7048192771084337 0.6176470588235294 0.7068273092369478 0.6240409207161125 0.7108433734939759 0.6265984654731458 0.714859437751004 0.6278772378516624 0.7188755020080321 0.618925831202046 0.7188755020080321 0.6163682864450127 0.7168674698795181 0.6099744245524297 0.7168674698795181 0.6048593350383632 0.714859437751004 0.5997442455242967 0.7128514056224899 0.5959079283887468 0.7108433734939759 0.5843989769820972 0.7088353413654619 0.5907928388746803 0.7128514056224899 0.59846547314578 0.714859437751004 0.6048593350383632 0.7188755020080321 0.6099744245524297 0.7208835341365462 0.6150895140664961 0.7208835341365462 0.6202046035805626 0.7228915662650602 0.6227621483375959 0.7228915662650602 0.629156010230179 0.7248995983935743 0.6304347826086957 0.7208835341365462 0.629156010230179 0.7108433734939759 0.6240409207161125 0.7068273092369478 0.6214833759590793 0.7048192771084337 0.612531969309463 0.7008032128514057 0.6035805626598465 0.6967871485943775
8 0.5895140664961637 0.7329317269076305 0.5856777493606138 0.7329317269076305 0.592071611253197 0.7369477911646586 0.59846547314578 0.7409638554216867 0.6048593350383632 0.7449799196787149 0.612531969309463 0.7469879518072289 0.6176470588235294 0.748995983935743 0.6202046035805626 0.7469879518072289 0.6112531969309463 0.7449799196787149 0.6048593350383632 0.7409638554216867 0.5959079283887468 0.7369477911646586 0.5895140664961637 0.7329317269076305
8 0.6521739130434783 0.7530120481927711 0.6445012787723785 0.751004016064257 0.6406649616368286 0.748995983935743 0.6470588235294118 0.7530120481927711 0.6560102301790282 0.7550200803212851 0.6649616368286445 0.7570281124497992 0.6777493606138107 0.7590361445783133 0.6892583120204604 0.7590361445783133 0.6994884910485933 0.7590361445783133 0.7071611253196931 0.7570281124497992 0.6854219948849105 0.7570281124497992 0.6739130434782609 0.7550200803212851 0.6585677749360613 0.7530120481927711 0.6521739130434783 0.7530120481927711
8 0.6406649616368286 0.8453815261044176 0.6329923273657289 0.8433734939759037 0.629156010230179 0.8413654618473896 0.6317135549872123 0.8453815261044176 0.6355498721227621 0.8473895582329317 0.6445012787723785 0.8493975903614458 0.6483375959079284 0.8514056224899599 0.6521739130434783 0.8534136546184738 0.6585677749360613 0.8554216867469879 0.6636828644501279 0.8554216867469879 0.6547314578005116 0.8534136546184738 0.649616368286445 0.8493975903614458 0.6457800511508951 0.8473895582329317 0.6406649616368286 0.8453815261044176
5 0.7225063938618926 0.7931726907630522 0.7058823529411765 0.7951807228915663 0.6930946291560103 0.7991967871485943 0.6828644501278772 0.8072289156626506 0.6751918158567775 0.8192771084337349 0.6739130434782609 0.8293172690763052 0.6764705882352942 0.8373493975903614 0.6841432225063938 0.8453815261044176 0.69693094629156 0.8473895582329317 0.7148337595907929 0.8453815261044176 0.7327365728900256 0.8433734939759037 0.7531969309462916 0.8393574297188755 0.7723785166240409 0.8333333333333334 0.7864450127877238 0.8273092369477911 0.7966751918158568 0.8152610441767069 0.8017902813299232 0.8032128514056225 0.8107416879795396 0.7730923694779116 0.7966751918158568 0.7771084337349398 0.7838874680306905 0.7831325301204819 0.7647058823529411 0.785140562248996 0.7531969309462916 0.7891566265060241 0.7225063938618926 0.7931726907630522
6 0.8976982097186701 0.6325301204819277 0.8989769820971867 0.6305220883534136 0.9028132992327366 0.6265060240963856 0.90153452685422 0.6244979919678715 0.8964194373401535 0.6265060240963856 0.8925831202046036 0.6265060240963856 0.8951406649616368 0.6285140562248996 0.8976982097186701 0.6325301204819277
6 0.887468030690537 0.6506024096385542 0.8861892583120204 0.6566265060240963 0.8823529411764706 0.6586345381526104 0.881074168797954 0.6626506024096386 0.8797953964194374 0.6646586345381527 0.8759590792838875 0.6666666666666666 0.8734015345268542 0.6666666666666666 0.8682864450127877 0.6726907630522089 0.8657289002557544 0.6746987951807228 0.8682864450127877 0.6686746987951807 0.8721227621483376 0.6646586345381527 0.8746803069053708 0.6646586345381527 0.8772378516624041 0.6606425702811245 0.8785166240409207 0.6566265060240963 0.8759590792838875 0.6566265060240963 0.8734015345268542 0.6586345381526104 0.8721227621483376 0.6606425702811245 0.8682864450127877 0.6646586345381527 0.8644501278772379 0.6706827309236948 0.860613810741688 0.6726907630522089 0.8593350383631714 0.6767068273092369 0.8580562659846548 0.678714859437751 0.8542199488491049 0.678714859437751 0.8529411764705882 0.6827309236947792 0.8529411764705882 0.6867469879518072 0.8554987212276215 0.6827309236947792 0.8580562659846548 0.6807228915662651 0.860613810741688 0.6807228915662651 0.8657289002557544 0.6807228915662651 0.8670076726342711 0.678714859437751 0.8682864450127877 0.6767068273092369 0.870843989769821 0.6767068273092369 0.8721227621483376 0.6706827309236948 0.8759590792838875 0.6706827309236948 0.8785166240409207 0.6686746987951807 0.881074168797954 0.6666666666666666 0.8836317135549873 0.6626506024096386 0.8861892583120204 0.6626506024096386 0.8861892583120204 0.6606425702811245 0.8887468030690537 0.6606425702811245 0.8887468030690537 0.6546184738955824 0.8900255754475703 0.6526104417670683 0.8913043478260869 0.6526104417670683 0.8913043478260869 0.6506024096385542 0.8938618925831202 0.6506024096385542 0.8938618925831202 0.6485943775100401 0.8951406649616368 0.6465863453815262 0.8964194373401535 0.6465863453815262 0.8976982097186701 0.6485943775100401 0.8989769820971867 0.6485943775100401 0.9002557544757033 0.6465863453815262 0.8989769820971867 0.642570281124498 0.8976982097186701 0.6405622489959839 0.8938618925831202 0.642570281124498 0.8938618925831202 0.6465863453815262 0.8900255754475703 0.6485943775100401 0.887468030690537 0.6506024096385542
6 0.90153452685422 0.642570281124498 0.90153452685422 0.6445783132530121 0.9028132992327366 0.6445783132530121 0.9028132992327366 0.6405622489959839 0.9002557544757033 0.6405622489959839 0.9002557544757033 0.642570281124498 0.90153452685422 0.642570281124498
6 0.8989769820971867 0.6385542168674698 0.8964194373401535 0.6385542168674698 0.8964194373401535 0.6405622489959839 0.8989769820971867 0.6405622489959839 0.8989769820971867 0.6385542168674698
6 0.8491048593350383 0.7008032128514057 0.8465473145780051 0.7008032128514057 0.8465473145780051 0.7128514056224899 0.8478260869565217 0.7128514056224899 0.8478260869565217 0.7048192771084337 0.8491048593350383 0.7048192771084337 0.8491048593350383 0.7008032128514057
6 0.8439897698209718 0.6887550200803213 0.8439897698209718 0.6867469879518072 0.8427109974424553 0.6867469879518072 0.8427109974424553 0.6927710843373494 0.8414322250639387 0.6927710843373494 0.8414322250639387 0.6907630522088354 0.840153452685422 0.6907630522088354 0.840153452685422 0.6927710843373494 0.8414322250639387 0.6947791164658634 0.8452685421994884 0.6947791164658634 0.8452685421994884 0.6967871485943775 0.8465473145780051 0.6967871485943775 0.8465473145780051 0.6907630522088354 0.8452685421994884 0.6907630522088354 0.8452685421994884 0.6887550200803213 0.8439897698209718 0.6887550200803213
6 0.8375959079283888 0.678714859437751 0.8363171355498721 0.6807228915662651 0.8337595907928389 0.6807228915662651 0.8312020460358056 0.6807228915662651 0.8312020460358056 0.6847389558232931 0.8273657289002557 0.6847389558232931 0.8273657289002557 0.6887550200803213 0.8286445012787724 0.6887550200803213 0.8286445012787724 0.6907630522088354 0.829923273657289 0.6927710843373494 0.8324808184143222 0.6907630522088354 0.8350383631713555 0.6907630522088354 0.8363171355498721 0.6887550200803213 0.8388746803069054 0.6887550200803213 0.840153452685422 0.6867469879518072 0.8414322250639387 0.6867469879518072 0.8414322250639387 0.6847389558232931 0.8388746803069054 0.6847389558232931 0.840153452685422 0.6827309236947792 0.840153452685422 0.6807228915662651 0.8375959079283888 0.678714859437751
3 0.8145780051150895 0.6485943775100401 0.8222506393861893 0.6566265060240963 0.8273657289002557 0.6706827309236948 0.8312020460358056 0.678714859437751 0.8273657289002557 0.6907630522088354 0.8363171355498721 0.6967871485943775 0.8452685421994884 0.6887550200803213 0.8414322250639387 0.6746987951807228 0.8350383631713555 0.6586345381526104 0.8260869565217391 0.642570281124498 0.8171355498721228 0.6365461847389559 0.8145780051150895 0.6485943775100401
6 0.8132992327365729 0.7523427048192771 0.8145780051150895 0.751004016064257 0.8145780051150895 0.7469879518072289 0.8132992327365729 0.748995983935743 0.8132992327365729 0.7523427048192771
6 0.8107416879795396 0.7530120481927711 0.8107416879795396 0.7550200803212851 0.8126598465473146 0.7530120481927711 0.8107416879795396 0.7530120481927711
6 0.16751918158567775 0.5401606425702812 0.1649616368286445 0.5321285140562249 0.16112531969309463 0.5281124497991968 0.16112531969309463 0.536144578313253 0.16112531969309463 0.5401606425702812 0.1636828644501279 0.5481927710843374 0.18030690537084398 0.5602409638554217 0.17135549872122763 0.5522088353413654 0.170076726342711 0.5461847389558233 0.16751918158567775 0.5401606425702812