0 0.6409774436090225 0.3347245409015025 0.7098997493734336 0.3313856427378965 0.7124060150375939 0.3363939899833055 0.7136591478696742 0.32303839732888145 0.7199248120300752 0.3046744574290484 0.7224310776942355 0.2896494156928214 0.7236842105263158 0.27295492487479134 0.724937343358396 0.2595993322203673 0.724937343358396 0.2378964941569282 0.7236842105263158 0.2011686143572621 0.7236842105263158 0.18614357262103506 0.7224310776942355 0.167779632721202 0.7199248120300752 0.14607679465776294 0.7199248120300752 0.1293823038397329 0.7149122807017544 0.10767946577629382 0.7073934837092731 0.09432387312186978 0.7023809523809523 0.08430717863105175 0.6948621553884712 0.07929883138564274 0.6873433583959899 0.07929883138564274 0.6760651629072681 0.08263772954924875 0.6647869674185464 0.08764607679465776 0.6535087719298246 0.08931552587646077 0.6409774436090225 0.09432387312186978 0.6409774436090225 0.164440734557596 0.6422305764411027 0.18614357262103506 0.6422305764411027 0.2395659432387312 0.6422305764411027 0.28130217028380633 0.6409774436090225 0.3013355592654424 0.6397243107769424 0.32303839732888145 0.6409774436090225 0.3347245409015025
0 0.48830409398496244 0 0.4893483709273183 0.004173622704507512 0.5006265664160401 0.04424040066777963 0.5056390977443609 0.05926544240400668 0.5093984962406015 0.07429048414023372 0.5156641604010025 0.08096828046744574 0.5156641604010025 0.11268781302170283 0.5231829573934837 0.11101836393989983 0.5244360902255639 0.08931552587646077 0.5244360902255639 0.08430717863105175 0.5231829573934837 0.07762938230383973 0.5194235588972431 0.07262103505843072 0.5169172932330827 0.06928213689482471 0.5144110275689223 0.06260434056761269 0.49855106516290726 0 0.48830409398496244 0
0 0.5607769423558897 0.3580968280467446 0.5607769423558897 0.35141903171953254 0.5632832080200502 0.3380634390651085 0.5657894736842105 0.3096828046744574 0.568295739348371 0.2646076794657763 0.5708020050125313 0.18113522537562604 0.5695488721804511 0.17111853088480802 0.5695488721804511 0.16110183639398998 0.5695488721804511 0.15275459098497496 0.5670426065162907 0.14774624373956594 0.5645363408521303 0.14440734557595994 0.5607769423558897 0.13772954924874792 0.5582706766917294 0.1327212020033389 0.5545112781954887 0.1293823038397329 0.5507518796992481 0.12437395659432388 0.5444862155388471 0.11936560934891485 0.5407268170426065 0.11602671118530884 0.5344611528822055 0.11435726210350584 0.5294486215538847 0.11101836393989983 0.5219298245614035 0.10767946577629382 0.518170426065163 0.11268781302170283 0.5169172932330827 0.11936560934891485 0.5156641604010025 0.13939899833055092 0.5144110275689223 0.166110183639399 0.5119047619047619 0.19449081803005008 0.5093984962406015 0.2278797996661102 0.5081453634085213 0.2579298831385643 0.5068922305764411 0.28297161936560933 0.5043859649122807 0.31636060100166946 0.5018796992481203 0.3313856427378965 0.5006265664160401 0.34974958263772954 0.5006265664160401 0.37145242070116863 0.5006265664160401 0.3781302170283806 0.5031328320802005 0.3831385642737897 0.5093984962406015 0.38480801335559267 0.5156641604010025 0.3831385642737897 0.5231829573934837 0.3797996661101836 0.5319548872180451 0.3747913188647746 0.5407268170426065 0.36811352253756263 0.5457393483709273 0.3647746243739566 0.5532581453634086 0.3580968280467446 0.5607769423558897 0.3580968280467446
3 0.5494987468671679 0.4515859766277129 0.5520050125313283 0.4265442404006678 0.5545112781954887 0.41986644407345575 0.5595238095238095 0.39148580968280466 0.5607769423558897 0.3747913188647746 0.5595238095238095 0.3647746243739566 0.5607769423558897 0.3547579298831386 0.5657894736842105 0.34641068447412354 0.5695488721804511 0.3397328881469115 0.5632832080200502 0.3397328881469115 0.5545112781954887 0.34307178631051755 0.5494987468671679 0.34808013355592654 0.5407268170426065 0.35308848080133554 0.5307017543859649 0.37145242070116863 0.5256892230576441 0.3764607679465776 0.5206766917293233 0.38647746243739567 0.5169172932330827 0.39315525876460766 0.5119047619047619 0.4065108514190317 0.5093984962406015 0.41485809682804675 0.5056390977443609 0.4248747913188648 0.5018796992481203 0.4332220367278798 0.4993734335839599 0.44323873121869783 0.4956140350877193 0.46160267111853087 0.4943609022556391 0.4716193656093489 0.4943609022556391 0.48497495826377296 0.4968671679197995 0.493322203672788 0.5006265664160401 0.5 0.5093984962406015 0.503338898163606 0.5369674185463659 0.4682804674457429 0.5494987468671679 0.4515859766277129
3 0.543233082706767 0.6803005008347245 0.5357142857142857 0.6786310517529215 0.5269423558897243 0.6719532554257095 0.5169172932330827 0.6652754590984975 0.5081453634085213 0.6552587646076795 0.4981203007518797 0.6419031719532554 0.4893483709273183 0.6268781302170284 0.4855889724310777 0.6085141903171953 0.4805764411027569 0.5901502504173622 0.4730576441102757 0.5834724540901502 0.4617794486215539 0.5784641068447413 0.44047619047619047 0.5767946577629383 0.42543859649122806 0.5801335559265443 0.40789473684210525 0.6135225375626043 0.4016290726817043 0.6452420701168614 0.40538847117794485 0.6652754590984975 0.4091478696741855 0.6752921535893155 0.4141604010025063 0.6919866444073456 0.4266917293233083 0.7086811352253757 0.4417293233082707 0.7270450751252087 0.4617794486215539 0.7353923205342237 0.4780701754385965 0.7387312186978298 0.4956140350877193 0.7437395659432388 0.5119047619047619 0.7437395659432388 0.5269423558897243 0.7420701168614358 0.5382205513784462 0.7370617696160268 0.5482456140350878 0.7320534223706177 0.5570175438596491 0.7287145242070117 0.5657894736842105 0.7136894824707847 0.568295739348371 0.7020033388981636 0.5720551378446115 0.6903171953255426 0.5645363408521303 0.6836393989983306 0.5520050125313283 0.6819699499165276 0.543233082706767 0.6803005008347245
6 0.6322055137844611 0.4315525876460768 0.6484962406015038 0.4265442404006678 0.6723057644110275 0.42320534223706174 0.6723057644110275 0.4081803005008347 0.668546365914787 0.4031719532554257 0.6560150375939849 0.4048414023372287 0.6397243107769424 0.4081803005008347 0.62468671679198 0.41151919866444076 0.618421052631579 0.4348914858096828 0.6322055137844611 0.4315525876460768
5 0.668546365914787 0.31969949916527546 0.693609022556391 0.3113522537562604 0.699874686716792 0.27295492487479134 0.699874686716792 0.18948247078464106 0.693609022556391 0.1327212020033389 0.6697994987468672 0.11101836393989983 0.649749373433584 0.13772954924874792 0.643483709273183 0.32303839732888145 0.668546365914787 0.31969949916527546
8 0.4755639097744361 0.7036727879799666 0.4830827067669173 0.6853088480801336 0.45802005012531327 0.6853088480801336 0.4592731829573935 0.7086811352253757 0.4755639097744361 0.7036727879799666
8 0.5382205513784462 0.6986644407345576 0.5419799498746867 0.6903171953255426 0.5332080200501254 0.6919866444073456 0.5244360902255639 0.7070116861435726 0.5382205513784462 0.6986644407345576
8 0.4906015037593985 0.6903171953255426 0.4880952380952381 0.7220367278797997 0.4918546365914787 0.7303839732888147 0.5043859649122807 0.6903171953255426 0.4906015037593985 0.6903171953255426
8 0.6898496240601504 0.3964941569282137 0.699874686716792 0.3313856427378965 0.6422305764411027 0.3347245409015025 0.62468671679198 0.41151919866444076 0.6898496240601504 0.3964941569282137
8 0.7299498746867168 0.28297161936560933 0.7286967418546366 0.2395659432387312 0.7224310776942355 0.24123539232053423 0.7199248120300752 0.27796327212020033 0.7161654135338346 0.29799666110183637 0.7048872180451128 0.3096828046744574 0.6948621553884712 0.3330550918196995 0.6986215538847118 0.34140233722871455 0.7086466165413534 0.34140233722871455 0.7161654135338346 0.3347245409015025 0.7261904761904762 0.31302170283806346 0.7299498746867168 0.28297161936560933