8 0.3975481611208406 0.19672131147540983 0.37653239929947463 0.27400468384074944 0.37302977232924694 0.34660421545667447 0.38178633975481613 0.3372365339578454 0.404553415061296 0.33489461358313816 0.4098073555166375 0.39344262295081966 0.4185639229422067 0.40749414519906324 0.425569176882662 0.33489461358313816 0.43257443082311736 0.2459016393442623 0.425569176882662 0.21311475409836064 0.39929947460595444 0.19672131147540983 0.3975481611208406 0.19672131147540983
3 0.4028021015761821 0.4918032786885246 0.4010507880910683 0.5480093676814989 0.37653239929947463 0.5644028103044496 0.35901926444833626 0.531615925058548 0.35901926444833626 0.6042154566744731 0.37302977232924694 0.667447306791569 0.4080560420315236 0.6861826697892272 0.45183887915936954 0.7423887587822015 0.47810858143607704 0.7353629976580797 0.51138353765324 0.7400468384074942 0.5481611208406305 0.6721311475409836 0.532399299474606 0.5925058548009368 0.4868651488616462 0.5761124121779859 0.45709281961471104 0.5058548009367682 0.4203152364273205 0.47540983606557374 0.4028021015761821 0.4918032786885246
8 0.38178633975481613 0.2693208430913349 0.3502626970227671 0.2716627634660422 0.3415061295971979 0.4215456674473068 0.3222416812609457 0.4847775175644028 0.3169877408056042 0.5128805620608899 0.3134851138353765 0.5573770491803278 0.3380035026269702 0.5971896955503513 0.3572679509632224 0.6159250585480094 0.3555166374781086 0.5269320843091335 0.36252189141856395 0.4028103044496487 0.38178633975481613 0.2693208430913349
8 0.37302977232924694 0.5480093676814989 0.38528896672504376 0.34192037470725994 0.3607705779334501 0.4847775175644028 0.35901926444833626 0.5831381733021077 0.35901926444833626 0.6135831381733021 0.38528896672504376 0.6885245901639344 0.39404553415061294 0.6651053864168618 0.38353765323992994 0.6018735362997658 0.37302977232924694 0.5480093676814989
8 0.4063047285464098 0.4894613583138173 0.4273204903677758 0.5035128805620609 0.44658493870402804 0.5456674473067916 0.4500875656742557 0.5831381733021077 0.4203152364273205 0.5925058548009368 0.4010507880910683 0.5620608899297423 0.37828371278458844 0.5573770491803278 0.38528896672504376 0.5971896955503513 0.4168126094570928 0.6416861826697893 0.45359019264448336 0.6229508196721312 0.46935201401050786 0.5597189695550351 0.4553415061295972 0.5105386416861827 0.4413309982486865 0.48009367681498827 0.4133099824868651 0.468384074941452 0.4063047285464098 0.4894613583138173
0 0.37653239929947463 0.4238875878220141 0.37478108581436076 0.4637002341920375 0.37478108581436076 0.5105386416861827 0.37478108581436076 0.5480093676814989 0.39404553415061294 0.5386416861826698 0.3957968476357268 0.4566744730679157 0.3975481611208406 0.4238875878220141 0.37653239929947463 0.4238875878220141
2 0.5849387040280211 0.5105386416861827 0.5464098073555166 0.5035128805620609 0.5394045534150613 0.5737704918032787 0.542907180385289 0.6229508196721312 0.5796847635726795 0.6838407494145199 0.5954465849387041 0.6814988290398126 0.6007005253940455 0.6229508196721312 0.6059544658493871 0.5386416861826698 0.5849387040280211 0.5105386416861827
0 0.4921190893169877 0.06323185011709602 0.500875656742557 0.0468384074941452 0.4851138353765324 0.02576112412177986 0.47285464098073554 0.04918032786885246 0.45359019264448336 0.13817330210772832 0.44308231173380036 0.2154566744730679 0.4273204903677758 0.3325526932084309 0.425569176882662 0.41451990632318503 0.43257443082311736 0.4426229508196721 0.4500875656742557 0.46604215456674475 0.44833625218914186 0.43559718969555034 0.4500875656742557 0.33021077283372363 0.4746059544658494 0.13114754098360656 0.4921190893169877 0.06323185011709602
5 0.5078809106830122 0.8056206088992974 0.5201401050788091 0.7915690866510539 0.5236427320490368 0.775175644028103 0.5166374781085814 0.7540983606557377 0.4938704028021016 0.7353629976580797 0.46760070052539404 0.7259953161592506 0.4500875656742557 0.7236533957845434 0.4500875656742557 0.7330210772833724 0.4658493870402802 0.7330210772833724 0.4816112084063047 0.7400468384074942 0.4921190893169877 0.7423887587822015 0.4973730297723292 0.747072599531616 0.5026269702276708 0.7517564402810304 0.5078809106830122 0.7634660421545667 0.5096322241681261 0.7728337236533958 0.5096322241681261 0.7822014051522248 0.5026269702276708 0.7915690866510539 0.4886164623467601 0.7962529274004684 0.4711033274956217 0.7985948477751756 0.46059544658493873 0.8009367681498829 0.46234676007005254 0.8149882903981265 0.4868651488616462 0.8149882903981265 0.5078809106830122 0.8056206088992974
5 0.5043782837127846 0.16627634660421545 0.4921190893169877 0.26229508196721313 0.5481611208406305 0.2646370023419204 0.5551663747810858 0.16393442622950818 0.5043782837127846 0.16627634660421545
0 0.5516637478108581 0.7142857142857143 0.5761821366024519 0.711943793911007 0.5656742556917689 0.6978922716627635 0.5359019264448336 0.7002341920374707 0.5201401050788091 0.7259953161592506 0.5359019264448336 0.7189695550351288 0.5516637478108581 0.7142857142857143
0 0.4921190893169877 0.5011709601873536 0.48336252189141854 0.49882903981264637 0.4746059544658494 0.5339578454332553 0.46935201401050786 0.5761124121779859 0.46234676007005254 0.6463700234192038 0.46234676007005254 0.7096018735362998 0.46234676007005254 0.7587822014051522 0.4658493870402802 0.7822014051522248 0.4816112084063047 0.7283372365339579 0.4851138353765324 0.702576112412178 0.4851138353765324 0.6510538641686182 0.4886164623467601 0.5737704918032787 0.4903677758318739 0.5152224824355972 0.4921190893169877 0.5011709601873536