3 0.5047244094488189 0.1571729957805907 0.4811023622047244 0.18037974683544303 0.4889763779527559 0.25 0.45433070866141734 0.3048523206751055 0.515748031496063 0.3470464135021097 0.547244094488189 0.31962025316455694 0.5661417322834645 0.23945147679324894 0.5724409448818898 0.1529535864978903 0.5236220472440944 0.1550632911392405 0.5047244094488189 0.1571729957805907
3 0.5870236220472441 0 0.5850393700787402 0.00949367088607595 0.6070866141732284 0.026371308016877638 0.6145856771653544 0 0.5870236220472441 0
6 0.4196850393700787 0.399789029535865 0.41181102362204725 0.410337552742616 0.41811023622047244 0.40822784810126583 0.4275590551181102 0.399789029535865 0.4338582677165354 0.38924050632911394 0.4196850393700787 0.399789029535865
6 0.42283464566929135 0.4166666666666667 0.421259842519685 0.4272151898734177 0.42913385826771655 0.42510548523206754 0.42913385826771655 0.41244725738396626 0.42283464566929135 0.4166666666666667
0 0.42440944881889764 0.3322784810126582 0.4322834645669291 0.3491561181434599 0.4401574803149606 0.3639240506329114 0.44803149606299214 0.37236286919831224 0.4496062992125984 0.3639240506329114 0.44173228346456694 0.3470464135021097 0.4322834645669291 0.3280590717299578 0.42440944881889764 0.32383966244725737 0.42440944881889764 0.3322784810126582
6 0.5519685039370079 0.2478902953586498 0.5456692913385827 0.2563291139240506 0.5456692913385827 0.2689873417721519 0.5503937007874016 0.26476793248945146 0.5566929133858268 0.2521097046413502 0.5614173228346456 0.23734177215189872 0.5519685039370079 0.2478902953586498
6 0.5692913385826772 0.2141350210970464 0.5661417322834645 0.22046413502109705 0.5677165354330709 0.2310126582278481 0.574015748031496 0.21835443037974683 0.5692913385826772 0.2141350210970464
6 0.4811023622047244 0.14451476793248946 0.4763779527559055 0.15084388185654007 0.4748031496062992 0.15928270042194093 0.4826771653543307 0.1571729957805907 0.4874015748031496 0.14662447257383968 0.4811023622047244 0.14451476793248946
6 0.4795275590551181 0.16772151898734178 0.4748031496062992 0.17405063291139242 0.4748031496062992 0.18248945147679324 0.4826771653543307 0.18037974683544303 0.4826771653543307 0.17405063291139242 0.4795275590551181 0.16772151898734178
2 0.6905511811023622 0.13185654008438819 0.6464566929133858 0.15084388185654007 0.6228346456692914 0.16561181434599156 0.6149606299212599 0.20569620253164558 0.6244094488188976 0.29852320675105487 0.6338582677165354 0.3491561181434599 0.6401574803149607 0.4419831223628692 0.6496062992125984 0.5896624472573839 0.6811023622047244 0.5327004219409283 0.7015748031496063 0.4947257383966245 0.7251968503937007 0.43776371308016876 0.7283464566929134 0.3491561181434599 0.7299212598425197 0.290084388185654 0.7283464566929134 0.22046413502109705 0.715748031496063 0.12763713080168776 0.6905511811023622 0.13185654008438819
0 0.5566929133858268 0.043248945147679324 0.5204724409448819 0.060126582278481014 0.515748031496063 0.09177215189873418 0.5236220472440944 0.10443037974683544 0.5645669291338583 0.0938818565400844 0.574015748031496 0.10864978902953587 0.5677165354330709 0.14873417721518986 0.5960629921259842 0.15928270042194093 0.6433070866141732 0.12552742616033755 0.6275590551181103 0.12341772151898735 0.6007874015748031 0.017932489451476793 0.5881889763779528 0.07911392405063292 0.5787401574803149 0.06434599156118144 0.5566929133858268 0.043248945147679324
0 0.46807995118110235 0 0.4653543307086614 0.015822784810126583 0.4496062992125984 0.060126582278481014 0.4653543307086614 0.06223628691983123 0.4874015748031496 0.020042194092827006 0.4971585070866142 0 0.46807995118110235 0
3 0.5834645669291338 0.11708860759493671 0.5787401574803149 0.11708860759493671 0.5645669291338583 0.12763713080168776 0.5598425196850394 0.13185654008438819 0.5409448818897638 0.14029535864978904 0.5834645669291338 0.16139240506329114 0.6023622047244095 0.1550632911392405 0.5976377952755906 0.12341772151898735 0.5834645669291338 0.11708860759493671
8 0.5913385826771653 0.23734177215189872 0.5897637795275591 0.25 0.6007874015748031 0.23312236286919832 0.5913385826771653 0.23734177215189872
8 0.5692913385826772 0.27531645569620256 0.5771653543307087 0.28164556962025317 0.5755905511811024 0.26054852320675104 0.5692913385826772 0.27531645569620256
6 0.5834645669291338 0.14662447257383968 0.5535433070866141 0.14029535864978904 0.547244094488189 0.14240506329113925 0.5582677165354331 0.14662447257383968 0.5724409448818898 0.14873417721518986 0.5818897637795276 0.1529535864978903 0.5929133858267717 0.1550632911392405 0.6055118110236221 0.16139240506329114 0.6149606299212599 0.15928270042194093 0.5834645669291338 0.14662447257383968
6 0.5708661417322834 0.15084388185654007 0.5677165354330709 0.1571729957805907 0.5724409448818898 0.15928270042194093 0.5787401574803149 0.1571729957805907 0.5708661417322834 0.15084388185654007
6 0.5850393700787402 0.11708860759493671 0.5803149606299213 0.1149789029535865 0.5708661417322834 0.12130801687763713 0.5692913385826772 0.1339662447257384 0.562992125984252 0.14029535864978904 0.5724409448818898 0.14662447257383968 0.5771653543307087 0.14240506329113925 0.5787401574803149 0.1339662447257384 0.5834645669291338 0.13818565400843882 0.5881889763779528 0.13818565400843882 0.5850393700787402 0.12974683544303797 0.5866141732283464 0.12341772151898735 0.5850393700787402 0.11708860759493671
3 0.5346456692913386 0.10021097046413502 0.5220472440944882 0.10654008438818566 0.5204724409448819 0.11919831223628692 0.5251968503937008 0.12974683544303797 0.5346456692913386 0.13185654008438819 0.5440944881889764 0.1339662447257384 0.5519685039370079 0.12763713080168776 0.5582677165354331 0.12552742616033755 0.574015748031496 0.1149789029535865 0.5677165354330709 0.0981012658227848 0.5614173228346456 0.0938818565400844 0.5346456692913386 0.10021097046413502
0 0.4826771653543307 0.6761603375527426 0.4811023622047244 0.6824894514767933 0.4795275590551181 0.6888185654008439 0.4732283464566929 0.6993670886075949 0.4700787401574803 0.709915611814346 0.4637795275590551 0.7162447257383966 0.4574803149606299 0.7162447257383966 0.44803149606299214 0.7162447257383966 0.4385826771653543 0.7141350210970464 0.43070866141732284 0.709915611814346 0.41811023622047244 0.7078059071729957 0.40708661417322833 0.7035864978902954 0.39448818897637794 0.7014767932489452 0.38661417322834646 0.7014767932489452 0.38346456692913383 0.7056962025316456 0.38346456692913383 0.7183544303797469 0.38346456692913383 0.7352320675105485 0.38661417322834646 0.7563291139240507 0.38976377952755903 0.7921940928270043 0.3960629921259842 0.8280590717299579 0.4086614173228346 0.8639240506329114 0.42283464566929135 0.8976793248945147 0.4401574803149606 0.9272151898734177 0.452755905511811 0.95042194092827 0.46692913385826773 0.9609704641350211 0.4732283464566929 0.9651898734177216 0.4795275590551181 0.9672995780590717 0.4858267716535433 0.9694092827004219 0.4984251968503937 0.9672995780590717 0.5094488188976378 0.9672995780590717 0.5204724409448819 0.9630801687763713 0.5330708661417323 0.9588607594936709 0.5425196850393701 0.9483122362869199 0.5488188976377952 0.939873417721519 0.5488188976377952 0.9314345991561181 0.5488188976377952 0.9187763713080169 0.5440944881889764 0.8976793248945147 0.5362204724409448 0.8660337552742616 0.5267716535433071 0.8322784810126582 0.5188976377952756 0.8006329113924051 0.511023622047244 0.7732067510548524 0.5047244094488189 0.7436708860759493 0.4968503937007874 0.7183544303797469 0.4889763779527559 0.680379746835443 0.4826771653543307 0.6761603375527426
0 0.421259842519685 0.9462025316455697 0.4149606299212598 0.9483122362869199 0.41181102362204725 0.9546413502109705 0.41023622047244096 0.9694092827004219 0.41653543307086616 0.9757383966244726 0.42913385826771655 0.9672995780590717 0.44173228346456694 0.9672995780590717 0.44173228346456694 0.9588607594936709 0.43700787401574803 0.9440928270042194 0.4275590551181102 0.9314345991561181 0.421259842519685 0.9462025316455697
0 0.5661417322834645 0.8639240506329114 0.5551181102362205 0.8027426160337553 0.5409448818897638 0.7352320675105485 0.5299212598425197 0.6867088607594937 0.5188976377952756 0.6487341772151899 0.5236220472440944 0.5791139240506329 0.5299212598425197 0.5137130801687764 0.5393700787401575 0.45042194092827004 0.547244094488189 0.39345991561181437 0.5582677165354331 0.3322784810126582 0.5677165354330709 0.28375527426160335 0.574015748031496 0.2542194092827004 0.5803149606299213 0.2310126582278481 0.5850393700787402 0.2120253164556962 0.5897637795275591 0.19514767932489452 0.5866141732283464 0.18670886075949367 0.574015748031496 0.2120253164556962 0.5645669291338583 0.24156118143459915 0.5503937007874016 0.2879746835443038 0.5409448818897638 0.3280590717299578 0.5299212598425197 0.39135021097046413 0.5188976377952756 0.45464135021097046 0.5125984251968504 0.5010548523206751 0.5062992125984253 0.5559071729957806 0.5015748031496063 0.6023206751054853 0.4984251968503937 0.6508438818565401 0.511023622047244 0.6930379746835443 0.5362204724409448 0.7837552742616034 0.547244094488189 0.8280590717299579 0.5535433070866141 0.859704641350211 0.5582677165354331 0.8850210970464135 0.5614173228346456 0.9040084388185654 0.5661417322834645 0.9124472573839663 0.5724409448818898 0.9187763713080169 0.5787401574803149 0.9187763713080169 0.5708661417322834 0.9040084388185654 0.5661417322834645 0.8639240506329114
0 0.7188976377952756 0.0981012658227848 0.6984251968503937 0.1149789029535865 0.6795275590551181 0.12974683544303797 0.6984251968503937 0.12763713080168776 0.7188976377952756 0.11919831223628692 0.7267716535433071 0.10232067510548523 0.7188976377952756 0.0981012658227848
3 0.6606299212598425 0.1339662447257384 0.6496062992125984 0.13185654008438819 0.6401574803149607 0.14029535864978904 0.6417322834645669 0.1529535864978903 0.6732283464566929 0.14029535864978904 0.6606299212598425 0.1339662447257384
3 0.6055118110236221 0.169831223628692 0.5976377952755906 0.16350210970464135 0.5850393700787402 0.16561181434599156 0.5787401574803149 0.18037974683544303 0.5755905511811024 0.20358649789029537 0.5850393700787402 0.1930379746835443 0.5976377952755906 0.18670886075949367 0.6118110236220472 0.18670886075949367 0.6055118110236221 0.169831223628692