6 0.6518324607329843 0.2838785046728972 0.6605584642233857 0.2838785046728972 0.6780104712041884 0.27453271028037385 0.6657940663176265 0.25817757009345793 0.6535776614310645 0.25350467289719625 0.6396160558464223 0.2558411214953271 0.6448516579406631 0.27453271028037385 0.6518324607329843 0.2838785046728972
6 0.5820244328097731 0.625 0.5907504363001745 0.6226635514018691 0.5855148342059336 0.6086448598130841 0.575043630017452 0.5969626168224299 0.5680628272251309 0.6156542056074766 0.5820244328097731 0.625
6 0.5802792321116929 0.6460280373831776 0.5802792321116929 0.6320093457943925 0.5680628272251309 0.625 0.5680628272251309 0.6413551401869159 0.5802792321116929 0.6460280373831776
6 0.5698080279232112 0.5782710280373832 0.56282722513089 0.5712616822429907 0.56282722513089 0.5829439252336449 0.5698080279232112 0.5782710280373832
6 0.6099476439790575 0.610981308411215 0.6151832460732984 0.6016355140186916 0.6082024432809773 0.6016355140186916 0.6099476439790575 0.610981308411215
6 0.6326352530541012 0.639018691588785 0.6413612565445026 0.6226635514018691 0.6273996509598604 0.6179906542056075 0.6326352530541012 0.639018691588785
6 0.6518324607329843 0.5572429906542056 0.6413612565445026 0.5572429906542056 0.6431064572425829 0.5642523364485982 0.6518324607329843 0.5572429906542056
6 0.7198952879581152 0.4871495327102804 0.7146596858638743 0.48014018691588783 0.712914485165794 0.4894859813084112 0.7198952879581152 0.4871495327102804
6 0.6431064572425829 0.6787383177570093 0.6431064572425829 0.6670560747663551 0.6361256544502618 0.669392523364486 0.6361256544502618 0.6787383177570093 0.6431064572425829 0.6787383177570093
6 0.6256544502617801 0.8165887850467289 0.6308900523560209 0.8165887850467289 0.6343804537521816 0.802570093457944 0.6326352530541012 0.7908878504672897 0.6239092495636999 0.7792056074766355 0.6169284467713787 0.7885514018691588 0.6169284467713787 0.8002336448598131 0.618673647469459 0.8072429906542056 0.6256544502617801 0.8165887850467289
6 0.618673647469459 0.9030373831775701 0.6221640488656196 0.8936915887850467 0.6221640488656196 0.8866822429906542 0.6151832460732984 0.8820093457943925 0.6082024432809773 0.8866822429906542 0.6082024432809773 0.8983644859813084 0.618673647469459 0.9030373831775701
6 0.6640488656195462 0.8399532710280374 0.6605584642233857 0.830607476635514 0.6535776614310645 0.830607476635514 0.6553228621291448 0.8399532710280374 0.6640488656195462 0.8399532710280374
6 0.6745200698080279 0.7651869158878505 0.6710296684118674 0.7535046728971962 0.662303664921466 0.7558411214953271 0.6657940663176265 0.7651869158878505 0.6745200698080279 0.7651869158878505
6 0.6815008726003491 0.8002336448598131 0.6762652705061082 0.7908878504672897 0.6727748691099477 0.802570093457944 0.6815008726003491 0.8002336448598131
6 0.6605584642233857 0.7324766355140186 0.6535776614310645 0.727803738317757 0.6535776614310645 0.7348130841121495 0.6605584642233857 0.7324766355140186
6 0.6902268760907504 0.7558411214953271 0.6849912739965096 0.7464953271028038 0.6815008726003491 0.7558411214953271 0.6902268760907504 0.7558411214953271
6 0.693717277486911 0.772196261682243 0.6884816753926701 0.7675233644859814 0.6867364746945899 0.7745327102803738 0.693717277486911 0.772196261682243
6 0.6378708551483421 0.8866822429906542 0.6378708551483421 0.8773364485981309 0.6326352530541012 0.8843457943925234 0.6378708551483421 0.8866822429906542
6 0.6343804537521816 0.594626168224299 0.6343804537521816 0.580607476635514 0.6273996509598604 0.5829439252336449 0.6256544502617801 0.5899532710280374 0.6343804537521816 0.594626168224299
6 0.7757417102966842 0.6436915887850467 0.7792321116928447 0.625 0.7792321116928447 0.6039719626168224 0.7862129144851658 0.5549065420560748 0.7827225130890052 0.5151869158878505 0.7827225130890052 0.5035046728971962 0.7809773123909249 0.4848130841121495 0.7705061082024433 0.4661214953271028 0.7722513089005235 0.48014018691588783 0.768760907504363 0.4894859813084112 0.7722513089005235 0.5058411214953271 0.7757417102966842 0.5198598130841121 0.7792321116928447 0.5362149532710281 0.7809773123909249 0.5432242990654206 0.7792321116928447 0.5572429906542056 0.7809773123909249 0.5735981308411215 0.7757417102966842 0.594626168224299 0.7757417102966842 0.6133177570093458 0.7722513089005235 0.625 0.768760907504363 0.6343457943925234 0.768760907504363 0.6460280373831776 0.7600349040139616 0.6507009345794392 0.7582897033158813 0.6740654205607477 0.7530541012216405 0.6880841121495327 0.7530541012216405 0.6997663551401869 0.74978184991274 0.7129088785046729 0.7530541012216405 0.7114485981308412 0.7617801047120419 0.6904205607476636 0.7705061082024433 0.6740654205607477 0.7757417102966842 0.6436915887850467
6 0.7303664921465969 0.7885514018691588 0.7373472949389179 0.7768691588785047 0.7443280977312391 0.7628504672897196 0.7460732984293194 0.7464953271028038 0.7356020942408377 0.7488317757009346 0.7321116928446771 0.758177570093458 0.7286212914485166 0.7675233644859814 0.725130890052356 0.7792056074766355 0.7216404886561955 0.7885514018691588 0.7303664921465969 0.7885514018691588
6 0.5770381448516579 1 0.5820244328097731 0.9941588785046729 0.5820244328097731 0.9824766355140186 0.575043630017452 0.9754672897196262 0.5593368237347295 0.977803738317757 0.5453752181500873 0.9894859813084113 0.5392670157068062 1 0.5770381448516579 1
6 0.606457242582897 0.9894859813084113 0.6134380453752182 0.977803738317757 0.606457242582897 0.9754672897196262 0.5977312390924956 0.977803738317757 0.5977312390924956 0.9871495327102804 0.606457242582897 0.9894859813084113
6 0.6343804537521816 0.9123831775700935 0.6326352530541012 0.9264018691588785 0.6386464991273996 0.9223779859813085 0.6343804537521816 0.9123831775700935
6 0.6413612565445026 0.9287383177570093 0.6431064572425829 0.919392523364486 0.6386464991273996 0.9223779859813085 0.6413612565445026 0.9287383177570093
6 0.7530541012216405 0.6436915887850467 0.7670157068062827 0.6296728971962616 0.7739965095986039 0.5969626168224299 0.7600349040139616 0.6016355140186916 0.7460732984293194 0.610981308411215 0.7408376963350786 0.6296728971962616 0.7530541012216405 0.6436915887850467
6 0.6727748691099477 0.6133177570093458 0.6675392670157068 0.6016355140186916 0.6640488656195462 0.6133177570093458 0.6727748691099477 0.6133177570093458
6 0.5401396160558464 0.2207943925233645 0.5314136125654451 0.2161214953271028 0.5314136125654451 0.23014018691588786 0.5401396160558464 0.2207943925233645
6 0.6849912739965096 0.30257009345794394 0.6780104712041884 0.2932242990654206 0.6710296684118674 0.3072429906542056 0.6849912739965096 0.30257009345794394
6 0.7356020942408377 0.41939252336448596 0.7286212914485166 0.4310747663551402 0.730250144851658 0.4325285560747663 0.7356020942408377 0.41939252336448596
6 0.725130890052356 0.44509345794392524 0.7390924956369983 0.44042056074766356 0.730250144851658 0.4325285560747663 0.725130890052356 0.44509345794392524
6 0.7024432809773123 0.6530373831775701 0.7146596858638743 0.639018691588785 0.7076788830715532 0.6226635514018691 0.6954624781849913 0.6226635514018691 0.6919720767888308 0.6413551401869159 0.7024432809773123 0.6530373831775701
6 0.7478184991273996 0.6740654205607477 0.7530541012216405 0.6623831775700935 0.7495636998254799 0.6530373831775701 0.7390924956369983 0.6600467289719626 0.7373472949389179 0.6740654205607477 0.7478184991273996 0.6740654205607477
6 0.7373472949389179 0.727803738317757 0.7443280977312391 0.7114485981308412 0.7390924956369983 0.697429906542056 0.7286212914485166 0.7021028037383178 0.7268760907504364 0.7254672897196262 0.7373472949389179 0.727803738317757
6 0.7094240837696335 0.8165887850467289 0.7111692844677138 0.8002336448598131 0.7181500872600349 0.7862149532710281 0.7233856893542757 0.7698598130841121 0.7233856893542757 0.7605140186915887 0.705933682373473 0.772196261682243 0.6989528795811518 0.7932242990654206 0.6989528795811518 0.8119158878504673 0.7094240837696335 0.8165887850467289
8 0.5715532286212914 0.2044392523364486 0.5802792321116929 0.2044392523364486 0.5663176265270506 0.1927570093457944 0.5715532286212914 0.2044392523364486