5 0.501953125 0.3968421052631579 0.4889322916666667 0.38421052631578945 0.4759114583333333 0.38421052631578945 0.466796875 0.39473684210526316 0.4602864583333333 0.41157894736842104 0.4615885416666667 0.4368421052631579 0.466796875 0.4536842105263158 0.4759114583333333 0.4705263157894737 0.4850260416666667 0.4747368421052632 0.4954427083333333 0.4726315789473684 0.5032552083333334 0.46842105263157896 0.5084635416666666 0.4536842105263158 0.509765625 0.4368421052631579 0.5084635416666666 0.41789473684210526 0.501953125 0.3968421052631579
3 0.4615885416666667 0.6726315789473685 0.470703125 0.6810526315789474 0.478515625 0.6789473684210526 0.486328125 0.6726315789473685 0.498046875 0.651578947368421 0.501953125 0.6326315789473684 0.5032552083333334 0.6094736842105263 0.501953125 0.5905263157894737 0.4967447916666667 0.5736842105263158 0.4928385416666667 0.5589473684210526 0.490234375 0.5463157894736842 0.490234375 0.5336842105263158 0.4928385416666667 0.5189473684210526 0.4967447916666667 0.5021052631578947 0.5032552083333334 0.4831578947368421 0.509765625 0.4663157894736842 0.5123697916666666 0.4431578947368421 0.5149739583333334 0.41789473684210526 0.5071614583333334 0.39263157894736844 0.5006510416666666 0.36947368421052634 0.4889322916666667 0.3589473684210526 0.4837239583333333 0.33789473684210525 0.486328125 0.3231578947368421 0.4915364583333333 0.3105263157894737 0.4954427083333333 0.2810526315789474 0.4967447916666667 0.26210526315789473 0.4915364583333333 0.24947368421052632 0.478515625 0.24947368421052632 0.4694010416666667 0.24947368421052632 0.4641927083333333 0.2578947368421053 0.4524739583333333 0.27052631578947367 0.4420572916666667 0.2789473684210526 0.4290364583333333 0.30842105263157893 0.4147135416666667 0.33157894736842103 0.404296875 0.34842105263157896 0.392578125 0.3778947368421053 0.384765625 0.4010526315789474 0.3821614583333333 0.42 0.404296875 0.4557894736842105 0.4147135416666667 0.4831578947368421 0.423828125 0.5147368421052632 0.4251302083333333 0.531578947368421 0.4225260416666667 0.5589473684210526 0.419921875 0.5863157894736842 0.4186197916666667 0.611578947368421 0.427734375 0.6263157894736842 0.4368489583333333 0.6347368421052632 0.4485677083333333 0.6473684210526316 0.4563802083333333 0.6642105263157895 0.4615885416666667 0.6726315789473685
8 0.330078125 0.3778947368421053 0.330078125 0.3821052631578947 0.333984375 0.3863157894736842 0.3365885416666667 0.3821052631578947 0.3365885416666667 0.3757894736842105 0.3326822916666667 0.3757894736842105 0.330078125 0.3778947368421053
8 0.3717447916666667 0.4094736842105263 0.369140625 0.4073684210526316 0.369140625 0.41578947368421054 0.373046875 0.41789473684210526 0.3756510416666667 0.41368421052631577 0.3743489583333333 0.4094736842105263 0.3717447916666667 0.4094736842105263
8 0.3561197916666667 0.3968421052631579 0.3548177083333333 0.4031578947368421 0.3600260416666667 0.4010526315789474 0.3626302083333333 0.3968421052631579 0.3600260416666667 0.39263157894736844 0.357421875 0.39263157894736844 0.3561197916666667 0.3968421052631579
8 0.3470052083333333 0.38842105263157894 0.3470052083333333 0.3968421052631579 0.3509114583333333 0.3968421052631579 0.353515625 0.39473684210526316 0.3522135416666667 0.38842105263157894 0.349609375 0.38842105263157894 0.3470052083333333 0.38842105263157894
8 0.3287760416666667 0.39263157894736844 0.333984375 0.39473684210526316 0.3326822916666667 0.39052631578947367 0.330078125 0.3863157894736842 0.326171875 0.38842105263157894 0.3287760416666667 0.39263157894736844
8 0.3248697916666667 0.38421052631578945 0.3235677083333333 0.38842105263157894 0.333984375 0.39473684210526316 0.333984375 0.39052631578947367 0.330078125 0.38842105263157894 0.3274739583333333 0.38421052631578945 0.3248697916666667 0.38421052631578945
5 0.2962239583333333 0.21578947368421053 0.294921875 0.19052631578947368 0.294921875 0.16105263157894736 0.294921875 0.13578947368421052 0.2962239583333333 0.11263157894736842 0.2962239583333333 0.09789473684210526 0.2962239583333333 0.08947368421052632 0.291015625 0.08736842105263158 0.2845052083333333 0.09578947368421052 0.279296875 0.10842105263157895 0.2779947916666667 0.12947368421052632 0.2766927083333333 0.15473684210526314 0.2779947916666667 0.18421052631578946 0.2779947916666667 0.20526315789473684 0.279296875 0.22421052631578947 0.2805989583333333 0.2431578947368421 0.2819010416666667 0.26421052631578945 0.283203125 0.27473684210526317 0.2858072916666667 0.28526315789473683 0.287109375 0.2873684210526316 0.2923177083333333 0.2831578947368421 0.2936197916666667 0.2768421052631579 0.294921875 0.26842105263157895 0.294921875 0.2431578947368421 0.2962239583333333 0.21578947368421053
5 0.3326822916666667 0.4936842105263158 0.3092447916666667 0.46842105263157896 0.291015625 0.45789473684210524 0.2701822916666667 0.4557894736842105 0.24283854166666666 0.46210526315789474 0.224609375 0.48105263157894734 0.220703125 0.5063157894736842 0.22721354166666666 0.5421052631578948 0.23763020833333334 0.5715789473684211 0.255859375 0.5905263157894737 0.2819010416666667 0.6094736842105263 0.3040364583333333 0.6178947368421053 0.318359375 0.6136842105263158 0.3430989583333333 0.5989473684210527 0.3548177083333333 0.5715789473684211 0.3561197916666667 0.5484210526315789 0.349609375 0.5210526315789473 0.3326822916666667 0.4936842105263158
8 0.470703125 0.27263157894736845 0.4615885416666667 0.26421052631578945 0.4576822916666667 0.2831578947368421 0.458984375 0.3105263157894737 0.4524739583333333 0.33789473684210525 0.4381510416666667 0.3736842105263158 0.4186197916666667 0.4052631578947368 0.3834635416666667 0.4073684210526316 0.3743489583333333 0.41789473684210526 0.3860677083333333 0.44105263157894736 0.4069010416666667 0.4663157894736842 0.4225260416666667 0.5168421052631579 0.423828125 0.5484210526315789 0.423828125 0.588421052631579 0.4368489583333333 0.6031578947368421 0.4524739583333333 0.6094736842105263 0.466796875 0.5989473684210527 0.474609375 0.5926315789473684 0.4654947916666667 0.5757894736842105 0.458984375 0.5568421052631579 0.458984375 0.5210526315789473 0.458984375 0.4789473684210526 0.4680989583333333 0.4536842105263158 0.4641927083333333 0.41368421052631577 0.4654947916666667 0.36736842105263157 0.4733072916666667 0.34 0.4915364583333333 0.31473684210526315 0.498046875 0.27473684210526317 0.4876302083333333 0.27052631578947367 0.474609375 0.30842105263157893 0.470703125 0.27263157894736845
0 0.4498697916666667 0.2831578947368421 0.4602864583333333 0.26842105263157895 0.4694010416666667 0.26 0.4876302083333333 0.25157894736842107 0.4837239583333333 0.2431578947368421 0.4615885416666667 0.24736842105263157 0.4381510416666667 0.28526315789473683 0.3990885416666667 0.3568421052631579 0.365234375 0.4242105263157895 0.369140625 0.4326315789473684 0.3834635416666667 0.42210526315789476 0.4108072916666667 0.3589473684210526 0.435546875 0.3126315789473684 0.4498697916666667 0.2831578947368421