8 0.8127177700348432 0.5862470862470862 0.8214285714285714 0.493006993006993 0.8127177700348432 0.46736596736596736 0.804006968641115 0.46736596736596736 0.7813588850174216 0.46503496503496505 0.7761324041811847 0.4766899766899767 0.7796167247386759 0.5023310023310024 0.7796167247386759 0.5209790209790209 0.7813588850174216 0.5699300699300699 0.774390243902439 0.6258741258741258 0.774390243902439 0.6468531468531469 0.774390243902439 0.6655011655011654 0.7674216027874564 0.6911421911421911 0.7674216027874564 0.7144522144522144 0.7848432055749129 0.6748251748251748 0.8022648083623694 0.6631701631701632 0.8127177700348432 0.5862470862470862
8 0.6576655052264808 0.36713286713286714 0.6559233449477352 0.36013986013986016 0.6559233449477352 0.34615384615384615 0.6524390243902439 0.3321678321678322 0.6472125435540069 0.32517482517482516 0.6385017421602788 0.3135198135198135 0.6315331010452961 0.31585081585081587 0.6332752613240418 0.3275058275058275 0.6385017421602788 0.3298368298368298 0.6454703832752613 0.3368298368298368 0.6437282229965157 0.34382284382284384 0.6437282229965157 0.3531468531468531 0.6385017421602788 0.3554778554778555 0.6332752613240418 0.3531468531468531 0.6315331010452961 0.34615384615384615 0.6280487804878049 0.3368298368298368 0.6210801393728222 0.3275058275058275 0.6158536585365854 0.3275058275058275 0.617595818815331 0.3321678321678322 0.622822299651568 0.3414918414918415 0.6297909407665505 0.3554778554778555 0.6350174216027874 0.36713286713286714 0.6402439024390244 0.3787878787878788 0.6489547038327527 0.3787878787878788 0.6524390243902439 0.3764568764568765 0.6576655052264808 0.36713286713286714
8 0.75 0.4417249417249417 0.7482578397212544 0.4324009324009324 0.7412891986062717 0.4324009324009324 0.7395470383275261 0.44638694638694637 0.7378048780487805 0.46503496503496505 0.7378048780487805 0.479020979020979 0.75 0.47435897435897434 0.7482578397212544 0.458041958041958 0.75 0.4417249417249417
8 0.5740418118466899 0.34615384615384615 0.5705574912891986 0.3344988344988345 0.568815331010453 0.3181818181818182 0.5705574912891986 0.30652680652680653 0.5705574912891986 0.2948717948717949 0.5722996515679443 0.28321678321678323 0.568815331010453 0.2668997668997669 0.563588850174216 0.2668997668997669 0.5601045296167247 0.2668997668997669 0.5601045296167247 0.2738927738927739 0.5601045296167247 0.28088578088578087 0.5601045296167247 0.2925407925407925 0.5583623693379791 0.3041958041958042 0.5548780487804879 0.3041958041958042 0.5513937282229965 0.2972027972027972 0.5461672473867596 0.28088578088578087 0.5426829268292683 0.2692307692307692 0.5304878048780488 0.25990675990675993 0.5287456445993032 0.26456876456876455 0.5322299651567944 0.2762237762237762 0.5374564459930313 0.2948717948717949 0.5426829268292683 0.3111888111888112 0.544425087108014 0.32051282051282054 0.5461672473867596 0.32517482517482516 0.5496515679442509 0.3321678321678322 0.5531358885017421 0.33916083916083917 0.5548780487804879 0.34615384615384615 0.5583623693379791 0.3531468531468531 0.5583623693379791 0.36247086247086246 0.5601045296167247 0.36946386946386944 0.5705574912891986 0.36013986013986016 0.5740418118466899 0.3554778554778555 0.5740418118466899 0.34615384615384615
8 0.544425087108014 0.3717948717948718 0.5496515679442509 0.3787878787878788 0.5583623693379791 0.39044289044289043 0.5583623693379791 0.38578088578088576 0.5548780487804879 0.3811188811188811 0.5461672473867596 0.36247086247086246 0.5409407665505227 0.3484848484848485 0.5374564459930313 0.34382284382284384 0.5270034843205574 0.3368298368298368 0.5270034843205574 0.33916083916083917 0.5339721254355401 0.3531468531468531 0.5409407665505227 0.36713286713286714 0.544425087108014 0.3717948717948718
5 0.5531358885017421 0.8076923076923077 0.5409407665505227 0.8403263403263403 0.5374564459930313 0.8776223776223776 0.544425087108014 0.8916083916083916 0.5513937282229965 0.8939393939393939 0.563588850174216 0.8986013986013986 0.5775261324041812 0.8986013986013986 0.6036585365853658 0.8986013986013986 0.6141114982578397 0.8916083916083916 0.622822299651568 0.8682983682983683 0.6332752613240418 0.8123543123543123 0.6315331010452961 0.7750582750582751 0.6280487804878049 0.747086247086247 0.617595818815331 0.7354312354312355 0.6106271777003485 0.7237762237762237 0.6054006968641115 0.6958041958041958 0.5897212543554007 0.6911421911421911 0.5810104529616724 0.7331002331002331 0.568815331010453 0.7494172494172494 0.5531358885017421 0.8076923076923077
3 0.4155052264808362 0.837995337995338 0.3998257839721254 0.8403263403263403 0.3858885017421603 0.8286713286713286 0.3702090592334495 0.7983682983682984 0.36846689895470386 0.7773892773892774 0.3614982578397213 0.7191142191142191 0.3510452961672474 0.7121212121212122 0.3440766550522648 0.7261072261072261 0.3353658536585366 0.7494172494172494 0.3353658536585366 0.7703962703962703 0.33885017421602787 0.803030303030303 0.3405923344947735 0.8193473193473193 0.34930313588850176 0.8519813519813519 0.3614982578397213 0.8869463869463869 0.38414634146341464 0.8962703962703963 0.40505226480836237 0.8846153846153846 0.42247386759581884 0.8752913752913752 0.4346689895470383 0.8613053613053613 0.4294425087108014 0.837995337995338 0.4155052264808362 0.837995337995338
0 0.563588850174216 0.4533799533799534 0.5670731707317073 0.513986013986014 0.5496515679442509 0.5955710955710956 0.5200348432055749 0.7167832167832168 0.509581881533101 0.754079254079254 0.47473867595818814 0.865967365967366 0.44860627177700346 0.9452214452214452 0.4381533101045296 0.9638694638694638 0.4294425087108014 0.9755244755244755 0.4172473867595819 0.9965034965034965 0.4294425087108014 0.9988344988344988 0.45557491289198604 0.9545454545454546 0.49390243902439024 0.8636363636363636 0.5304878048780488 0.7494172494172494 0.5531358885017421 0.6631701631701632 0.5705574912891986 0.5955710955710956 0.5844947735191638 0.527972027972028 0.5862369337979094 0.46736596736596736 0.568815331010453 0.41375291375291373 0.4834494773519164 0.2668997668997669 0.44337979094076657 0.18997668997668998 0.42421602787456447 0.16200466200466201 0.4137630662020906 0.155011655011655 0.40853658536585363 0.15967365967365968 0.42421602787456447 0.17832167832167833 0.46777003484320556 0.2715617715617716 0.5252613240418118 0.38344988344988346 0.563588850174216 0.4533799533799534
0 0.6402439024390244 0.4254079254079254 0.6506968641114983 0.47202797202797203 0.6454703832752613 0.5512820512820513 0.6385017421602788 0.6048951048951049 0.6297909407665505 0.6375291375291375 0.6158536585365854 0.6515151515151515 0.6054006968641115 0.6981351981351981 0.5862369337979094 0.6934731934731935 0.5810104529616724 0.7284382284382285 0.6054006968641115 0.7284382284382285 0.6245644599303136 0.7447552447552448 0.6245644599303136 0.7214452214452215 0.6297909407665505 0.6748251748251748 0.6350174216027874 0.6585081585081585 0.6454703832752613 0.6468531468531469 0.6506968641114983 0.6118881118881119 0.6576655052264808 0.548951048951049 0.6594076655052264 0.47435897435897434 0.6594076655052264 0.42773892773892774 0.6402439024390244 0.3881118881118881 0.5897212543554007 0.33916083916083917 0.5984320557491289 0.2738927738927739 0.5775261324041812 0.2715617715617716 0.5757839721254355 0.3531468531468531 0.6036585365853658 0.3741258741258741 0.6263066202090593 0.4020979020979021 0.6402439024390244 0.4254079254079254
8 0.7064459930313589 0.49533799533799533 0.7134146341463414 0.5606060606060606 0.7064459930313589 0.5792540792540792 0.695993031358885 0.6118881118881119 0.7168989547038328 0.6212121212121212 0.7221254355400697 0.5722610722610723 0.7290940766550522 0.5116550116550117 0.7273519163763066 0.4976689976689977 0.7064459930313589 0.49533799533799533
8 0.5844947735191638 0.2902097902097902 0.6315331010452961 0.32284382284382285 0.6106271777003485 0.2878787878787879 0.587979094076655 0.2738927738927739 0.5844947735191638 0.2902097902097902
8 0.622822299651568 0.8869463869463869 0.6245644599303136 0.8939393939393939 0.6332752613240418 0.8939393939393939 0.6541811846689896 0.817016317016317 0.6454703832752613 0.817016317016317 0.622822299651568 0.8869463869463869