3 0.1950261780104712 0.5391498881431768 0.21335078534031413 0.5033557046979866 0.2486910994764398 0.5078299776286354 0.3023560209424084 0.5637583892617449 0.33507853403141363 0.610738255033557 0.3193717277486911 0.6442953020134228 0.21335078534031413 0.5861297539149888
0 0.3468586387434555 0.6666666666666666 0.3612565445026178 0.6174496644295302 0.3782722513089005 0.5570469798657718 0.40445026178010474 0.49440715883668906 0.44502617801047123 0.4116331096196868 0.4607329842931937 0.4720357941834452 0.4986910994764398 0.5145413870246085 0.5222513089005235 0.5615212527964206 0.4895287958115183 0.5592841163310962 0.4581151832460733 0.5436241610738255 0.4201570680628272 0.5704697986577181 0.3992146596858639 0.6442953020134228 0.39528795811518325 0.727069351230425 0.3612565445026178 0.70917225950783 0.3416230366492147 0.6957494407158836
3 0.168848167539267 0.3400447427293065 0.20157068062827224 0.34675615212527966 0.21335078534031413 0.3982102908277405 0.22905759162303665 0.4519015659955257 0.2238219895287958 0.4966442953020134 0.20287958115183247 0.5033557046979866 0.18586387434554974 0.47651006711409394 0.17146596858638743 0.42953020134228187 0.16361256544502617 0.3870246085011186
3 0.5013089005235603 0.5458612975391499 0.506544502617801 0.5324384787472036 0.5130890052356021 0.5123042505592841 0.5261780104712042 0.5145413870246085 0.5274869109947644 0.5436241610738255 0.5209424083769634 0.5659955257270693 0.5170157068062827 0.5883668903803132 0.5052356020942408 0.5637583892617449
6 0.4214659685863874 0.48322147651006714 0.42539267015706805 0.4697986577181208 0.43455497382198954 0.4742729306487696 0.43717277486910994 0.49440715883668906 0.4397905759162304 0.5190156599552572 0.4306282722513089 0.5100671140939598
6 0.5523560209424084 0.6666666666666666 0.5589005235602095 0.6711409395973155 0.5589005235602095 0.6845637583892618 0.5523560209424084 0.680089485458613
8 0.5942408376963351 0.5637583892617449 0.6020942408376964 0.5548098434004475 0.6217277486910995 0.5592841163310962 0.6164921465968587 0.5659955257270693 0.6047120418848168 0.5637583892617449
3 0.7342931937172775 0.8456375838926175 0.743455497382199 0.8299776286353467 0.7539267015706806 0.8232662192393736 0.7617801047120419 0.8210290827740492 0.774869109947644 0.8008948545861297 0.7918848167539267 0.7874720357941835 0.81282722513089 0.7941834451901566 0.8350785340314136 0.8344519015659956 0.7879581151832461 0.8411633109619687 0.7591623036649214 0.8456375838926175
6 0.6492146596858639 0.8970917225950783 0.6636125654450262 0.8993288590604027 0.6819371727748691 0.8993288590604027 0.6740837696335078 0.9060402684563759 0.6596858638743456 0.9082774049217002
3 0.33507853403141363 0.6085011185682326 0.3416230366492147 0.5883668903803132 0.35602094240837695 0.6129753914988815 0.3481675392670157 0.639821029082774 0.3337696335078534 0.6353467561521253 0.32460732984293195 0.6286353467561522
8 0.3416230366492147 0.5503355704697986 0.3494764397905759 0.5525727069351231 0.35209424083769636 0.5659955257270693 0.34293193717277487 0.5615212527964206
8 0.3743455497382199 0.5145413870246085 0.3756544502617801 0.5033557046979866 0.38089005235602097 0.5033557046979866 0.3887434554973822 0.4854586129753915 0.4005235602094241 0.48322147651006714 0.39659685863874344 0.5033557046979866 0.3730366492146597 0.5704697986577181 0.36910994764397903 0.5794183445190156 0.3612565445026178 0.5659955257270693 0.36387434554973824 0.5480984340044742 0.36910994764397903 0.5391498881431768 0.3756544502617801 0.5369127516778524
0 0.24476439790575916 0.6062639821029083 0.24214659685863874 0.5794183445190156 0.24607329842931938 0.5324384787472036 0.2342931937172775 0.49217002237136465 0.23167539267015708 0.43400447427293065 0.2395287958115183 0.3378076062639821 0.2617801047120419 0.2751677852348993 0.49214659685863876 0.32662192393736017 0.46596858638743455 0.37583892617449666 0.4306282722513089 0.4451901565995526 0.40575916230366493 0.49217002237136465 0.3743455497382199 0.5749440715883669 0.35340314136125656 0.6465324384787472 0.34554973821989526 0.668903803131991
3 0.4489528795811518 0.40939597315436244 0.43586387434554974 0.4407158836689038 0.43455497382198954 0.4720357941834452 0.4476439790575916 0.48769574944071586 0.46335078534031415 0.4809843400447427 0.4790575916230366 0.4697986577181208 0.49345549738219896 0.44966442953020136 0.49214659685863876 0.42058165548098436 0.4803664921465969 0.40939597315436244 0.4620418848167539 0.40939597315436244