8 0.46345811051693403 0.617363344051447 0.464349376114082 0.6093247588424437 0.4732620320855615 0.6045016077170418 0.4768270944741533 0.6012861736334405 0.48484848484848486 0.594855305466238 0.4919786096256685 0.5916398713826366 0.5017825311942959 0.5836012861736335 0.5106951871657754 0.5771704180064309 0.5204991087344029 0.5771704180064309 0.516042780748663 0.5852090032154341 0.5071301247771836 0.5916398713826366 0.5035650623885918 0.594855305466238 0.5 0.6028938906752411 0.49554367201426025 0.612540192926045 0.49019607843137253 0.6221864951768489 0.4857397504456328 0.6237942122186495 0.4768270944741533 0.6286173633440515 0.47058823529411764 0.6318327974276527 0.46345811051693403 0.6334405144694534 0.4563279857397504 0.6382636655948553 0.45187165775401067 0.6463022508038585 0.44919786096256686 0.6430868167202572 0.45187165775401067 0.635048231511254 0.4554367201426025 0.6302250803858521 0.45989304812834225 0.6254019292604501
8 0.5739750445632799 0.7315112540192926 0.5775401069518716 0.72508038585209 0.5802139037433155 0.7282958199356914 0.5837789661319073 0.7218649517684887 0.589126559714795 0.7106109324758842 0.5935828877005348 0.7154340836012861 0.5989304812834224 0.7234726688102894 0.6033868092691622 0.7170418006430869 0.606951871657754 0.72508038585209 0.6105169340463458 0.7218649517684887 0.6176470588235294 0.7122186495176849 0.6212121212121212 0.7057877813504824 0.6265597147950089 0.6961414790996785 0.6310160427807486 0.6913183279742765 0.6363636363636364 0.6816720257234726 0.6408199643493762 0.684887459807074 0.6417112299465241 0.6768488745980707 0.6417112299465241 0.6655948553054662 0.6399286987522281 0.657556270096463 0.6381461675579323 0.6479099678456591 0.6354723707664884 0.6382636655948553 0.6292335115864528 0.6270096463022508 0.6256684491978609 0.6189710610932476 0.6221033868092691 0.6302250803858521 0.6167557932263814 0.6430868167202572 0.6140819964349377 0.6527331189710611 0.6114081996434938 0.662379421221865 0.6051693404634582 0.6720257234726688 0.5998217468805704 0.680064308681672 0.5971479500891266 0.6832797427652733 0.5909090909090909 0.6913183279742765 0.589126559714795 0.6897106109324759 0.5900178253119429 0.6832797427652733 0.5918003565062389 0.6720257234726688 0.5926916221033868 0.657556270096463 0.5935828877005348 0.6527331189710611 0.5935828877005348 0.639871382636656 0.5953654188948306 0.6286173633440515 0.5989304812834224 0.6141479099678456 0.5962566844919787 0.6061093247588425 0.5882352941176471 0.6077170418006431 0.5811051693404634 0.6141479099678456 0.5748663101604278 0.6205787781350482 0.5686274509803921 0.6270096463022508 0.5650623885918004 0.6318327974276527 0.5597147950089126 0.6382636655948553 0.5579322638146168 0.6430868167202572 0.551693404634581 0.657556270096463 0.5561497326203209 0.6639871382636656 0.5614973262032086 0.6704180064308681 0.5659536541889483 0.680064308681672 0.5659536541889483 0.6864951768488746 0.5668449197860963 0.6961414790996785 0.5650623885918004 0.7041800643086816 0.5632798573975044 0.7154340836012861 0.5614973262032086 0.7234726688102894 0.5641711229946524 0.7315112540192926 0.5659536541889483 0.7443729903536977 0.5677361853832442 0.7508038585209004 0.5686274509803921 0.7572347266881029 0.5704099821746881 0.7620578778135049 0.5748663101604278 0.7636655948553055 0.5757575757575758 0.7572347266881029 0.5739750445632799 0.752411575562701 0.5739750445632799 0.7427652733118971
8 0.5133689839572193 0.5305466237942122 0.5169340463458111 0.5289389067524116 0.5204991087344029 0.5273311897106109 0.5231729055258467 0.5273311897106109 0.5213903743315508 0.5305466237942122 0.517825311942959 0.5337620578778135 0.5151515151515151 0.5353697749196141 0.5133689839572193 0.5369774919614148 0.5115864527629234 0.5385852090032154 0.5098039215686274 0.5401929260450161 0.5071301247771836 0.5385852090032154 0.5062388591800356 0.5353697749196141 0.5053475935828877 0.5321543408360129 0.5071301247771836 0.5305466237942122 0.5089126559714795 0.5321543408360129 0.5106951871657754 0.5321543408360129
8 0.6140819964349377 0.41961414790996787 0.6105169340463458 0.41961414790996787 0.6096256684491979 0.4212218649517685 0.6105169340463458 0.42443729903536975 0.6122994652406417 0.42443729903536975 0.6140819964349377 0.4228295819935691
8 0.5311942959001783 0.5627009646302251 0.5285204991087344 0.5578778135048231 0.5231729055258467 0.5530546623794212 0.5222816399286988 0.5562700964630225 0.5258467023172906 0.5610932475884244 0.5276292335115864 0.5643086816720257 0.5303030303030303 0.5659163987138264
8 0.4474153297682709 0.657556270096463 0.4393939393939394 0.662379421221865 0.43137254901960786 0.6672025723472669 0.428698752228164 0.6704180064308681 0.43404634581105167 0.6704180064308681 0.4376114081996435 0.6688102893890675 0.44385026737967914 0.6672025723472669 0.44919786096256686 0.6639871382636656 0.4536541889483066 0.6607717041800643 0.45187165775401067 0.657556270096463
8 0.3877005347593583 0.6864951768488746 0.3841354723707665 0.6881028938906752 0.3805704099821747 0.6897106109324759 0.3761140819964349 0.6913183279742765 0.3770053475935829 0.6945337620578779 0.3805704099821747 0.6929260450160771 0.3841354723707665 0.6929260450160771 0.3868092691622103 0.6929260450160771 0.39037433155080214 0.6913183279742765 0.39215686274509803 0.6897106109324759 0.39215686274509803 0.6864951768488746 0.39037433155080214 0.6864951768488746
8 0.28609625668449196 0.9003215434083601 0.2825311942959002 0.9003215434083601 0.2789661319073084 0.9003215434083601 0.2789661319073084 0.905144694533762 0.2816399286987522 0.9067524115755627 0.28520499108734404 0.909967845659164 0.2878787878787879 0.9115755627009646 0.2896613190730838 0.909967845659164 0.2914438502673797 0.9067524115755627 0.2887700534759358 0.9035369774919614
8 0.5721925133689839 0.8906752411575563 0.5686274509803921 0.8954983922829582 0.5677361853832442 0.905144694533762 0.5668449197860963 0.9147909967845659 0.5704099821746881 0.9147909967845659 0.5721925133689839 0.9067524115755627 0.5730837789661319 0.8971061093247589
8 0.5320855614973262 0.8617363344051447 0.5294117647058824 0.8617363344051447 0.5267379679144385 0.8665594855305466 0.5276292335115864 0.8713826366559485 0.5303030303030303 0.8729903536977492 0.533868092691622 0.864951768488746
0 0.14260249554367202 0.3762057877813505 0.29233511586452765 0.3440514469453376 0.3137254901960784 0.3360128617363344 0.3627450980392157 0.319935691318328 0.4269162210338681 0.2861736334405145 0.4750445632798574 0.25562700964630225 0.5401069518716578 0.21221864951768488 0.5320855614973262 0.2315112540192926 0.43672014260249553 0.3054662379421222 0.38235294117647056 0.3392282958199357 0.3600713012477718 0.3504823151125402 0.29411764705882354 0.37138263665594856 0.19162210338680927 0.3842443729903537 0.14171122994652408 0.3858520900321543