4 0.33 0.8862275449101796 0.36 0.8882235528942116 0.38222222222222224 0.8862275449101796 0.40555555555555556 0.8802395209580839 0.42 0.8782435129740519 0.4222222222222222 0.8662674650698603 0.39222222222222225 0.872255489021956 0.36666666666666664 0.874251497005988 0.3411111111111111 0.8782435129740519 0.33 0.8862275449101796
8 0.4311111111111111 0.6686626746506986 0.44222222222222224 0.6646706586826348 0.4488888888888889 0.656686626746507 0.4477777777777778 0.6487025948103793 0.43555555555555553 0.654690618762475 0.42444444444444446 0.6586826347305389 0.4166666666666667 0.6806387225548902 0.4311111111111111 0.6686626746506986
8 0.3655555555555556 0.7025948103792415 0.37777777777777777 0.6846307385229541 0.3888888888888889 0.6826347305389222 0.39111111111111113 0.6706586826347305 0.3788888888888889 0.6726546906187625 0.3688888888888889 0.6786427145708582 0.36 0.6866267465069861 0.3655555555555556 0.7025948103792415
8 0.5211111111111111 0.6666666666666666 0.5077777777777778 0.6666666666666666 0.5122222222222222 0.6746506986027944 0.5177777777777778 0.6786427145708582 0.5211111111111111 0.6666666666666666
8 0.48333333333333334 0.6866267465069861 0.4711111111111111 0.6966067864271457 0.4777777777777778 0.6986027944111777 0.48777777777777775 0.6926147704590818 0.48333333333333334 0.6866267465069861
0 0.63 0.48902195608782434 0.6222222222222222 0.5069860279441117 0.6266666666666667 0.5149700598802395 0.6333333333333333 0.5129740518962076 0.63 0.48902195608782434
8 0.6411111111111111 0.6327345309381237 0.6455555555555555 0.6187624750499002 0.6466666666666666 0.5968063872255489 0.6455555555555555 0.6087824351297405 0.6377777777777778 0.6207584830339321 0.6411111111111111 0.6327345309381237
8 0.7611111111111111 0.4530938123752495 0.7677777777777778 0.43912175648702595 0.7666666666666667 0.42115768463073855 0.7622222222222222 0.41916167664670656 0.7533333333333333 0.437125748502994 0.7444444444444445 0.45109780439121755 0.7622222222222222 0.43313373253493015 0.7611111111111111 0.4530938123752495
8 0.7277777777777777 0.5568862275449101 0.7411111111111112 0.5469061876247505 0.73 0.5409181636726547 0.7266666666666667 0.5289421157684631 0.7188888888888889 0.5389221556886228 0.72 0.5528942115768463 0.7122222222222222 0.5708582834331337 0.7277777777777777 0.5568862275449101
8 0.6744444444444444 0.624750499001996 0.6722222222222223 0.6127744510978044 0.6666666666666666 0.6187624750499002 0.6744444444444444 0.624750499001996
8 0.6633333333333333 0.6187624750499002 0.6811111111111111 0.6327345309381237 0.6733333333333333 0.6227544910179641 0.6633333333333333 0.6187624750499002
8 0.7622222222222222 0.48303393213572854 0.7544444444444445 0.49101796407185627 0.7422222222222222 0.5049900199600799 0.7555555555555555 0.5049900199600799 0.7622222222222222 0.48303393213572854
8 0.6611111111111111 0.5708582834331337 0.6766666666666666 0.5828343313373253 0.6711111111111111 0.5708582834331337 0.6611111111111111 0.5708582834331337
8 0.6833333333333333 0.5429141716566867 0.6911111111111111 0.5449101796407185 0.6888888888888889 0.5289421157684631 0.6833333333333333 0.5429141716566867
8 0.8222222222222222 0.41916167664670656 0.8111111111111111 0.4111776447105788 0.8055555555555556 0.4251497005988024 0.8133333333333334 0.42714570858283435 0.8222222222222222 0.41916167664670656
8 0.7488888888888889 0.5229540918163673 0.76 0.5249500998003992 0.7566666666666667 0.5129740518962076 0.7488888888888889 0.5229540918163673
8 0.31555555555555553 0.6946107784431138 0.3188888888888889 0.7225548902195609 0.31 0.7245508982035929 0.33 0.7345309381237525 0.3388888888888889 0.7405189620758483 0.35 0.7325349301397206 0.3433333333333333 0.7145708582834331 0.3511111111111111 0.6986027944111777 0.3333333333333333 0.6966067864271457 0.31555555555555553 0.6946107784431138
6 0.4488888888888889 0.7884231536926147 0.44555555555555554 0.782435129740519 0.44222222222222224 0.7784431137724551 0.43777777777777777 0.7724550898203593 0.43333333333333335 0.7684630738522954 0.4255555555555556 0.7664670658682635 0.41888888888888887 0.7684630738522954 0.4122222222222222 0.7684630738522954 0.4111111111111111 0.7744510978043913 0.4255555555555556 0.7764471057884231 0.43444444444444447 0.782435129740519 0.44333333333333336 0.7944111776447106 0.4533333333333333 0.8083832335329342 0.4533333333333333 0.7964071856287425 0.45111111111111113 0.7924151696606786 0.4488888888888889 0.7884231536926147
2 0.3288888888888889 0.6027944111776448 0.3433333333333333 0.6047904191616766 0.36666666666666664 0.6047904191616766 0.3844444444444444 0.6067864271457086 0.39666666666666667 0.6047904191616766 0.4088888888888889 0.6047904191616766 0.4122222222222222 0.6107784431137725 0.41 0.6167664670658682 0.4066666666666667 0.6287425149700598 0.41 0.6367265469061876 0.4222222222222222 0.6347305389221557 0.4444444444444444 0.624750499001996 0.4588888888888889 0.6147704590818364 0.4711111111111111 0.6007984031936128 0.4866666666666667 0.5868263473053892 0.48777777777777775 0.5788423153692615 0.5022222222222222 0.5528942115768463 0.5144444444444445 0.5369261477045908 0.5211111111111111 0.5189620758483033 0.5255555555555556 0.499001996007984 0.5266666666666666 0.4750499001996008 0.5211111111111111 0.46706586826347307 0.51 0.4630738522954092 0.49666666666666665 0.46706586826347307 0.4811111111111111 0.47904191616766467 0.4588888888888889 0.49101796407185627 0.43444444444444447 0.5069860279441117 0.4177777777777778 0.5129740518962076 0.4033333333333333 0.5209580838323353 0.38666666666666666 0.5289421157684631 0.37444444444444447 0.5349301397205589 0.3611111111111111 0.5429141716566867 0.3477777777777778 0.5528942115768463 0.33555555555555555 0.562874251497006 0.3244444444444444 0.5848303393213573 0.32 0.592814371257485 0.3233333333333333 0.6007984031936128 0.3288888888888889 0.6027944111776448
3 0.6188888888888889 0.6167664670658682 0.62 0.6347305389221557 0.62 0.6487025948103793 0.6222222222222222 0.6626746506986028 0.6288888888888889 0.6726546906187625 0.6333333333333333 0.688622754491018 0.6344444444444445 0.7005988023952096 0.63 0.7105788423153693 0.6233333333333333 0.7225548902195609 0.6322222222222222 0.720558882235529 0.6411111111111111 0.7085828343313373 0.6477777777777778 0.7045908183632734 0.6544444444444445 0.6986027944111777 0.6622222222222223 0.6906187624750499 0.6744444444444444 0.6786427145708582 0.6822222222222222 0.6726546906187625 0.6933333333333334 0.6646706586826348 0.7077777777777777 0.6487025948103793 0.7377777777777778 0.6227544910179641 0.7544444444444445 0.6027944111776448 0.77 0.5868263473053892 0.7911111111111111 0.5608782435129741 0.8111111111111111 0.5069860279441117 0.8222222222222222 0.4530938123752495 0.8311111111111111 0.39520958083832336 0.8333333333333334 0.3532934131736527 0.8333333333333334 0.313373253493014 0.8177777777777778 0.31736526946107785 0.7877777777777778 0.35129740518962077 0.7666666666666667 0.36327345309381237 0.7511111111111111 0.37524950099800397 0.7388888888888889 0.3872255489021956 0.73 0.3932135728542914 0.7144444444444444 0.40718562874251496 0.6977777777777778 0.4171656686626746 0.6844444444444444 0.42714570858283435 0.6688888888888889 0.4311377245508982 0.6633333333333333 0.437125748502994 0.6411111111111111 0.4231536926147705 0.63 0.4231536926147705 0.6222222222222222 0.4231536926147705 0.6111111111111112 0.437125748502994 0.5977777777777777 0.4471057884231537 0.5833333333333334 0.4550898203592814 0.5755555555555556 0.46706586826347307 0.5611111111111111 0.469061876247505 0.5477777777777778 0.48303393213572854 0.54 0.4930139720558882 0.5311111111111111 0.5089820359281437 0.5288888888888889 0.5249500998003992 0.5288888888888889 0.5449101796407185 0.5288888888888889 0.5608782435129741 0.53 0.5748502994011976 0.5322222222222223 0.592814371257485 0.5388888888888889 0.6087824351297405 0.5433333333333333 0.6227544910179641 0.5522222222222222 0.6127744510978044 0.5577777777777778 0.6007984031936128 0.5611111111111111 0.590818363273453 0.5711111111111111 0.5788423153692615 0.5777777777777777 0.5748502994011976 0.5833333333333334 0.5708582834331337 0.5888888888888889 0.5688622754491018 0.5988888888888889 0.5708582834331337 0.6044444444444445 0.5828343313373253 0.6111111111111112 0.592814371257485 0.6166666666666667 0.6027944111776448 0.6188888888888889 0.6167664670658682
0 0.71 0.14570858283433133 0.6955555555555556 0.1536926147704591 0.6833333333333333 0.16167664670658682 0.6677777777777778 0.18363273453093812 0.6566666666666666 0.20758483033932135 0.65 0.22554890219560877 0.6455555555555555 0.24750499001996007 0.6477777777777778 0.2634730538922156 0.6477777777777778 0.2774451097804391 0.6488888888888888 0.2934131736526946 0.6477777777777778 0.3093812375249501 0.6477777777777778 0.3333333333333333 0.6466666666666666 0.35129740518962077 0.6477777777777778 0.36926147704590817 0.6488888888888888 0.38323353293413176 0.6344444444444445 0.405189620758483 0.6388888888888888 0.4171656686626746 0.6433333333333333 0.42714570858283435 0.6433333333333333 0.4471057884231537 0.6433333333333333 0.46107784431137727 0.6433333333333333 0.47305389221556887 0.6433333333333333 0.48502994011976047 0.6422222222222222 0.500998003992016 0.6411111111111111 0.5189620758483033 0.6411111111111111 0.530938123752495 0.6388888888888888 0.5489021956087824 0.6377777777777778 0.564870259481038 0.6344444444444445 0.5808383233532934 0.6311111111111111 0.5988023952095808 0.6244444444444445 0.6167664670658682 0.6244444444444445 0.6347305389221557 0.6288888888888889 0.6487025948103793 0.6311111111111111 0.6626746506986028 0.6333333333333333 0.6866267465069861 0.6322222222222222 0.7125748502994012 0.6633333333333333 0.6906187624750499 0.6744444444444444 0.6766467065868264 0.6911111111111111 0.6626746506986028 0.7122222222222222 0.6447105788423154 0.7255555555555555 0.6327345309381237 0.7511111111111111 0.6127744510978044 0.7555555555555555 0.6047904191616766 0.7555555555555555 0.592814371257485 0.7555555555555555 0.5788423153692615 0.7555555555555555 0.562874251497006 0.7566666666666667 0.5429141716566867 0.7588888888888888 0.5329341317365269 0.7622222222222222 0.5229540918163673 0.7633333333333333 0.5129740518962076 0.7644444444444445 0.5029940119760479 0.7644444444444445 0.49500998003992014 0.7666666666666667 0.4810379241516966 0.7677777777777778 0.4630738522954092 0.7688888888888888 0.44510978043912175 0.7688888888888888 0.4351297405189621 0.7688888888888888 0.4151696606786427 0.7688888888888888 0.39520958083832336 0.7677777777777778 0.37924151696606784 0.7677777777777778 0.3652694610778443 0.7644444444444445 0.35528942115768464 0.7633333333333333 0.34530938123752497 0.7611111111111111 0.33532934131736525 0.7577777777777778 0.3253493013972056 0.7566666666666667 0.3093812375249501 0.7555555555555555 0.2954091816367265 0.7544444444444445 0.27345309381237526 0.7544444444444445 0.25948103792415167 0.7533333333333333 0.23552894211576847 0.7522222222222222 0.22355289421157684 0.7511111111111111 0.20958083832335328 0.7488888888888889 0.18962075848303392 0.7433333333333333 0.1596806387225549 0.7344444444444445 0.14171656686626746 0.7255555555555555 0.14171656686626746 0.71 0.14570858283433133
8 0.34444444444444444 0.624750499001996 0.3288888888888889 0.6307385229540918 0.3211111111111111 0.6367265469061876 0.32555555555555554 0.6526946107784432 0.3333333333333333 0.6606786427145709 0.34555555555555556 0.656686626746507 0.35555555555555557 0.6526946107784432 0.3622222222222222 0.6506986027944112 0.37333333333333335 0.6447105788423154 0.38555555555555554 0.6407185628742516 0.39666666666666667 0.6287425149700598 0.4033333333333333 0.624750499001996 0.4033333333333333 0.6087824351297405 0.38222222222222224 0.6087824351297405 0.3688888888888889 0.6087824351297405 0.35777777777777775 0.6127744510978044 0.34444444444444444 0.624750499001996
8 0.4766666666666667 0.6047904191616766 0.4666666666666667 0.624750499001996 0.4822222222222222 0.5968063872255489 0.4766666666666667 0.6047904191616766
8 0.44222222222222224 0.6327345309381237 0.43555555555555553 0.6367265469061876 0.4388888888888889 0.6467065868263473 0.45111111111111113 0.6467065868263473 0.46111111111111114 0.6447105788423154 0.46555555555555556 0.6347305389221557 0.47333333333333333 0.626746506986028 0.4777777777777778 0.6007984031936128 0.47 0.6087824351297405 0.46444444444444444 0.6167664670658682 0.4533333333333333 0.626746506986028 0.44222222222222224 0.6327345309381237
8 0.48333333333333334 0.6626746506986028 0.49444444444444446 0.6447105788423154 0.49 0.6387225548902196 0.47444444444444445 0.6506986027944112 0.48333333333333334 0.6626746506986028
8 0.42 0.6966067864271457 0.4388888888888889 0.6946107784431138 0.45111111111111113 0.6826347305389222 0.43222222222222223 0.6746506986027944 0.41888888888888887 0.6826347305389222 0.42 0.6966067864271457
8 0.46444444444444444 0.7385229540918163 0.45111111111111113 0.7564870259481038 0.4488888888888889 0.7644710578842315 0.4488888888888889 0.7744510978043913 0.45444444444444443 0.8023952095808383 0.46111111111111114 0.8163672654690619 0.47 0.7924151696606786 0.4777777777777778 0.7704590818363274 0.4888888888888889 0.7844311377245509 0.4866666666666667 0.7584830339321357 0.4855555555555556 0.7425149700598802 0.48777777777777775 0.7285429141716567 0.4888888888888889 0.718562874251497 0.4822222222222222 0.7025948103792415 0.47555555555555556 0.7065868263473054 0.4677777777777778 0.718562874251497 0.46444444444444444 0.7285429141716567 0.46444444444444444 0.7385229540918163
8 0.3655555555555556 0.7285429141716567 0.36666666666666664 0.716566866267465 0.35444444444444445 0.7085828343313373 0.34555555555555556 0.7065868263473054 0.34444444444444444 0.7325349301397206 0.35777777777777775 0.7345309381237525 0.3655555555555556 0.7285429141716567
8 0.3433333333333333 0.7704590818363274 0.35 0.7664670658682635 0.3566666666666667 0.7604790419161677 0.35777777777777775 0.7485029940119761 0.35 0.7445109780439122 0.3433333333333333 0.7524950099800399 0.3388888888888889 0.7584830339321357 0.3388888888888889 0.7684630738522954 0.3433333333333333 0.7704590818363274
8 0.49444444444444446 0.7225548902195609 0.49333333333333335 0.7504990019960079 0.49 0.7604790419161677 0.48777777777777775 0.7784431137724551 0.48444444444444446 0.7844311377245509 0.4855555555555556 0.7924151696606786 0.4922222222222222 0.7944111776447106 0.49666666666666665 0.7964071856287425 0.5011111111111111 0.7964071856287425 0.5066666666666667 0.7944111776447106 0.5222222222222223 0.7105788423153693 0.5177777777777778 0.7045908183632734 0.5111111111111111 0.7025948103792415 0.4988888888888889 0.7065868263473054 0.49444444444444446 0.7225548902195609
6 0.3188888888888889 0.6666666666666666 0.32222222222222224 0.6666666666666666 0.3244444444444444 0.6606786427145709 0.32555555555555554 0.654690618762475 0.32555555555555554 0.6467065868263473 0.3233333333333333 0.6407185628742516 0.32 0.6407185628742516 0.3211111111111111 0.6506986027944112 0.32 0.654690618762475 0.3188888888888889 0.6606786427145709 0.3188888888888889 0.6666666666666666
6 0.3011111111111111 0.7065868263473054 0.29777777777777775 0.7085828343313373 0.2966666666666667 0.7125748502994012 0.3011111111111111 0.7145708582834331 0.30444444444444446 0.7065868263473054 0.30777777777777776 0.6986027944111777 0.31 0.6926147704590818 0.31222222222222223 0.6866267465069861 0.31222222222222223 0.6806387225548902 0.3088888888888889 0.6866267465069861 0.3055555555555556 0.6946107784431138 0.30444444444444446 0.7005988023952096 0.3011111111111111 0.7065868263473054
0 0.43777777777777777 0.624750499001996 0.41444444444444445 0.6327345309381237 0.4088888888888889 0.6307385229540918 0.41444444444444445 0.6127744510978044 0.3566666666666667 0.6047904191616766 0.3322222222222222 0.6007984031936128 0.3211111111111111 0.592814371257485 0.3322222222222222 0.5688622754491018 0.35444444444444445 0.5528942115768463 0.3788888888888889 0.530938123752495 0.36 0.5209580838323353 0.31222222222222223 0.5129740518962076 0.2677777777777778 0.499001996007984 0.2288888888888889 0.48502994011976047 0.20444444444444446 0.4750499001996008 0.18555555555555556 0.4630738522954092 0.17333333333333334 0.4550898203592814 0.16555555555555557 0.4550898203592814 0.16 0.47105788423153694 0.15222222222222223 0.4930139720558882 0.14444444444444443 0.5049900199600799 0.14 0.49500998003992014 0.1322222222222222 0.5129740518962076 0.11888888888888889 0.5528942115768463 0.11888888888888889 0.6027944111776448 0.12333333333333334 0.6367265469061876 0.12555555555555556 0.6746506986027944 0.1288888888888889 0.6906187624750499 0.1288888888888889 0.716566866267465 0.12333333333333334 0.7385229540918163 0.12777777777777777 0.7584830339321357 0.1411111111111111 0.7944111776447106 0.18666666666666668 0.8343313373253493 0.25 0.8702594810379242 0.31444444444444447 0.8922155688622755 0.34444444444444444 0.9021956087824351 0.3655555555555556 0.9181636726546906 0.4077777777777778 0.9201596806387226 0.4711111111111111 0.9021956087824351 0.4911111111111111 0.874251497005988 0.5033333333333333 0.812375249500998 0.5222222222222223 0.7125748502994012 0.55 0.6187624750499002 0.49333333333333335 0.5728542914171657 0.47888888888888886 0.5888223552894212 0.45666666666666667 0.6127744510978044 0.43777777777777777 0.624750499001996
0 0.52 0.5528942115768463 0.53 0.5209580838323353 0.5388888888888889 0.48303393213572854 0.5666666666666667 0.4550898203592814 0.5822222222222222 0.42714570858283435 0.5877777777777777 0.40119760479041916 0.5855555555555556 0.37325349301397204 0.5811111111111111 0.35728542914171657 0.5733333333333334 0.3592814371257485 0.5777777777777777 0.37924151696606784 0.5722222222222222 0.40718562874251496 0.5633333333333334 0.42714570858283435 0.5433333333333333 0.45109780439121755 0.5222222222222223 0.46506986027944114 0.5155555555555555 0.48902195608782434 0.4766666666666667 0.5868263473053892 0.49333333333333335 0.592814371257485 0.5066666666666667 0.5808383233532934 0.52 0.5528942115768463