3 0.5232044198895027 0.4281496062992126 0.4966850828729282 0.46358267716535434 0.474585635359116 0.5167322834645669 0.5265193370165746 0.5679133858267716 0.5640883977900553 0.5285433070866141 0.5486187845303867 0.43799212598425197 0.5232044198895027 0.4281496062992126
3 0.5132596685082873 0.6486220472440944 0.5464088397790056 0.7470472440944882 0.5806629834254143 0.8375984251968503 0.598342541436464 0.7490157480314961 0.5773480662983426 0.6761811023622047 0.5265193370165746 0.5836614173228346 0.49116022099447515 0.5501968503937008 0.5132596685082873 0.6486220472440944
3 0.5375690607734807 0.8375984251968503 0.5464088397790056 0.8809055118110236 0.6193370165745856 0.9419291338582677 0.6193370165745856 0.8395669291338582 0.5375690607734807 0.8375984251968503
8 0.3265193370165746 0.7293307086614174 0.3320441988950276 0.7450787401574803 0.34088397790055247 0.7391732283464567 0.3342541436464088 0.7253937007874016 0.3265193370165746 0.7293307086614174
8 0.33535911602209945 0.7253937007874016 0.3419889502762431 0.7372047244094488 0.34640883977900555 0.7253937007874016 0.33535911602209945 0.7253937007874016
8 0.356353591160221 0.47539370078740156 0.3585635359116022 0.514763779527559 0.36629834254143645 0.47736220472440943 0.3607734806629834 0.44586614173228345 0.356353591160221 0.47539370078740156
8 0.3287292817679558 0.4675196850393701 0.3265193370165746 0.49901574803149606 0.3287292817679558 0.530511811023622 0.330939226519337 0.48720472440944884 0.3320441988950276 0.45570866141732286 0.3287292817679558 0.4675196850393701
6 0.42265193370165743 0.5954724409448819 0.40828729281767956 0.5895669291338582 0.40276243093922653 0.5974409448818898 0.41602209944751384 0.6112204724409449 0.4303867403314917 0.6210629921259843 0.438121546961326 0.6131889763779528 0.42265193370165743 0.5954724409448819
6 0.505524861878453 0.6958661417322834 0.5066298342541437 0.71751968503937 0.5143646408839779 0.7273622047244095 0.5298342541436464 0.7568897637795275 0.5353591160220994 0.7765748031496063 0.5375690607734807 0.7608267716535433 0.530939226519337 0.7312992125984252 0.525414364640884 0.7155511811023622 0.5209944751381216 0.6938976377952756 0.505524861878453 0.6958661417322834
8 0.474585635359116 0.6860236220472441 0.4767955801104972 0.6978346456692913 0.4845303867403315 0.7057086614173228 0.4823204419889503 0.6840551181102362 0.474585635359116 0.6860236220472441
3 0.5342541436464089 0.7746062992125984 0.5276243093922652 0.7549212598425197 0.5154696132596686 0.7293307086614174 0.5066298342541437 0.7450787401574803 0.5121546961325967 0.7568897637795275 0.519889502762431 0.780511811023622 0.5342541436464089 0.7746062992125984
8 0.4458563535911602 0.4005905511811024 0.4535911602209945 0.4045275590551181 0.4591160220994475 0.3986220472440945 0.46353591160220997 0.3828740157480315 0.4613259668508287 0.375 0.45469613259668507 0.38484251968503935 0.4480662983425414 0.390748031496063 0.438121546961326 0.39468503937007876 0.4292817679558011 0.39665354330708663 0.4458563535911602 0.4005905511811024
0 0.5762430939226519 0.375 0.5696132596685083 0.3001968503937008 0.5662983425414365 0.2312992125984252 0.5629834254143646 0.15649606299212598 0.5629834254143646 0.09744094488188976 0.561878453038674 0.060039370078740155 0.5629834254143646 0.03051181102362205 0.5629834254143646 0.010826771653543307 0.5519337016574586 0.012795275590551181 0.5486187845303867 0.07381889763779527 0.5519337016574586 0.21948818897637795 0.5574585635359116 0.30413385826771655 0.5607734806629834 0.35334645669291337 0.5651933701657459 0.406496062992126 0.5729281767955801 0.4655511811023622 0.5795580110497237 0.49901574803149606 0.5883977900552486 0.5265748031496063 0.6016574585635359 0.562007874015748 0.6082872928176796 0.5423228346456693 0.5939226519337016 0.5029527559055118 0.5850828729281768 0.43799212598425197 0.5762430939226519 0.375
0 0.6336910331491712 0 0.6325966850828729 0.10137795275590551 0.638121546961326 0.11515748031496063 0.6419239513812155 0 0.6336910331491712 0