8 0.3893280632411067 0.11780104712041885 0.391304347826087 0.1256544502617801 0.39920948616600793 0.1256544502617801 0.39920948616600793 0.11780104712041885 0.391304347826087 0.112565445026178 0.3893280632411067 0.11780104712041885
8 0.38537549407114624 0.10209424083769633 0.38735177865612647 0.1099476439790576 0.3932806324110672 0.10471204188481675 0.39723320158102765 0.09424083769633508 0.3893280632411067 0.0968586387434555 0.38537549407114624 0.10209424083769633
8 0.37351778656126483 0.12827225130890052 0.3675889328063241 0.13350785340314136 0.3577075098814229 0.13612565445026178 0.34782608695652173 0.14136125654450263 0.3616600790513834 0.14397905759162305 0.37351778656126483 0.1387434554973822 0.3814229249011858 0.13350785340314136 0.383399209486166 0.12041884816753927 0.37351778656126483 0.12827225130890052
8 0.35968379446640314 0.0968586387434555 0.3577075098814229 0.1099476439790576 0.35177865612648224 0.112565445026178 0.34980237154150196 0.12041884816753927 0.3577075098814229 0.1256544502617801 0.36363636363636365 0.12827225130890052 0.3715415019762846 0.12041884816753927 0.3715415019762846 0.11518324607329843 0.3695652173913043 0.10732984293193717 0.3695652173913043 0.0968586387434555 0.35968379446640314 0.0968586387434555
8 0.3458498023715415 0.09947643979057591 0.3438735177865613 0.10471204188481675 0.34782608695652173 0.112565445026178 0.35375494071146246 0.10732984293193717 0.35375494071146246 0.09947643979057591 0.3458498023715415 0.09947643979057591
8 0.3616600790513834 0.19109947643979058 0.3675889328063241 0.193717277486911 0.36561264822134387 0.20418848167539266 0.36561264822134387 0.21727748691099477 0.3616600790513834 0.23036649214659685 0.3616600790513834 0.24345549738219896 0.3675889328063241 0.22774869109947643 0.3695652173913043 0.21465968586387435 0.37351778656126483 0.20157068062827224 0.3715415019762846 0.18848167539267016 0.3616600790513834 0.18586387434554974 0.3616600790513834 0.19109947643979058
8 0.3300395256916996 0.21465968586387435 0.33201581027667987 0.23036649214659685 0.33201581027667987 0.24607329842931938 0.32806324110671936 0.2513089005235602 0.32608695652173914 0.2591623036649215 0.33201581027667987 0.2591623036649215 0.3359683794466403 0.2486910994764398 0.3359683794466403 0.23298429319371727 0.3359683794466403 0.21465968586387435 0.3300395256916996 0.21465968586387435
6 0.35177865612648224 0.6649214659685864 0.3557312252964427 0.680628272251309 0.36363636363636365 0.675392670157068 0.3616600790513834 0.6649214659685864 0.35177865612648224 0.6649214659685864
6 0.35968379446640314 0.693717277486911 0.3577075098814229 0.7015706806282722 0.35177865612648224 0.7041884816753927 0.35375494071146246 0.7120418848167539 0.3616600790513834 0.7172774869109948 0.3577075098814229 0.7303664921465969 0.3675889328063241 0.7329842931937173 0.3675889328063241 0.7172774869109948 0.36561264822134387 0.693717277486911 0.35968379446640314 0.693717277486911
6 0.4367588932806324 0.8010471204188482 0.43478260869565216 0.8141361256544503 0.4426877470355731 0.8167539267015707 0.4426877470355731 0.8036649214659686 0.4367588932806324 0.8010471204188482
8 0.49604743083003955 0.6570680628272252 0.5 0.675392670157068 0.5019762845849802 0.693717277486911 0.5079051383399209 0.6780104712041884 0.5059288537549407 0.6649214659685864 0.5019762845849802 0.6492146596858639 0.49604743083003955 0.6570680628272252
8 0.4980237154150198 0.7277486910994765 0.4980237154150198 0.7513089005235603 0.4980237154150198 0.7643979057591623 0.5039525691699605 0.756544502617801 0.5039525691699605 0.7303664921465969 0.4980237154150198 0.7277486910994765
8 0.4525691699604743 0.806282722513089 0.4525691699604743 0.8167539267015707 0.45652173913043476 0.837696335078534 0.4624505928853755 0.837696335078534 0.45849802371541504 0.8141361256544503 0.45849802371541504 0.806282722513089 0.4525691699604743 0.806282722513089
3 0.48616600790513836 0.6073298429319371 0.49209486166007904 0.8036649214659686 0.49407114624505927 0.8455497382198953 0.5098814229249012 0.8141361256544503 0.5098814229249012 0.7801047120418848 0.5098814229249012 0.7225130890052356 0.5079051383399209 0.643979057591623 0.4901185770750988 0.5890052356020943 0.48616600790513836 0.6073298429319371
3 0.3438735177865613 0.10209424083769633 0.35177865612648224 0.12827225130890052 0.34980237154150196 0.14659685863874344 0.3794466403162055 0.14136125654450263 0.391304347826087 0.112565445026178 0.3932806324110672 0.09424083769633508 0.3438735177865613 0.10209424083769633
3 0.43873517786561267 0.7984293193717278 0.4268774703557312 0.7905759162303665 0.43280632411067194 0.806282722513089 0.4426877470355731 0.8141361256544503 0.44664031620553357 0.806282722513089 0.43873517786561267 0.7984293193717278
0 0.4268774703557312 0.23821989528795812 0.3932806324110672 0.2617801047120419 0.35375494071146246 0.5157068062827225 0.3675889328063241 0.6282722513089005 0.38537549407114624 0.7460732984293194 0.3952569169960474 0.7722513089005235 0.4209486166007905 0.7905759162303665 0.44861660079051385 0.806282722513089 0.47035573122529645 0.806282722513089 0.49209486166007904 0.7984293193717278 0.49209486166007904 0.6675392670157068 0.4881422924901186 0.5209424083769634 0.49209486166007904 0.3089005235602094 0.49209486166007904 0.23298429319371727 0.48221343873517786 0.22251308900523561 0.46047430830039526 0.22251308900523561 0.4268774703557312 0.23821989528795812
0 0.4980237154150198 0.9738219895287958 0.5375494071146245 0.9502617801047121 0.49407114624505927 0.9136125654450262 0.4743083003952569 0.8848167539267016 0.4624505928853755 0.8481675392670157 0.424901185770751 0.8219895287958116 0.39723320158102765 0.8036649214659686 0.4189723320158103 0.9136125654450262 0.4308300395256917 0.9633507853403142 0.45454545454545453 0.9842931937172775 0.4980237154150198 0.9738219895287958
3 0.4841897233201581 0.8534031413612565 0.5019762845849802 0.8429319371727748 0.5019762845849802 0.819371727748691 0.49407114624505927 0.7958115183246073 0.4624505928853755 0.7958115183246073 0.4683794466403162 0.8350785340314136 0.4841897233201581 0.8534031413612565