3 0.10742496050552923 0.3114406779661017 0.13270142180094788 0.3156779661016949 0.13744075829383887 0.3516949152542373 0.1484992101105845 0.3686440677966102 0.13744075829383887 0.3792372881355932 0.12480252764612954 0.3601694915254237 0.10584518167456557 0.3283898305084746
3 0.15165876777251186 0.3665254237288136 0.1627172195892575 0.3622881355932203 0.1769352290679305 0.3644067796610169 0.1895734597156398 0.3813559322033898 0.1911532385466035 0.3983050847457627 0.18641390205371247 0.4152542372881356 0.15481832543443919 0.3898305084745763
3 0.17851500789889416 0.336864406779661 0.1911532385466035 0.3326271186440678 0.20221169036334913 0.3305084745762712 0.21484992101105846 0.3495762711864407 0.23696682464454977 0.3686440677966102 0.26224328593996843 0.3771186440677966 0.2559241706161137 0.3877118644067797 0.21958925750394945 0.3792372881355932 0.20063191153238547 0.4004237288135593 0.1911532385466035 0.4025423728813559 0.18325434439178515 0.3686440677966102 0.1769352290679305 0.3474576271186441
3 0.18167456556082148 0.4872881355932203 0.1990521327014218 0.5042372881355932 0.20853080568720378 0.4894067796610169 0.18641390205371247 0.4703389830508475
3 0.22274881516587677 0.4936440677966102 0.24328593996840442 0.5190677966101694 0.21484992101105846 0.5084745762711864
3 0.21484992101105846 0.4004237288135593 0.2259083728278041 0.3898305084745763 0.2527646129541864 0.3919491525423729 0.2685624012638231 0.3983050847457627 0.26540284360189575 0.413135593220339 0.23854660347551343 0.4110169491525424
3 0.11216429699842022 0.4173728813559322 0.11848341232227488 0.4194915254237288 0.11690363349131122 0.4343220338983051 0.11690363349131122 0.451271186440678 0.11690363349131122 0.4703389830508475 0.10742496050552923 0.4661016949152542 0.10268562401263823 0.4470338983050847 0.10268562401263823 0.4322033898305085
3 0.0947867298578199 0.3644067796610169 0.09162717219589257 0.3495762711864407 0.09320695102685624 0.326271186440678 0.08372827804107424 0.3241525423728814 0.07109004739336493 0.3305084745762712 0.06635071090047394 0.3495762711864407 0.07109004739336493 0.3644067796610169 0.07582938388625593 0.375 0.08372827804107424 0.3644067796610169
4 0.9115323854660348 0.5084745762711864 0.9115323854660348 0.5190677966101694 0.8957345971563981 0.5338983050847458 0.8704581358609794 0.5466101694915254 0.8515007898894155 0.5529661016949152 0.8341232227488151 0.5550847457627118 0.8120063191153238 0.5466101694915254 0.8167456556082149 0.5402542372881356 0.8151658767772512 0.5360169491525424 0.8293838862559242 0.5360169491525424 0.8278041074249605 0.5254237288135594 0.8515007898894155 0.5233050847457628 0.8515007898894155 0.5190677966101694 0.8657187993680885 0.5190677966101694 0.8641390205371248 0.5127118644067796 0.8736176935229067 0.5148305084745762 0.8720379146919431 0.5063559322033898 0.8799368088467614 0.5063559322033898 0.8799368088467614 0.5021186440677966 0.8909952606635071 0.5063559322033898
8 0.2685624012638231 0.3834745762711864 0.2938388625592417 0.4004237288135593 0.29067930489731436 0.4046610169491525 0.2812006319115324 0.4025423728813559 0.29067930489731436 0.4088983050847458 0.292259083728278 0.4152542372881356 0.2717219589257504 0.4067796610169492 0.2890995260663507 0.4173728813559322 0.2796208530805687 0.4152542372881356 0.26540284360189575 0.4088983050847458 0.26540284360189575 0.3940677966101695
4 0.8214849921011058 0.663135593220339 0.8214849921011058 0.652542372881356 0.8230647709320695 0.6483050847457628 0.8341232227488151 0.6440677966101694 0.8325434439178515 0.635593220338983 0.8341232227488151 0.6228813559322034 0.8357030015797788 0.6165254237288136 0.8404423380726699 0.6080508474576272 0.8483412322274881 0.6016949152542372 0.8546603475513428 0.597457627118644 0.8562401263823065 0.597457627118644 0.8562401263823065 0.6016949152542372 0.8593996840442338 0.6059322033898306 0.8641390205371248 0.6038135593220338 0.8593996840442338 0.6165254237288136 0.8578199052132701 0.6313559322033898 0.8593996840442338 0.6440677966101694 0.8357030015797788 0.6588983050847458
4 0.8056872037914692 0.614406779661017 0.8120063191153238 0.6122881355932204 0.8246445497630331 0.6080508474576272 0.8436018957345972 0.5995762711864406 0.8404423380726699 0.6059322033898306 0.8357030015797788 0.614406779661017 0.8262243285939969 0.6122881355932204 0.8183254344391785 0.6207627118644068
4 0.9115323854660348 0.6165254237288136 0.9146919431279621 0.5995762711864406 0.9162717219589257 0.586864406779661 0.9273301737756714 0.5826271186440678 0.9368088467614534 0.5741525423728814 0.9383886255924171 0.5508474576271186 0.943127962085308 0.5444915254237288 0.943127962085308 0.5720338983050848 0.95260663507109 0.5614406779661016 0.9605055292259084 0.5550847457627118 0.9605055292259084 0.5677966101694916 0.9494470774091627 0.5826271186440678 0.9383886255924171 0.5953389830508474 0.9225908372827805 0.6101694915254238
0 0.6524486571879937 0.4936440677966102 0.631911532385466 0.461864406779661 0.6034755134281201 0.4385593220338983 0.5734597156398105 0.4194915254237288 0.5387045813586098 0.3961864406779661 0.4960505529225908 0.3686440677966102 0.45813586097946285 0.3622881355932203 0.6066350710900474 0.4639830508474576 0.6287519747235387 0.4872881355932203 0.636650868878357 0.5
3 0.2638230647709321 0.4406779661016949 0.21011058451816747 0.4067796610169492 0.1911532385466035 0.3898305084745763 0.1721958925750395 0.3665254237288136 0.14375987361769352 0.3601694915254237 0.1263823064770932 0.3622881355932203 0.11848341232227488 0.3919491525423729 0.12006319115323855 0.4279661016949153 0.14691943127962084 0.4597457627118644 0.21011058451816747 0.5 0.24644549763033174 0.5127118644067796 0.2638230647709321 0.5127118644067796 0.27488151658767773 0.5233050847457628