0 0.28541374474053294 0.3173469387755102 0.28541374474053294 0.30306122448979594 0.2826086956521739 0.29489795918367345 0.27980364656381485 0.286734693877551 0.27840112201963535 0.27040816326530615 0.2769985974754558 0.25816326530612244 0.27980364656381485 0.2316326530612245 0.28401122019635344 0.1989795918367347 0.2699859747545582 0.1846938775510204 0.2643758765778401 0.22142857142857142 0.2601683029453015 0.24183673469387756 0.25315568022440393 0.25816326530612244 0.24614305750350632 0.27653061224489794 0.24333800841514727 0.28877551020408165 0.24053295932678823 0.37448979591836734 0.2391304347826087 0.3826530612244898 0.23632538569424966 0.3948979591836735 0.23492286115007013 0.41122448979591836 0.23492286115007013 0.43979591836734694 0.23772791023842918 0.4459183673469388 0.2447405329593268 0.4520408163265306 0.2573632538569425 0.4561224489795918 0.2713884992987377 0.45816326530612245 0.2755960729312763 0.45 0.27840112201963535 0.42959183673469387 0.28541374474053294 0.3173469387755102
5 0.3870266479663394 0 0.38359046283309955 0.007142857142857143 0.379382889200561 0.02346938775510204 0.37657784011220197 0.04387755102040816 0.36816269284712483 0.05612244897959184 0.36395511921458623 0.07040816326530612 0.3597475455820477 0.08877551020408163 0.3541374474053296 0.11122448979591837 0.35133239831697055 0.12959183673469388 0.35133239831697055 0.14795918367346939 0.35133239831697055 0.16224489795918368 0.3555399719495091 0.17244897959183675 0.36255259467040674 0.17857142857142858 0.3709677419354839 0.1846938775510204 0.3751753155680224 0.18877551020408162 0.3807854137447405 0.22551020408163266 0.3849929873772791 0.22959183673469388 0.3976157082748948 0.22755102040816327 0.4032258064516129 0.22142857142857142 0.4032258064516129 0.19285714285714287 0.40883590462833097 0.1826530612244898 0.4172510518934081 0.16020408163265307 0.4214586255259467 0.1357142857142857 0.42566619915848525 0.10918367346938776 0.42987377279102384 0.0826530612244898 0.43127629733520334 0.05204081632653061 0.43548387096774194 0.02959183673469388 0.4424964936886395 0.02142857142857143 0.4532066816269285 0 0.3870266479663394 0
3 0.45091164095371666 0.2724489795918367 0.4579242636746143 0.21326530612244898 0.4537166900420757 0.2010204081632653 0.4340813464235624 0.3153061224489796 0.4270687237026648 0.35816326530612247 0.42426367461430575 0.3806122448979592 0.42566619915848525 0.39693877551020407 0.4326788218793829 0.45 0.4396914446002805 0.4153061224489796 0.44530154277699857 0.3704081632653061 0.4467040673211781 0.3377551020408163 0.4438990182328191 0.3173469387755102 0.45091164095371666 0.2724489795918367
3 0.28962131837307153 0.1663265306122449 0.28541374474053294 0.17653061224489797 0.27980364656381485 0.19285714285714287 0.28541374474053294 0.2010204081632653 0.27840112201963535 0.25816326530612244 0.2812061711079944 0.28877551020408165 0.2868162692847125 0.3010204081632653 0.2868162692847125 0.3336734693877551 0.2938288920056101 0.34183673469387754 0.30925666199158486 0.2479591836734694 0.28962131837307153 0.1663265306122449
3 0.41865357643758766 0.5826530612244898 0.3863955119214586 0.5357142857142857 0.35273492286115005 0.5173469387755102 0.35133239831697055 0.5214285714285715 0.36395511921458623 0.539795918367347 0.3976157082748948 0.5744897959183674 0.4158485273492286 0.5887755102040816 0.41865357643758766 0.5826530612244898
3 0.2980364656381487 0.3683673469387755 0.2868162692847125 0.3479591836734694 0.2755960729312763 0.45408163265306123 0.29102384291725103 0.4683673469387755 0.30364656381486677 0.4663265306122449 0.30925666199158486 0.41122448979591836 0.2980364656381487 0.3683673469387755
8 0.28401122019635344 0.3438775510204082 0.28401122019635344 0.35408163265306125 0.2868162692847125 0.35816326530612247 0.2868162692847125 0.37857142857142856 0.28962131837307153 0.37857142857142856 0.2924263674614306 0.33979591836734696 0.28401122019635344 0.3438775510204082
8 0.317671809256662 0.15612244897959185 0.3078541374474053 0.1683673469387755 0.3064516129032258 0.17857142857142858 0.29943899018232817 0.1989795918367347 0.30364656381486677 0.20918367346938777 0.3078541374474053 0.20714285714285716 0.32047685834502104 0.15612244897959185 0.317671809256662 0.15612244897959185
8 0.34151472650771386 0.16428571428571428 0.33590462833099577 0.2173469387755102 0.34011220196353437 0.21326530612244898 0.3443197755960729 0.16428571428571428 0.34151472650771386 0.16428571428571428
4 0.4994740532959327 0 0.4957924263674614 0.007142857142857143 0.49158485273492286 0.02959183673469388 0.49719495091164095 0.0336734693877551 0.5042075736325385 0.03163265306122449 0.5154277699859747 0.04591836734693878 0.5336605890603086 0.02959183673469388 0.5308555399719496 0.02346938775510204 0.5224403927068724 0.017346938775510204 0.5056100981767181 0.0010204081632653062 0.5028050490883591 0 0.4994740532959327 0
4 0.4957924263674614 0.058163265306122446 0.49158485273492286 0.0663265306122449 0.48597475455820477 0.06428571428571428 0.4789621318373071 0.07040816326530612 0.4789621318373071 0.07857142857142857 0.48737727910238426 0.07653061224489796 0.49298737727910236 0.08061224489795918 0.49719495091164095 0.0826530612244898 0.5014025245441796 0.06224489795918367 0.4957924263674614 0.058163265306122446
4 0.49158485273492286 0.10918367346938776 0.48176718092566617 0.10510204081632653 0.4761570827489481 0.12346938775510204 0.4761570827489481 0.13163265306122449 0.4831697054698457 0.13163265306122449 0.48597475455820477 0.12142857142857143 0.49158485273492286 0.13163265306122449 0.49158485273492286 0.14183673469387756 0.49298737727910236 0.15 0.49719495091164095 0.15 0.49719495091164095 0.13979591836734695 0.5084151472650772 0.12346938775510204 0.5056100981767181 0.11734693877551021 0.49719495091164095 0.12551020408163266 0.49158485273492286 0.10918367346938776
4 0.4747545582047686 0.25 0.4789621318373071 0.25 0.47755960729312763 0.24183673469387756 0.47335203366058903 0.24387755102040817 0.4747545582047686 0.25
4 0.5140252454417953 0.32346938775510203 0.5182328190743338 0.32755102040816325 0.5210378681626928 0.3193877551020408 0.5154277699859747 0.3173469387755102 0.5140252454417953 0.32346938775510203
4 0.45511921458625526 0.1989795918367347 0.46213183730715285 0.2010204081632653 0.47335203366058903 0.19285714285714287 0.4635343618513324 0.16020408163265307 0.45511921458625526 0.1989795918367347
4 0.5490883590462833 0.40714285714285714 0.5575035063113605 0.3806122448979592 0.5561009817671809 0.37244897959183676 0.5462833099579243 0.37448979591836734 0.5434782608695652 0.3989795918367347 0.5490883590462833 0.40714285714285714
4 0.5953716690042076 0.4275510204081633 0.5883590462833099 0.40714285714285714 0.5785413744740533 0.39081632653061227 0.5771388499298737 0.4010204081632653 0.591164095371669 0.4377551020408163 0.5953716690042076 0.4275510204081633
4 0.5827489481065918 0.4704081632653061 0.5855539971949509 0.4846938775510204 0.5897615708274895 0.4826530612244898 0.5925666199158486 0.45816326530612245 0.5883590462833099 0.45408163265306123 0.5827489481065918 0.44387755102040816 0.5799438990182328 0.4479591836734694 0.5855539971949509 0.46224489795918366 0.5827489481065918 0.4704081632653061
4 0.5813464235624124 0.5826530612244898 0.5827489481065918 0.5724489795918367 0.5827489481065918 0.5622448979591836 0.5785413744740533 0.5622448979591836 0.5757363253856943 0.5724489795918367 0.5813464235624124 0.5826530612244898
4 0.561711079943899 0.26224489795918365 0.5701262272089762 0.24387755102040817 0.5757363253856943 0.2316326530612245 0.5701262272089762 0.21326530612244898 0.5729312762973352 0.186734693877551 0.5687237026647967 0.1846938775510204 0.55890603085554 0.25612244897959185 0.561711079943899 0.26224489795918365
4 0.5378681626928471 0.06836734693877551 0.5420757363253857 0.07653061224489796 0.5434782608695652 0.07040816326530612 0.5392706872370266 0.06428571428571428 0.5378681626928471 0.06836734693877551
4 0.5757363253856943 0.32142857142857145 0.5827489481065918 0.30306122448979594 0.5799438990182328 0.29489795918367345 0.5729312762973352 0.3173469387755102 0.5757363253856943 0.32142857142857145
4 0.4467040673211781 0.4336734693877551 0.4649368863955119 0.41122448979591836 0.46072931276297335 0.4051020408163265 0.44109396914446003 0.42551020408163265 0.4467040673211781 0.4336734693877551
0 0.47335203366058903 0.5806122448979592 0.5042075736325385 0.6724489795918367 0.5406732117812062 0.7724489795918368 0.5448807854137447 0.7663265306122449 0.5252454417952315 0.6928571428571428 0.47755960729312763 0.5357142857142857 0.44950911640953717 0.47244897959183674 0.4340813464235624 0.4459183673469388 0.42566619915848525 0.3989795918367347 0.4214586255259467 0.4704081632653061 0.47335203366058903 0.5806122448979592
5 0.255960729312763 0.42142857142857143 0.2643758765778401 0.42142857142857143 0.2713884992987377 0.4153061224489796 0.2755960729312763 0.4051020408163265 0.27840112201963535 0.39285714285714285 0.2769985974754558 0.3846938775510204 0.26718092566619916 0.3826530612244898 0.2573632538569425 0.386734693877551 0.24894810659186536 0.3948979591836735 0.2447405329593268 0.40714285714285714 0.24754558204768584 0.4173469387755102 0.255960729312763 0.42142857142857143