3 0.7698289269051322 0.5694822888283378 0.7216174183514774 0.49591280653950953 0.7527216174183515 0.3787465940054496 0.7744945567651633 0.32697547683923706 0.7433903576982893 0.26975476839237056 0.7698289269051322 0.2452316076294278 0.8087091757387247 0.2724795640326976 0.8211508553654744 0.329700272479564 0.8351477449455676 0.3978201634877384 0.7962674961119751 0.49591280653950953 0.7776049766718507 0.5694822888283378
0 0.7807153965785381 0.29427792915531337 0.7433903576982893 0.28337874659400547 0.6251944012441679 0.35149863760217986 0.5116640746500778 0.40599455040871935 0.4401244167962675 0.553133514986376 0.4712286158631415 0.5340599455040872 0.5225505443234837 0.4332425068119891 0.5707620528771384 0.41689373297002724 0.6267496111975117 0.38419618528610355 0.7122861586314152 0.329700272479564 0.749611197511664 0.3133514986376022 0.7776049766718507 0.32697547683923706
3 0.37947122861586313 0.3024523160762943 0.39191290824261277 0.29427792915531337 0.39968895800933124 0.3024523160762943 0.4121306376360809 0.3133514986376022 0.4432348367029549 0.33787465940054495 0.447900466562986 0.3569482288828338 0.4370139968895801 0.35967302452316074 0.4105754276827372 0.3542234332425068 0.3856920684292379 0.3460490463215259 0.36236391912908245 0.33787465940054495 0.3405909797822706 0.329700272479564 0.359253499222395 0.3106267029972752
8 0.7325038880248833 0.5177111716621253 0.7340590979782271 0.5258855585831063 0.7371695178849145 0.5367847411444142 0.7371695178849145 0.5449591280653951 0.7309486780715396 0.5367847411444142 0.7293934681181959 0.5313351498637602 0.7293934681181959 0.5231607629427792
6 0.16485225505443235 0.5640326975476839 0.17107309486780714 0.553133514986376 0.18040435458786935 0.5504087193460491 0.18662519440124417 0.5722070844686649 0.18351477449455678 0.5776566757493188 0.17262830482115085 0.5858310626702997 0.17262830482115085 0.5967302452316077 0.16796267496111975 0.5940054495912807 0.16485225505443235 0.5858310626702997 0.16018662519440124 0.5722070844686649
6 0.19129082426127528 0.5885558583106267 0.19751166407465007 0.5885558583106267 0.2006220839813375 0.5967302452316077 0.20373250388802489 0.6076294277929155 0.19906687402799378 0.6103542234332425 0.19440124416796267 0.6130790190735694 0.18818040435458788 0.6239782016348774 0.18195956454121306 0.6185286103542235 0.18040435458786935 0.6076294277929155 0.18195956454121306 0.5994550408719346 0.18662519440124417 0.5940054495912807
6 0.2332814930015552 0.667574931880109 0.2363919129082426 0.662125340599455 0.2410575427682737 0.6539509536784741 0.24727838258164853 0.6539509536784741 0.2534992223950233 0.662125340599455 0.2581648522550544 0.670299727520436 0.25038880248833595 0.6784741144414169 0.24572317262830481 0.6893732970027248 0.24261275272161742 0.6948228882833788 0.2379471228615863 0.7029972752043597 0.2317262830482115 0.6920980926430518 0.22706065318818042 0.6839237057220708 0.2255054432348367 0.6757493188010899
6 0.3234836702954899 0.7275204359673024 0.3359253499222395 0.7329700272479565 0.3499222395023328 0.7384196185286104 0.36391912908242613 0.7438692098092643 0.37169517884914466 0.7574931880108992 0.37947122861586313 0.7656675749318801 0.3856920684292379 0.7602179836512262 0.39813374805598756 0.7656675749318801 0.39813374805598756 0.782016348773842 0.401244167962675 0.7983651226158038 0.39346811819595645 0.7983651226158038 0.37791601866251945 0.7929155313351499 0.3608087091757387 0.784741144414169 0.343701399688958 0.779291553133515 0.3405909797822706 0.773841961852861 0.3328149300155521 0.7656675749318801 0.328149300155521 0.7656675749318801 0.3234836702954899 0.7520435967302452 0.3234836702954899 0.7411444141689373
6 0.4230171073094868 0.7656675749318801 0.42923794712286156 0.7602179836512262 0.4385692068429238 0.7602179836512262 0.4463452566096423 0.7602179836512262 0.447900466562986 0.7683923705722071 0.4432348367029549 0.7874659400544959 0.43390357698289267 0.784741144414169 0.42923794712286156 0.779291553133515 0.4230171073094868 0.776566757493188
6 0.41835147744945567 0.7929155313351499 0.4230171073094868 0.7929155313351499 0.432348367029549 0.7983651226158038 0.4401244167962675 0.8038147138964578 0.4385692068429238 0.8147138964577657 0.43390357698289267 0.8228882833787466 0.4261275272161742 0.8228882833787466 0.4152410575427683 0.8174386920980926 0.4121306376360809 0.8065395095367848 0.41368584758942456 0.8010899182561307
0 0.24727838258164853 0.5149863760217984 0.37169517884914466 0.5313351498637602 0.4276827371695179 0.5258855585831063 0.4385692068429238 0.5177111716621253 0.463452566096423 0.44686648501362397 0.4681181959564541 0.4305177111716621 0.4618973561430793 0.4305177111716621 0.46500777604976673 0.40054495912806537 0.4556765163297045 0.38419618528610355 0.38724727838258166 0.35967302452316074 0.3265940902021773 0.34332425068119893 0.26283048211508553 0.31607629427792916 0.24416796267496113 0.3079019073569482 0.2161741835147745 0.28337874659400547 0.17107309486780714 0.24250681198910082 0.16640746500777606 0.26975476839237056 0.16640746500777606 0.3024523160762943 0.16640746500777606 0.3242506811989101 0.16796267496111975 0.37057220708446864 0.18351477449455678 0.4087193460490463 0.21461897356143078 0.4604904632152589
5 0.18195956454121306 0.4768392370572207 0.2301710730948678 0.5395095367847411 0.28149300155520995 0.5722070844686649 0.3608087091757387 0.5912806539509536 0.3545878693623639 0.6920980926430518 0.29082426127527217 0.662125340599455 0.24883359253499224 0.6348773841961853 0.2006220839813375 0.5858310626702997 0.18195956454121306 0.547683923705722 0.18195956454121306 0.5177111716621253
5 0.3965785381026439 0.5776566757493188 0.40279937791601866 0.5858310626702997 0.401244167962675 0.5994550408719346 0.39346811819595645 0.6076294277929155 0.3856920684292379 0.5967302452316077 0.38880248833592534 0.5803814713896458
5 0.5412130637636081 0.6103542234332425 0.5443234836702955 0.6294277929155313 0.5381026438569206 0.6403269754768393 0.5256609642301711 0.6403269754768393 0.5241057542768274 0.6239782016348774 0.5272161741835147 0.6076294277929155
0 0.13996889580093314 0.45231607629427795 0.17262830482115085 0.4986376021798365 0.18351477449455678 0.553133514986376 0.2115085536547434 0.6076294277929155 0.25505443234836706 0.659400544959128 0.27216174183514774 0.6784741144414169 0.29082426127527217 0.6975476839237057 0.343701399688958 0.7302452316076294 0.38413685847589424 0.7438692098092643 0.4230171073094868 0.784741144414169 0.5614307931570762 0.8337874659400545 0.640746500777605 0.8365122615803815 0.6625194401244168 0.8201634877384196 0.6967340590979783 0.7929155313351499 0.7293934681181959 0.7683923705722071 0.7169517884914464 0.8119891008174387 0.7045101088646968 0.8310626702997275 0.6687402799377916 0.8637602179836512 0.640746500777605 0.885558583106267 0.5598755832037325 0.8828337874659401 0.48522550544323484 0.8583106267029973 0.39191290824261277 0.8092643051771117 0.328149300155521 0.776566757493188 0.24727838258164853 0.7247956403269755 0.19906687402799378 0.6512261580381471 0.16796267496111975 0.5994550408719346 0.15396578538102643 0.5613079019073569 0.1368584758942457 0.5231607629427792 0.12752721617418353 0.4877384196185286 0.1321928460342146 0.4604904632152589