8 0.6562107904642409 0.3622704507512521 0.657465495608532 0.35058430717863104 0.6198243412797992 0.34724540901502504 0.5683814303638645 0.19365609348914858 0.520702634880803 0.0667779632721202 0.5056461731493099 0.05676126878130217 0.5595984943538268 0.21202003338898165 0.5633626097867002 0.22537562604340566 0.5658720200752823 0.2387312186978297 0.562107904642409 0.24540901502504173 0.5671267252195734 0.24707846410684475 0.5721455457967378 0.25542570951585974 0.5784190715181933 0.2687813021702838 0.5809284818067754 0.28046744574290483 0.5771643663739021 0.2838063439065108 0.5771643663739021 0.2904841402337229 0.5859473023839398 0.2921535893155259 0.589711417816813 0.3088480801335559 0.5934755332496863 0.32387312186978295 0.5997490589711418 0.330550918196995 0.5872020075282308 0.33889816360601 0.6010037641154329 0.34223706176961605 0.6562107904642409 0.3622704507512521
8 0.5219573400250941 0 0.5232120451693852 0.01001669449081803 0.5294855708908407 0.011686143572621035 0.5370138017565872 0.01001669449081803 0.5395232120451694 0.00667779632721202 0.5470514429109159 0.01001669449081803 0.5457967377666249 0.00667779632721202 0.5382685069008782 0.00333889816360601 0.533249686323714 0 0.5219573400250941 0
8 0.5043914680050188 0.9782971619365609 0.5006273525721455 0.9649415692821369 0.4918444165621079 0.9716193656093489 0.4905897114178168 0.9782971619365609 0.49435382685069007 0.988313856427379 0.4981179422835634 0.996661101836394 0.506900878293601 0.993322203672788 0.5043914680050188 0.9782971619365609
8 0.6813048933500627 0.3789649415692821 0.671267252195734 0.35392320534223703 0.6624843161856964 0.32387312186978295 0.6486825595984943 0.32387312186978295 0.6511919698870765 0.33889816360601 0.6599749058971142 0.33889816360601 0.6587202007528231 0.3656093489148581 0.6649937264742786 0.38397328881469117 0.6813048933500627 0.3789649415692821
8 0.3851944792973651 0.44908180300500833 0.38268506900878296 0.4574290484140234 0.38268506900878296 0.46410684474123537 0.3864491844416562 0.4707846410684474 0.39021329987452946 0.4724540901502504 0.39272271016311167 0.46243739565943237 0.39272271016311167 0.4524207011686144 0.39397741530740277 0.44574290484140233 0.39397741530740277 0.43906510851419034 0.39021329987452946 0.44407345575959933 0.3851944792973651 0.44908180300500833
8 0.7992471769134254 0.4741235392320534 0.795483061480552 0.4774624373956594 0.8055207026348808 0.48414023372287146 0.8092848180677541 0.4774624373956594 0.8042659974905897 0.4724540901502504 0.8042659974905897 0.46410684474123537 0.7992471769134254 0.4557595993322204 0.795483061480552 0.4607679465776294 0.7992471769134254 0.4657762938230384 0.7992471769134254 0.4741235392320534
3 0.4780426599749059 0.9332220367278798 0.48306148055207027 0.9298831385642737 0.48431618569636137 0.9265442404006677 0.479297365119197 0.9198664440734557 0.4767879548306148 0.9198664440734557 0.4730238393977415 0.9282136894824707 0.4755332496863237 0.9332220367278798 0.4780426599749059 0.9332220367278798
8 0.38268506900878296 0.42070116861435725 0.39021329987452946 0.41402337228714525 0.39523212045169387 0.4240400667779633 0.39146800501882056 0.4357262103505843 0.397741530740276 0.44741235392320533 0.40401505646173147 0.41903171953255425 0.3851944792973651 0.4040066777963272 0.36888331242158096 0.4357262103505843 0.3751568381430364 0.44407345575959933 0.38268506900878296 0.42070116861435725
3 0.5144291091593476 0.9565943238731218 0.5119196988707654 0.9482470784641068 0.5081555834378921 0.9449081803005008 0.5031367628607277 0.9515859766277128 0.5081555834378921 0.9599332220367279 0.5144291091593476 0.9565943238731218
8 0.5759096612296111 0.21202003338898165 0.5784190715181933 0.2270450751252087 0.5846925972396487 0.2303839732888147 0.5759096612296111 0.21202003338898165
8 0.6424090338770388 0.29549248747913187 0.64366373902133 0.2838063439065108 0.6373902132998746 0.2854757929883139 0.6386449184441656 0.3038397328881469 0.6424090338770388 0.29549248747913187
8 0.6336260978670013 0.32554257095158595 0.6311166875784191 0.31886477462437396 0.6235884567126725 0.3121869782971619 0.6148055207026348 0.3071786310517529 0.6185696361355082 0.31719532554257096 0.6273525721455459 0.32220367278797996 0.6336260978670013 0.32554257095158595
8 0.5821831869510665 0.1018363939899833 0.5796737766624843 0.09682804674457429 0.5734002509410289 0.09181969949916527 0.5696361355081556 0.10517529215358931 0.5759096612296111 0.11185308848080133 0.5821831869510665 0.1018363939899833
8 0.4215809284818068 0.41068447412353926 0.4203262233375157 0.3973288814691152 0.41530740276035133 0.38564273789649417 0.4127979924717691 0.3772954924874791 0.4090338770388959 0.3772954924874791 0.4090338770388959 0.38564273789649417 0.411543287327478 0.39232053422370616 0.41656210790464243 0.4056761268781302 0.4215809284818068 0.41068447412353926
8 0.6097867001254705 0.19198664440734559 0.6097867001254705 0.18363939899833054 0.6060225846925973 0.17863105175292154 0.5997490589711418 0.17362270450751252 0.5997490589711418 0.18530884808013356 0.6097867001254705 0.19198664440734559
8 0.24592220828105396 0.3105175292153589 0.24968632371392724 0.31385642737896496 0.2521957340025094 0.31552587646076796 0.2547051442910916 0.31385642737896496 0.24968632371392724 0.3055091819699499 0.24592220828105396 0.3005008347245409 0.24341279799247176 0.29716193656093487 0.24717691342534504 0.2904841402337229 0.24968632371392724 0.2871452420701169 0.24717691342534504 0.28213689482470783 0.24341279799247176 0.2838063439065108 0.24090338770388958 0.2871452420701169 0.2383939774153074 0.2938230383973289 0.24090338770388958 0.3038397328881469 0.24592220828105396 0.3105175292153589
5 0.6906524466750315 1 0.7013801756587202 0.9682804674457429 0.6562107904642409 0.9699499165275459 0.6465316361355081 1 0.6906524466750315 1
0 0.6022584692597239 0.8964941569282137 0.6047678795483061 0.8697829716193656 0.6010037641154329 0.8464106844741235 0.5784190715181933 0.8013355592654424 0.5671267252195734 0.7762938230383973 0.5495608531994981 0.7395659432387313 0.533249686323714 0.679465776293823 0.5307402760351317 0.6210350584307178 0.5257214554579673 0.6060100166944908 0.5081555834378921 0.5876460767946577 0.46925972396486826 0.5459098497495827 0.4203262233375157 0.48914858096828046 0.41656210790464243 0.5008347245409015 0.437892095357591 0.5275459098497496 0.4629861982434128 0.5575959933222037 0.4893350062735257 0.5893155258764607 0.5181932245922208 0.6243739565943238 0.5194479297365119 0.672787979966611 0.5307402760351317 0.7178631051752922 0.5420326223337516 0.7529215358931552 0.5545796737766625 0.7879799666110183 0.5721455457967378 0.8313856427378965 0.5846925972396487 0.8597662771285476 0.5846925972396487 0.8931552587646077 0.6022584692597239 0.8964941569282137