3 0.6103174603174604 0.550314465408805 0.5722222222222222 0.5230607966457023 0.55 0.5377358490566038 0.5468253968253968 0.5587002096436059 0.5468253968253968 0.5712788259958071 0.569047619047619 0.6215932914046122 0.596031746031746 0.6320754716981132 0.6134920634920635 0.5985324947589099 0.6103174603174604 0.550314465408805
3 0.557936507936508 0.16457023060796647 0.5547619047619048 0.2148846960167715 0.5722222222222222 0.1708595387840671 0.5738095238095238 0.13522012578616352 0.5706349206349206 0.1310272536687631 0.557936507936508 0.16457023060796647
3 0.5833333333333334 0.02830188679245283 0.5785714285714286 0.0429769392033543 0.5738095238095238 0.06813417190775681 0.5753968253968254 0.11425576519916142 0.5880952380952381 0.06184486373165619 0.5880952380952381 0.02830188679245283 0.5833333333333334 0.02830188679245283
6 0.5798185936507936 0 0.5785714285714286 0.011530398322851153 0.5896825396825397 0.007337526205450734 0.5896825396825397 0.005241090146750524 0.584920634920635 0.005241090146750524 0.584920634920635 0 0.5798185936507936 0
6 0.584920634920635 0.12054507337526206 0.5833333333333334 0.11006289308176101 0.5865079365079365 0.09329140461215933 0.5912698412698413 0.08071278825995808 0.5928571428571429 0.059748427672955975 0.5928571428571429 0.040880503144654086 0.5944444444444444 0.03249475890985325 0.5880952380952381 0.03459119496855346 0.5880952380952381 0.059748427672955975 0.5833333333333334 0.08280922431865828 0.5753968253968254 0.11215932914046121 0.5722222222222222 0.11844863731656184 0.5658730158730159 0.12683438155136267 0.557936507936508 0.15618448637316562 0.5674603174603174 0.14779874213836477 0.5738095238095238 0.13522012578616352 0.5706349206349206 0.16037735849056603 0.5563492063492064 0.2169811320754717 0.5595238095238095 0.2610062893081761 0.5738095238095238 0.1792452830188679 0.5785714285714286 0.149895178197065 0.584920634920635 0.12054507337526206
6 0.584920634920635 0.0220125786163522 0.5833333333333334 0.01781970649895178 0.5785714285714286 0.0220125786163522 0.5769841269841269 0.03459119496855346 0.5769841269841269 0.040880503144654086 0.5817460317460318 0.03459119496855346 0.584920634920635 0.0220125786163522
6 0.5563492063492064 0.22955974842767296 0.55 0.22955974842767296 0.5515873015873016 0.2945492662473795 0.5611111111111111 0.29874213836477986 0.5595238095238095 0.2610062893081761 0.5563492063492064 0.22955974842767296
6 0.5642857142857143 0.319706498951782 0.569047619047619 0.3218029350104822 0.569047619047619 0.31551362683438156 0.5658730158730159 0.31341719077568136 0.5642857142857143 0.319706498951782
6 0.46904761904761905 0.17714884696016772 0.4642857142857143 0.1792452830188679 0.46111111111111114 0.1918238993710692 0.4722222222222222 0.1918238993710692 0.4753968253968254 0.149895178197065 0.4722222222222222 0.14360587002096437 0.46904761904761905 0.17714884696016772
0 0.6833333333333333 0.6844863731656184 0.6912698412698413 0.6740041928721174 0.6595238095238095 0.5461215932914046 0.6261904761904762 0.4392033542976939 0.5865079365079365 0.34276729559748426 0.557936507936508 0.29035639412997905 0.5341269841269841 0.3050314465408805 0.5833333333333334 0.3867924528301887 0.6198412698412699 0.4790356394129979 0.6547619047619048 0.5838574423480084 0.6833333333333333 0.6844863731656184
5 0.403968253968254 0.3259958071278826 0.41984126984126985 0.31761006289308175 0.42142857142857143 0.21069182389937108 0.40555555555555556 0.2169811320754717 0.403968253968254 0.3259958071278826
8 0.4415343920634921 0 0.430952380952381 0.005241090146750524 0.40555555555555556 0.08280922431865828 0.39126984126984127 0.1540880503144654 0.40714285714285714 0.18763102725366876 0.4119047619047619 0.16247379454926625 0.42142857142857143 0.12683438155136267 0.4246031746031746 0.07232704402515723 0.4388888888888889 0.03249475890985325 0.4435019841269841 0 0.4415343920634921 0
3 0.4626984126984127 0.4371069182389937 0.4753968253968254 0.4559748427672956 0.5166666666666667 0.46645702306079667 0.5198412698412699 0.42452830188679247 0.5103174603174603 0.3972746331236897 0.4880952380952381 0.3972746331236897 0.4626984126984127 0.4371069182389937
0 0.5094165587301588 0 0.4880952380952381 0.07442348008385745 0.4753968253968254 0.14779874213836477 0.47063492063492063 0.20230607966457023 0.48174603174603176 0.22746331236897274 0.5484126984126985 0.20649895178197064 0.5563492063492064 0.149895178197065 0.5753968253968254 0.040880503144654086 0.5820892317460317 0 0.5094165587301588 0
0 0.46746031746031746 0.4748427672955975 0.47063492063492063 0.5020964360587002 0.4801587301587302 0.5083857442348009 0.4801587301587302 0.4916142557651992 0.4738095238095238 0.45178197064989517 0.46904761904761905 0.4140461215932914 0.4626984126984127 0.4140461215932914 0.46746031746031746 0.449685534591195 0.46746031746031746 0.4748427672955975