6 0.6398996235884568 0.45226130653266333 0.657465495608532 0.45226130653266333 0.6637390213299874 0.44221105527638194 0.6612296110414053 0.4304857621440536 0.644918444165621 0.4338358458961474 0.6373902132998746 0.44221105527638194 0.6398996235884568 0.45226130653266333
8 0.7202007528230866 0.6147403685092128 0.7277289836888331 0.6147403685092128 0.7415307402760352 0.6063651591289783 0.7490589711417817 0.5862646566164154 0.7490589711417817 0.5644891122278057 0.7440401505646174 0.541038525963149 0.7340025094102886 0.5460636515912898 0.7277289836888331 0.5745393634840871 0.7202007528230866 0.6013400335008375 0.7202007528230866 0.6147403685092128
8 0.6687578419071518 0.7939698492462312 0.6762860727728983 0.7822445561139029 0.6800501882057717 0.7705192629815746 0.6838143036386449 0.7353433835845896 0.6838143036386449 0.711892797319933 0.6737766624843162 0.7085427135678392 0.6649937264742786 0.7437185929648241 0.6649937264742786 0.7604690117252931 0.6624843161856964 0.7855946398659966 0.6687578419071518 0.7939698492462312
5 0.685069008782936 0.7068676716917923 0.6900878293601004 0.7068676716917923 0.7051442910915935 0.7068676716917923 0.7189460476787954 0.7018425460636516 0.7239648682559598 0.6901172529313233 0.7239648682559598 0.6649916247906198 0.71267252195734 0.6549413735343383 0.6938519447929736 0.6566164154103853 0.6875784190715182 0.6733668341708543 0.6863237139272271 0.6901172529313233 0.6813048933500627 0.6984924623115578 0.685069008782936 0.7068676716917923
3 0.71267252195734 0.8040201005025126 0.7151819322459222 0.7386934673366834 0.7051442910915935 0.7386934673366834 0.6900878293601004 0.7437185929648241 0.6813048933500627 0.7772194304857621 0.6838143036386449 0.7989949748743719 0.7001254705144291 0.8107202680067002 0.71267252195734 0.8040201005025126
8 0.6863237139272271 0.6884422110552764 0.6925972396486826 0.6633165829145728 0.7001254705144291 0.644891122278057 0.6787954830614805 0.6683417085427136 0.6725219573400251 0.6984924623115578 0.6863237139272271 0.6884422110552764
5 0.6930677540777918 1 0.7114178168130489 0.9346733668341709 0.7365119196988708 0.8241206030150754 0.6762860727728983 0.8241206030150754 0.6549560853199499 0.9430485762144054 0.6391306110414052 1 0.6930677540777918 1
1 0.644918444165621 0.24288107202680068 0.6286072772898369 0.23450586264656617 0.6223337515683814 0.24455611390284757 0.6311166875784191 0.254606365159129 0.6624843161856964 0.2529313232830821 0.644918444165621 0.24288107202680068
1 0.7854454203262233 0.2864321608040201 0.7929736511919699 0.2814070351758794 0.7904642409033877 0.271356783919598 0.7804265997490589 0.2696817420435511 0.7754077791718946 0.2797319932998325 0.7854454203262233 0.2864321608040201
1 0.7327478042659975 0.24958123953098826 0.7415307402760352 0.25125628140703515 0.7490589711417817 0.24288107202680068 0.7252195734002509 0.23450586264656617 0.7227101631116688 0.24623115577889448 0.7327478042659975 0.24958123953098826
1 0.6762860727728983 0.24120603015075376 0.6863237139272271 0.24120603015075376 0.6951066499372648 0.23450586264656617 0.6825595984943539 0.22445561139028475 0.6725219573400251 0.23115577889447236 0.6762860727728983 0.24120603015075376
3 0.6649937264742786 0.5845896147403685 0.6649937264742786 0.5561139028475712 0.6599749058971142 0.5343383584589615 0.64366373902133 0.5376884422110553 0.6311166875784191 0.5544388609715243 0.6461731493099122 0.5912897822445561 0.6612296110414053 0.5996649916247906 0.6649937264742786 0.5845896147403685
3 0.6223337515683814 0.5527638190954773 0.6361355081555834 0.541038525963149 0.6210790464240903 0.5376884422110553 0.6223337515683814 0.5527638190954773