8 0.20606826801517067 0.42424242424242425 0.21871049304677623 0.43097643097643096 0.2111251580278129 0.4377104377104377 0.20101137800252844 0.43097643097643096
8 0.23893805309734514 0.4562289562289562 0.24905183312262957 0.45791245791245794 0.24525916561314792 0.4663299663299663 0.23514538558786346 0.46296296296296297
6 0.359039190897598 0.4781144781144781 0.34007585335018964 0.4612794612794613 0.34513274336283184 0.48653198653198654 0.35145385587863465 0.5117845117845118 0.36283185840707965 0.5168350168350169 0.3640960809102402 0.494949494949495
6 0.37420986093552466 0.6178451178451179 0.3893805309734513 0.622895622895623 0.3919089759797724 0.6616161616161617 0.38558786346396967 0.6818181818181818 0.36788874841972186 0.664983164983165 0.37168141592920356 0.6464646464646465
6 0.34513274336283184 0.5404040404040404 0.3501896333754741 0.5521885521885522 0.36030341340075855 0.5774410774410774 0.36030341340075855 0.6144781144781145 0.3577749683944374 0.6346801346801347 0.3463969658659924 0.6296296296296297 0.34260429835651074 0.5875420875420876 0.3350189633375474 0.5555555555555556
3 0.24778761061946902 0.44107744107744107 0.2831858407079646 0.4175084175084175 0.34007585335018964 0.42592592592592593 0.3577749683944374 0.45454545454545453 0.36030341340075855 0.4983164983164983 0.359039190897598 0.5420875420875421 0.35651074589127685 0.5875420875420876 0.3552465233881163 0.6245791245791246 0.33122629582806573 0.6144781144781145 0.29835651074589126 0.5875420875420876 0.2604298356510746 0.5538720538720538 0.24399494310998734 0.5420875420875421 0.2402022756005057 0.5016835016835017
3 0.36788874841972186 0.4595959595959596 0.40075853350189633 0.4730639730639731 0.4563843236409608 0.5134680134680135 0.47661188369152974 0.5286195286195287 0.4715549936788875 0.5589225589225589 0.4475347661188369 0.5589225589225589 0.4222503160556258 0.5589225589225589 0.40707964601769914 0.5774410774410774 0.40328697850821743 0.6144781144781145 0.3906447534766119 0.6868686868686869 0.3666245259165613 0.6414141414141414
8 0.24146649810366624 0.5875420875420876 0.2579013906447535 0.5976430976430976 0.3843236409608091 0.6784511784511784 0.3868520859671302 0.6919191919191919 0.24905183312262957 0.601010101010101
8 0.20480404551201012 0.5303030303030303 0.2743362831858407 0.5673400673400674 0.28697850821744625 0.5757575757575758 0.27686472819216185 0.5757575757575758 0.2111251580278129 0.5404040404040404
5 0.48672566371681414 0.6262626262626263 0.4538558786346397 0.6464646464646465 0.4336283185840708 0.6784511784511784 0.427307206068268 0.7171717171717171 0.43489254108723135 0.7508417508417509 0.45512010113780027 0.7845117845117845 0.4829329962073325 0.8080808080808081 0.5183312262958281 0.8114478114478114 0.5448798988621998 0.7929292929292929 0.5625790139064475 0.7643097643097643 0.5651074589127687 0.734006734006734 0.5549936788874842 0.7087542087542088 0.5398230088495575 0.6750841750841751 0.5335018963337548 0.6565656565656566 0.5094816687737042 0.6313131313131313
4 0.584070796460177 0.8148148148148148 0.6219974715549936 0.8249158249158249 0.661188369152971 0.8367003367003367 0.6915297092288243 0.8400673400673401 0.729456384323641 0.8468013468013468 0.7585335018963337 0.835016835016835 0.7661188369152971 0.8468013468013468 0.7307206068268015 0.8585858585858586 0.7003792667509482 0.8619528619528619 0.6637168141592921 0.8602693602693603 0.6283185840707964 0.8535353535353535 0.6017699115044248 0.8434343434343434 0.5853350189633375 0.835016835016835
0 0.1264222503160556 0.5134680134680135 0.14032869785082175 0.5218855218855218 0.15423514538558786 0.5336700336700336 0.15802781289506954 0.5488215488215489 0.14917825537294563 0.5521885521885522 0.14412136536030343 0.5505050505050505 0.13147914032869784 0.5336700336700336
4 0.6536030341340076 0.6127946127946128 0.6814159292035398 0.6296296296296297 0.6713021491782554 0.6380471380471381 0.6548672566371682 0.6447811447811448
0 0.5524652338811631 0.5252525252525253 0.5360303413400759 0.5202020202020202 0.5170670037926675 0.5303030303030303 0.5018963337547409 0.5404040404040404 0.4917825537294564 0.5488215488215489 0.48166877370417194 0.5622895622895623 0.4690265486725664 0.569023569023569 0.47914032869785084 0.5909090909090909 0.4892541087231353 0.5757575757575758 0.4968394437420986 0.563973063973064 0.5107458912768648 0.5505050505050505 0.527180783817952 0.5387205387205387 0.5360303413400759 0.5370370370370371 0.5410872313527181 0.5488215488215489 0.5575221238938053 0.569023569023569 0.584070796460177 0.5858585858585859 0.638432364096081 0.6094276094276094 0.6131479140328698 0.5925925925925926 0.5865992414664981 0.5740740740740741 0.561314791403287 0.5471380471380471
0 0.36283185840707965 0.4208754208754209 0.37168141592920356 0.4276094276094276 0.36536030341340076 0.4663299663299663 0.36788874841972186 0.5050505050505051 0.37041719342604296 0.5656565656565656 0.3780025284450063 0.6346801346801347 0.3843236409608091 0.6784511784511784 0.3780025284450063 0.6851851851851852 0.36283185840707965 0.6750841750841751 0.35651074589127685 0.6582491582491582 0.35145385587863465 0.632996632996633 0.347661188369153 0.6127946127946128 0.3501896333754741 0.5875420875420876 0.35398230088495575 0.5521885521885522 0.3552465233881163 0.5235690235690236 0.35398230088495575 0.494949494949495 0.35398230088495575 0.4562289562289562
3 0.30467762326169406 0.6430976430976431 0.30973451327433627 0.6313131313131313 0.3034134007585335 0.6178451178451179 0.29077117572692796 0.6144781144781145 0.2806573957016435 0.6144781144781145 0.2781289506953224 0.622895622895623 0.2895069532237674 0.6380471380471381