6 0.5417607223476298 0.569811320754717 0.5440180586907449 0.5811320754716981 0.5507900677200903 0.5924528301886792 0.5564334085778782 0.5981132075471698 0.5507900677200903 0.5811320754716981 0.54627539503386 0.5735849056603773
6 0.5564334085778782 0.6245283018867924 0.5575620767494357 0.6188679245283019 0.5609480812641083 0.6226415094339622 0.5609480812641083 0.6339622641509434 0.5654627539503386 0.6377358490566037 0.5711060948081265 0.6452830188679245 0.5711060948081265 0.6566037735849056 0.5677200902934537 0.6566037735849056 0.5609480812641083 0.6433962264150943 0.5575620767494357 0.6358490566037736
6 0.5778781038374717 0.7132075471698113 0.5812641083521445 0.7132075471698113 0.582392776523702 0.7169811320754716 0.5801354401805869 0.7226415094339622 0.5756207674943566 0.720754716981132
6 0.6918735891647856 0.5358490566037736 0.6884875846501128 0.539622641509434 0.6839729119638827 0.5433962264150943 0.6817155756207675 0.5415094339622641 0.6794582392776524 0.5415094339622641 0.6760722347629797 0.5452830188679245 0.672686230248307 0.5490566037735849 0.6693002257336343 0.5528301886792453 0.6681715575620768 0.5547169811320755 0.6659142212189616 0.5584905660377358 0.6681715575620768 0.5584905660377358 0.6715575620767494 0.5547169811320755 0.6738148984198645 0.5528301886792453 0.6772009029345373 0.5509433962264151 0.6794582392776524 0.5509433962264151 0.6817155756207675 0.5490566037735849 0.6839729119638827 0.5490566037735849 0.6862302483069977 0.5471698113207547 0.690744920993228 0.5433962264150943 0.690744920993228 0.539622641509434
6 0.7031602708803611 0.5962264150943396 0.6963882618510158 0.5962264150943396 0.6930022573363431 0.5962264150943396 0.6930022573363431 0.6037735849056604 0.690744920993228 0.6094339622641509 0.690744920993228 0.6113207547169811 0.698645598194131 0.6075471698113207 0.7020316027088036 0.6037735849056604 0.7031602708803611 0.6018867924528302
6 0.6636568848758465 0.5622641509433962 0.6613995485327314 0.5660377358490566 0.6557562076749436 0.5716981132075472 0.6512415349887133 0.5811320754716981 0.6467268623024831 0.5886792452830188 0.6455981941309256 0.5962264150943396 0.6512415349887133 0.5886792452830188 0.654627539503386 0.5811320754716981 0.6591422121896162 0.5735849056603773 0.662528216704289 0.569811320754717 0.664785553047404 0.5641509433962264
3 0.3893905191873589 0.6396226415094339 0.38261851015801357 0.6641509433962264 0.3984198645598194 0.6811320754716981 0.4040632054176072 0.6811320754716981 0.40970654627539504 0.6716981132075471 0.4142212189616253 0.6641509433962264 0.4221218961625282 0.6716981132075471 0.43340857787810383 0.6660377358490566 0.4367945823927765 0.6679245283018868 0.4503386004514673 0.6547169811320754 0.46952595936794583 0.6433962264150943 0.48758465011286684 0.6320754716981132 0.5033860045146726 0.630188679245283 0.5056433408577878 0.6245283018867924 0.4966139954853273 0.6132075471698113 0.49435665914221216 0.6018867924528302 0.49435665914221216 0.5867924528301887 0.5 0.5679245283018868 0.5033860045146726 0.560377358490566 0.5079006772009029 0.539622641509434 0.5079006772009029 0.5245283018867924 0.5011286681715575 0.5018867924528302 0.49774266365688485 0.47924528301886793 0.49548532731376976 0.45660377358490567 0.4898419864559819 0.44150943396226416 0.4729119638826185 0.4377358490566038 0.4683972911963883 0.44716981132075473 0.46613995485327314 0.4660377358490566 0.46613995485327314 0.48867924528301887 0.46275395033860045 0.5113207547169811 0.4492099322799097 0.5490566037735849 0.44243792325056436 0.560377358490566 0.43115124153498874 0.5716981132075472 0.4255079006772009 0.5886792452830188 0.42099322799097066 0.6 0.4142212189616253 0.6150943396226415 0.4074492099322799 0.6283018867924528 0.4018058690744921 0.6358490566037736 0.3961625282167043 0.6396226415094339
3 0.5654627539503386 0.7528301886792453 0.5801354401805869 0.7396226415094339 0.5869074492099323 0.7264150943396226 0.5801354401805869 0.7132075471698113 0.572234762979684 0.6924528301886792 0.5564334085778782 0.6698113207547169 0.5507900677200903 0.6528301886792452 0.5383747178329571 0.6264150943396226 0.5304740406320542 0.6056603773584905 0.5191873589164786 0.5830188679245283 0.5067720090293454 0.5679245283018868 0.5011286681715575 0.5679245283018868 0.4966139954853273 0.5660377358490566 0.49209932279909707 0.5943396226415094 0.5 0.6150943396226415 0.5056433408577878 0.6264150943396226 0.5214446952595937 0.6396226415094339 0.5304740406320542 0.6452830188679245 0.54627539503386 0.6716981132075471 0.5620767494356659 0.7075471698113207 0.5643340857787811 0.7188679245283018 0.5665914221218962 0.7320754716981132 0.5677200902934537 0.7415094339622641
6 0.4706546275395034 0.5849056603773585 0.4717832957110609 0.5716981132075472 0.4717832957110609 0.5566037735849056 0.4751693002257336 0.5452830188679245 0.481941309255079 0.5452830188679245 0.48645598194130923 0.5547169811320755 0.4853273137697517 0.5622641509433962 0.48306997742663654 0.5811320754716981 0.48306997742663654 0.5867924528301887 0.4796839729119639 0.5867924528301887 0.4762979683972912 0.5849056603773585 0.47404063205417607 0.590566037735849 0.4729119638826185 0.5981132075471698 0.4762979683972912 0.5924528301886792 0.4796839729119639 0.5924528301886792 0.48306997742663654 0.5924528301886792 0.4853273137697517 0.5981132075471698 0.48645598194130923 0.6018867924528302 0.4887133182844244 0.6 0.49209932279909707 0.6 0.49435665914221216 0.6056603773584905 0.49774266365688485 0.6113207547169811 0.5011286681715575 0.620754716981132 0.5011286681715575 0.6283018867924528 0.48645598194130923 0.6283018867924528 0.4785553047404063 0.6283018867924528 0.4717832957110609 0.630188679245283 0.4672686230248307 0.6264150943396226 0.4650112866817156 0.620754716981132 0.4683972911963883 0.6075471698113207 0.4706546275395034 0.6
6 0.43115124153498874 0.6716981132075471 0.42437923250564336 0.6716981132075471 0.4198645598194131 0.6660377358490566 0.4164785553047404 0.6622641509433962 0.4142212189616253 0.6584905660377358 0.4142212189616253 0.6509433962264151 0.4142212189616253 0.6433962264150943 0.40970654627539504 0.6433962264150943 0.40970654627539504 0.6358490566037736 0.4108352144469526 0.6264150943396226 0.4153498871331828 0.620754716981132 0.417607223476298 0.6169811320754717 0.4187358916478555 0.6075471698113207 0.42437923250564336 0.6018867924528302 0.4255079006772009 0.5943396226415094 0.43002257336343114 0.5830188679245283 0.43115124153498874 0.5754716981132075 0.4322799097065463 0.569811320754717 0.4367945823927765 0.560377358490566 0.4401805869074492 0.5566037735849056 0.4435665914221219 0.5528301886792453 0.4503386004514673 0.5509433962264151 0.445823927765237 0.5622641509433962 0.44130925507900676 0.5679245283018868 0.43792325056433407 0.5735849056603773 0.4367945823927765 0.5811320754716981 0.4367945823927765 0.5962264150943396 0.435665914221219 0.6056603773584905 0.43340857787810383 0.6056603773584905 0.4322799097065463 0.6 0.43115124153498874 0.6018867924528302 0.43002257336343114 0.6094339622641509 0.42776523702031605 0.6150943396226415 0.4288939051918736 0.620754716981132 0.4288939051918736 0.6283018867924528 0.42437923250564336 0.6358490566037736 0.42663656884875845 0.6433962264150943 0.42663656884875845 0.6528301886792452 0.42663656884875845 0.6584905660377358 0.42663656884875845 0.6641509433962264 0.4288939051918736 0.6698113207547169
6 0.4401805869074492 0.6339622641509434 0.4401805869074492 0.6283018867924528 0.4401805869074492 0.6226415094339622 0.43905191873589167 0.6188679245283019 0.435665914221219 0.620754716981132 0.435665914221219 0.6226415094339622 0.43340857787810383 0.6245283018867924 0.43115124153498874 0.6226415094339622 0.4322799097065463 0.620754716981132 0.435665914221219 0.6169811320754717 0.43905191873589167 0.6132075471698113 0.44243792325056436 0.6075471698113207 0.44469525959367945 0.6056603773584905 0.4469525959367946 0.6018867924528302 0.44808126410835214 0.5962264150943396 0.4525959367945824 0.5943396226415094 0.45598194130925507 0.5849056603773585 0.4616252821670429 0.5830188679245283 0.463882618510158 0.5830188679245283 0.4683972911963883 0.5867924528301887 0.4683972911963883 0.590566037735849 0.4672686230248307 0.6 0.463882618510158 0.6018867924528302 0.45711060948081267 0.6132075471698113 0.45598194130925507 0.620754716981132 0.4582392776523702 0.6169811320754717 0.46275395033860045 0.6113207547169811 0.463882618510158 0.6113207547169811 0.46275395033860045 0.6188679245283019 0.45936794582392776 0.6226415094339622 0.45711060948081267 0.6264150943396226 0.4525959367945824 0.630188679245283 0.4503386004514673 0.6377358490566037 0.44808126410835214 0.6433962264150943 0.4435665914221219 0.6490566037735849 0.44130925507900676 0.6509433962264151 0.44243792325056436 0.6452830188679245 0.44243792325056436 0.6377358490566037
3 0.6252821670428894 0.39811320754716983 0.6117381489841986 0.42830188679245285 0.5869074492099323 0.46037735849056605 0.5733634311512416 0.4849056603773585 0.5530474040632054 0.5056603773584906 0.5530474040632054 0.5283018867924528 0.554176072234763 0.5471698113207547 0.5530474040632054 0.5660377358490566 0.5451467268623025 0.5849056603773585 0.5519187358916479 0.6094339622641509 0.5530474040632054 0.6226415094339622 0.5564334085778782 0.6339622641509434 0.5654627539503386 0.6566037735849056 0.572234762979684 0.6660377358490566 0.5744920993227991 0.6792452830188679 0.5801354401805869 0.690566037735849 0.5857787810383747 0.7075471698113207 0.5891647855530474 0.7188679245283018 0.5981941309255079 0.7283018867924528 0.6094808126410836 0.730188679245283 0.6230248306997742 0.7188679245283018 0.636568848758465 0.7094339622641509 0.6591422121896162 0.6924528301886792 0.6760722347629797 0.6811320754716981 0.6896162528216704 0.6698113207547169 0.6963882618510158 0.6660377358490566 0.6997742663656885 0.6528301886792452 0.7031602708803611 0.630188679245283 0.7054176072234764 0.6075471698113207 0.7054176072234764 0.5943396226415094 0.7054176072234764 0.5792452830188679 0.7031602708803611 0.5641509433962264 0.7020316027088036 0.5471698113207547 0.7009029345372461 0.5188679245283019 0.698645598194131 0.48867924528301887 0.6952595936794582 0.45660377358490567 0.6975169300225733 0.42830188679245285 0.6941309255079007 0.4056603773584906 0.6851015801354402 0.3905660377358491 0.6794582392776524 0.3849056603773585 0.6602708803611738 0.3867924528301887 0.6478555304740407 0.3905660377358491
3 0.5688487584650113 0.7603773584905661 0.5744920993227991 0.7547169811320755 0.5812641083521445 0.7509433962264151 0.5812641083521445 0.7566037735849057 0.5767494356659142 0.7622641509433963 0.5711060948081265 0.7660377358490567 0.5699774266365688 0.7679245283018868
3 0.435665914221219 0.47547169811320755 0.4582392776523702 0.4849056603773585 0.46275395033860045 0.5150943396226415 0.45936794582392776 0.530188679245283 0.4525959367945824 0.5509433962264151 0.43340857787810383 0.5641509433962264 0.42776523702031605 0.5886792452830188 0.4187358916478555 0.6132075471698113 0.40857787810383744 0.6320754716981132 0.4018058690744921 0.6396226415094339 0.3961625282167043 0.6452830188679245 0.38487584650112866 0.6415094339622641 0.3781038374717833 0.6320754716981132 0.39503386004514673 0.6132075471698113 0.4006772009029345 0.5867924528301887 0.40293453724604966 0.5754716981132075 0.43115124153498874 0.5566037735849056 0.4401805869074492 0.530188679245283 0.44243792325056436 0.5
0 0.4367945823927765 0.6641509433962264 0.35553047404063204 0.6113207547169811 0.3340857787810384 0.6113207547169811 0.2686230248306998 0.6094339622641509 0.2584650112866817 0.6377358490566037 0.24379232505643342 0.6509433962264151 0.2178329571106095 0.6471698113207547 0.17155756207674944 0.6132075471698113 0.1275395033860045 0.5471698113207547 0.12415349887133183 0.5641509433962264 0.1399548532731377 0.6056603773584905 0.16930022573363432 0.6396226415094339 0.21331828442437922 0.6754716981132075 0.23589164785553046 0.6867924528301886 0.25395033860045146 0.6792452830188679 0.26749435665914223 0.6528301886792452 0.30248306997742663 0.6622641509433962 0.3476297968397291 0.6622641509433962 0.43002257336343114 0.7150943396226415 0.435665914221219 0.7018867924528301
0 0.5158013544018059 0.18490566037735848 0.49887133182844245 0.2 0.49435665914221216 0.3754716981132076 0.5011286681715575 0.43018867924528303 0.5112866817155757 0.45849056603773586 0.5270880361173815 0.5188679245283019 0.5395033860045146 0.5471698113207547 0.5620767494356659 0.6245283018867924 0.5801354401805869 0.6660377358490566 0.5981941309255079 0.7094339622641509 0.6151241534988713 0.730188679245283 0.5846501128668171 0.7471698113207547 0.5688487584650113 0.7037735849056603 0.5440180586907449 0.6490566037735849 0.5270880361173815 0.6037735849056604 0.5067720090293454 0.5452830188679245 0.49548532731376976 0.5056603773584906 0.48758465011286684 0.46037735849056605 0.4785553047404063 0.42641509433962266 0.47742663656884876 0.3754716981132076 0.481941309255079 0.19622641509433963