8 0.5814360770577933 0.40749414519906324 0.5901926444833625 0.39344262295081966 0.5954465849387041 0.33489461358313816 0.6182136602451839 0.3372365339578454 0.626970227670753 0.34660421545667447 0.6234676007005254 0.27400468384074944 0.6024518388791593 0.19672131147540983 0.6007005253940455 0.19672131147540983 0.574430823117338 0.21311475409836064 0.5674255691768827 0.2459016393442623 0.574430823117338 0.33489461358313816 0.5814360770577933 0.40749414519906324
3 0.45183887915936954 0.6721311475409836 0.4886164623467601 0.7400468384074942 0.521891418563923 0.7353629976580797 0.5481611208406305 0.7423887587822015 0.5919439579684763 0.6861826697892272 0.626970227670753 0.667447306791569 0.6409807355516638 0.6042154566744731 0.6409807355516638 0.531615925058548 0.6234676007005254 0.5644028103044496 0.5989492119089317 0.5480093676814989 0.5971978984238179 0.4918032786885246 0.5796847635726795 0.47540983606557374 0.542907180385289 0.5058548009367682 0.5131348511383538 0.5761124121779859 0.46760070052539404 0.5925058548009368 0.45183887915936954 0.6721311475409836
8 0.6865148861646234 0.5573770491803278 0.6830122591943958 0.5128805620608899 0.6777583187390543 0.4847775175644028 0.658493870402802 0.4215456674473068 0.649737302977233 0.2716627634660422 0.6182136602451839 0.2693208430913349 0.637478108581436 0.4028103044496487 0.6444833625218914 0.5269320843091335 0.6427320490367776 0.6159250585480094 0.6619964973730298 0.5971896955503513 0.6865148861646234 0.5573770491803278
8 0.6409807355516638 0.5831381733021077 0.6392294220665499 0.4847775175644028 0.6147110332749562 0.34192037470725994 0.626970227670753 0.5480093676814989 0.6164623467600701 0.6018735362997658 0.6059544658493871 0.6651053864168618 0.6147110332749562 0.6885245901639344 0.6409807355516638 0.6135831381733021 0.6409807355516638 0.5831381733021077
8 0.5464098073555166 0.6229508196721312 0.5831873905429071 0.6416861826697893 0.6147110332749562 0.5971896955503513 0.6217162872154116 0.5573770491803278 0.5989492119089317 0.5620608899297423 0.5796847635726795 0.5925058548009368 0.5499124343257443 0.5831381733021077 0.553415061295972 0.5456674473067916 0.5726795096322241 0.5035128805620609 0.5936952714535902 0.4894613583138173 0.5866900175131349 0.468384074941452 0.5586690017513135 0.48009367681498827 0.5446584938704028 0.5105386416861827 0.5306479859894921 0.5597189695550351 0.5464098073555166 0.6229508196721312
0 0.6252189141856392 0.5105386416861827 0.6252189141856392 0.4637002341920375 0.6234676007005254 0.4238875878220141 0.6024518388791593 0.4238875878220141 0.6042031523642732 0.4566744730679157 0.6059544658493871 0.5386416861826698 0.6252189141856392 0.5480093676814989 0.6252189141856392 0.5105386416861827
2 0.45709281961471104 0.6229508196721312 0.46059544658493873 0.5737704918032787 0.45359019264448336 0.5035128805620609 0.415061295971979 0.5105386416861827 0.39404553415061294 0.5386416861826698 0.39929947460595444 0.6229508196721312 0.404553415061296 0.6814988290398126 0.4203152364273205 0.6838407494145199 0.45709281961471104 0.6229508196721312
0 0.5674255691768827 0.4426229508196721 0.574430823117338 0.41451990632318503 0.5726795096322241 0.3325526932084309 0.5569176882661997 0.2154566744730679 0.5464098073555166 0.13817330210772832 0.5271453590192644 0.04918032786885246 0.5148861646234676 0.02576112412177986 0.4991243432574431 0.0468384074941452 0.5078809106830122 0.06323185011709602 0.5253940455341506 0.13114754098360656 0.5499124343257443 0.33021077283372363 0.5516637478108581 0.43559718969555034 0.5499124343257443 0.46604215456674475 0.5674255691768827 0.4426229508196721
5 0.51138353765324 0.7962529274004684 0.4973730297723292 0.7915690866510539 0.4903677758318739 0.7822014051522248 0.4903677758318739 0.7728337236533958 0.4921190893169877 0.7634660421545667 0.4973730297723292 0.7517564402810304 0.5026269702276708 0.747072599531616 0.5078809106830122 0.7423887587822015 0.5183887915936952 0.7400468384074942 0.5341506129597198 0.7330210772833724 0.5499124343257443 0.7330210772833724 0.5499124343257443 0.7236533957845434 0.532399299474606 0.7259953161592506 0.5061295971978984 0.7353629976580797 0.48336252189141854 0.7540983606557377 0.4763572679509632 0.775175644028103 0.4798598949211909 0.7915690866510539 0.4921190893169877 0.8056206088992974 0.5131348511383538 0.8149882903981265 0.5376532399299475 0.8149882903981265 0.5394045534150613 0.8009367681498829 0.5288966725043783 0.7985948477751756 0.51138353765324 0.7962529274004684
5 0.4448336252189142 0.16393442622950818 0.45183887915936954 0.2646370023419204 0.5078809106830122 0.26229508196721313 0.4956217162872154 0.16627634660421545 0.4448336252189142 0.16393442622950818
0 0.4238178633975482 0.711943793911007 0.44833625218914186 0.7142857142857143 0.46409807355516636 0.7189695550351288 0.4798598949211909 0.7259953161592506 0.46409807355516636 0.7002341920374707 0.4343257443082312 0.6978922716627635 0.4238178633975482 0.711943793911007
0 0.5183887915936952 0.7283372365339579 0.5341506129597198 0.7822014051522248 0.5376532399299475 0.7587822014051522 0.5376532399299475 0.7096018735362998 0.5376532399299475 0.6463700234192038 0.5306479859894921 0.5761124121779859 0.5253940455341506 0.5339578454332553 0.5166374781085814 0.49882903981264637 0.5078809106830122 0.5011709601873536 0.5096322241681261 0.5152224824355972 0.51138353765324 0.5737704918032787 0.5148861646234676 0.6510538641686182 0.5148861646234676 0.702576112412178 0.5183887915936952 0.7283372365339579