8 0.7885375494071146 0.6465968586387435 0.7924901185770751 0.643979057591623 0.7885375494071146 0.6335078534031413 0.782608695652174 0.6335078534031413 0.782608695652174 0.643979057591623 0.7885375494071146 0.6465968586387435
8 0.8003952569169961 0.6518324607329843 0.8043478260869565 0.6465968586387435 0.8063241106719368 0.6361256544502618 0.7984189723320159 0.6413612565445026 0.7944664031620553 0.6492146596858639 0.8003952569169961 0.6518324607329843
8 0.7707509881422925 0.7015706806282722 0.7747035573122529 0.6884816753926701 0.7766798418972332 0.675392670157068 0.7806324110671937 0.6675392670157068 0.7865612648221344 0.6544502617801047 0.7766798418972332 0.6570680628272252 0.7727272727272727 0.6675392670157068 0.7687747035573123 0.6832460732984293 0.7707509881422925 0.7015706806282722
8 0.7806324110671937 0.680628272251309 0.782608695652174 0.6884816753926701 0.7865612648221344 0.6989528795811518 0.7924901185770751 0.6963350785340314 0.7944664031620553 0.6884816753926701 0.8043478260869565 0.6858638743455497 0.8043478260869565 0.6727748691099477 0.7964426877470355 0.6727748691099477 0.7905138339920948 0.6701570680628273 0.7865612648221344 0.6701570680628273 0.7806324110671937 0.680628272251309
8 0.8023715415019763 0.7041884816753927 0.8023715415019763 0.693717277486911 0.7964426877470355 0.693717277486911 0.7924901185770751 0.7015706806282722 0.7984189723320159 0.7068062827225131 0.8023715415019763 0.7041884816753927
8 0.7055335968379447 0.675392670157068 0.6936758893280632 0.6832460732984293 0.7035573122529645 0.6832460732984293 0.7134387351778656 0.6780104712041884 0.7233201581027668 0.6780104712041884 0.7312252964426877 0.675392670157068 0.733201581027668 0.6832460732984293 0.7371541501976284 0.6832460732984293 0.7351778656126482 0.6701570680628273 0.7252964426877471 0.6675392670157068 0.7154150197628458 0.6727748691099477 0.7055335968379447 0.675392670157068
8 0.6818181818181818 0.7303664921465969 0.6877470355731226 0.7277486910994765 0.691699604743083 0.7225130890052356 0.7035573122529645 0.7225130890052356 0.7154150197628458 0.725130890052356 0.7154150197628458 0.7172774869109948 0.7015810276679841 0.7172774869109948 0.6897233201581028 0.7172774869109948 0.6818181818181818 0.7225130890052356 0.6818181818181818 0.7303664921465969
6 0.37549407114624506 0.6832460732984293 0.3675889328063241 0.680628272251309 0.36363636363636365 0.6910994764397905 0.37549407114624506 0.6963350785340314 0.37549407114624506 0.6832460732984293
6 0.3359683794466403 0.6832460732984293 0.33992094861660077 0.693717277486911 0.3458498023715415 0.6963350785340314 0.34782608695652173 0.6884816753926701 0.35375494071146246 0.6858638743455497 0.35375494071146246 0.6780104712041884 0.3359683794466403 0.675392670157068 0.3241106719367589 0.675392670157068 0.32608695652173914 0.6884816753926701 0.3359683794466403 0.6832460732984293
6 0.2707509881422925 0.5759162303664922 0.2608695652173913 0.5759162303664922 0.2628458498023715 0.5863874345549738 0.2727272727272727 0.5837696335078534 0.2707509881422925 0.5759162303664922
8 0.3675889328063241 0.5 0.3814229249011858 0.5052356020942408 0.38735177865612647 0.4973821989528796 0.37549407114624506 0.49214659685863876 0.36561264822134387 0.4895287958115183 0.35375494071146246 0.4973821989528796 0.3675889328063241 0.5
8 0.32806324110671936 0.5026178010471204 0.32608695652173914 0.49476439790575916 0.30632411067193677 0.49476439790575916 0.30039525691699603 0.5026178010471204 0.3102766798418972 0.5026178010471204 0.32806324110671936 0.5026178010471204
8 0.2608695652173913 0.56282722513089 0.26877470355731226 0.56282722513089 0.26877470355731226 0.5549738219895288 0.2628458498023715 0.5549738219895288 0.2450592885375494 0.5497382198952879 0.2450592885375494 0.5575916230366492 0.2608695652173913 0.56282722513089
3 0.2628458498023715 0.4869109947643979 0.2391304347826087 0.5078534031413613 0.2707509881422925 0.5104712041884817 0.4189723320158103 0.518324607329843 0.43280632411067194 0.5130890052356021 0.391304347826087 0.4895287958115183 0.33201581027667987 0.4869109947643979 0.2885375494071146 0.4869109947643979 0.2628458498023715 0.4869109947643979
3 0.7806324110671937 0.6963350785340314 0.8003952569169961 0.7068062827225131 0.8063241106719368 0.6413612565445026 0.7924901185770751 0.643979057591623 0.7707509881422925 0.6596858638743456 0.766798418972332 0.6989528795811518 0.7806324110671937 0.6963350785340314
3 0.274703557312253 0.581151832460733 0.26877470355731226 0.5706806282722513 0.2628458498023715 0.5759162303664922 0.26877470355731226 0.5890052356020943 0.28063241106719367 0.5968586387434555 0.274703557312253 0.581151832460733
0 0.4841897233201581 0.5157068062827225 0.37351778656126483 0.5104712041884817 0.274703557312253 0.5104712041884817 0.26877470355731226 0.5392670157068062 0.26877470355731226 0.5680628272251309 0.28063241106719367 0.6047120418848168 0.29446640316205536 0.6387434554973822 0.3142292490118577 0.6518324607329843 0.4031620553359684 0.675392670157068 0.4881422924901186 0.693717277486911 0.6798418972332015 0.6413612565445026 0.6976284584980237 0.5968586387434555 0.7094861660079052 0.5523560209424084 0.7094861660079052 0.5235602094240838 0.7015810276679841 0.5104712041884817 0.6442687747035574 0.5104712041884817 0.4841897233201581 0.5157068062827225
0 0.25691699604743085 0.599476439790576 0.23715415019762845 0.5497382198952879 0.20948616600790515 0.5340314136125655 0.18774703557312253 0.5078534031413613 0.1600790513833992 0.450261780104712 0.1422924901185771 0.5026178010471204 0.13438735177865613 0.5602094240837696 0.15019762845849802 0.5916230366492147 0.18774703557312253 0.6073298429319371 0.2707509881422925 0.6361256544502618 0.25691699604743085 0.599476439790576
3 0.24110671936758893 0.4973821989528796 0.233201581027668 0.5209424083769634 0.24703557312252963 0.5418848167539267 0.2766798418972332 0.5497382198952879 0.2766798418972332 0.5078534031413613 0.25889328063241107 0.4973821989528796 0.24110671936758893 0.4973821989528796