0 0.4691011235955056 0.8973384030418251 0.49859550561797755 0.9391634980988594 0.49157303370786515 0.9505703422053232 0.4550561797752809 0.9600760456273765 0.39747191011235955 0.9581749049429658 0.3356741573033708 0.9448669201520913 0.23876404494382023 0.9239543726235742 0.2247191011235955 0.8688212927756654 0.24859550561797752 0.8574144486692015
0 0.7359550561797753 0.30798479087452474 0.7485955056179775 0.311787072243346 0.7612359550561798 0.34600760456273766 0.7682584269662921 0.376425855513308 0.7654494382022472 0.435361216730038 0.7584269662921348 0.5171102661596958 0.7443820224719101 0.6311787072243346 0.7331460674157303 0.6692015209125475 0.7303370786516854 0.6768060836501901 0.7289325842696629 0.6615969581749049 0.7415730337078652 0.6121673003802282 0.7443820224719101 0.5760456273764258 0.7387640449438202 0.5418250950570342 0.7303370786516854 0.5190114068441065 0.7176966292134831 0.5095057034220533 0.699438202247191 0.5114068441064639 0.675561797752809 0.5228136882129277 0.6530898876404494 0.5456273764258555 0.6264044943820225 0.5798479087452472 0.6151685393258427 0.596958174904943 0.5941011235955056 0.6254752851711026 0.5814606741573034 0.6463878326996197 0.5702247191011236 0.6806083650190115 0.4943820224719101 0.7034220532319392 0.48314606741573035 0.6901140684410646 0.4859550561797753 0.655893536121673 0.4438202247191011 0.6577946768060836 0.41151685393258425 0.6596958174904943 0.38342696629213485 0.629277566539924 0.4410112359550562 0.6406844106463878 0.4859550561797753 0.6254752851711026 0.5112359550561798 0.5779467680608364 0.5280898876404494 0.5456273764258555 0.526685393258427 0.532319391634981 0.5042134831460674 0.526615969581749 0.4410112359550562 0.5285171102661597 0.4943820224719101 0.48098859315589354 0.5393258426966292 0.4391634980988593 0.6910112359550562 0.3403041825095057 0.7219101123595506 0.3041825095057034
3 0.6235955056179775 0.41634980988593157 0.601123595505618 0.44866920152091255 0.5926966292134831 0.4790874524714829 0.5730337078651685 0.49049429657794674 0.5575842696629213 0.4619771863117871 0.5337078651685393 0.467680608365019 0.5252808988764045 0.48859315589353614 0.47191011235955055 0.5133079847908745 0.5323033707865169 0.5209125475285171 0.5365168539325843 0.5399239543726235 0.5168539325842697 0.5817490494296578 0.5 0.6216730038022814 0.5070224719101124 0.6444866920152091 0.5463483146067416 0.6387832699619772 0.5716292134831461 0.6463878326996197 0.6221910112359551 0.5874524714828897 0.6643258426966292 0.532319391634981 0.6980337078651685 0.5095057034220533 0.7191011235955056 0.5114068441064639 0.7514044943820225 0.49809885931558934 0.7514044943820225 0.42015209125475284 0.7106741573033708 0.4220532319391635 0.6615168539325843 0.43346007604562736 0.6446629213483146 0.41064638783269963
3 0.2696629213483146 0.6330798479087453 0.3890449438202247 0.6368821292775665 0.40168539325842695 0.6615969581749049 0.38764044943820225 0.6711026615969582 0.32162921348314605 0.6749049429657795 0.2640449438202247 0.6711026615969582 0.25842696629213485 0.6482889733840305
3 0.5323033707865169 0.7376425855513308 0.5463483146067416 0.7262357414448669 0.5435393258426966 0.7110266159695817 0.5280898876404494 0.7186311787072244 0.5224719101123596 0.7357414448669202
3 0.41713483146067415 0.6996197718631179 0.4452247191011236 0.6901140684410646 0.45224719101123595 0.7034220532319392 0.4508426966292135 0.7224334600760456 0.43258426966292135 0.7395437262357415 0.41853932584269665 0.7243346007604563
3 0.324438202247191 0.7509505703422054 0.3258426966292135 0.7737642585551331 0.33707865168539325 0.7870722433460076 0.36657303370786515 0.7870722433460076 0.37640449438202245 0.7623574144486692 0.3693820224719101 0.7300380228136882 0.33146067415730335 0.7357414448669202
8 0.5337078651685393 0.6330798479087453 0.5491573033707865 0.6330798479087453 0.5688202247191011 0.6273764258555133 0.5716292134831461 0.6349809885931559 0.574438202247191 0.6482889733840305 0.5533707865168539 0.6425855513307985 0.5323033707865169 0.6425855513307985
8 0.523876404494382 0.6178707224334601 0.5252808988764045 0.5988593155893536 0.5421348314606742 0.5722433460076045 0.5407303370786517 0.5684410646387833 0.526685393258427 0.5798479087452472 0.5154494382022472 0.591254752851711 0.5112359550561798 0.6064638783269962 0.5112359550561798 0.6178707224334601 0.5084269662921348 0.6311787072243346 0.5168539325842697 0.629277566539924
8 0.4648876404494382 0.7338403041825095 0.5014044943820225 0.7319391634980988 0.5014044943820225 0.7281368821292775 0.46629213483146065 0.7281368821292775
8 0.47331460674157305 0.7452471482889734 0.4943820224719101 0.7433460076045627 0.4957865168539326 0.7376425855513308 0.5154494382022472 0.7338403041825095 0.5070224719101124 0.7414448669201521 0.4943820224719101 0.7490494296577946 0.47331460674157305 0.7509505703422054
8 0.5393258426966292 0.6901140684410646 0.5491573033707865 0.7015209125475285 0.5660112359550562 0.7015209125475285 0.5660112359550562 0.6958174904942965 0.5646067415730337 0.6863117870722434 0.5589887640449438 0.6787072243346007 0.5393258426966292 0.6844106463878327 0.5252808988764045 0.6901140684410646 0.5365168539325843 0.7129277566539924 0.5393258426966292 0.7110266159695817 0.5323033707865169 0.6939163498098859
8 0.476123595505618 0.714828897338403 0.49297752808988765 0.7186311787072244 0.5112359550561798 0.7072243346007605 0.5098314606741573 0.7034220532319392 0.4943820224719101 0.7110266159695817 0.47752808988764045 0.7110266159695817
5 0.37640449438202245 0.7034220532319392 0.3637640449438202 0.7338403041825095 0.34269662921348315 0.7376425855513308 0.31179775280898875 0.7376425855513308 0.31741573033707865 0.7091254752851711 0.34129213483146065 0.7015209125475285
5 0.2556179775280899 0.55893536121673 0.5028089887640449 0.5228136882129277 0.526685393258427 0.5285171102661597 0.5323033707865169 0.5437262357414449 0.5056179775280899 0.6045627376425855 0.48735955056179775 0.6273764258555133 0.4803370786516854 0.6368821292775665 0.4452247191011236 0.6482889733840305 0.41292134831460675 0.6444866920152091 0.38342696629213485 0.6330798479087453 0.34129213483146065 0.629277566539924 0.30337078651685395 0.6311787072243346 0.27668539325842695 0.6273764258555133 0.2542134831460674 0.5798479087452472 0.25280898876404495 0.5665399239543726
5 0.47331460674157305 0.8612167300380228 0.4648876404494382 0.8079847908745247 0.44803370786516855 0.7927756653992395 0.425561797752809 0.785171102661597 0.3553370786516854 0.7908745247148289 0.29353932584269665 0.7908745247148289 0.2598314606741573 0.7870722433460076 0.2247191011235955 0.785171102661597 0.2205056179775281 0.7965779467680608 0.2542134831460674 0.8612167300380228 0.28370786516853935 0.8802281368821293 0.3061797752808989 0.8973384030418251 0.40870786516853935 0.8802281368821293