3 0.4172473867595819 0.07109557109557109 0.406794425087108 0.10839160839160839 0.436411149825784 0.12703962703962704 0.45557491289198604 0.1317016317016317 0.45557491289198604 0.15034965034965034 0.4538327526132404 0.18065268065268064 0.45034843205574915 0.20396270396270397 0.4416376306620209 0.2296037296037296 0.4172473867595819 0.24125874125874125 0.3980836236933798 0.23892773892773891 0.38414634146341464 0.26223776223776224 0.37369337979094075 0.2925407925407925 0.3998257839721254 0.2948717948717949 0.4416376306620209 0.29953379953379955 0.4712543554006969 0.32517482517482516 0.490418118466899 0.36713286713286714 0.4799651567944251 0.4393939393939394 0.45034843205574915 0.48834498834498835 0.4799651567944251 0.5606060606060606 0.5026132404181185 0.513986013986014 0.5235191637630662 0.5116550116550117 0.5409407665505227 0.5372960372960373 0.5566202090592335 0.4603729603729604 0.5618466898954704 0.3531468531468531 0.5270034843205574 0.36013986013986016 0.5078397212543554 0.36013986013986016 0.5026132404181185 0.32517482517482516 0.5270034843205574 0.3041958041958042 0.5496515679442509 0.3041958041958042 0.563588850174216 0.3041958041958042 0.5775261324041812 0.2972027972027972 0.5740418118466899 0.2738927738927739 0.5775261324041812 0.22727272727272727 0.5722996515679443 0.20862470862470864 0.5653310104529616 0.20396270396270397 0.5653310104529616 0.15268065268065267 0.5740418118466899 0.14801864801864803 0.5757839721254355 0.13636363636363635 0.568815331010453 0.09207459207459208 0.5653310104529616 0.0641025641025641 0.5513937282229965 0.05244755244755245 0.5130662020905923 0.05011655011655012 0.44860627177700346 0.05244755244755245 0.4294425087108014 0.06177156177156177 0.4172473867595819 0.07109557109557109
0 0.563588850174216 0.2668997668997669 0.5409407665505227 0.26456876456876455 0.5008710801393729 0.2692307692307692 0.5235191637630662 0.2878787878787879 0.5409407665505227 0.29953379953379955 0.5531358885017421 0.29953379953379955 0.5670731707317073 0.2948717948717949 0.5827526132404182 0.28554778554778554 0.5705574912891986 0.2738927738927739 0.563588850174216 0.2668997668997669
5 0.6088850174216028 0.28088578088578087 0.6019163763066202 0.26456876456876455 0.5897212543554007 0.2529137529137529 0.5792682926829268 0.2505827505827506 0.5705574912891986 0.2762237762237762 0.5757839721254355 0.29953379953379955 0.5810104529616724 0.3111888111888112 0.5966898954703833 0.2948717948717949 0.6088850174216028 0.28088578088578087
8 0.5235191637630662 0.3974358974358974 0.5182926829268293 0.3881118881118881 0.509581881533101 0.38344988344988346 0.5043554006968641 0.3787878787878788 0.5026132404181185 0.3811188811188811 0.5060975609756098 0.38578088578088576 0.514808362369338 0.3997668997668998 0.5182926829268293 0.4090909090909091 0.5200348432055749 0.4184149184149184 0.5252613240418118 0.4184149184149184 0.5252613240418118 0.4090909090909091 0.5235191637630662 0.3974358974358974
8 0.514808362369338 0.4114219114219114 0.509581881533101 0.4114219114219114 0.5130662020905923 0.42074592074592077 0.5182926829268293 0.4324009324009324 0.5200348432055749 0.44405594405594406 0.5200348432055749 0.4533799533799534 0.5235191637630662 0.4603729603729604 0.5270034843205574 0.4627039627039627 0.5287456445993032 0.458041958041958 0.5252613240418118 0.45104895104895104 0.5235191637630662 0.44638694638694637 0.5235191637630662 0.4370629370629371 0.5200348432055749 0.4230769230769231 0.514808362369338 0.4114219114219114
8 0.5357142857142857 0.46503496503496505 0.539198606271777 0.46736596736596736 0.544425087108014 0.47202797202797203 0.5479094076655052 0.4766899766899767 0.5531358885017421 0.47435897435897434 0.5566202090592335 0.46736596736596736 0.5566202090592335 0.458041958041958 0.5531358885017421 0.4603729603729604 0.5513937282229965 0.46736596736596736 0.5479094076655052 0.46736596736596736 0.5426829268292683 0.4627039627039627 0.5409407665505227 0.458041958041958 0.5374564459930313 0.458041958041958 0.5357142857142857 0.46503496503496505
8 0.5479094076655052 0.486013986013986 0.5479094076655052 0.4766899766899767 0.544425087108014 0.47435897435897434 0.5409407665505227 0.47435897435897434 0.5374564459930313 0.4813519813519814 0.539198606271777 0.486013986013986 0.5409407665505227 0.48834498834498835 0.539198606271777 0.49533799533799533 0.539198606271777 0.5023310023310024 0.544425087108014 0.5046620046620046 0.5479094076655052 0.5023310023310024 0.5479094076655052 0.493006993006993 0.5479094076655052 0.486013986013986
8 0.46777003484320556 0.3041958041958042 0.4625435540069686 0.3111888111888112 0.45905923344947736 0.31585081585081587 0.46602787456445993 0.31585081585081587 0.4695121951219512 0.3111888111888112 0.46777003484320556 0.3041958041958042
8 0.45905923344947736 0.2715617715617716 0.4573170731707317 0.2692307692307692 0.44860627177700346 0.2738927738927739 0.4451219512195122 0.27855477855477856 0.4451219512195122 0.2902097902097902 0.45034843205574915 0.28554778554778554 0.4573170731707317 0.2738927738927739 0.45905923344947736 0.2715617715617716
8 0.43118466898954705 0.2715617715617716 0.42247386759581884 0.2692307692307692 0.4189895470383275 0.2692307692307692 0.4172473867595819 0.2762237762237762 0.4189895470383275 0.28088578088578087 0.42247386759581884 0.28088578088578087 0.42770034843205573 0.28088578088578087 0.4329268292682927 0.2738927738927739 0.43118466898954705 0.2715617715617716
8 0.5078397212543554 0.23426573426573427 0.514808362369338 0.24125874125874125 0.5200348432055749 0.23892773892773891 0.5200348432055749 0.23193473193473194 0.514808362369338 0.2296037296037296 0.5008710801393729 0.22494172494172493 0.490418118466899 0.23193473193473194 0.4799651567944251 0.2296037296037296 0.47473867595818814 0.22494172494172493 0.4712543554006969 0.22494172494172493 0.4712543554006969 0.2296037296037296 0.47822299651567945 0.23892773892773891 0.47822299651567945 0.24358974358974358 0.4764808362369338 0.24825174825174826 0.4817073170731707 0.2505827505827506 0.490418118466899 0.24358974358974358 0.4991289198606272 0.23892773892773891 0.5043554006968641 0.23426573426573427 0.5078397212543554 0.23426573426573427
8 0.4520905923344948 0.06643356643356643 0.460801393728223 0.0641025641025641 0.4712543554006969 0.06643356643356643 0.4799651567944251 0.06876456876456877 0.4834494773519164 0.06643356643356643 0.4817073170731707 0.06177156177156177 0.4764808362369338 0.06177156177156177 0.46602787456445993 0.05944055944055944 0.4625435540069686 0.05944055944055944 0.45557491289198604 0.05944055944055944 0.45034843205574915 0.05944055944055944 0.44337979094076657 0.06876456876456877 0.44337979094076657 0.08741258741258741 0.43989547038327526 0.0944055944055944 0.4451219512195122 0.09906759906759907 0.44686411149825783 0.08741258741258741 0.4520905923344948 0.06643356643356643
8 0.5165505226480837 0.05944055944055944 0.5217770034843205 0.05710955710955711 0.5252613240418118 0.05011655011655012 0.5200348432055749 0.05011655011655012 0.5130662020905923 0.05244755244755245 0.5060975609756098 0.05944055944055944 0.5008710801393729 0.0641025641025641 0.49738675958188155 0.06876456876456877 0.5026132404181185 0.06876456876456877 0.509581881533101 0.0641025641025641 0.5165505226480837 0.05944055944055944
8 0.5740418118466899 0.3298368298368298 0.5740418118466899 0.32051282051282054 0.5705574912891986 0.32051282051282054 0.5670731707317073 0.32517482517482516 0.5653310104529616 0.3368298368298368 0.5653310104529616 0.33916083916083917 0.568815331010453 0.3414918414918415 0.568815331010453 0.3321678321678322 0.5740418118466899 0.3298368298368298
8 0.5322299651567944 0.28088578088578087 0.5235191637630662 0.27855477855477856 0.5182926829268293 0.27855477855477856 0.514808362369338 0.27855477855477856 0.514808362369338 0.28554778554778554 0.5217770034843205 0.2902097902097902 0.5270034843205574 0.2948717948717949 0.5322299651567944 0.2948717948717949 0.5339721254355401 0.2902097902097902 0.5357142857142857 0.28554778554778554 0.5322299651567944 0.28088578088578087
8 0.509581881533101 0.28554778554778554 0.5078397212543554 0.27855477855477856 0.5026132404181185 0.28088578088578087 0.5008710801393729 0.28554778554778554 0.5060975609756098 0.2902097902097902 0.509581881533101 0.2972027972027972 0.5113240418118467 0.2925407925407925 0.509581881533101 0.2878787878787879 0.509581881533101 0.28554778554778554
8 0.4416376306620209 0.3041958041958042 0.4416376306620209 0.30186480186480186 0.44337979094076657 0.2972027972027972 0.44337979094076657 0.2925407925407925 0.4416376306620209 0.28554778554778554 0.43989547038327526 0.27855477855477856 0.436411149825784 0.27855477855477856 0.4346689895470383 0.28088578088578087 0.4329268292682927 0.28554778554778554 0.43118466898954705 0.2972027972027972 0.4416376306620209 0.3041958041958042
5 0.41122901567944253 1 0.40331010452961674 0.9708624708624709 0.34581881533101044 0.9708624708624709 0.35722581707317075 1 0.41122901567944253 1
0 0.460801393728223 0.2738927738927739 0.4799651567944251 0.2738927738927739 0.4991289198606272 0.26456876456876455 0.45905923344947736 0.25524475524475526 0.4155052264808362 0.25524475524475526 0.39285714285714285 0.26223776223776224 0.4346689895470383 0.2715617715617716 0.460801393728223 0.2738927738927739