3 0.3608087091757387 0 0.3545878693623639 0.027247956403269755 0.36858475894245724 0.07356948228882834 0.401244167962675 0.01907356948228883 0.4307931570762053 0.05722070844686648 0.4976671850699845 0.11171662125340599 0.5396578538102644 0.027247956403269755 0.5396578538102644 0.013623978201634877 0.5221617418351477 0 0.3608087091757387 0
0 0.4152410575427683 0.28065395095367845 0.4463452566096423 0.47956403269754766 0.5303265940902022 0.6049046321525886 0.5194401244167963 0.5504087193460491 0.4618973561430793 0.4604904632152589 0.4525660964230171 0.3760217983651226 0.43390357698289267 0.2779291553133515 0.40279937791601866 0.12806539509536785 0.39346811819595645 0.06267029972752043 0.401244167962675 0.013623978201634877 0.38258164852255055 0.008174386920980926 0.37636080870917576 0.07356948228882834 0.4152410575427683 0.28065395095367845
3 0.39191290824261277 0.7465940054495913 0.40279937791601866 0.779291553133515 0.40746500777604977 0.7411444141689373 0.4121306376360809 0.7002724795640327 0.416796267496112 0.6566757493188011 0.4199066874027994 0.6103542234332425 0.41835147744945567 0.5912806539509536 0.40746500777604977 0.5994550408719346 0.39346811819595645 0.6539509536784741 0.38724727838258166 0.6757493188010899 0.38258164852255055 0.6893732970027248 0.38724727838258166 0.7111716621253406 0.39191290824261277 0.7465940054495913
8 0.5132192846034215 0.09809264305177112 0.5178849144634525 0.09809264305177112 0.52099533437014 0.09536784741144415 0.5256609642301711 0.08446866485013624 0.52099533437014 0.08446866485013624 0.5147744945567652 0.08991825613079019 0.5101088646967341 0.09264305177111716 0.5132192846034215 0.09809264305177112
6 0.6003110419906688 0.9809264305177112 0.6049766718506998 0.9782016348773842 0.609642301710731 0.9700272479564033 0.6158631415241057 0.9591280653950953 0.6111975116640747 0.9509536784741145 0.6080870917573873 0.9455040871934605 0.6018662519440124 0.9373297002724795 0.5972006220839814 0.9237057220708447 0.5925349922239502 0.9318801089918256 0.5878693623639192 0.9427792915531336 0.5878693623639192 0.9536784741144414 0.5925349922239502 0.9618528610354223 0.5956454121306376 0.9673024523160763 0.6003110419906688 0.9809264305177112
6 0.6376360808709176 0.8092643051771117 0.6438569206842923 0.8092643051771117 0.6516329704510109 0.8010899182561307 0.6516329704510109 0.7929155313351499 0.656298600311042 0.779291553133515 0.6594090202177294 0.773841961852861 0.6625194401244168 0.7438692098092643 0.6671850699844479 0.7138964577656676 0.6702954898911353 0.6866485013623979 0.6702954898911353 0.6730245231607629 0.6609642301710731 0.6784741144414169 0.6516329704510109 0.6784741144414169 0.6485225505443235 0.7002724795640327 0.6516329704510109 0.7111716621253406 0.6469673405909798 0.7247956403269755 0.6391912908242613 0.7384196185286104 0.6360808709175739 0.7629427792915532 0.6329704510108864 0.7874659400544959 0.6298600311041991 0.8092643051771117 0.6376360808709176 0.8092643051771117
6 0.6578538102643857 0.6348773841961853 0.6594090202177294 0.6239782016348774 0.6625194401244168 0.6158038147138964 0.6640746500777605 0.5994550408719346 0.6531881804043546 0.5912806539509536 0.6485225505443235 0.5940054495912807 0.6485225505443235 0.6076294277929155 0.6485225505443235 0.6239782016348774 0.6516329704510109 0.6348773841961853 0.6578538102643857 0.6348773841961853
6 0.671850699844479 0.6512261580381471 0.6749611197511665 0.6539509536784741 0.6811819595645412 0.6485013623978202 0.6842923794712286 0.6294277929155313 0.6842923794712286 0.6158038147138964 0.6796267496111975 0.6076294277929155 0.6734059097978227 0.6049046321525886 0.6702954898911353 0.6185286103542235 0.6671850699844479 0.6348773841961853 0.6671850699844479 0.6430517711171662 0.671850699844479 0.6512261580381471
0 0.4774494556765163 1 0.5085536547433903 0.9427792915531336 0.5178849144634525 0.7247956403269755 0.5147744945567652 0.6267029972752044 0.5101088646967341 0.6076294277929155 0.46967340590979784 0.5640326975476839 0.4603421461897356 0.555858310626703 0.4603421461897356 0.5667574931880109 0.4432348367029549 0.5613079019073569 0.43390357698289267 0.5776566757493188 0.4199066874027994 0.6975476839237057 0.4105754276827372 0.8038147138964578 0.39502332814930013 0.9155313351498637 0.39035769828926903 0.9482288828337875 0.37636080870917576 0.997275204359673 0.3755563903576983 1 0.4774494556765163 1
5 0.5571163390357698 1 0.5769828926905132 0.9400544959128065 0.5925349922239502 0.8664850136239782 0.609642301710731 0.7547683923705722 0.552099533437014 0.7438692098092643 0.5412130637636081 0.8828337874659401 0.5225505443234837 0.9727520435967303 0.5110118895800934 1 0.5571163390357698 1
5 0.5458786936236392 0.6948228882833788 0.5552099533437014 0.7002724795640327 0.5614307931570762 0.6866485013623979 0.5567651632970451 0.6730245231607629 0.5489891135303266 0.670299727520436 0.5443234836702955 0.6811989100817438 0.5458786936236392 0.6948228882833788
5 0.5614307931570762 0.45231607629427795 0.5707620528771384 0.45776566757493187 0.5800933125972006 0.4550408719346049 0.5800933125972006 0.4332425068119891 0.5738724727838258 0.4223433242506812 0.5629860031104199 0.42779291553133514 0.5614307931570762 0.45231607629427795
0 0.5998595287713842 1 0.6283048211508554 0.9427792915531336 0.6578538102643857 0.8010899182561307 0.6765163297045101 0.6893732970027248 0.7045101088646968 0.5258855585831063 0.71850699844479 0.39509536784741145 0.7200622083981337 0.25340599455040874 0.7076205287713841 0.20435967302452315 0.6889580093312597 0.14168937329700274 0.6780715396578538 0.11989100817438691 0.6531881804043546 0.09809264305177112 0.6671850699844479 0.1553133514986376 0.6827371695178849 0.21525885558583105 0.6920684292379471 0.25340599455040874 0.6905132192846034 0.3923705722070845 0.6625194401244168 0.6348773841961853 0.6391912908242613 0.7029972752043597 0.6314152410575428 0.773841961852861 0.6127527216174183 0.8664850136239782 0.6018662519440124 0.8991825613079019 0.5909797822706065 0.9291553133514986 0.563541435458787 1 0.5998595287713842 1