0 0.48704663212435234 0.650390625 0.4572538860103627 0.65625 0.4015544041450777 0.671875 0.4067357512953368 0.638671875 0.38212435233160624 0.642578125 0.3588082901554404 0.6484375 0.36139896373056996 0.638671875 0.3173575129533679 0.640625 0.2927461139896373 0.634765625 0.27979274611398963 0.625 0.2603626943005181 0.623046875 0.23963730569948186 0.625 0.21502590673575128 0.619140625 0.20077720207253885 0.599609375 0.19170984455958548 0.5546875 0.18134715025906736 0.533203125 0.17098445595854922 0.53125 0.12435233160621761 0.5 0.08419689119170984 0.470703125 0.04533678756476684 0.44140625 0.034974093264248704 0.46875 0.027202072538860103 0.5 0.025906735751295335 0.54296875 0.034974093264248704 0.59375 0.11398963730569948 0.689453125 0.12305699481865284 0.75 0.12694300518134716 0.794921875 0.13601036269430053 0.826171875 0.17487046632124353 0.86328125 0.1955958549222798 0.880859375 0.23575129533678757 0.888671875 0.26813471502590674 0.890625 0.3121761658031088 0.888671875 0.35233160621761656 0.896484375 0.37694300518134716 0.900390625 0.43911917098445596 0.90625 0.44430051813471505 0.87890625 0.45077720207253885 0.791015625 0.47150259067357514 0.71875 0.5012953367875648 0.671875
3 0.4481865284974093 0.53515625 0.42487046632124353 0.541015625 0.3911917098445596 0.548828125 0.34974093264248707 0.54296875 0.33031088082901555 0.5390625 0.3536269430051813 0.52734375 0.36917098445595853 0.517578125 0.3873056994818653 0.501953125 0.4067357512953368 0.486328125 0.4417098445595855 0.474609375 0.46632124352331605 0.47265625 0.5025906735751295 0.474609375 0.5284974093264249 0.49609375 0.5259067357512953 0.521484375 0.5181347150259067 0.5625 0.48704663212435234 0.6484375 0.4572538860103627 0.65625 0.42875647668393785 0.6640625 0.40414507772020725 0.669921875 0.40932642487046633 0.640625 0.422279792746114 0.62109375 0.43134715025906734 0.603515625 0.44430051813471505 0.568359375 0.4520725388601036 0.548828125
4 0.46113989637305697 0.5078125 0.4637305699481865 0.505859375 0.46632124352331605 0.501953125 0.4689119170984456 0.50390625 0.47020725388601037 0.5078125 0.47020725388601037 0.509765625 0.4676165803108808 0.513671875 0.4637305699481865 0.513671875 0.46113989637305697 0.513671875
8 0.47150259067357514 0.5859375 0.5038860103626943 0.552734375 0.5155440414507773 0.546875 0.5233160621761658 0.55078125 0.5272020725388601 0.560546875 0.5284974093264249 0.572265625 0.5233160621761658 0.583984375 0.5168393782383419 0.599609375 0.5090673575129534 0.625 0.49740932642487046 0.662109375 0.4844559585492228 0.650390625 0.45595854922279794 0.654296875
1 0.04533678756476684 0.455078125 0.04533678756476684 0.447265625 0.046632124352331605 0.4375 0.050518134715025906 0.427734375 0.054404145077720206 0.419921875 0.05699481865284974 0.4140625 0.06217616580310881 0.412109375 0.06606217616580311 0.408203125 0.07124352331606218 0.400390625 0.07772020725388601 0.39453125 0.08031088082901554 0.390625 0.08419689119170984 0.38671875 0.08678756476683938 0.3828125 0.09067357512953368 0.380859375 0.09326424870466321 0.376953125 0.09585492227979274 0.375 0.09715025906735751 0.373046875 0.10233160621761658 0.373046875 0.11010362694300518 0.37109375 0.11398963730569948 0.37109375 0.11917098445595854 0.37109375 0.12176165803108809 0.373046875 0.12176165803108809 0.380859375 0.11787564766839378 0.380859375 0.11139896373056994 0.380859375 0.10492227979274611 0.380859375 0.10103626943005181 0.380859375 0.09844559585492228 0.3828125 0.09455958549222798 0.384765625 0.09196891191709844 0.38671875 0.09326424870466321 0.390625 0.09067357512953368 0.392578125 0.08937823834196891 0.39453125 0.08678756476683938 0.3984375 0.08290155440414508 0.40234375 0.08031088082901554 0.404296875 0.07772020725388601 0.40625 0.07512953367875648 0.41015625 0.06994818652849741 0.416015625 0.06606217616580311 0.419921875 0.06217616580310881 0.42578125 0.05699481865284974 0.435546875 0.054404145077720206 0.44140625 0.05310880829015544 0.4453125 0.050518134715025906 0.451171875 0.04792746113989637 0.455078125
1 0.12435233160621761 0.353515625 0.13471502590673576 0.345703125 0.15284974093264247 0.33203125 0.16321243523316062 0.326171875 0.1800518134715026 0.31640625 0.19041450777202074 0.30859375 0.20207253886010362 0.30078125 0.2189119170984456 0.294921875 0.23186528497409326 0.2890625 0.24352331606217617 0.283203125 0.2551813471502591 0.27734375 0.2707253886010363 0.271484375 0.2823834196891192 0.265625 0.29404145077720206 0.263671875 0.30440414507772023 0.2578125 0.32642487046632124 0.248046875 0.3393782383419689 0.24609375 0.3134715025906736 0.263671875 0.28886010362694303 0.275390625 0.27202072538860106 0.28515625 0.25259067357512954 0.29296875 0.23316062176165803 0.302734375 0.20854922279792745 0.314453125 0.18523316062176165 0.326171875 0.16580310880829016 0.337890625 0.14637305699481865 0.34765625 0.12823834196891193 0.35546875
0 0.19300518134715025 0.5546875 0.20077720207253885 0.595703125 0.21373056994818654 0.619140625 0.24093264248704663 0.625 0.27331606217616583 0.62109375 0.28367875647668395 0.625 0.29922279792746115 0.634765625 0.3290155440414508 0.638671875 0.3549222797927461 0.63671875 0.3626943005181347 0.63671875 0.3601036269430052 0.646484375 0.37823834196891193 0.642578125 0.40803108808290156 0.634765625 0.4339378238341969 0.59375 0.44689119170984454 0.556640625 0.44559585492227977 0.5390625 0.4274611398963731 0.541015625 0.39248704663212436 0.55078125 0.3588082901554404 0.546875 0.33031088082901555 0.54296875 0.31476683937823835 0.556640625
3 0.36139896373056996 0.5 0.35233160621761656 0.490234375 0.33031088082901555 0.4921875 0.30440414507772023 0.515625 0.28756476683937826 0.52734375 0.3173575129533679 0.5234375 0.33678756476683935 0.525390625 0.35233160621761656 0.517578125
0 0.6360103626943006 0.3359375 0.6036269430051814 0.35546875 0.5284974093264249 0.390625 0.4650259067357513 0.42578125 0.42487046632124353 0.453125 0.4015544041450777 0.46875 0.3743523316062176 0.484375 0.3588082901554404 0.49609375 0.3471502590673575 0.5078125 0.33549222797927464 0.515625 0.3173575129533679 0.513671875 0.29922279792746115 0.51953125 0.26424870466321243 0.525390625 0.2422279792746114 0.52734375 0.22279792746113988 0.53125 0.19818652849740934 0.533203125 0.18264248704663213 0.53515625 0.19300518134715025 0.556640625 0.23575129533678757 0.560546875 0.27202072538860106 0.55859375 0.2966321243523316 0.560546875 0.31476683937823835 0.560546875 0.3380829015544041 0.5390625 0.36528497409326427 0.52734375 0.4119170984455959 0.486328125 0.4689119170984456 0.447265625 0.533678756476684 0.40625 0.5880829015544041 0.376953125 0.6139896373056994 0.36328125 0.6386010362694301 0.34375
8 0.36528497409326427 0.498046875 0.35621761658031087 0.490234375 0.34585492227979275 0.486328125 0.3393782383419689 0.4921875 0.34067357512953367 0.5078125 0.33549222797927464 0.521484375 0.3484455958549223 0.521484375
8 0.44559585492227977 0.509765625 0.45984455958549225 0.49609375 0.48704663212435234 0.490234375 0.5181347150259067 0.486328125 0.49093264248704666 0.501953125 0.4689119170984456 0.515625