8 0.25452196382428943 0.4110032362459547 0.2596899224806202 0.40614886731391586 0.26744186046511625 0.4045307443365696 0.268733850129199 0.40938511326860844 0.2648578811369509 0.41423948220064727 0.2596899224806202 0.4174757281553398 0.2571059431524548 0.4223300970873786 0.2532299741602067 0.4190938511326861
8 0.23772609819121446 0.4368932038834951 0.2454780361757106 0.4320388349514563 0.24935400516795866 0.4336569579288026 0.24935400516795866 0.441747572815534 0.24935400516795866 0.4449838187702265 0.25193798449612403 0.44660194174757284 0.25839793281653745 0.44660194174757284 0.2622739018087855 0.4482200647249191 0.268733850129199 0.44983818770226536 0.2713178294573643 0.45307443365695793 0.2661498708010336 0.45792880258899676 0.2596899224806202 0.459546925566343 0.25452196382428943 0.46440129449838186 0.2571059431524548 0.46601941747572817 0.26098191214470284 0.46763754045307443 0.2648578811369509 0.470873786407767 0.26356589147286824 0.47572815533980584 0.2596899224806202 0.4773462783171521 0.25452196382428943 0.48058252427184467 0.24935400516795866 0.48381877022653724 0.2441860465116279 0.48381877022653724 0.2364341085271318 0.47572815533980584 0.23772609819121446 0.4627831715210356 0.23772609819121446 0.4563106796116505
8 0.3863049095607235 0.4449838187702265 0.39405684754521964 0.43851132686084143 0.4005167958656331 0.43527508090614886 0.40568475452196384 0.4336569579288026 0.41472868217054265 0.4336569579288026 0.4108527131782946 0.44660194174757284 0.4005167958656331 0.45145631067961167 0.39276485788113696 0.45145631067961167
8 0.43669250645994834 0.42718446601941745 0.44315245478036175 0.42394822006472493 0.4470284237726098 0.42718446601941745 0.4444444444444444 0.4368932038834951 0.43669250645994834 0.43527508090614886
8 0.437984496124031 0.4482200647249191 0.4418604651162791 0.44660194174757284 0.4444444444444444 0.45145631067961167 0.4392764857881137 0.4563106796116505 0.4354005167958656 0.4546925566343042
8 0.42764857881136953 0.47896440129449835 0.43410852713178294 0.4773462783171521 0.4354005167958656 0.48220064724919093 0.4315245478036176 0.48705501618122976 0.42764857881136953 0.4886731391585761
8 0.4108527131782946 0.47249190938511326 0.41472868217054265 0.4692556634304207 0.4198966408268734 0.47249190938511326 0.4198966408268734 0.47896440129449835 0.417312661498708 0.48220064724919093 0.41214470284237725 0.48058252427184467
8 0.34108527131782945 0.44660194174757284 0.3462532299741602 0.4368932038834951 0.35271317829457366 0.4368932038834951 0.36046511627906974 0.43042071197411 0.3669250645994832 0.42394822006472493 0.3733850129198966 0.42071197411003236 0.3850129198966408 0.4190938511326861 0.3850129198966408 0.42718446601941745 0.375968992248062 0.4320388349514563 0.3682170542635659 0.4368932038834951 0.36046511627906974 0.441747572815534 0.35271317829457366 0.4482200647249191 0.3475452196382429 0.45145631067961167 0.3397932816537468 0.45145631067961167
8 0.3488372093023256 0.45307443365695793 0.355297157622739 0.44983818770226536 0.36304909560723514 0.4482200647249191 0.3643410852713178 0.45307443365695793 0.36046511627906974 0.4563106796116505 0.35658914728682173 0.45792880258899676 0.35271317829457366 0.459546925566343
8 0.35271317829457366 0.46116504854368934 0.35658914728682173 0.459546925566343 0.36175710594315247 0.4546925566343042 0.36563307493540054 0.4563106796116505 0.36563307493540054 0.4627831715210356 0.36046511627906974 0.46440129449838186 0.355297157622739 0.46601941747572817
8 0.32945736434108525 0.49029126213592233 0.33462532299741604 0.48705501618122976 0.34366925064599485 0.48220064724919093 0.35142118863049093 0.4773462783171521 0.35658914728682173 0.47249190938511326 0.3643410852713178 0.4692556634304207 0.3695090439276486 0.4692556634304207 0.3708010335917313 0.4773462783171521 0.36304909560723514 0.48058252427184467 0.3578811369509044 0.48381877022653724 0.35142118863049093 0.4854368932038835 0.3475452196382429 0.49029126213592233 0.34108527131782945 0.4935275080906149 0.3359173126614987 0.4967637540453074 0.3333333333333333 0.49514563106796117
8 0.2532299741602067 0.48705501618122976 0.2571059431524548 0.48220064724919093 0.2622739018087855 0.48381877022653724 0.26098191214470284 0.49029126213592233
8 0.27002583979328165 0.47572815533980584 0.2739018087855297 0.470873786407767 0.28036175710594313 0.470873786407767 0.28036175710594313 0.4773462783171521 0.2751937984496124 0.47896440129449835
8 0.2842377260981912 0.4886731391585761 0.29328165374677 0.48220064724919093 0.30103359173126615 0.47896440129449835 0.3049095607235142 0.48705501618122976 0.30103359173126615 0.4935275080906149 0.2971576227390181 0.4967637540453074 0.29069767441860467 0.4967637540453074
0 0.6886304909560723 0.7394822006472492 0.834625322997416 0.7103559870550162 0.8204134366925064 0.7281553398058253 0.6395348837209303 0.7718446601941747 0.5581395348837209 0.7799352750809061 0.47416020671834624 0.7847896440129449 0.4082687338501292 0.7912621359223301 0.39147286821705424 0.7944983818770227 0.36563307493540054 0.7896440129449838 0.32945736434108525 0.7896440129449838 0.30103359173126615 0.7912621359223301 0.2713178294573643 0.7928802588996764 0.22868217054263565 0.7977346278317152 0.20284237726098192 0.7977346278317152 0.18604651162790697 0.7864077669902912 0.1731266149870801 0.7766990291262136 0.15891472868217055 0.7556634304207119 0.16666666666666666 0.7411003236245954 0.17571059431524547 0.7427184466019418 0.1937984496124031 0.7491909385113269 0.2222222222222222 0.7588996763754046 0.2648578811369509 0.7605177993527508 0.3268733850129199 0.7621359223300971 0.4496124031007752 0.7605177993527508 0.5516795865633075 0.7572815533980582
8 0.14857881136950904 0.6197411003236246 0.15503875968992248 0.6067961165048543 0.16925064599483206 0.6035598705501618 0.1821705426356589 0.6084142394822006 0.18863049095607234 0.6213592233009708 0.17958656330749354 0.6262135922330098 0.17054263565891473 0.6326860841423948 0.15762273901808785 0.6343042071197411
8 0.20025839793281655 0.610032362459547 0.21834625322997417 0.610032362459547 0.2351421188630491 0.6132686084142395 0.22868217054263565 0.6197411003236246 0.2157622739018088 0.6245954692556634 0.20930232558139536 0.6245954692556634 0.2041343669250646 0.6229773462783171
8 0.28165374677002586 0.6181229773462783 0.29198966408268734 0.6067961165048543 0.30361757105943155 0.6051779935275081 0.3165374677002584 0.6067961165048543 0.32558139534883723 0.6132686084142395 0.32558139534883723 0.6245954692556634 0.3242894056847545 0.6326860841423948 0.313953488372093 0.6294498381877023 0.30103359173126615 0.6294498381877023 0.29198966408268734 0.6310679611650486 0.28294573643410853 0.6294498381877023
8 0.37467700258397935 0.6067961165048543 0.3850129198966408 0.6035598705501618 0.39276485788113696 0.6019417475728155 0.4018087855297158 0.6019417475728155 0.4095607235142119 0.6019417475728155 0.417312661498708 0.6003236245954693 0.4263565891472868 0.6003236245954693 0.4354005167958656 0.6035598705501618 0.437984496124031 0.6148867313915858 0.43023255813953487 0.6213592233009708 0.42506459948320413 0.6262135922330098 0.4134366925064599 0.6310679611650486 0.4005167958656331 0.6326860841423948 0.39018087855297157 0.6326860841423948 0.3850129198966408 0.6294498381877023 0.38242894056847543 0.6245954692556634 0.3772609819121447 0.616504854368932
8 0.4496124031007752 0.6067961165048543 0.45348837209302323 0.6035598705501618 0.4599483204134367 0.6035598705501618 0.46511627906976744 0.6051779935275081 0.46511627906976744 0.6116504854368932 0.45478036175710596 0.6148867313915858
8 0.4560723514211886 0.616504854368932 0.4664082687338501 0.616504854368932 0.46770025839793283 0.6262135922330098 0.4599483204134367 0.6310679611650486 0.45219638242894056 0.6245954692556634
8 0.524547803617571 0.6553398058252428 0.5297157622739018 0.6504854368932039 0.537467700258398 0.6488673139158576 0.5439276485788114 0.6488673139158576 0.5490956072351422 0.6504854368932039 0.5452196382428941 0.6634304207119741 0.5335917312661499 0.6634304207119741
8 0.5878552971576227 0.6440129449838188 0.5956072351421189 0.6423948220064725 0.603359173126615 0.6423948220064725 0.6098191214470284 0.6407766990291263 0.6188630490956072 0.6407766990291263 0.6188630490956072 0.6504854368932039 0.6085271317829457 0.6521035598705501 0.6007751937984496 0.656957928802589 0.5904392764857881 0.6553398058252428
8 0.15633074935400518 0.6537216828478964 0.16020671834625322 0.6537216828478964 0.16925064599483206 0.6521035598705501 0.17054263565891473 0.6472491909385113 0.1744186046511628 0.6440129449838188 0.1847545219638243 0.6440129449838188 0.19509043927648578 0.6456310679611651 0.20801033591731266 0.6472491909385113 0.21963824289405684 0.6504854368932039 0.21834625322997417 0.656957928802589 0.21059431524547803 0.656957928802589 0.19896640826873385 0.656957928802589 0.18992248062015504 0.6585760517799353 0.1834625322997416 0.6585760517799353 0.17700258397932817 0.6601941747572816 0.17054263565891473 0.6618122977346278 0.16925064599483206 0.6650485436893204 0.17054263565891473 0.6699029126213593 0.1731266149870801 0.6763754045307443 0.17571059431524547 0.6796116504854369 0.17183462532299743 0.686084142394822 0.16795865633074936 0.686084142394822 0.1640826873385013 0.6796116504854369 0.16020671834625322 0.6699029126213593 0.15633074935400518 0.6618122977346278
8 0.21963824289405684 0.6634304207119741 0.2235142118863049 0.6585760517799353 0.2248062015503876 0.6521035598705501 0.22997416020671835 0.6504854368932039 0.24160206718346253 0.6488673139158576 0.24935400516795866 0.6488673139158576 0.26098191214470284 0.6488673139158576 0.2661498708010336 0.6504854368932039 0.26744186046511625 0.6553398058252428 0.2648578811369509 0.6634304207119741 0.25452196382428943 0.6634304207119741 0.2454780361757106 0.6618122977346278 0.2351421188630491 0.6634304207119741 0.22739018087855298 0.6634304207119741
8 0.2777777777777778 0.6537216828478964 0.2842377260981912 0.6521035598705501 0.28940568475452194 0.6488673139158576 0.2971576227390181 0.6472491909385113 0.3049095607235142 0.6472491909385113 0.31266149870801035 0.6472491909385113 0.3178294573643411 0.6472491909385113 0.32299741602067183 0.6488673139158576 0.32558139534883723 0.6504854368932039 0.3281653746770026 0.6521035598705501 0.32945736434108525 0.6553398058252428 0.33204134366925064 0.6521035598705501 0.3385012919896641 0.6504854368932039 0.3449612403100775 0.6504854368932039 0.35271317829457366 0.6521035598705501 0.3578811369509044 0.6504854368932039 0.3643410852713178 0.6521035598705501 0.3708010335917313 0.6553398058252428 0.3785529715762274 0.656957928802589 0.3850129198966408 0.6553398058252428 0.39276485788113696 0.6553398058252428 0.3992248062015504 0.6537216828478964 0.4082687338501292 0.6537216828478964 0.4186046511627907 0.656957928802589 0.43023255813953487 0.6553398058252428 0.4418604651162791 0.6553398058252428 0.4509043927648579 0.6537216828478964 0.46124031007751937 0.6553398058252428 0.4715762273901809 0.656957928802589 0.46511627906976744 0.6650485436893204 0.4354005167958656 0.6650485436893204 0.41214470284237725 0.6666666666666666 0.3863049095607235 0.6666666666666666 0.3682170542635659 0.6666666666666666 0.35400516795865633 0.6634304207119741 0.3397932816537468 0.6634304207119741 0.3333333333333333 0.6634304207119741 0.3281653746770026 0.6634304207119741 0.3242894056847545 0.6666666666666666 0.32041343669250644 0.6634304207119741 0.32299741602067183 0.6601941747572816 0.3178294573643411 0.6585760517799353 0.3152454780361757 0.6634304207119741 0.3087855297157623 0.6634304207119741 0.3049095607235142 0.6601941747572816 0.30103359173126615 0.656957928802589 0.29069767441860467 0.6585760517799353 0.2842377260981912 0.6634304207119741 0.2777777777777778 0.6601941747572816
8 0.3397932816537468 0.6731391585760518 0.3475452196382429 0.6731391585760518 0.35400516795865633 0.6731391585760518 0.35400516795865633 0.6763754045307443 0.35012919896640826 0.6796116504854369 0.34366925064599485 0.6796116504854369 0.3397932816537468 0.6779935275080906
8 0.5297157622739018 0.7055016181229773 0.5348837209302325 0.7038834951456311 0.541343669250646 0.7022653721682848 0.5490956072351422 0.7038834951456311 0.5478036175710594 0.7087378640776699 0.5426356589147286 0.7119741100323624 0.537467700258398 0.7119741100323624 0.5322997416020672 0.7103559870550162
8 0.5633074935400517 0.7330097087378641 0.5633074935400517 0.7378640776699029 0.5671834625322998 0.7411003236245954 0.5736434108527132 0.7411003236245954 0.5775193798449613 0.7411003236245954 0.5852713178294574 0.7394822006472492 0.5930232558139535 0.7394822006472492 0.5981912144702842 0.7394822006472492 0.6020671834625323 0.7346278317152104 0.6020671834625323 0.7281553398058253 0.5968992248062015 0.7297734627831716 0.5956072351421189 0.7265372168284789 0.5943152454780362 0.7216828478964401 0.5891472868217055 0.7233009708737864 0.5891472868217055 0.7281553398058253 0.5852713178294574 0.7313915857605178 0.5762273901808785 0.7313915857605178 0.5671834625322998 0.7330097087378641
8 0.4560723514211886 0.7362459546925566 0.4573643410852713 0.7346278317152104 0.4573643410852713 0.7297734627831716 0.4599483204134367 0.7249190938511327 0.4664082687338501 0.7233009708737864 0.4728682170542636 0.7233009708737864 0.4780361757105943 0.7233009708737864 0.4844961240310077 0.7249190938511327 0.4896640826873385 0.7297734627831716 0.4935400516795866 0.7346278317152104 0.5012919896640827 0.7346278317152104 0.5025839793281653 0.7313915857605178 0.5051679586563308 0.7281553398058253 0.5129198966408268 0.7281553398058253 0.5180878552971576 0.7297734627831716 0.5232558139534884 0.7330097087378641 0.5219638242894057 0.7378640776699029 0.5167958656330749 0.7394822006472492 0.5077519379844961 0.7411003236245954 0.4974160206718346 0.7411003236245954 0.4780361757105943 0.7394822006472492 0.46770025839793283 0.7394822006472492 0.4625322997416021 0.7411003236245954 0.4560723514211886 0.7411003236245954
8 0.4418604651162791 0.7362459546925566 0.4418604651162791 0.7330097087378641 0.4418604651162791 0.7297734627831716 0.437984496124031 0.7265372168284789 0.42764857881136953 0.7249190938511327 0.4198966408268734 0.7265372168284789 0.4108527131782946 0.7281553398058253 0.4005167958656331 0.7281553398058253 0.39405684754521964 0.7281553398058253 0.3875968992248062 0.7265372168284789 0.3850129198966408 0.7265372168284789 0.3798449612403101 0.7265372168284789 0.3785529715762274 0.7233009708737864 0.375968992248062 0.7200647249190939 0.3682170542635659 0.7200647249190939 0.36304909560723514 0.7184466019417476 0.36046511627906974 0.7216828478964401 0.3578811369509044 0.7249190938511327 0.35271317829457366 0.7249190938511327 0.34366925064599485 0.7249190938511327 0.33462532299741604 0.7249190938511327 0.32945736434108525 0.7216828478964401 0.3242894056847545 0.7200647249190939 0.32299741602067183 0.7168284789644013 0.3178294573643411 0.7135922330097088 0.31266149870801035 0.7119741100323624 0.3062015503875969 0.7103559870550162 0.30103359173126615 0.7119741100323624 0.29328165374677 0.7119741100323624 0.28940568475452194 0.7119741100323624 0.28552971576227393 0.7119741100323624 0.27906976744186046 0.7119741100323624 0.2751937984496124 0.7119741100323624 0.27002583979328165 0.7119741100323624 0.268733850129199 0.7135922330097088 0.26744186046511625 0.7168284789644013 0.2622739018087855 0.7184466019417476 0.26098191214470284 0.7249190938511327 0.25839793281653745 0.7265372168284789 0.25452196382428943 0.7281553398058253 0.24935400516795866 0.7313915857605178 0.2454780361757106 0.7362459546925566 0.24160206718346253 0.7394822006472492 0.24160206718346253 0.7427184466019418 0.2454780361757106 0.7475728155339806 0.2596899224806202 0.7508090614886731 0.2648578811369509 0.7540453074433657 0.268733850129199 0.7572815533980582 0.27260981912144705 0.7637540453074434 0.28552971576227393 0.7669902912621359 0.29457364341085274 0.7653721682847896 0.2971576227390181 0.7588996763754046 0.30749354005167956 0.7556634304207119 0.3152454780361757 0.7540453074433657 0.32041343669250644 0.7524271844660194 0.3281653746770026 0.7524271844660194 0.3423772609819121 0.7540453074433657 0.35142118863049093 0.7491909385113269 0.35917312661498707 0.7475728155339806 0.3695090439276486 0.7475728155339806 0.38242894056847543 0.7459546925566343 0.38372093023255816 0.7411003236245954 0.3888888888888889 0.7394822006472492 0.3979328165374677 0.7394822006472492 0.4043927648578811 0.7459546925566343 0.4134366925064599 0.7475728155339806 0.42118863049095606 0.7491909385113269 0.43281653746770027 0.7459546925566343 0.4392764857881137 0.7459546925566343 0.44573643410852715 0.7443365695792881 0.4509043927648579 0.7443365695792881 0.4470284237726098 0.7394822006472492
8 0.1731266149870801 0.7103559870550162 0.17829457364341086 0.7168284789644013 0.1847545219638243 0.7200647249190939 0.18992248062015504 0.7249190938511327 0.1847545219638243 0.7281553398058253 0.17958656330749354 0.7233009708737864 0.1731266149870801 0.7184466019417476 0.17183462532299743 0.7152103559870551
8 0.20801033591731266 0.7168284789644013 0.2144702842377261 0.7119741100323624 0.2235142118863049 0.7119741100323624 0.22997416020671835 0.7200647249190939 0.22997416020671835 0.7297734627831716 0.22868217054263565 0.7362459546925566 0.21963824289405684 0.7330097087378641 0.2144702842377261 0.7330097087378641 0.21188630490956073 0.7281553398058253 0.21059431524547803 0.7233009708737864
8 0.3165374677002584 0.5922330097087378 0.31912144702842377 0.5889967637540453 0.3281653746770026 0.587378640776699 0.33462532299741604 0.5906148867313916 0.3333333333333333 0.5922330097087378 0.32945736434108525 0.5938511326860841 0.32558139534883723 0.5938511326860841 0.32041343669250644 0.5938511326860841
1 0.4160206718346253 0.6909385113268608 0.4289405684754522 0.6828478964401294 0.4418604651162791 0.6812297734627831 0.4509043927648579 0.686084142394822 0.4560723514211886 0.6957928802588996 0.45348837209302323 0.7055016181229773 0.4483204134366925 0.7103559870550162 0.437984496124031 0.7184466019417476 0.42506459948320413 0.7103559870550162 0.4160206718346253 0.7055016181229773
1 0.5658914728682171 0.6731391585760518 0.5775193798449613 0.6650485436893204 0.5968992248062015 0.6634304207119741 0.6059431524547804 0.6682847896440129 0.6124031007751938 0.6763754045307443 0.6085271317829457 0.6893203883495146 0.599483204134367 0.6974110032362459 0.5930232558139535 0.7087378640776699 0.5775193798449613 0.7103559870550162 0.5658914728682171 0.7055016181229773 0.5594315245478036 0.6909385113268608
4 0.6718346253229974 0.6521035598705501 0.7248062015503876 0.6423948220064725 0.7971576227390181 0.6245954692556634 0.8475452196382429 0.6132686084142395 0.8604651162790697 0.6051779935275081 0.8527131782945736 0.6148867313915858 0.8255813953488372 0.6245954692556634 0.789405684754522 0.6343042071197411 0.7661498708010336 0.6440129449838188 0.7506459948320413 0.6537216828478964 0.7028423772609819 0.6553398058252428 0.6821705426356589 0.656957928802589
8 0.16149870801033592 0.6585760517799353 0.14728682170542637 0.6521035598705501 0.1421188630490956 0.6423948220064725 0.14599483204134367 0.6326860841423948 0.15374677002583978 0.6359223300970874 0.16795865633074936 0.6440129449838188