3 0.8012578616352202 0.5275459098497496 0.8062893081761007 0.5091819699499165 0.810062893081761 0.48414023372287146 0.8075471698113208 0.4674457429048414 0.8012578616352202 0.4540901502504174 0.7924528301886793 0.44741235392320533 0.7849056603773585 0.44073455759599334 0.7748427672955975 0.4373956594323873 0.7735849056603774 0.4691151919866444 0.769811320754717 0.4941569282136895 0.7647798742138365 0.5191986644407346 0.759748427672956 0.5392320534223706 0.7572327044025158 0.5575959933222037 0.7572327044025158 0.5776293823038398 0.7572327044025158 0.5976627712854758 0.7559748427672957 0.6093489148580968 0.7584905660377359 0.6210350584307178 0.7710691823899372 0.6193656093489148 0.7773584905660378 0.6010016694490818 0.7849056603773585 0.5792988313856428 0.7937106918238994 0.5492487479131887 0.8012578616352202 0.5275459098497496
3 0.7496855345911949 0.5642737896494157 0.7509433962264151 0.5542570951585977 0.7509433962264151 0.5425709515859767 0.7559748427672957 0.5342237061769616 0.759748427672956 0.5191986644407346 0.7635220125786164 0.5008347245409015 0.7660377358490567 0.48414023372287146 0.7672955974842768 0.46410684474123537 0.7685534591194969 0.44741235392320533 0.7610062893081762 0.4540901502504174 0.7522012578616353 0.4607679465776294 0.7446540880503144 0.4774624373956594 0.7333333333333333 0.4958263772954925 0.7295597484276729 0.5125208681135225 0.7232704402515723 0.5308848080133556 0.7194968553459119 0.5475792988313857 0.7144654088050314 0.5642737896494157 0.7132075471698113 0.5809682804674458 0.7132075471698113 0.5976627712854758 0.7157232704402515 0.6093489148580968 0.7157232704402515 0.6210350584307178 0.7132075471698113 0.6360601001669449 0.710691823899371 0.6444073455759599 0.7220125786163522 0.6444073455759599 0.7421383647798742 0.6360601001669449 0.7496855345911949 0.6243739565943238 0.7496855345911949 0.6110183639398998 0.7496855345911949 0.5959933222036727 0.7496855345911949 0.5843071786310517 0.7496855345911949 0.5642737896494157
3 0.6654088050314465 0.4340567612687813 0.6880503144654088 0.41068447412353926 0.6528301886792452 0.4040066777963272 0.6389937106918239 0.39565943238731216 0.5823899371069182 0.4023372287145242 0.5572327044025157 0.4056761268781302 0.5345911949685535 0.4006677796327212 0.5169811320754717 0.41068447412353926 0.5081761006289308 0.4240400667779633 0.4981132075471698 0.4357262103505843 0.48553459119496856 0.44741235392320533 0.4767295597484277 0.46410684474123537 0.47044025157232705 0.4724540901502504 0.45534591194968554 0.48914858096828046 0.44150943396226416 0.5008347245409015 0.45031446540880504 0.5158597662771286 0.4679245283018868 0.5225375626043406 0.4918238993710692 0.5375626043405676 0.5132075471698113 0.5459098497495827 0.5283018867924528 0.5609348914858097 0.5408805031446541 0.5676126878130217 0.5484276729559748 0.5659432387312187 0.5635220125786163 0.5559265442404007 0.5911949685534591 0.5258764607679466 0.6012578616352201 0.4941569282136895 0.610062893081761 0.46243739565943237 0.6339622641509434 0.44240400667779634 0.6654088050314465 0.4340567612687813
3 0.7081761006289308 0.48914858096828046 0.7194968553459119 0.4674457429048414 0.7283018867924528 0.4524207011686144 0.7358490566037735 0.4373956594323873 0.7358490566037735 0.4240400667779633 0.7270440251572327 0.41569282136894825 0.7194968553459119 0.4006677796327212 0.7094339622641509 0.39398998330550916 0.6930817610062893 0.41068447412353926 0.680503144654088 0.4323873121869783 0.6691823899371069 0.4540901502504174 0.6628930817610063 0.48247078464106846 0.680503144654088 0.4958263772954925 0.6968553459119496 0.5008347245409015 0.7081761006289308 0.48914858096828046
3 0.3786163522012579 0.6160267111853088 0.38238993710691827 0.6010016694490818 0.3849056603773585 0.5876460767946577 0.3949685534591195 0.5659432387312187 0.4025157232704403 0.5492487479131887 0.41635220125786165 0.5275459098497496 0.4050314465408805 0.5242070116861436 0.3786163522012579 0.5392320534223706 0.3635220125786163 0.5525876460767947 0.3471698113207547 0.5776293823038398 0.34088050314465407 0.6093489148580968 0.3421383647798742 0.6193656093489148 0.35974842767295595 0.6243739565943238 0.3786163522012579 0.6160267111853088
3 0.6025157232704402 0.5759599332220368 0.6125786163522012 0.5659432387312187 0.6176100628930817 0.5475792988313857 0.6012578616352201 0.5575959933222037 0.5861635220125786 0.5709515859766278 0.5786163522012578 0.5943238731218697 0.5861635220125786 0.5959933222036727 0.5911949685534591 0.5926544240400667 0.6025157232704402 0.5759599332220368
0 0.4327044025157233 0.4073455759599332 0.31949685534591193 0.39232053422370616 0.30062893081761005 0.4090150250417362 0.2691823899371069 0.48747913188647746 0.26037735849056604 0.5175292153589316 0.32075471698113206 0.5292153589315526 0.3534591194968553 0.5308848080133556 0.3723270440251572 0.5275459098497496 0.39622641509433965 0.5275459098497496 0.42138364779874216 0.5258764607679466 0.43522012578616354 0.5125208681135225 0.4440251572327044 0.4991652754590985 0.45660377358490567 0.48414023372287146 0.4666666666666667 0.4674457429048414 0.4867924528301887 0.4357262103505843 0.5006289308176101 0.41068447412353926 0.4817610062893082 0.4056761268781302 0.4327044025157233 0.4073455759599332
8 0.7685534591194969 0.5409015025041736 0.7647798742138365 0.5325542570951586 0.7672955974842768 0.5191986644407346 0.7811320754716982 0.5141903171953256 0.7836477987421384 0.5025041736227045 0.779874213836478 0.5008347245409015 0.7735849056603774 0.5008347245409015 0.7685534591194969 0.4974958263772955 0.759748427672956 0.5409015025041736 0.7559748427672957 0.5559265442404007 0.7547169811320755 0.5692821368948247 0.7559748427672957 0.5909849749582637 0.7559748427672957 0.6043405676126878 0.7647798742138365 0.5926544240400667 0.7660377358490567 0.5709515859766278 0.7710691823899372 0.5559265442404007 0.7685534591194969 0.5409015025041736
8 0.7496855345911949 0.5792988313856428 0.7484276729559748 0.5909849749582637 0.7459119496855345 0.5976627712854758 0.7446540880503144 0.6076794657762938 0.7459119496855345 0.6160267111853088 0.7509433962264151 0.6143572621035058 0.7509433962264151 0.6076794657762938 0.7496855345911949 0.5976627712854758 0.7522012578616353 0.5726210350584308 0.7522012578616353 0.5592654424040067 0.7534591194968554 0.5442404006677797 0.7496855345911949 0.5442404006677797 0.7496855345911949 0.5542570951585977 0.7484276729559748 0.5659432387312187 0.7484276729559748 0.5742904841402338 0.7496855345911949 0.5792988313856428
8 0.7660377358490567 0.5108514190317195 0.7635220125786164 0.5158597662771286 0.769811320754717 0.5141903171953256 0.7735849056603774 0.5125208681135225 0.7811320754716982 0.5091819699499165 0.7861635220125787 0.5075125208681135 0.7874213836477988 0.5025041736227045 0.7823899371069183 0.5025041736227045 0.7761006289308177 0.5058430717863105 0.769811320754717 0.5075125208681135 0.7660377358490567 0.5108514190317195
8 0.7748427672955975 0.48080133555926546 0.7786163522012579 0.48080133555926546 0.779874213836478 0.4757929883138564 0.7723270440251573 0.4741235392320534 0.7685534591194969 0.4774624373956594 0.769811320754717 0.48080133555926546 0.7748427672955975 0.48080133555926546
8 0.7672955974842768 0.5509181969949917 0.7660377358490567 0.5459098497495827 0.7610062893081762 0.5475792988313857 0.7559748427672957 0.5492487479131887 0.7610062893081762 0.5542570951585977 0.7672955974842768 0.5509181969949917
8 0.7547169811320755 0.5575959933222037 0.7547169811320755 0.5626043405676127 0.7547169811320755 0.5709515859766278 0.7547169811320755 0.5776293823038398 0.7547169811320755 0.5859766277128547 0.7534591194968554 0.5943238731218697 0.759748427672956 0.5943238731218697 0.759748427672956 0.5859766277128547 0.7584905660377359 0.5792988313856428 0.7584905660377359 0.5726210350584308 0.7584905660377359 0.5659432387312187 0.759748427672956 0.5626043405676127 0.7622641509433963 0.5609348914858097 0.7660377358490567 0.5609348914858097 0.7685534591194969 0.5592654424040067 0.7672955974842768 0.5559265442404007 0.7635220125786164 0.5559265442404007 0.759748427672956 0.5542570951585977 0.7572327044025158 0.5542570951585977 0.7547169811320755 0.5575959933222037
8 0.7522012578616353 0.5075125208681135 0.759748427672956 0.5075125208681135 0.7610062893081762 0.5025041736227045 0.759748427672956 0.5025041736227045 0.7522012578616353 0.5025041736227045 0.7484276729559748 0.5041736227045075 0.7522012578616353 0.5075125208681135
8 0.7484276729559748 0.5726210350584308 0.7484276729559748 0.5809682804674458 0.7471698113207547 0.5876460767946577 0.7484276729559748 0.5926544240400667 0.7509433962264151 0.5909849749582637 0.7509433962264151 0.5876460767946577 0.7522012578616353 0.5826377295492488 0.7522012578616353 0.5742904841402338 0.7522012578616353 0.5659432387312187 0.7522012578616353 0.5575959933222037 0.7522012578616353 0.5509181969949917 0.7522012578616353 0.5425709515859767 0.7509433962264151 0.5425709515859767 0.7484276729559748 0.5509181969949917 0.7496855345911949 0.5592654424040067 0.7484276729559748 0.5659432387312187 0.7484276729559748 0.5726210350584308
8 0.7471698113207547 0.6093489148580968 0.7509433962264151 0.6143572621035058 0.7509433962264151 0.6026711185308848 0.7484276729559748 0.5959933222036727 0.7459119496855345 0.6026711185308848 0.7471698113207547 0.6093489148580968
8 0.7811320754716982 0.4540901502504174 0.7836477987421384 0.4524207011686144 0.7874213836477988 0.4507512520868113 0.7849056603773585 0.44908180300500833 0.7811320754716982 0.44908180300500833 0.7786163522012579 0.44908180300500833 0.7773584905660378 0.4524207011686144 0.7811320754716982 0.4540901502504174
8 0.7522012578616353 0.5158597662771286 0.7559748427672957 0.5158597662771286 0.7572327044025158 0.5125208681135225 0.7534591194968554 0.5125208681135225 0.7484276729559748 0.5125208681135225 0.7484276729559748 0.5158597662771286 0.7522012578616353 0.5158597662771286
8 0.7584905660377359 0.5008347245409015 0.7610062893081762 0.4974958263772955 0.7559748427672957 0.4974958263772955 0.7509433962264151 0.4974958263772955 0.7534591194968554 0.4991652754590985 0.7584905660377359 0.5008347245409015
8 0.7018867924528301 0.5776293823038398 0.7031446540880503 0.5826377295492488 0.7044025157232704 0.5893155258764607 0.7081761006289308 0.5909849749582637 0.7069182389937106 0.5843071786310517 0.7069182389937106 0.5792988313856428 0.7119496855345911 0.5742904841402338 0.7157232704402515 0.5759599332220368 0.7169811320754716 0.5709515859766278 0.7094339622641509 0.5692821368948247 0.7056603773584905 0.5692821368948247 0.7056603773584905 0.5742904841402338 0.7018867924528301 0.5776293823038398
8 0.7044025157232704 0.6043405676126878 0.7031446540880503 0.5993322203672788 0.7018867924528301 0.5926544240400667 0.6993710691823899 0.5893155258764607 0.6981132075471698 0.5976627712854758 0.6993710691823899 0.6043405676126878 0.7031446540880503 0.6093489148580968 0.7044025157232704 0.6043405676126878
8 0.7044025157232704 0.6444073455759599 0.70062893081761 0.6460767946577629 0.6981132075471698 0.6510851419031719 0.7031446540880503 0.6510851419031719 0.7044025157232704 0.6444073455759599
8 0.7031446540880503 0.667779632721202 0.7018867924528301 0.662771285475793 0.6968553459119496 0.666110183639399 0.6930817610062893 0.671118530884808 0.6968553459119496 0.674457429048414 0.7031446540880503 0.667779632721202
8 0.5836477987421383 0.5075125208681135 0.5811320754716981 0.5158597662771286 0.579874213836478 0.5242070116861436 0.5773584905660377 0.5325542570951586 0.5761006289308176 0.5392320534223706 0.5748427672955975 0.5442404006677797 0.5786163522012578 0.5509181969949917 0.5836477987421383 0.5442404006677797 0.5849056603773585 0.5375626043405676 0.589937106918239 0.5325542570951586 0.5924528301886792 0.5275459098497496 0.5962264150943396 0.5225375626043406 0.5987421383647799 0.5191986644407346 0.6025157232704402 0.5108514190317195 0.5937106918238994 0.5191986644407346 0.589937106918239 0.5191986644407346 0.5861635220125786 0.5225375626043406 0.5886792452830188 0.5125208681135225 0.589937106918239 0.5058430717863105 0.5974842767295597 0.4707846410684474 0.5974842767295597 0.46410684474123537 0.5937106918238994 0.4757929883138564 0.5911949685534591 0.48580968280467446 0.5886792452830188 0.4958263772954925 0.5836477987421383 0.5075125208681135
8 0.5974842767295597 0.5575959933222037 0.5924528301886792 0.5575959933222037 0.5911949685534591 0.5525876460767947 0.5911949685534591 0.5475792988313857 0.5849056603773585 0.5492487479131887 0.5786163522012578 0.5575959933222037 0.5849056603773585 0.5592654424040067 0.589937106918239 0.5642737896494157 0.5937106918238994 0.5676126878130217 0.5987421383647799 0.5642737896494157 0.6050314465408805 0.5609348914858097 0.610062893081761 0.5592654424040067 0.6150943396226415 0.5542570951585977 0.6226415094339622 0.5459098497495827 0.6150943396226415 0.5459098497495827 0.6062893081761006 0.5492487479131887 0.6025157232704402 0.5525876460767947 0.5974842767295597 0.5575959933222037
8 0.5786163522012578 0.5659432387312187 0.5735849056603773 0.5626043405676127 0.5735849056603773 0.5709515859766278 0.5735849056603773 0.5742904841402338 0.5761006289308176 0.5776293823038398 0.5786163522012578 0.5776293823038398 0.5811320754716981 0.5776293823038398 0.579874213836478 0.5809682804674458 0.5786163522012578 0.5843071786310517 0.5811320754716981 0.5859766277128547 0.5836477987421383 0.5809682804674458 0.5861635220125786 0.5776293823038398 0.5861635220125786 0.5742904841402338 0.5874213836477987 0.5709515859766278 0.5849056603773585 0.5659432387312187 0.5811320754716981 0.5692821368948247 0.5786163522012578 0.5726210350584308 0.5786163522012578 0.5659432387312187
8 0.5622641509433962 0.5592654424040067 0.5610062893081761 0.5659432387312187 0.5647798742138365 0.5642737896494157 0.5672955974842767 0.5592654424040067 0.569811320754717 0.5525876460767947 0.569811320754717 0.5475792988313857 0.5723270440251572 0.5425709515859767 0.569811320754717 0.5342237061769616 0.5672955974842767 0.5409015025041736 0.5610062893081761 0.5459098497495827 0.5647798742138365 0.5509181969949917 0.5622641509433962 0.5592654424040067
8 0.519496855345912 0.48580968280467446 0.5207547169811321 0.48080133555926546 0.5169811320754717 0.48080133555926546 0.5132075471698113 0.48580968280467446 0.5132075471698113 0.49248747913188645 0.5169811320754717 0.49081803005008345 0.519496855345912 0.48580968280467446
8 0.5207547169811321 0.5058430717863105 0.5283018867924528 0.5108514190317195 0.529559748427673 0.5158597662771286 0.5358490566037736 0.5225375626043406 0.5408805031446541 0.5242070116861436 0.5446540880503145 0.5308848080133556 0.5421383647798742 0.5358931552587646 0.539622641509434 0.5375626043405676 0.5345911949685535 0.5375626043405676 0.5270440251572327 0.5375626043405676 0.519496855345912 0.5358931552587646 0.5119496855345912 0.5308848080133556 0.5069182389937107 0.5325542570951586 0.5094339622641509 0.5375626043405676 0.5157232704402516 0.5392320534223706 0.5207547169811321 0.5425709515859767 0.5270440251572327 0.5442404006677797 0.5320754716981132 0.5459098497495827 0.5371069182389937 0.5459098497495827 0.5433962264150943 0.5475792988313857 0.5484276729559748 0.5475792988313857 0.5534591194968553 0.5475792988313857 0.5572327044025157 0.5442404006677797 0.5559748427672956 0.5392320534223706 0.5534591194968553 0.5325542570951586 0.549685534591195 0.5258764607679466 0.5459119496855346 0.5208681135225376 0.5433962264150943 0.5158597662771286 0.5471698113207547 0.5091819699499165 0.5421383647798742 0.5075125208681135 0.5371069182389937 0.5091819699499165 0.5358490566037736 0.5025041736227045 0.5358490566037736 0.4958263772954925 0.5371069182389937 0.48580968280467446 0.5371069182389937 0.4774624373956594 0.5333333333333333 0.48080133555926546 0.5320754716981132 0.49081803005008345 0.5308176100628931 0.4991652754590985 0.5283018867924528 0.5041736227045075 0.5232704402515723 0.4991652754590985 0.5182389937106918 0.4974958263772955 0.5144654088050314 0.4941569282136895 0.5094339622641509 0.4941569282136895 0.5081761006289308 0.5008347245409015 0.5132075471698113 0.5025041736227045 0.5207547169811321 0.5058430717863105
8 0.4817610062893082 0.5759599332220368 0.47547169811320755 0.5792988313856428 0.4679245283018868 0.5859766277128547 0.46037735849056605 0.5876460767946577 0.45157232704402517 0.5893155258764607 0.4440251572327044 0.5943238731218697 0.4377358490566038 0.5959933222036727 0.4276729559748428 0.6010016694490818 0.42012578616352203 0.5993322203672788 0.410062893081761 0.6126878130217028 0.4188679245283019 0.6126878130217028 0.4339622641509434 0.6110183639398998 0.44654088050314467 0.6026711185308848 0.4540880503144654 0.5976627712854758 0.4628930817610063 0.5959933222036727 0.4691823899371069 0.5943238731218697 0.47924528301886793 0.5909849749582637 0.48930817610062893 0.5859766277128547 0.49559748427672956 0.5843071786310517 0.5031446540880503 0.5792988313856428 0.5094339622641509 0.5776293823038398 0.5144654088050314 0.5742904841402338 0.5132075471698113 0.5659432387312187 0.5044025157232704 0.5676126878130217 0.4968553459119497 0.5709515859766278 0.49056603773584906 0.5726210350584308 0.4817610062893082 0.5759599332220368
8 0.3987421383647799 0.6377295492487479 0.389937106918239 0.6393989983305509 0.3836477987421384 0.6460767946577629 0.3886792452830189 0.6510851419031719 0.39622641509433965 0.6477462437395659 0.4025157232704403 0.6460767946577629 0.4125786163522013 0.6427378964941569 0.42138364779874216 0.6410684474123539 0.4289308176100629 0.6393989983305509 0.43522012578616354 0.6360601001669449 0.4440251572327044 0.6293823038397329 0.4389937106918239 0.6243739565943238 0.4276729559748428 0.6293823038397329 0.4176100628930818 0.6310517529215359 0.4075471698113208 0.6343906510851419 0.3987421383647799 0.6377295492487479
8 0.3559748427672956 0.5726210350584308 0.3534591194968553 0.5792988313856428 0.3622641509433962 0.5809682804674458 0.3723270440251572 0.5776293823038398 0.3836477987421384 0.5776293823038398 0.39119496855345914 0.5759599332220368 0.4 0.5742904841402338 0.4 0.5659432387312187 0.39119496855345914 0.5659432387312187 0.37735849056603776 0.5676126878130217 0.36855345911949683 0.5692821368948247 0.3559748427672956 0.5726210350584308
8 0.5748427672955975 0.6143572621035058 0.5823899371069182 0.6060100166944908 0.5836477987421383 0.5993322203672788 0.5773584905660377 0.5976627712854758 0.5723270440251572 0.5943238731218697 0.569811320754717 0.6010016694490818 0.5685534591194968 0.6110183639398998 0.569811320754717 0.6210350584307178 0.5748427672955975 0.6143572621035058
8 0.5320754716981132 0.6894824707846411 0.5257861635220126 0.7045075125208681 0.5207547169811321 0.7161936560934892 0.5270440251572327 0.7195325542570952 0.5333333333333333 0.7095158597662772 0.5383647798742138 0.6928213689482471 0.5471698113207547 0.676126878130217 0.5522012578616352 0.66110183639399 0.5572327044025157 0.6510851419031719 0.5647798742138365 0.6310517529215359 0.5584905660377358 0.6277128547579299 0.5534591194968553 0.6360601001669449 0.5471698113207547 0.6494156928213689 0.5371069182389937 0.674457429048414 0.5320754716981132 0.6894824707846411
8 0.5522012578616352 0.6277128547579299 0.549685534591195 0.6277128547579299 0.5471698113207547 0.6310517529215359 0.5446540880503145 0.6327212020033389 0.5408805031446541 0.6393989983305509 0.5371069182389937 0.6477462437395659 0.5408805031446541 0.6460767946577629 0.5446540880503145 0.6410684474123539 0.5484276729559748 0.6393989983305509 0.5522012578616352 0.6343906510851419 0.5547169811320755 0.6310517529215359 0.5572327044025157 0.6260434056761269 0.5610062893081761 0.6227045075125208 0.559748427672956 0.6176961602671118 0.5547169811320755 0.6193656093489148 0.5534591194968553 0.6243739565943238 0.5522012578616352 0.6277128547579299
8 0.5169811320754717 0.6143572621035058 0.5132075471698113 0.6176961602671118 0.5119496855345912 0.6210350584307178 0.5081761006289308 0.6227045075125208 0.5069182389937107 0.6260434056761269 0.5119496855345912 0.6293823038397329 0.5144654088050314 0.6310517529215359 0.5157232704402516 0.6360601001669449 0.5169811320754717 0.6410684474123539 0.5132075471698113 0.6427378964941569 0.5094339622641509 0.6427378964941569 0.5081761006289308 0.6477462437395659 0.5119496855345912 0.6494156928213689 0.5157232704402516 0.6494156928213689 0.5182389937106918 0.6460767946577629 0.5220125786163522 0.6444073455759599 0.5232704402515723 0.6393989983305509 0.5220125786163522 0.6343906510851419 0.5207547169811321 0.6277128547579299 0.5207547169811321 0.6227045075125208 0.519496855345912 0.6176961602671118 0.5169811320754717 0.6143572621035058
8 0.5094339622641509 0.5876460767946577 0.5132075471698113 0.5943238731218697 0.519496855345912 0.5893155258764607 0.5257861635220126 0.5859766277128547 0.5308176100628931 0.5826377295492488 0.5358490566037736 0.5792988313856428 0.5333333333333333 0.5742904841402338 0.5283018867924528 0.5776293823038398 0.5207547169811321 0.5809682804674458 0.5157232704402516 0.5859766277128547 0.5094339622641509 0.5876460767946577
8 0.4767295597484277 0.6143572621035058 0.4729559748427673 0.6210350584307178 0.4729559748427673 0.6260434056761269 0.4742138364779874 0.6310517529215359 0.4779874213836478 0.6243739565943238 0.4830188679245283 0.6160267111853088 0.4867924528301887 0.6126878130217028 0.48930817610062893 0.6076794657762938 0.4918238993710692 0.6043405676126878 0.4930817610062893 0.5993322203672788 0.48553459119496856 0.6026711185308848 0.4817610062893082 0.6043405676126878 0.4779874213836478 0.6076794657762938 0.4767295597484277 0.6143572621035058
8 0.5534591194968553 0.6811352253756261 0.5547169811320755 0.671118530884808 0.5484276729559748 0.67779632721202 0.5471698113207547 0.6844741235392321 0.5534591194968553 0.6811352253756261
8 0.49433962264150944 0.6994991652754591 0.49559748427672956 0.6878130217028381 0.49559748427672956 0.672787979966611 0.49056603773584906 0.6828046744574291 0.48930817610062893 0.6911519198664441 0.4880503144654088 0.7011686143572621 0.49433962264150944 0.6994991652754591
8 0.4716981132075472 0.6494156928213689 0.4729559748427673 0.66110183639399 0.47924528301886793 0.656093489148581 0.4830188679245283 0.6460767946577629 0.48427672955974843 0.6377295492487479 0.48930817610062893 0.6310517529215359 0.48930817610062893 0.6193656093489148 0.4817610062893082 0.6293823038397329 0.4767295597484277 0.6393989983305509 0.4716981132075472 0.6494156928213689
8 0.4716981132075472 0.6277128547579299 0.4666666666666667 0.6393989983305509 0.4641509433962264 0.6510851419031719 0.4729559748427673 0.6360601001669449 0.4716981132075472 0.6277128547579299
8 0.4427672955974843 0.7011686143572621 0.4440251572327044 0.7111853088480802 0.4490566037735849 0.7111853088480802 0.4591194968553459 0.7078464106844741 0.46540880503144655 0.7011686143572621 0.4679245283018868 0.6894824707846411 0.4679245283018868 0.6811352253756261 0.4691823899371069 0.669449081803005 0.46540880503144655 0.664440734557596 0.46037735849056605 0.662771285475793 0.4528301886792453 0.672787979966611 0.4528301886792453 0.6828046744574291 0.4490566037735849 0.6894824707846411 0.4427672955974843 0.7011686143572621
8 0.3371069182389937 0.7061769616026711 0.3421383647798742 0.7111853088480802 0.34968553459119495 0.7145242070116862 0.3572327044025157 0.7128547579298832 0.3610062893081761 0.7111853088480802 0.3534591194968553 0.7095158597662772 0.34968553459119495 0.7028380634390651 0.33962264150943394 0.6994991652754591 0.3371069182389937 0.7061769616026711
8 0.3672955974842767 0.7028380634390651 0.36981132075471695 0.7011686143572621 0.3710691823899371 0.6944908180300501 0.36477987421383645 0.6944908180300501 0.3610062893081761 0.6978297161936561 0.3610062893081761 0.7045075125208681 0.3672955974842767 0.7028380634390651
8 0.43647798742138366 0.67779632721202 0.4427672955974843 0.674457429048414 0.4377358490566038 0.671118530884808 0.43522012578616354 0.664440734557596 0.43144654088050316 0.674457429048414 0.43647798742138366 0.67779632721202
8 0.4289308176100629 0.671118530884808 0.4289308176100629 0.664440734557596 0.43018867924528303 0.659432387312187 0.42515723270440253 0.662771285475793 0.4226415094339623 0.667779632721202 0.4289308176100629 0.671118530884808
8 0.49433962264150944 0.7078464106844741 0.48930817610062893 0.7161936560934892 0.4930817610062893 0.7212020033388982 0.49937106918238994 0.7161936560934892 0.5056603773584906 0.7061769616026711 0.5106918238993711 0.7028380634390651 0.5144654088050314 0.6994991652754591 0.5169811320754717 0.6894824707846411 0.5094339622641509 0.6961602671118531 0.5031446540880503 0.6978297161936561 0.49937106918238994 0.7045075125208681 0.49433962264150944 0.7078464106844741
8 0.4440251572327044 0.7412353923205343 0.4477987421383648 0.7362270450751253 0.44654088050314467 0.7295492487479132 0.4427672955974843 0.7278797996661102 0.44025157232704404 0.7345575959933222 0.44025157232704404 0.7395659432387313 0.4440251572327044 0.7412353923205343
8 0.4867924528301887 0.7178631051752922 0.48553459119496856 0.7128547579298832 0.4830188679245283 0.7178631051752922 0.48427672955974843 0.7228714524207012 0.4867924528301887 0.7178631051752922
8 0.670440251572327 0.4991652754590985 0.6679245283018868 0.5008347245409015 0.6641509433962264 0.5025041736227045 0.660377358490566 0.5025041736227045 0.6578616352201258 0.5058430717863105 0.6540880503144654 0.5058430717863105 0.6515723270440251 0.5108514190317195 0.6578616352201258 0.5108514190317195 0.6616352201257861 0.5108514190317195 0.6654088050314465 0.5091819699499165 0.6691823899371069 0.5075125208681135 0.6729559748427673 0.5058430717863105 0.6767295597484276 0.5041736227045075 0.6767295597484276 0.4991652754590985 0.6729559748427673 0.4991652754590985 0.670440251572327 0.4991652754590985
8 0.4025157232704403 0.5759599332220368 0.39748427672955977 0.5792988313856428 0.4050314465408805 0.5826377295492488 0.4138364779874214 0.5776293823038398 0.42012578616352203 0.5742904841402338 0.4276729559748428 0.5676126878130217 0.42515723270440253 0.5642737896494157 0.42012578616352203 0.5676126878130217 0.41509433962264153 0.5692821368948247 0.4075471698113208 0.5726210350584308 0.4025157232704403 0.5759599332220368
8 0.38113207547169814 0.6026711185308848 0.38742138364779877 0.6060100166944908 0.3937106918238994 0.6043405676126878 0.3987421383647799 0.6093489148580968 0.4025157232704403 0.6110183639398998 0.4037735849056604 0.6060100166944908 0.3987421383647799 0.6026711185308848 0.3937106918238994 0.5993322203672788 0.38616352201257864 0.5976627712854758 0.38113207547169814 0.6026711185308848
8 0.7685534591194969 0.48247078464106846 0.7723270440251573 0.48080133555926546 0.7761006289308177 0.4791318864774624 0.7748427672955975 0.4774624373956594 0.7723270440251573 0.4757929883138564 0.7685534591194969 0.4774624373956594 0.7647798742138365 0.4774624373956594 0.7635220125786164 0.48080133555926546 0.7660377358490567 0.48247078464106846 0.7685534591194969 0.48247078464106846
8 0.4226415094339623 0.5843071786310517 0.4276729559748428 0.5792988313856428 0.43144654088050316 0.5759599332220368 0.42515723270440253 0.5742904841402338 0.42138364779874216 0.5792988313856428 0.4176100628930818 0.5809682804674458 0.4226415094339623 0.5843071786310517
8 0.7622641509433963 0.5075125208681135 0.7622641509433963 0.5058430717863105 0.7622641509433963 0.5008347245409015 0.7622641509433963 0.4991652754590985 0.7622641509433963 0.4958263772954925 0.7622641509433963 0.4941569282136895 0.7610062893081762 0.48914858096828046 0.759748427672956 0.48747913188647746 0.7559748427672957 0.48580968280467446 0.7522012578616353 0.48580968280467446 0.7509433962264151 0.48080133555926546 0.7509433962264151 0.4774624373956594 0.7509433962264151 0.4691151919866444 0.7496855345911949 0.4657762938230384 0.7471698113207547 0.4707846410684474 0.7471698113207547 0.4757929883138564 0.7471698113207547 0.4791318864774624 0.7459119496855345 0.48080133555926546 0.7459119496855345 0.48414023372287146 0.7484276729559748 0.48747913188647746 0.7496855345911949 0.49081803005008345 0.7509433962264151 0.4941569282136895 0.7509433962264151 0.4991652754590985 0.7509433962264151 0.5058430717863105 0.7496855345911949 0.5091819699499165 0.7496855345911949 0.5141903171953256 0.7509433962264151 0.5191986644407346 0.7559748427672957 0.5191986644407346 0.7572327044025158 0.5191986644407346 0.7572327044025158 0.5125208681135225 0.759748427672956 0.5091819699499165 0.7622641509433963 0.5075125208681135
8 0.3786163522012579 0.6894824707846411 0.38113207547169814 0.6811352253756261 0.37610062893081764 0.6844741235392321 0.3723270440251572 0.6878130217028381 0.37484276729559746 0.6928213689482471 0.3786163522012579 0.6894824707846411
8 0.33584905660377357 0.6911519198664441 0.3383647798742138 0.6961602671118531 0.3421383647798742 0.6961602671118531 0.3484276729559748 0.6944908180300501 0.3534591194968553 0.6944908180300501 0.3610062893081761 0.6928213689482471 0.3522012578616352 0.6894824707846411 0.34591194968553457 0.6894824707846411 0.33962264150943394 0.6894824707846411 0.33584905660377357 0.6911519198664441
8 0.549685534591195 0.48247078464106846 0.5446540880503145 0.48580968280467446 0.5446540880503145 0.49248747913188645 0.5433962264150943 0.5008347245409015 0.5484276729559748 0.5058430717863105 0.5522012578616352 0.49248747913188645 0.5584905660377358 0.4691151919866444 0.5622641509433962 0.46243739565943237 0.5622641509433962 0.4540901502504174 0.5584905660377358 0.4590984974958264 0.5547169811320755 0.4674457429048414 0.5522012578616352 0.4757929883138564 0.549685534591195 0.48247078464106846
5 0.19748427672955976 0.5642737896494157 0.0779874213836478 0.5041736227045075 0.06792452830188679 0.5592654424040067 0.1811320754716981 0.6277128547579299 0.19748427672955976 0.5642737896494157
0 0.5924528301886792 0.5959933222036727 0.4477987421383648 0.5025041736227045 0.43522012578616354 0.5191986644407346 0.5886792452830188 0.6143572621035058 0.5924528301886792 0.5959933222036727
0 0.7685534591194969 0.5125208681135225 0.7761006289308177 0.43906510851419034 0.7672955974842768 0.44073455759599334 0.759748427672956 0.5041736227045075 0.7484276729559748 0.5459098497495827 0.7471698113207547 0.5826377295492488 0.7509433962264151 0.6260434056761269 0.759748427672956 0.6193656093489148 0.759748427672956 0.5509181969949917 0.7685534591194969 0.5125208681135225