8 0.40348101265822783 0.413135593220339 0.3939873417721519 0.413135593220339 0.38924050632911394 0.4194915254237288 0.39082278481012656 0.423728813559322 0.3987341772151899 0.4216101694915254 0.4050632911392405 0.4194915254237288
8 0.3623417721518987 0.4449152542372881 0.3686708860759494 0.4364406779661017 0.37658227848101267 0.4300847457627119 0.370253164556962 0.4258474576271186 0.3623417721518987 0.4300847457627119 0.3575949367088608 0.4406779661016949 0.3575949367088608 0.4449152542372881
1 0.4240506329113924 0.5063559322033898 0.4319620253164557 0.5021186440677966 0.435126582278481 0.4915254237288136 0.44462025316455694 0.4936440677966102 0.4525316455696203 0.5063559322033898 0.4541139240506329 0.5211864406779662 0.45569620253164556 0.538135593220339 0.44462025316455694 0.5317796610169492 0.435126582278481 0.5211864406779662 0.42563291139240506 0.5169491525423728
8 0.43670886075949367 0.4894067796610169 0.4272151898734177 0.4788135593220339 0.4161392405063291 0.4745762711864407 0.41455696202531644 0.4872881355932203 0.4208860759493671 0.4936440677966102 0.42563291139240506 0.5063559322033898 0.4287974683544304 0.5148305084745762 0.43670886075949367 0.5233050847457628 0.4430379746835443 0.5317796610169492 0.4477848101265823 0.5402542372881356 0.4541139240506329 0.5466101694915254 0.4588607594936709 0.5254237288135594 0.45569620253164556 0.5127118644067796 0.4525316455696203 0.5063559322033898 0.4477848101265823 0.5 0.4430379746835443 0.4936440677966102
1 0.4098101265822785 0.4809322033898305 0.4161392405063291 0.4915254237288136 0.4287974683544304 0.4978813559322034 0.43354430379746833 0.4915254237288136 0.4287974683544304 0.4830508474576271 0.4208860759493671 0.4745762711864407 0.4161392405063291 0.4766949152542373
8 0.495253164556962 0.4597457627118644 0.48575949367088606 0.4597457627118644 0.4778481012658228 0.461864406779661 0.4762658227848101 0.4766949152542373 0.48575949367088606 0.4851694915254237 0.495253164556962 0.4915254237288136 0.5031645569620253 0.5021186440677966 0.509493670886076 0.5084745762711864 0.5221518987341772 0.5127118644067796 0.5300632911392406 0.5148305084745762 0.5379746835443038 0.5169491525423728 0.5458860759493671 0.5190677966101694 0.5506329113924051 0.510593220338983 0.5427215189873418 0.4957627118644068 0.5300632911392406 0.4915254237288136 0.5189873417721519 0.4872881355932203 0.5110759493670886 0.4788135593220339 0.504746835443038 0.4724576271186441 0.5 0.4661016949152542
1 0.4778481012658228 0.4809322033898305 0.4873417721518987 0.4851694915254237 0.4936708860759494 0.5 0.5015822784810127 0.5 0.5110759493670886 0.5 0.5158227848101266 0.4830508474576271 0.509493670886076 0.4703389830508475 0.49841772151898733 0.4661016949152542 0.49050632911392406 0.4576271186440678 0.4825949367088608 0.461864406779661
8 0.4936708860759494 0.5021186440677966 0.47943037974683544 0.5021186440677966 0.4762658227848101 0.5084745762711864 0.4778481012658228 0.5233050847457628 0.4873417721518987 0.5233050847457628 0.49841772151898733 0.5190677966101694 0.504746835443038 0.5148305084745762 0.49841772151898733 0.5042372881355932
8 0.680379746835443 0.4703389830508475 0.6613924050632911 0.461864406779661 0.6329113924050633 0.461864406779661 0.5838607594936709 0.461864406779661 0.560126582278481 0.4661016949152542 0.5537974683544303 0.4745762711864407 0.5632911392405063 0.4788135593220339 0.5791139240506329 0.4745762711864407 0.5981012658227848 0.4724576271186441 0.6218354430379747 0.4661016949152542 0.634493670886076 0.4639830508474576 0.6487341772151899 0.4703389830508475 0.6550632911392406 0.4788135593220339 0.6598101265822784 0.4830508474576271 0.6835443037974683 0.4788135593220339
3 0.33544303797468356 0.4322033898305085 0.3401898734177215 0.4470338983050847 0.3528481012658228 0.4427966101694915 0.3623417721518987 0.4385593220338983 0.3575949367088608 0.4258474576271186 0.34651898734177217 0.4279661016949153
3 0.3512658227848101 0.4385593220338983 0.3686708860759494 0.4173728813559322 0.40031645569620256 0.4046610169491525 0.4208860759493671 0.4025423728813559 0.4462025316455696 0.4046610169491525 0.46360759493670883 0.423728813559322 0.4825949367088608 0.4449152542372881 0.49050632911392406 0.4597457627118644 0.5189873417721519 0.4661016949152542 0.5411392405063291 0.4724576271186441 0.5806962025316456 0.4639830508474576 0.6455696202531646 0.4576271186440678 0.685126582278481 0.4576271186440678 0.6882911392405063 0.4745762711864407 0.6708860759493671 0.4830508474576271 0.6012658227848101 0.4978813559322034 0.5743670886075949 0.5063559322033898 0.5443037974683544 0.5211864406779662 0.5174050632911392 0.5720338983050848 0.5079113924050633 0.5889830508474576 0.4525316455696203 0.5635593220338984 0.4224683544303797 0.510593220338983 0.3939873417721519 0.4661016949152542 0.3639240506329114 0.4470338983050847
6 0.8354430379746836 0.5699152542372882 0.8259493670886076 0.5677966101694916 0.8243670886075949 0.5783898305084746
8 0.5253164556962026 0.4533898305084746 0.5189873417721519 0.4597457627118644 0.5189873417721519 0.4703389830508475 0.5332278481012658 0.4703389830508475 0.5332278481012658 0.4576271186440678
6 0.6661392405063291 0.6122881355932204 0.6772151898734177 0.6165254237288136 0.685126582278481 0.6122881355932204 0.6914556962025317 0.614406779661017 0.6819620253164557 0.6207627118644068 0.6708860759493671 0.6207627118644068 0.6645569620253164 0.6207627118644068 0.6645569620253164 0.614406779661017
8 0.6455696202531646 0.6101694915254238 0.6408227848101266 0.6122881355932204 0.6471518987341772 0.6207627118644068
6 0.6487341772151899 0.6694915254237288 0.6503164556962026 0.6800847457627118 0.6582278481012658 0.6800847457627118 0.6613924050632911 0.6716101694915254 0.6598101265822784 0.663135593220339 0.6518987341772152 0.6610169491525424
8 0.6914556962025317 0.6122881355932204 0.680379746835443 0.614406779661017 0.6819620253164557 0.625
6 0.6424050632911392 0.6440677966101694 0.6424050632911392 0.652542372881356 0.6534810126582279 0.652542372881356 0.6503164556962026 0.6440677966101694 0.6439873417721519 0.6440677966101694
8 0.6487341772151899 0.5635593220338984 0.6360759493670886 0.5720338983050848 0.6329113924050633 0.5783898305084746 0.6376582278481012 0.5911016949152542 0.6439873417721519 0.5932203389830508 0.6455696202531646 0.586864406779661 0.6455696202531646 0.5805084745762712 0.6503164556962026 0.576271186440678 0.6566455696202531 0.576271186440678 0.6613924050632911 0.5741525423728814 0.6661392405063291 0.5699152542372882 0.6598101265822784 0.5677966101694916
6 0.6471518987341772 0.6186440677966102 0.6408227848101266 0.6207627118644068 0.6424050632911392 0.6101694915254238 0.6439873417721519 0.597457627118644 0.6503164556962026 0.5953389830508474 0.6566455696202531 0.6016949152542372 0.6566455696202531 0.6059322033898306 0.6645569620253164 0.6059322033898306 0.6661392405063291 0.614406779661017 0.6677215189873418 0.6207627118644068 0.6677215189873418 0.6292372881355932 0.6613924050632911 0.635593220338983 0.6534810126582279 0.6398305084745762 0.6534810126582279 0.6292372881355932 0.6518987341772152 0.6207627118644068
0 0.5838607594936709 0.5 0.5427215189873418 0.4533898305084746 0.5316455696202531 0.4385593220338983 0.5158227848101266 0.4216101694915254 0.49683544303797467 0.4046610169491525 0.4810126582278481 0.3919491525423729 0.4699367088607595 0.3834745762711864 0.4477848101265823 0.3707627118644068 0.4272151898734177 0.3601694915254237 0.40822784810126583 0.3495762711864407 0.39082278481012656 0.3411016949152542 0.375 0.3326271186440678 0.34177215189873417 0.3199152542372881 0.34335443037974683 0.3283898305084746 0.370253164556962 0.3389830508474576 0.3860759493670886 0.3516949152542373 0.40348101265822783 0.3601694915254237 0.4240506329113924 0.375 0.44462025316455694 0.3898305084745763 0.46360759493670883 0.4025423728813559 0.48417721518987344 0.4194915254237288 0.5031645569620253 0.4385593220338983 0.5221518987341772 0.4576271186440678 0.5348101265822784 0.4639830508474576 0.5712025316455697 0.5042372881355932
0 0.43829113924050633 0.5550847457627118 0.5079113924050633 0.5783898305084746 0.5522151898734177 0.5614406779661016 0.6060126582278481 0.559322033898305 0.6186708860759493 0.5466101694915254 0.6281645569620253 0.4894067796610169 0.6598101265822784 0.4809322033898305 0.6503164556962026 0.5550847457627118 0.6582278481012658 0.565677966101695 0.6772151898734177 0.565677966101695 0.745253164556962 0.5466101694915254 0.7943037974683544 0.5254237288135594 0.8338607594936709 0.5042372881355932 0.8544303797468354 0.4872881355932203 0.8639240506329114 0.4661016949152542 0.8734177215189873 0.461864406779661 0.8908227848101266 0.4915254237288136 0.8908227848101266 0.5148305084745762 0.8892405063291139 0.5550847457627118 0.8686708860759493 0.6038135593220338 0.8370253164556962 0.6483050847457628 0.805379746835443 0.673728813559322 0.6487341772151899 0.7415254237288136 0.6313291139240507 0.7542372881355932 0.5443037974683544 0.7542372881355932 0.504746835443038 0.7436440677966102 0.4873417721518987 0.7351694915254238 0.4620253164556962 0.6419491525423728