3 0.578125 0.5952941176470589 0.580078125 0.611764705882353 0.58984375 0.611764705882353 0.587890625 0.5882352941176471 0.591796875 0.5764705882352941 0.615234375 0.5788235294117647 0.62890625 0.571764705882353 0.603515625 0.5623529411764706 0.5859375 0.56 0.580078125 0.5741176470588235 0.578125 0.5952941176470589
3 0.533203125 0.5788235294117647 0.5546875 0.5811764705882353 0.560546875 0.5647058823529412 0.5546875 0.548235294117647 0.54296875 0.5435294117647059 0.53125 0.5458823529411765 0.529296875 0.5694117647058824 0.533203125 0.5788235294117647
3 0.513671875 0.571764705882353 0.513671875 0.5388235294117647 0.51171875 0.5176470588235295 0.5 0.5294117647058824 0.494140625 0.5435294117647059 0.50390625 0.5670588235294117 0.513671875 0.571764705882353
3 0.60546875 0.6 0.607421875 0.5929411764705882 0.599609375 0.5882352941176471 0.595703125 0.5952941176470589 0.59765625 0.6023529411764705 0.60546875 0.6
3 0.611328125 0.611764705882353 0.609375 0.6047058823529412 0.599609375 0.6047058823529412 0.595703125 0.611764705882353 0.611328125 0.611764705882353
6 0.74609375 0.7435294117647059 0.75 0.7294117647058823 0.74609375 0.7152941176470589 0.740234375 0.72 0.740234375 0.7364705882352941 0.74609375 0.7435294117647059
6 0.73828125 0.76 0.734375 0.7670588235294118 0.732421875 0.7835294117647059 0.734375 0.7929411764705883 0.73828125 0.7811764705882352 0.740234375 0.7694117647058824 0.73828125 0.76
8 0.712890625 0.7129411764705882 0.72265625 0.7176470588235294 0.73828125 0.7176470588235294 0.75 0.7152941176470589 0.755859375 0.7129411764705882 0.7578125 0.7058823529411765 0.744140625 0.7082352941176471 0.73046875 0.7105882352941176 0.716796875 0.7082352941176471 0.712890625 0.7129411764705882
0 0.71484375 0.7082352941176471 0.69921875 0.7247058823529412 0.671875 0.7341176470588235 0.619140625 0.7458823529411764 0.568359375 0.7505882352941177 0.5 0.7458823529411764 0.45703125 0.7388235294117647 0.416015625 0.731764705882353 0.39453125 0.7223529411764706 0.388671875 0.7035294117647058 0.37890625 0.6658823529411765 0.373046875 0.6282352941176471 0.33203125 0.6141176470588235 0.345703125 0.6705882352941176 0.357421875 0.7270588235294118 0.3671875 0.7835294117647059 0.37109375 0.8258823529411765 0.4140625 0.8282352941176471 0.4765625 0.8376470588235294 0.572265625 0.8423529411764706 0.6171875 0.8447058823529412 0.634765625 0.8423529411764706 0.666015625 0.8352941176470589 0.703125 0.8329411764705882 0.724609375 0.8258823529411765 0.732421875 0.8117647058823529 0.75390625 0.7129411764705882 0.7734375 0.6094117647058823 0.759765625 0.6235294117647059 0.732421875 0.6282352941176471 0.73046875 0.6611764705882353 0.71484375 0.7082352941176471
6 0.412109375 0.7952941176470588 0.416015625 0.7905882352941176 0.41796875 0.7694117647058824 0.412109375 0.7647058823529411 0.408203125 0.7694117647058824 0.41015625 0.7835294117647059 0.412109375 0.7952941176470588
3 0.74609375 0.5929411764705882 0.73828125 0.5976470588235294 0.7421875 0.6047058823529412 0.75390625 0.6 0.74609375 0.5929411764705882