3 0.5235602094240838 0.28438228438228436 0.5532286212914486 0.27505827505827507 0.5671902268760908 0.2703962703962704 0.6003490401396161 0.2703962703962704 0.6160558464223386 0.28205128205128205 0.6300174520069808 0.29603729603729606 0.6090750436300174 0.3076923076923077 0.5933682373472949 0.3146853146853147 0.5514834205933682 0.31934731934731936 0.5287958115183246 0.3076923076923077 0.5113438045375218 0.289044289044289
3 0.7155322862129145 0.34965034965034963 0.7382198952879581 0.34965034965034963 0.7591623036649214 0.3543123543123543 0.7801047120418848 0.372960372960373 0.806282722513089 0.38461538461538464 0.8272251308900523 0.40093240093240096 0.837696335078534 0.4289044289044289 0.8429319371727748 0.4428904428904429 0.837696335078534 0.4662004662004662 0.8184991273996509 0.4755244755244755 0.7975567190226877 0.47086247086247085 0.7731239092495636 0.46153846153846156 0.7556719022687609 0.43356643356643354 0.7347294938917975 0.40093240093240096 0.7207678883071553 0.3776223776223776
5 0.4572425828970332 0.7016317016317016 0.4677137870855148 0.682983682983683 0.493891797556719 0.6783216783216783 0.518324607329843 0.6876456876456877 0.537521815008726 0.6923076923076923 0.568935427574171 0.6993006993006993 0.6055846422338569 0.7086247086247086 0.6335078534031413 0.7249417249417249 0.6369982547993019 0.7389277389277389 0.6369982547993019 0.7668997668997669 0.6160558464223386 0.7832167832167832 0.5759162303664922 0.7878787878787878 0.5479930191972077 0.7878787878787878 0.5130890052356021 0.7715617715617715 0.4677137870855148 0.7599067599067599 0.43804537521815007 0.7435897435897436 0.4293193717277487 0.7226107226107226
6 0.42757417102966844 0.5710955710955711 0.4397905759162304 0.578088578088578 0.44153577661431065 0.5897435897435898 0.4328097731239092 0.6013986013986014 0.42757417102966844 0.5897435897435898
6 0.45200698080279234 0.5804195804195804 0.4642233856893543 0.5827505827505828 0.4677137870855148 0.5967365967365967 0.4642233856893543 0.6060606060606061 0.45549738219895286 0.5990675990675991
6 0.7102966841186736 0.7086247086247086 0.7294938917975567 0.7062937062937062 0.7364746945898778 0.7132867132867133 0.731239092495637 0.7226107226107226 0.7190226876090751 0.7202797202797203
0 0.4293193717277487 0.4662004662004662 0.4677137870855148 0.48484848484848486 0.5008726003490401 0.4988344988344988 0.5357766143106457 0.5104895104895105 0.5636998254799301 0.5221445221445221 0.5951134380453752 0.5268065268065268 0.6212914485165794 0.5431235431235432 0.6614310645724258 0.5571095571095571 0.6492146596858639 0.5710955710955711 0.631762652705061 0.5874125874125874 0.6090750436300174 0.6013986013986014 0.5794066317626527 0.6037296037296037 0.5445026178010471 0.6037296037296037 0.518324607329843 0.5944055944055944 0.4572425828970332 0.5594405594405595 0.4432809773123909 0.5407925407925408 0.4258289703315881 0.5081585081585082 0.4223385689354276 0.48951048951048953 0.41535776614310643 0.4731934731934732
0 0.2705061082024433 0.29603729603729606 0.2792321116928447 0.317016317016317 0.268760907504363 0.36363636363636365 0.2670157068062827 0.38694638694638694 0.26352530541012215 0.41025641025641024 0.26352530541012215 0.4428904428904429 0.26352530541012215 0.4662004662004662 0.26352530541012215 0.5034965034965035 0.26352530541012215 0.5454545454545454 0.26352530541012215 0.5617715617715617 0.26352530541012215 0.5827505827505828 0.2530541012216405 0.5594405594405595 0.2513089005235602 0.5104895104895105 0.24781849912739964 0.4755244755244755 0.24781849912739964 0.44755244755244755 0.24781849912739964 0.4195804195804196 0.2513089005235602 0.38694638694638694 0.24956369982547993 0.36596736596736595 0.25654450261780104 0.3333333333333333 0.26352530541012215 0.32167832167832167
0 0.18673647469458987 0.20512820512820512 0.2164048865619546 0.20279720279720279 0.2338568935427574 0.2097902097902098 0.2513089005235602 0.23543123543123542 0.27399650959860383 0.25874125874125875 0.2705061082024433 0.27972027972027974 0.2268760907504363 0.2773892773892774 0.20767888307155322 0.2680652680652681 0.1762652705061082 0.2564102564102564 0.16753926701570682 0.22377622377622378
0 0.30017452006980805 0.3076923076923077 0.3036649214659686 0.2867132867132867 0.31413612565445026 0.2727272727272727 0.34554973821989526 0.2773892773892774 0.4118673647469459 0.27972027972027974 0.4712041884816754 0.28205128205128205 0.5218150087260035 0.28205128205128205 0.5584642233856894 0.27972027972027974 0.5881326352530541 0.2773892773892774 0.6160558464223386 0.27505827505827507 0.6422338568935427 0.2727272727272727 0.6631762652705061 0.2680652680652681 0.6736474694589878 0.26107226107226106 0.7277486910994765 0.289044289044289 0.7801047120418848 0.31934731934731936 0.8289703315881326 0.3473193473193473 0.8656195462478184 0.3752913752913753 0.8883071553228621 0.40093240093240096 0.8987783595113438 0.43356643356643354 0.8917975567190227 0.4568764568764569 0.8464223385689355 0.47785547785547783 0.7975567190226877 0.49417249417249415 0.7294938917975567 0.5128205128205128 0.6282722513089005 0.5337995337995338 0.5863874345549738 0.5361305361305362 0.450261780104712 0.49184149184149184
0 0.343804537521815 0.4825174825174825 0.36649214659685864 0.4755244755244755 0.418848167539267 0.45454545454545453 0.4223385689354276 0.5034965034965035 0.43804537521815007 0.5407925407925408 0.45898778359511344 0.5617715617715617 0.493891797556719 0.585081585081585 0.5305410122164049 0.5990675990675991 0.5584642233856894 0.6060606060606061 0.6020942408376964 0.6083916083916084 0.6178010471204188 0.6037296037296037 0.6457242582897034 0.578088578088578 0.6666666666666666 0.5571095571095571 0.6369982547993019 0.5431235431235432 0.612565445026178 0.5314685314685315 0.6474694589877836 0.5244755244755245 0.6980802792321117 0.5128205128205128 0.7417102966841187 0.5034965034965035 0.7835951134380453 0.49184149184149184 0.8219895287958116 0.4755244755244755 0.849912739965096 0.46386946386946387 0.8830715532286213 0.44988344988344986 0.8952879581151832 0.4522144522144522 0.9179755671902269 0.48717948717948717 0.9267015706806283 0.5151515151515151 0.9162303664921466 0.5524475524475524 0.9109947643979057 0.5734265734265734 0.893542757417103 0.6247086247086248 0.8900523560209425 0.6526806526806527 0.8830715532286213 0.675990675990676 0.8726003490401396 0.6643356643356644 0.8691099476439791 0.6783216783216783 0.8359511343804538 0.7016317016317016 0.7853403141361257 0.7226107226107226 0.7172774869109948 0.745920745920746 0.6980802792321117 0.752913752913753 0.680628272251309 0.7855477855477856 0.6474694589877836 0.8158508158508159 0.6143106457242583 0.8181818181818182 0.5584642233856894 0.8205128205128205 0.47643979057591623 0.7995337995337995 0.43455497382198954 0.7832167832167832 0.3856893542757417 0.7412587412587412 0.3856893542757417 0.6666666666666666 0.37521815008726006 0.5897435897435898