0 0.46343178621659636 0.4015151515151515 0.48452883263009844 0.4015151515151515 0.5098452883263009 0.3582251082251082 0.5323488045007032 0.32575757575757575 0.5548523206751055 0.3170995670995671 0.5745428973277075 0.2694805194805195 0.5829817158931083 0.21536796536796537 0.5857946554149086 0.1893939393939394 0.5956399437412095 0.1590909090909091 0.6012658227848101 0.13528138528138528 0.6040787623066104 0.10064935064935066 0.5984528832630098 0.0854978354978355 0.5970464135021097 0.05519480519480519 0.590014064697609 0.050865800865800864 0.5759493670886076 0.05303030303030303 0.5548523206751055 0.07251082251082251 0.5281293952180028 0.11147186147186147 0.4929676511954993 0.17207792207792208 0.4648382559774965 0.25 0.45639943741209565 0.30194805194805197 0.44655414908579466 0.3841991341991342 0.46343178621659636 0.4015151515151515
0 0.6894045949367089 0 0.6926863572433193 0.007575757575757576 0.6842475386779184 0.031385281385281384 0.6856540084388185 0.05952380952380952 0.6814345991561181 0.09199134199134198 0.6786216596343179 0.13095238095238096 0.689873417721519 0.18073593073593072 0.7165963431786216 0.2261904761904762 0.7250351617440225 0.237012987012987 0.740506329113924 0.2305194805194805 0.7517580872011251 0.2132034632034632 0.7475386779184248 0.1525974025974026 0.7376933895921237 0.05519480519480519 0.7250351617440225 0.01406926406926407 0.7152836385372714 0 0.6894045949367089 0
3 0.48452883263009844 0.6287878787878788 0.5337552742616034 0.6309523809523809 0.5661040787623066 0.6417748917748918 0.6265822784810127 0.6569264069264069 0.6251758087201125 0.6504329004329005 0.5928270042194093 0.6266233766233766 0.580168776371308 0.6093073593073594 0.5646976090014064 0.6071428571428571 0.5337552742616034 0.5854978354978355 0.5225035161744023 0.5443722943722944 0.5309423347398031 0.5097402597402597 0.5379746835443038 0.46645021645021645 0.5337552742616034 0.4512987012987013 0.49437412095639943 0.4491341991341991 0.47890295358649787 0.4686147186147186 0.4409282700421941 0.5465367965367965 0.4184247538677918 0.6331168831168831 0.48452883263009844 0.6287878787878788
3 0.5084388185654009 0.4253246753246753 0.539381153305204 0.3560606060606061 0.5351617440225035 0.33225108225108224 0.5168776371308017 0.3538961038961039 0.4831223628691983 0.4036796536796537 0.4620253164556962 0.4101731601731602 0.41561181434599154 0.4902597402597403 0.3959212376933896 0.5162337662337663 0.3860759493670886 0.5551948051948052 0.39029535864978904 0.5811688311688312 0.44655414908579466 0.5227272727272727 0.5084388185654009 0.4253246753246753
3 0.44614701265822787 0 0.4479606188466948 0.007575757575757576 0.4409282700421941 0.048701298701298704 0.42545710267229253 0.09199134199134198 0.41561181434599154 0.16125541125541126 0.4212376933895921 0.237012987012987 0.45358649789029537 0.2564935064935065 0.4732770745428973 0.18506493506493507 0.48171589310829815 0.1525974025974026 0.5042194092827004 0.1266233766233766 0.5182841068917018 0.0854978354978355 0.5407876230661041 0.03787878787878788 0.560478199718706 0.044372294372294376 0.5562587904360057 0.011904761904761904 0.5480075007032349 0 0.44614701265822787 0
3 0.4240506329113924 0.6915584415584416 0.44233473980309423 0.6742424242424242 0.45358649789029537 0.6439393939393939 0.4310829817158931 0.6374458874458875 0.4184247538677918 0.6374458874458875 0.41561181434599154 0.6785714285714286 0.4240506329113924 0.6915584415584416
3 0.4831223628691983 0.6590909090909091 0.5323488045007032 0.6612554112554112 0.5717299578059072 0.6634199134199135 0.5829817158931083 0.6569264069264069 0.4620253164556962 0.6461038961038961 0.4831223628691983 0.6590909090909091
3 0.5984528832630098 0.08766233766233766 0.6040787623066104 0.10064935064935066 0.6068917018284107 0.1331168831168831 0.630801687763713 0.09632034632034632 0.6518987341772152 0.0854978354978355 0.6856540084388185 0.05952380952380952 0.6856540084388185 0.024891774891774892 0.6420534458509142 0.022727272727272728 0.5970464135021097 0.046536796536796536 0.5984528832630098 0.08766233766233766
3 0.5984528832630098 0.3365800865800866 0.6040787623066104 0.2976190476190476 0.6012658227848101 0.2694805194805195 0.5745428973277075 0.2694805194805195 0.5548523206751055 0.31493506493506496 0.5436005625879043 0.32575757575757575 0.560478199718706 0.3625541125541126 0.5984528832630098 0.3365800865800866
0 0.5042194092827004 0.6547619047619048 0.6251758087201125 0.6612554112554112 0.6251758087201125 0.6525974025974026 0.5815752461322081 0.6439393939393939 0.539381153305204 0.6266233766233766 0.5056258790436006 0.6222943722943723 0.4549929676511955 0.6266233766233766 0.4310829817158931 0.6287878787878788 0.41983122362869196 0.6374458874458875 0.46624472573839665 0.6482683982683982 0.5042194092827004 0.6547619047619048
0 0.36194717862165965 0 0.34247538677918427 0.09632034632034632 0.3340365682137834 0.13744588744588745 0.35654008438818563 0.18506493506493507 0.36357243319268634 0.2305194805194805 0.3720112517580872 0.2824675324675325 0.3790436005625879 0.3538961038961039 0.38466947960618847 0.4166666666666667 0.39029535864978904 0.4577922077922078 0.3917018284106892 0.4945887445887446 0.40436005625879046 0.5097402597402597 0.4451476793248945 0.44264069264069267 0.46624472573839665 0.4036796536796537 0.4479606188466948 0.3841991341991342 0.4704641350210971 0.2305194805194805 0.48874824191279886 0.18506493506493507 0.5098452883263009 0.14393939393939395 0.5323488045007032 0.09848484848484848 0.5632911392405063 0.06385281385281386 0.5914205344585092 0.05303030303030303 0.583763088607595 0 0.36194717862165965 0