8 0.5283911671924291 0.9067796610169492 0.5252365930599369 0.902542372881356 0.5173501577287066 0.9597457627118644 0.5157728706624606 0.9703389830508474 0.5236593059936908 0.9851694915254238 0.5283911671924291 0.9067796610169492
8 0.6892744479495269 0.5911016949152542 0.6782334384858044 0.5127118644067796 0.6309148264984227 0.4915254237288136 0.6466876971608833 0.5635593220338984 0.6419558359621451 0.586864406779661 0.6640378548895899 0.5911016949152542 0.6892744479495269 0.5911016949152542
4 0.7176656151419558 0.5338983050847458 0.7050473186119873 0.4978813559322034 0.6876971608832808 0.5042372881355932 0.7082018927444795 0.5783898305084746 0.7239747634069401 0.576271186440678 0.7176656151419558 0.5338983050847458
8 0.6892744479495269 0.4597457627118644 0.7176656151419558 0.4576271186440678 0.7160883280757098 0.4258474576271186 0.7460567823343849 0.4279661016949153 0.7397476340694006 0.3961864406779661 0.7192429022082019 0.3855932203389831 0.7018927444794952 0.3877118644067797 0.7034700315457413 0.4046610169491525 0.692429022082019 0.4046610169491525 0.6861198738170347 0.3813559322033898 0.6293375394321766 0.3644067796610169 0.6324921135646687 0.3983050847457627 0.6419558359621451 0.3983050847457627 0.6656151419558359 0.4597457627118644 0.6892744479495269 0.4597457627118644
8 0.722397476340694 0.7033898305084746 0.7113564668769716 0.7076271186440678 0.7050473186119873 0.6271186440677966 0.6324921135646687 0.5953389830508474 0.637223974763407 0.6864406779661016 0.6451104100946372 0.7648305084745762 0.722397476340694 0.7245762711864406 0.722397476340694 0.7033898305084746
8 0.5630914826498423 0.3453389830508475 0.5615141955835962 0.3474576271186441 0.5694006309148265 0.3559322033898305 0.5851735015772871 0.3644067796610169 0.5772870662460567 0.3538135593220339 0.5630914826498423 0.3453389830508475
4 0.4968454258675079 0.2627118644067797 0.4952681388012618 0.2563559322033898 0.49369085173501576 0.25 0.49053627760252366 0.25 0.4889589905362776 0.2563559322033898 0.49053627760252366 0.2627118644067797 0.4952681388012618 0.2648305084745763 0.4968454258675079 0.2627118644067797
4 0.4842271293375394 0.3220338983050847 0.4952681388012618 0.3072033898305085 0.48580441640378547 0.2944915254237288 0.48738170347003157 0.2838983050847458 0.4810725552050473 0.2690677966101695 0.4794952681388013 0.2542372881355932 0.46529968454258674 0.25 0.4637223974763407 0.2711864406779661 0.46845425867507884 0.2923728813559322 0.47318611987381703 0.3072033898305085 0.4842271293375394 0.3220338983050847
4 0.6025953548895899 1 0.6230283911671924 0.9364406779661016 0.5993690851735016 0.902542372881356 0.5709779179810726 0.9978813559322034 0.5657202949526814 1 0.6025953548895899 1
3 0.5741324921135647 0.4406779661016949 0.5946372239747634 0.4491525423728814 0.6056782334384858 0.4088983050847458 0.5899053627760252 0.3516949152542373 0.5646687697160884 0.3432203389830508 0.5599369085173501 0.3728813559322034 0.5741324921135647 0.4406779661016949
4 0.614826498422713 1 0.6293375394321766 0.951271186440678 0.667192429022082 0.9279661016949152 0.695583596214511 0.9088983050847458 0.7113564668769716 0.8495762711864406 0.7318611987381703 0.7521186440677966 0.7381703470031545 0.7055084745762712 0.6451104100946372 0.7542372881355932 0.6230283911671924 0.8728813559322034 0.6025236593059937 0.8665254237288136 0.5788643533123028 0.8453389830508474 0.5615141955835962 0.8432203389830508 0.582018927444795 0.8686440677966102 0.6025236593059937 0.8898305084745762 0.6025236593059937 0.9088983050847458 0.6214511041009464 0.9364406779661016 0.5972147413249211 1 0.614826498422713 1
8 0.5930599369085173 0.3538135593220339 0.61198738170347 0.4152542372881356 0.6214511041009464 0.4152542372881356 0.6151419558359621 0.3601694915254237 0.5930599369085173 0.3538135593220339
0 0.6167192429022083 0.4216101694915254 0.6198738170347003 0.4046610169491525 0.6041009463722398 0.3538135593220339 0.5930599369085173 0.3495762711864407 0.582018927444795 0.3559322033898305 0.5899053627760252 0.4046610169491525 0.582018927444795 0.4406779661016949 0.5946372239747634 0.4533898305084746 0.6167192429022083 0.4216101694915254