3 0.47130102040816324 0.1989010989010989 0.4700255102040816 0.24945054945054945 0.47385204081632654 0.289010989010989 0.4764030612244898 0.31758241758241756 0.4840561224489796 0.33076923076923076 0.4968112244897959 0.34395604395604396 0.5121173469387755 0.3659340659340659 0.5274234693877551 0.3901098901098901 0.5338010204081632 0.3879120879120879 0.5440051020408163 0.37032967032967035 0.5491071428571429 0.34835164835164834 0.5516581632653061 0.3241758241758242 0.5465561224489796 0.29120879120879123 0.5414540816326531 0.26703296703296703 0.5325255102040817 0.23626373626373626 0.5248724489795918 0.2164835164835165 0.5197704081632653 0.19230769230769232 0.5121173469387755 0.17912087912087912 0.48915816326530615 0.16153846153846155 0.4789540816326531 0.14615384615384616 0.47385204081632654 0.17252747252747253 0.47130102040816324 0.1989010989010989
8 0.47767857142857145 0.21208791208791208 0.47767857142857145 0.2010989010989011 0.4815051020408163 0.1879120879120879 0.48278061224489793 0.1835164835164835 0.48660714285714285 0.1813186813186813 0.48788265306122447 0.17692307692307693 0.492984693877551 0.17692307692307693 0.4968112244897959 0.17692307692307693 0.5019132653061225 0.17912087912087912 0.5044642857142857 0.18571428571428572 0.5031887755102041 0.19230769230769232 0.5019132653061225 0.1967032967032967 0.5006377551020408 0.2010989010989011 0.5006377551020408 0.20549450549450549 0.49936224489795916 0.2098901098901099 0.49808673469387754 0.2164835164835165 0.4968112244897959 0.22087912087912087 0.49808673469387754 0.22967032967032966 0.49808673469387754 0.23406593406593407 0.49808673469387754 0.23846153846153847 0.4955357142857143 0.23626373626373626 0.4942602040816326 0.24505494505494504 0.4968112244897959 0.24065934065934066 0.4968112244897959 0.24505494505494504 0.4968112244897959 0.24945054945054945 0.4968112244897959 0.256043956043956 0.49936224489795916 0.26263736263736265 0.5006377551020408 0.256043956043956 0.49936224489795916 0.25384615384615383 0.5006377551020408 0.24945054945054945 0.5031887755102041 0.25384615384615383 0.5044642857142857 0.25824175824175827 0.5031887755102041 0.26043956043956046 0.5031887755102041 0.26483516483516484 0.5006377551020408 0.2692307692307692 0.49808673469387754 0.2714285714285714 0.4968112244897959 0.27362637362637365 0.4968112244897959 0.27582417582417584 0.4955357142857143 0.2802197802197802 0.4955357142857143 0.2846153846153846 0.4942602040816326 0.27802197802197803 0.4942602040816326 0.2714285714285714 0.4955357142857143 0.26703296703296703 0.4955357142857143 0.26043956043956046 0.4942602040816326 0.25824175824175827 0.492984693877551 0.26483516483516484 0.492984693877551 0.26703296703296703 0.492984693877551 0.2714285714285714 0.492984693877551 0.27582417582417584 0.4917091836734694 0.2802197802197802 0.492984693877551 0.2846153846153846 0.4955357142857143 0.2868131868131868 0.4955357142857143 0.2934065934065934 0.4968112244897959 0.3 0.4955357142857143 0.3065934065934066 0.4955357142857143 0.3153846153846154 0.4968112244897959 0.31978021978021975 0.4968112244897959 0.3263736263736264 0.49808673469387754 0.3241758241758242 0.5006377551020408 0.3263736263736264 0.5006377551020408 0.33076923076923076 0.5006377551020408 0.33516483516483514 0.5019132653061225 0.33516483516483514 0.5044642857142857 0.33516483516483514 0.5057397959183674 0.34175824175824177 0.5095663265306123 0.34395604395604396 0.5133928571428571 0.34395604395604396 0.5133928571428571 0.3395604395604396 0.5133928571428571 0.33296703296703295 0.5159438775510204 0.33296703296703295 0.5197704081632653 0.33296703296703295 0.5197704081632653 0.33076923076923076 0.5184948979591837 0.3263736263736264 0.517219387755102 0.321978021978022 0.5133928571428571 0.321978021978022 0.5108418367346939 0.3241758241758242 0.5095663265306123 0.3263736263736264 0.5070153061224489 0.32857142857142857 0.5057397959183674 0.3263736263736264 0.5057397959183674 0.31978021978021975 0.5057397959183674 0.3153846153846154 0.5044642857142857 0.3131868131868132 0.5031887755102041 0.3021978021978022 0.5044642857142857 0.2978021978021978 0.5044642857142857 0.29120879120879123 0.5044642857142857 0.2868131868131868 0.5031887755102041 0.2802197802197802 0.5019132653061225 0.27802197802197803 0.5031887755102041 0.27362637362637365 0.5044642857142857 0.2714285714285714 0.5057397959183674 0.27362637362637365 0.5057397959183674 0.2868131868131868 0.5070153061224489 0.2934065934065934 0.5070153061224489 0.3 0.5082908163265306 0.30439560439560437 0.5095663265306123 0.310989010989011 0.5108418367346939 0.3153846153846154 0.5146683673469388 0.31978021978021975 0.5133928571428571 0.3131868131868132 0.5133928571428571 0.3087912087912088 0.5146683673469388 0.3065934065934066 0.5133928571428571 0.3021978021978022 0.5121173469387755 0.3 0.5121173469387755 0.2956043956043956 0.5108418367346939 0.289010989010989 0.5121173469387755 0.2824175824175824 0.5095663265306123 0.27582417582417584 0.5095663265306123 0.2714285714285714 0.5095663265306123 0.26263736263736265 0.5070153061224489 0.25824175824175827 0.5057397959183674 0.25384615384615383 0.5044642857142857 0.24725274725274726 0.5019132653061225 0.24725274725274726 0.5019132653061225 0.24285714285714285 0.5044642857142857 0.23846153846153847 0.5070153061224489 0.23186813186813188 0.5031887755102041 0.22087912087912087 0.5031887755102041 0.21428571428571427 0.5044642857142857 0.20549450549450549 0.5070153061224489 0.1967032967032967 0.5108418367346939 0.19230769230769232 0.5108418367346939 0.18571428571428572 0.5070153061224489 0.17912087912087912 0.49936224489795916 0.17472527472527472 0.4917091836734694 0.17032967032967034 0.48533163265306123 0.17692307692307693 0.4802295918367347 0.1835164835164835 0.47767857142857145 0.1945054945054945 0.47512755102040816 0.2032967032967033 0.47512755102040816 0.22527472527472528 0.47767857142857145 0.22527472527472528 0.47767857142857145 0.21868131868131868 0.47767857142857145 0.21208791208791208
8 0.5235969387755102 0.3241758241758242 0.5274234693877551 0.33076923076923076 0.5235969387755102 0.33516483516483514 0.5274234693877551 0.33516483516483514 0.53125 0.33516483516483514 0.5338010204081632 0.3373626373626374 0.5325255102040817 0.33296703296703295 0.53125 0.32857142857142857 0.5286989795918368 0.3263736263736264 0.5261479591836735 0.3263736263736264 0.5248724489795918 0.31978021978021975 0.5261479591836735 0.3153846153846154 0.5274234693877551 0.310989010989011 0.5261479591836735 0.3065934065934066 0.5286989795918368 0.2978021978021978 0.5299744897959183 0.3065934065934066 0.53125 0.3131868131868132 0.5325255102040817 0.31758241758241756 0.5350765306122449 0.31978021978021975 0.5363520408163265 0.3241758241758242 0.5363520408163265 0.33076923076923076 0.5363520408163265 0.3373626373626374 0.5389030612244898 0.3395604395604396 0.5401785714285714 0.3505494505494505 0.5427295918367347 0.34395604395604396 0.5440051020408163 0.3395604395604396 0.5414540816326531 0.33296703296703295 0.5389030612244898 0.321978021978022 0.5376275510204082 0.31758241758241756 0.5338010204081632 0.3131868131868132 0.5325255102040817 0.30439560439560437 0.5299744897959183 0.2934065934065934 0.5261479591836735 0.3021978021978022 0.5235969387755102 0.310989010989011 0.5210459183673469 0.31758241758241756 0.5223214285714286 0.3241758241758242 0.5235969387755102 0.3241758241758242
8 0.5223214285714286 0.25164835164835164 0.5223214285714286 0.26263736263736265 0.5248724489795918 0.2714285714285714 0.5261479591836735 0.2868131868131868 0.5261479591836735 0.3021978021978022 0.5299744897959183 0.2934065934065934 0.5261479591836735 0.27582417582417584 0.5248724489795918 0.25824175824175827 0.5210459183673469 0.23406593406593407 0.5184948979591837 0.22527472527472528 0.5159438775510204 0.21208791208791208 0.5159438775510204 0.2230769230769231 0.5133928571428571 0.22527472527472528 0.517219387755102 0.24065934065934066 0.5197704081632653 0.24285714285714285 0.5223214285714286 0.25164835164835164
6 0.5516581632653061 0.2032967032967033 0.5542091836734694 0.2010989010989011 0.5503826530612245 0.1989010989010989 0.5465561224489796 0.2032967032967033 0.5465561224489796 0.2098901098901099 0.5491071428571429 0.2076923076923077 0.5516581632653061 0.2032967032967033
8 0.5618622448979592 0.33076923076923076 0.5580357142857143 0.33516483516483514 0.5542091836734694 0.3373626373626374 0.5542091836734694 0.34175824175824177 0.5605867346938775 0.3395604395604396 0.5644132653061225 0.3373626373626374 0.5669642857142857 0.33516483516483514 0.5669642857142857 0.3263736263736264 0.5631377551020408 0.31758241758241756 0.5631377551020408 0.310989010989011 0.5631377551020408 0.30439560439560437 0.5605867346938775 0.3 0.5580357142857143 0.3087912087912088 0.5593112244897959 0.3153846153846154 0.5605867346938775 0.31978021978021975 0.5618622448979592 0.33076923076923076
8 0.5631377551020408 0.3659340659340659 0.5631377551020408 0.37252747252747254 0.5656887755102041 0.37032967032967035 0.5682397959183674 0.37252747252747254 0.5707908163265306 0.37032967032967035 0.5707908163265306 0.3637362637362637 0.5682397959183674 0.35714285714285715 0.5682397959183674 0.3505494505494505 0.5656887755102041 0.34395604395604396 0.5644132653061225 0.34835164835164834 0.5656887755102041 0.35494505494505496 0.5644132653061225 0.35934065934065934 0.5631377551020408 0.3659340659340659
8 0.5784438775510204 0.42747252747252745 0.579719387755102 0.4318681318681319 0.5835459183673469 0.4340659340659341 0.5848214285714286 0.42747252747252745 0.5822704081632653 0.4208791208791209 0.5771683673469388 0.4164835164835165 0.5758928571428571 0.4010989010989011 0.5733418367346939 0.3923076923076923 0.5720663265306123 0.3879120879120879 0.5733418367346939 0.4032967032967033 0.5746173469387755 0.4098901098901099 0.5746173469387755 0.4208791208791209 0.5784438775510204 0.42747252747252745
8 0.5656887755102041 0.30439560439560437 0.5656887755102041 0.3087912087912088 0.5682397959183674 0.310989010989011 0.5695153061224489 0.3153846153846154 0.5695153061224489 0.31978021978021975 0.5720663265306123 0.33076923076923076 0.5746173469387755 0.34395604395604396 0.5758928571428571 0.35494505494505496 0.5771683673469388 0.3637362637362637 0.579719387755102 0.3747252747252747 0.5809948979591837 0.38571428571428573 0.5835459183673469 0.3989010989010989 0.5835459183673469 0.4076923076923077 0.5848214285714286 0.4164835164835165 0.5873724489795918 0.42747252747252745 0.5886479591836735 0.4340659340659341 0.5924744897959183 0.43846153846153846 0.5963010204081632 0.43626373626373627 0.5963010204081632 0.4318681318681319 0.5950255102040817 0.42747252747252745 0.5924744897959183 0.4230769230769231 0.5886479591836735 0.4208791208791209 0.5860969387755102 0.4076923076923077 0.5886479591836735 0.4010989010989011 0.5860969387755102 0.3967032967032967 0.5860969387755102 0.3901098901098901 0.5873724489795918 0.38351648351648354 0.5860969387755102 0.3747252747252747 0.5860969387755102 0.3659340659340659 0.5809948979591837 0.35714285714285715 0.5784438775510204 0.34835164835164834 0.5771683673469388 0.3395604395604396 0.5733418367346939 0.3263736263736264 0.5720663265306123 0.310989010989011 0.5707908163265306 0.3021978021978022 0.5707908163265306 0.2934065934065934 0.5707908163265306 0.2802197802197802 0.5707908163265306 0.27582417582417584 0.5733418367346939 0.2846153846153846 0.5733418367346939 0.2956043956043956 0.5746173469387755 0.3021978021978022 0.5784438775510204 0.3087912087912088 0.579719387755102 0.3131868131868132 0.5771683673469388 0.2978021978021978 0.5758928571428571 0.289010989010989 0.5746173469387755 0.27802197802197803 0.5746173469387755 0.2714285714285714 0.5784438775510204 0.2692307692307692 0.579719387755102 0.26483516483516484 0.5733418367346939 0.26483516483516484 0.5682397959183674 0.26703296703296703 0.5656887755102041 0.2714285714285714 0.5644132653061225 0.2868131868131868 0.5656887755102041 0.2978021978021978 0.5656887755102041 0.30439560439560437
8 0.5809948979591837 0.35274725274725277 0.5860969387755102 0.3659340659340659 0.5873724489795918 0.36153846153846153 0.5860969387755102 0.35274725274725277 0.5848214285714286 0.34615384615384615 0.5822704081632653 0.34395604395604396 0.5848214285714286 0.34395604395604396 0.5873724489795918 0.35714285714285715 0.5860969387755102 0.34395604395604396 0.5848214285714286 0.33516483516483514 0.5835459183673469 0.32857142857142857 0.5809948979591837 0.31978021978021975 0.5784438775510204 0.3153846153846154 0.5771683673469388 0.3087912087912088 0.5746173469387755 0.3065934065934066 0.5720663265306123 0.310989010989011 0.5746173469387755 0.31758241758241756 0.5746173469387755 0.3263736263736264 0.5758928571428571 0.33296703296703295 0.5771683673469388 0.34175824175824177 0.5809948979591837 0.35274725274725277
8 0.6052295918367347 0.42967032967032964 0.6065051020408163 0.4340659340659341 0.6116071428571429 0.43846153846153846 0.6141581632653061 0.4340659340659341 0.6116071428571429 0.42967032967032964 0.6103316326530612 0.42527472527472526 0.6065051020408163 0.4230769230769231 0.6026785714285714 0.4230769230769231 0.6014030612244898 0.4186813186813187 0.5988520408163265 0.4142857142857143 0.5963010204081632 0.41208791208791207 0.5963010204081632 0.4098901098901099 0.5932397959183674 0.4081318681318681 0.5963010204081632 0.4054945054945055 0.6001275510204082 0.4054945054945055 0.6001275510204082 0.4010989010989011 0.5988520408163265 0.3967032967032967 0.5963010204081632 0.3901098901098901 0.5963010204081632 0.3967032967032967 0.5963010204081632 0.4010989010989011 0.59375 0.4032967032967033 0.5886479591836735 0.4098901098901099 0.5924744897959183 0.4142857142857143 0.5963010204081632 0.4164835164835165 0.5975765306122449 0.4208791208791209 0.6001275510204082 0.42747252747252745 0.6052295918367347 0.42967032967032964
8 0.6116071428571429 0.4164835164835165 0.6128826530612245 0.4208791208791209 0.6141581632653061 0.4208791208791209 0.6141581632653061 0.4164835164835165 0.6154336734693877 0.4142857142857143 0.6141581632653061 0.4098901098901099 0.6128826530612245 0.4054945054945055 0.6103316326530612 0.4032967032967033 0.607780612244898 0.41208791208791207 0.6090561224489796 0.4142857142857143 0.6103316326530612 0.4142857142857143 0.6116071428571429 0.4164835164835165
8 0.6090561224489796 0.3989010989010989 0.6116071428571429 0.4010989010989011 0.6116071428571429 0.3967032967032967 0.6103316326530612 0.3879120879120879 0.6090561224489796 0.38351648351648354 0.607780612244898 0.3791208791208791 0.6065051020408163 0.38351648351648354 0.607780612244898 0.3879120879120879 0.607780612244898 0.3901098901098901 0.6090561224489796 0.3967032967032967 0.6090561224489796 0.3989010989010989
8 0.6065051020408163 0.37032967032967035 0.6052295918367347 0.3659340659340659 0.6039540816326531 0.36813186813186816 0.6039540816326531 0.37252747252747254 0.6065051020408163 0.3769230769230769 0.607780612244898 0.3747252747252747 0.6065051020408163 0.37032967032967035
8 0.6243622448979592 0.33516483516483514 0.6256377551020408 0.32857142857142857 0.6256377551020408 0.321978021978022 0.6256377551020408 0.3131868131868132 0.6281887755102041 0.31758241758241756 0.6320153061224489 0.321978021978022 0.6345663265306123 0.33076923076923076 0.6371173469387755 0.3373626373626374 0.6396683673469388 0.34395604395604396 0.642219387755102 0.35274725274725277 0.6434948979591837 0.36153846153846153 0.642219387755102 0.36813186813186816 0.6396683673469388 0.36153846153846153 0.6371173469387755 0.35274725274725277 0.6371173469387755 0.35934065934065934 0.6358418367346939 0.36153846153846153 0.6358418367346939 0.35714285714285715 0.6332908163265306 0.35494505494505496 0.6358418367346939 0.3659340659340659 0.6358418367346939 0.37252747252747254 0.6371173469387755 0.3769230769230769 0.6383928571428571 0.38571428571428573 0.6383928571428571 0.3901098901098901 0.6396683673469388 0.3967032967032967 0.642219387755102 0.3989010989010989 0.6434948979591837 0.3945054945054945 0.6434948979591837 0.4032967032967033 0.6447704081632653 0.4032967032967033 0.6473214285714286 0.3989010989010989 0.6473214285714286 0.38571428571428573 0.6460459183673469 0.37032967032967035 0.6460459183673469 0.3505494505494505 0.6434948979591837 0.34175824175824177 0.6409438775510204 0.33296703296703295 0.6383928571428571 0.3263736263736264 0.6383928571428571 0.31978021978021975 0.6358418367346939 0.3153846153846154 0.6320153061224489 0.3087912087912088 0.6269132653061225 0.3021978021978022 0.6230867346938775 0.2956043956043956 0.6179846938775511 0.2934065934065934 0.6205357142857143 0.3 0.6230867346938775 0.310989010989011 0.6230867346938775 0.3241758241758242 0.6243622448979592 0.33516483516483514
8 0.6396683673469388 0.4208791208791209 0.6383928571428571 0.4230769230769231 0.6345663265306123 0.42967032967032964 0.6383928571428571 0.42967032967032964 0.6396683673469388 0.4318681318681319 0.6409438775510204 0.4318681318681319 0.6434948979591837 0.42527472527472526 0.6460459183673469 0.4208791208791209 0.6485969387755102 0.4186813186813187 0.6524234693877551 0.41208791208791207 0.6485969387755102 0.41208791208791207 0.6447704081632653 0.4098901098901099 0.6409438775510204 0.4054945054945055 0.6383928571428571 0.3989010989010989 0.6383928571428571 0.4098901098901099 0.6396683673469388 0.4142857142857143 0.6409438775510204 0.4186813186813187 0.6396683673469388 0.4208791208791209
8 0.6307397959183674 0.3923076923076923 0.6307397959183674 0.3989010989010989 0.6320153061224489 0.3967032967032967 0.6332908163265306 0.3945054945054945 0.6332908163265306 0.3879120879120879 0.6307397959183674 0.38571428571428573 0.6307397959183674 0.3923076923076923
8 0.6297831632653061 0.3956043956043956 0.6294642857142857 0.3967032967032967 0.6281887755102041 0.4032967032967033 0.6294642857142857 0.4010989010989011 0.6307397959183674 0.3989010989010989 0.6297831632653061 0.3956043956043956
8 0.6307397959183674 0.4054945054945055 0.6307397959183674 0.41208791208791207 0.6320153061224489 0.4164835164835165 0.6345663265306123 0.4142857142857143 0.6371173469387755 0.41208791208791207 0.6358418367346939 0.4076923076923077 0.6320153061224489 0.4032967032967033 0.6307397959183674 0.3989010989010989 0.6307397959183674 0.4054945054945055
8 0.6524234693877551 0.38351648351648354 0.6524234693877551 0.3637362637362637 0.6524234693877551 0.35274725274725277 0.6498724489795918 0.35274725274725277 0.6498724489795918 0.3659340659340659 0.6511479591836735 0.3791208791208791 0.6524234693877551 0.3989010989010989 0.6524234693877551 0.38351648351648354
8 0.6511479591836735 0.31758241758241756 0.6536989795918368 0.321978021978022 0.6549744897959183 0.3131868131868132 0.6575255102040817 0.310989010989011 0.6588010204081632 0.3131868131868132 0.6613520408163265 0.31978021978021975 0.6651785714285714 0.321978021978022 0.6651785714285714 0.3153846153846154 0.6613520408163265 0.3087912087912088 0.6588010204081632 0.30439560439560437 0.65625 0.2978021978021978 0.6549744897959183 0.3021978021978022 0.6511479591836735 0.30439560439560437 0.6498724489795918 0.3087912087912088 0.6511479591836735 0.31758241758241756
8 0.6664540816326531 0.2978021978021978 0.6651785714285714 0.2956043956043956 0.6613520408163265 0.29120879120879123 0.6588010204081632 0.29120879120879123 0.6600765306122449 0.2978021978021978 0.6639030612244898 0.3 0.6651785714285714 0.30439560439560437 0.6664540816326531 0.2978021978021978
0 0.46364795918367346 0.3945054945054945 0.46619897959183676 0.3769230769230769 0.4559948979591837 0.3637362637362637 0.44834183673469385 0.34395604395604396 0.4406887755102041 0.321978021978022 0.42283163265306123 0.27362637362637365 0.4139030612244898 0.24505494505494504 0.4024234693877551 0.21428571428571427 0.3909438775510204 0.18571428571428572 0.39987244897959184 0.22967032967032966 0.4343112244897959 0.33296703296703295 0.45216836734693877 0.3791208791208791 0.46364795918367346 0.3945054945054945
0 0.5388676301020408 1 0.5440051020408163 0.9681318681318681 0.5478316326530612 0.9417582417582417 0.5478316326530612 0.9087912087912088 0.5491071428571429 0.8472527472527472 0.5478316326530612 0.8098901098901099 0.545280612244898 0.7945054945054945 0.5427295918367347 0.7791208791208791 0.5376275510204082 0.7703296703296704 0.5363520408163265 0.7571428571428571 0.5248724489795918 0.7593406593406593 0.5274234693877551 0.7681318681318682 0.53125 0.7791208791208791 0.5363520408163265 0.7945054945054945 0.5389030612244898 0.8054945054945055 0.5414540816326531 0.8296703296703297 0.5414540816326531 0.8714285714285714 0.5389030612244898 0.910989010989011 0.5389030612244898 0.9307692307692308 0.5363520408163265 0.9505494505494505 0.5338010204081632 0.9813186813186813 0.5305484693877551 1 0.5388676301020408 1
4 0.579719387755102 0.8098901098901099 0.5809948979591837 0.8076923076923077 0.5809948979591837 0.8054945054945055 0.5784438775510204 0.8032967032967033 0.5784438775510204 0.8054945054945055 0.5771683673469388 0.8098901098901099 0.5784438775510204 0.8098901098901099 0.579719387755102 0.8098901098901099
4 0.5771683673469388 0.8714285714285714 0.5784438775510204 0.8692307692307693 0.5784438775510204 0.8670329670329671 0.5784438775510204 0.8626373626373627 0.5771683673469388 0.8626373626373627 0.5746173469387755 0.8626373626373627 0.5733418367346939 0.8670329670329671 0.5746173469387755 0.8714285714285714 0.5771683673469388 0.8714285714285714
4 0.5873724489795918 0.845054945054945 0.5860969387755102 0.8428571428571429 0.5848214285714286 0.8428571428571429 0.5835459183673469 0.8472527472527472 0.5848214285714286 0.8494505494505494 0.5860969387755102 0.8494505494505494 0.5873724489795918 0.845054945054945