8 0.3476297968397291 0.9134125636672326 0.3476297968397291 0.8998302207130731 0.3611738148984199 0.9015280135823429 0.35891647855530473 0.9134125636672326
8 0.3397291196388262 0.7809847198641766 0.34875846501128666 0.7758913412563667 0.3544018058690745 0.7724957555178268 0.3600451467268623 0.769100169779287 0.36681715575620766 0.7640067911714771 0.3758465011286682 0.7623089983022071 0.38261851015801357 0.7589134125636672 0.3905191873589165 0.7572156196943973 0.3984198645598194 0.7572156196943973 0.4051918735891648 0.7589134125636672 0.3984198645598194 0.765704584040747 0.3927765237020316 0.767402376910017 0.38261851015801357 0.769100169779287 0.3747178329571106 0.7741935483870968 0.36455981941309257 0.7758913412563667 0.35327313769751695 0.7809847198641766
8 0.4006772009029345 0.7096774193548387 0.4108352144469526 0.7096774193548387 0.4164785553047404 0.6926994906621392 0.40293453724604966 0.6859083191850595
8 0.39954853273137697 0.9083191850594228 0.39503386004514673 0.8981324278438031 0.39164785553047404 0.8913412563667232 0.3939051918735892 0.8845500848896435 0.3984198645598194 0.8760611205432938 0.4006772009029345 0.8641765704584041 0.40293453724604966 0.8421052631578947 0.4051918735891648 0.8200339558573854 0.4074492099322799 0.799660441426146 0.4074492099322799 0.7894736842105263 0.4006772009029345 0.7843803056027164 0.40632054176072235 0.7809847198641766 0.4108352144469526 0.7741935483870968 0.41196388261851014 0.765704584040747 0.417607223476298 0.7589134125636672 0.4153498871331828 0.7775891341256367 0.41309255079006774 0.7877758913412564 0.40970654627539504 0.8081494057724957 0.4074492099322799 0.8285229202037352 0.4040632054176072 0.8539898132427843 0.40293453724604966 0.8811544991511036 0.40293453724604966 0.8981324278438031
8 0.445823927765237 0.66723259762309 0.44243792325056436 0.6791171477079796 0.4401805869074492 0.6842105263157895 0.43792325056433407 0.6926994906621392 0.4345372460496614 0.7011884550084889 0.43002257336343114 0.7062818336162988 0.4255079006772009 0.7079796264855688 0.42776523702031605 0.7130730050933786 0.4288939051918736 0.7198641765704584 0.43340857787810383 0.7096774193548387 0.43792325056433407 0.7011884550084889 0.44130925507900676 0.6893039049235993 0.445823927765237 0.6791171477079796 0.44808126410835214 0.6723259762308998 0.4503386004514673 0.66723259762309 0.45146726862302483 0.6621392190152802 0.4469525959367946 0.6621392190152802
8 0.37133182844243795 0.8183361629881154 0.3837471783295711 0.8166383701188455 0.38487584650112866 0.799660441426146 0.37133182844243795 0.799660441426146
8 0.4006772009029345 0.7232597623089984 0.3972911963882618 0.7232597623089984 0.39164785553047404 0.7249575551782682 0.3939051918735892 0.7300509337860781 0.3984198645598194 0.735144312393888
8 0.42776523702031605 0.7232597623089984 0.42099322799097066 0.7096774193548387 0.42437923250564336 0.6977928692699491 0.43792325056433407 0.6977928692699491
8 0.41309255079006774 0.6910016977928692 0.40857787810383744 0.6910016977928692 0.40632054176072235 0.6994906621392191 0.4051918735891648 0.7062818336162988 0.40857787810383744 0.7062818336162988 0.4108352144469526 0.6994906621392191
5 0.03837471783295711 0.6162988115449916 0.03837471783295711 0.633276740237691 0.03837471783295711 0.6519524617996605 0.03837471783295711 0.6638370118845501 0.039503386004514675 0.6757215619694398 0.04288939051918736 0.6910016977928692 0.050790067720090294 0.7096774193548387 0.055304740406320545 0.7215619694397284 0.0654627539503386 0.7368421052631579 0.07110609480812641 0.7470288624787776 0.07787810383747178 0.7640067911714771 0.0835214446952596 0.7758913412563667 0.09480812641083522 0.7894736842105263 0.10270880361173815 0.801358234295416 0.11512415349887133 0.8115449915110357 0.12189616252821671 0.8217317487266553 0.13544018058690746 0.8370118845500849 0.14785553047404063 0.8573853989813243 0.16817155756207675 0.8675721561969439 0.18058690744920994 0.8760611205432938 0.18961625282167044 0.8828522920203735 0.1986455981941309 0.8828522920203735 0.1963882618510158 0.8726655348047538 0.1963882618510158 0.8641765704584041 0.18510158013544017 0.8471986417657046 0.17832957110609482 0.831918505942275 0.17042889390519186 0.8115449915110357 0.16027088036117382 0.7877758913412564 0.1489841986455982 0.7724957555178268 0.13882618510158012 0.767402376910017 0.13318284424379231 0.7640067911714771 0.12189616252821671 0.7640067911714771 0.11173814898419865 0.7589134125636672 0.0981941309255079 0.7504244482173175 0.08916478555304741 0.7402376910016978 0.08126410835214447 0.7232597623089984 0.0744920993227991 0.7062818336162988 0.06433408577878104 0.6859083191850595 0.055304740406320545 0.6689303904923599 0.04853273137697517 0.6502546689303905
5 0.17945823927765236 0.733446519524618 0.17494356659142213 0.735144312393888 0.17381489841986456 0.7419354838709677 0.17155756207674944 0.7521222410865874 0.17720090293453725 0.7589134125636672 0.18510158013544017 0.7623089983022071 0.18961625282167044 0.7606112054329371 0.18961625282167044 0.7521222410865874 0.18961625282167044 0.7436332767402377 0.18510158013544017 0.7402376910016978
0 0.24830699774266365 0.5874363327674024 0.19413092550790068 0.568760611205433 0.13882618510158012 0.5365025466893039 0.10270880361173815 0.5059422750424448 0.08239277652370203 0.4855687606112054 0.06997742663656885 0.4634974533106961 0.062076749435665914 0.44991511035653653 0.05756207674943566 0.4380305602716469 0.05417607223476298 0.4533106960950764 0.07223476297968397 0.4940577249575552 0.09480812641083522 0.5229202037351444 0.13205417607223477 0.5602716468590832 0.16478555304740405 0.5857385398981324 0.20993227990970656 0.6078098471986417 0.23024830699774265 0.6027164685908319
0 0.23024830699774265 0.9185059422750425 0.1873589164785553 0.831918505942275 0.13882618510158012 0.765704584040747 0.10045146726862303 0.7504244482173175 0.17042889390519186 0.8692699490662139 0.20428893905191872 0.8981324278438031