8 0.5760992108229989 0.7142857142857143 0.5862457722660653 0.7183098591549296 0.5952649379932357 0.7183098591549296 0.5952649379932357 0.7223340040241448 0.5851183765501691 0.7243460764587525 0.5760992108229989 0.7203219315895373
8 0.7395715896279594 0.5231388329979879 0.7711386696730552 0.5251509054325956 0.7655016910935738 0.5352112676056338 0.7361894024802705 0.5291750503018109
8 0.6076662908680946 0.5352112676056338 0.6414881623449831 0.5352112676056338 0.6133032694475761 0.5432595573440644 0.6054114994363021 0.5352112676056338
8 0.5467869222096956 0.5311871227364185 0.5569334836527621 0.5291750503018109 0.5490417136414881 0.5432595573440644 0.5445321307779031 0.5311871227364185
8 0.5558060879368658 0.5855130784708249 0.5817361894024803 0.5835010060362174 0.6144306651634723 0.5835010060362174 0.593010146561443 0.5895372233400402 0.5659526493799324 0.5895372233400402 0.5558060879368658 0.5855130784708249
8 0.6245772266065389 0.635814889336016 0.6459977452085682 0.635814889336016 0.6538895152198422 0.635814889336016 0.644870349492672 0.641851106639839 0.6257046223224352 0.6438631790744467 0.6234498308906427 0.6378269617706237
8 0.5670800450958287 0.6398390342052314 0.5941375422773394 0.641851106639839 0.6076662908680946 0.641851106639839 0.5963923337091319 0.647887323943662 0.5670800450958287 0.6539235412474849 0.5670800450958287 0.641851106639839
8 0.5377677564825254 0.6378269617706237 0.560315670800451 0.6398390342052314 0.5512965050732808 0.6498993963782697 0.552423900789177 0.6680080482897385 0.5434047350620068 0.6579476861167002
8 0.552423900789177 0.5714285714285714 0.5749718151071026 0.5754527162977867 0.5490417136414881 0.5814889336016097 0.5535512965050733 0.5734406438631791
8 0.5208568207440811 0.5774647887323944 0.5456595264937993 0.579476861167002 0.5310033821871477 0.5875251509054326 0.5197294250281849 0.5895372233400402 0.5208568207440811 0.5774647887323944
8 0.5479143179255919 0.5251509054325956 0.5682074408117249 0.5251509054325956 0.588500563697858 0.5251509054325956 0.593010146561443 0.5130784708249497 0.5817361894024803 0.5110663983903421 0.5648252536640361 0.5171026156941649 0.5479143179255919 0.5231388329979879
8 0.4419391206313416 0.8209255533199196 0.44983089064261556 0.806841046277666 0.455467869222097 0.8008048289738431 0.45659526493799324 0.806841046277666 0.45434047350620066 0.8169014084507042 0.4487034949267193 0.8309859154929577 0.4419391206313416 0.8229376257545271
8 0.36753100338218714 0.772635814889336 0.3788049605411499 0.7746478873239436 0.3878241262683202 0.7826961770623743 0.39346110484780156 0.7927565392354124 0.38895152198421645 0.7987927565392354 0.38444193912063135 0.7907444668008048 0.3742953776775648 0.7806841046277666
8 0.19616685456595265 0.5331991951710262 0.21645997745208567 0.5311871227364185 0.21307779030439683 0.5412474849094567 0.19616685456595265 0.545271629778672 0.19503945885005636 0.5311871227364185
8 0.2717023675310034 0.6619718309859155 0.27959413754227735 0.6579476861167002 0.2762119503945885 0.6720321931589537 0.27282976324689967 0.6740442655935613 0.26944757609921083 0.6680080482897385
1 0.3833145434047351 0.4346076458752515 0.4092446448703495 0.4346076458752515 0.4250281848928974 0.4305835010060362 0.4464487034949267 0.42655935613682094 0.46110484780157834 0.43661971830985913 0.47801578354002255 0.46277665995975853 0.48703494926719276 0.48088531187122735 0.4813979706877114 0.4969818913480885 0.47125140924464487 0.48490945674044267 0.46223224351747466 0.47283702213279677 0.4487034949267193 0.4647887323943662 0.44081172491544535 0.45472837022132795 0.4295377677564825 0.45271629778672035 0.4182638105975197 0.448692152917505
6 0.15219842164599776 0.5855130784708249 0.15219842164599776 0.5935613682092555 0.15107102593010147 0.5995975855130785 0.14768883878241262 0.5955734406438632
8 0.1995490417136415 0.5573440643863179 0.17925591882750846 0.5513078470824949 0.161217587373168 0.5513078470824949 0.1713641488162345 0.5653923541247485 0.18602029312288612 0.5714285714285714 0.19729425028184894 0.5714285714285714 0.18602029312288612 0.5875251509054326 0.17700112739571588 0.5855130784708249 0.1668545659526494 0.5835010060362174 0.1668545659526494 0.5955734406438632 0.17474633596392333 0.5975855130784709 0.18151071025930102 0.6036217303822937 0.18940248027057496 0.6036217303822937 0.19165727170236754 0.5915492957746479
8 0.16347237880496054 0.5875251509054326 0.17249154453213078 0.5895372233400402 0.17474633596392333 0.5915492957746479 0.16459977452085683 0.5935613682092555 0.16234498308906425 0.5895372233400402
8 0.496054114994363 0.45472837022132795 0.5208568207440811 0.45472837022132795 0.5445321307779031 0.4567404426559356 0.5682074408117249 0.4567404426559356 0.588500563697858 0.45271629778672035 0.608793686583991 0.45472837022132795 0.629086809470124 0.45472837022132795 0.6482525366403608 0.45472837022132795 0.6708004509582863 0.4567404426559356 0.6922209695603156 0.4607645875251509 0.7091319052987599 0.4607645875251509 0.7192784667418264 0.48088531187122735 0.6989853438556933 0.48088531187122735 0.6516347237880497 0.48088531187122735 0.6335963923337091 0.4768611670020121 0.6076662908680946 0.4768611670020121 0.593010146561443 0.4768611670020121 0.5648252536640361 0.47484909456740443 0.5535512965050733 0.48088531187122735 0.5264937993235626 0.48088531187122735 0.5140924464487034 0.4788732394366197 0.5062006764374295 0.48088531187122735
6 0.1871476888387824 0.5975855130784709 0.18376550169109357 0.5895372233400402 0.18489289740698986 0.5835010060362174 0.17812852311161217 0.5855130784708249 0.18038331454340473 0.5935613682092555 0.18489289740698986 0.6056338028169014 0.1871476888387824 0.5975855130784709
8 0.5411499436302142 0.5090543259557344 0.5670800450958287 0.5110663983903421 0.580608793686584 0.5110663983903421 0.5749718151071026 0.5311871227364185 0.5569334836527621 0.5352112676056338 0.5434047350620068 0.5331991951710262
6 0.39120631341600903 0.3561368209255533 0.3968432919954904 0.35412474849094566 0.399098083427283 0.358148893360161 0.3968432919954904 0.36619718309859156 0.3900789177001127 0.36217303822937624
8 0.5535512965050733 0.5513078470824949 0.5749718151071026 0.5492957746478874 0.5941375422773394 0.5492957746478874 0.608793686583991 0.5533199195171026 0.6110484780157835 0.5714285714285714 0.593010146561443 0.5714285714285714 0.5794813979706878 0.5734406438631791 0.5625704622322435 0.5734406438631791 0.5512965050732808 0.5714285714285714
8 0.1984216459977452 0.4607645875251509 0.21871476888387825 0.4688128772635815 0.19052987598647125 0.5050301810865191 0.17925591882750846 0.49899396378269617 0.19729425028184894 0.4607645875251509
8 0.5197294250281849 0.5573440643863179 0.532130777903044 0.5573440643863179 0.5400225479143179 0.579476861167002 0.5287485907553551 0.5895372233400402 0.5163472378804961 0.5734406438631791
8 0.1984216459977452 0.5573440643863179 0.15670800450958286 0.5513078470824949 0.161217587373168 0.5593561368209256 0.20067643742953778 0.5694164989939637 0.1984216459977452 0.5553319919517102
8 0.5332581736189402 0.6177062374245473 0.5479143179255919 0.6177062374245473 0.5535512965050733 0.6378269617706237 0.5411499436302142 0.6398390342052314
8 0.5727170236753101 0.6338028169014085 0.5986471251409244 0.6338028169014085 0.6189402480270575 0.6338028169014085 0.6459977452085682 0.6338028169014085 0.6471251409244645 0.6498993963782697 0.6155580608793687 0.6579476861167002 0.5986471251409244 0.6579476861167002 0.5794813979706878 0.6579476861167002 0.5693348365276212 0.6579476861167002
8 0.560315670800451 0.5975855130784709 0.5862457722660653 0.6036217303822937 0.5997745208568207 0.6016096579476862 0.5975197294250282 0.5814889336016097 0.5839909808342728 0.5855130784708249 0.5715896279594137 0.5855130784708249
8 0.6009019165727171 0.46680080482897385 0.629086809470124 0.4647887323943662 0.673055242390079 0.4647887323943662 0.705749718151071 0.4647887323943662 0.7215332581736189 0.4647887323943662 0.7249154453213078 0.4688128772635815 0.6978579481397971 0.47283702213279677 0.6595264937993236 0.47484909456740443 0.6110484780157835 0.47484909456740443 0.5997745208568207 0.4688128772635815
8 0.532130777903044 0.6197183098591549 0.5501691093573844 0.6197183098591549 0.5715896279594137 0.6197183098591549 0.5963923337091319 0.6177062374245473 0.6121758737316798 0.613682092555332 0.6279594137542277 0.6036217303822937 0.6200676437429538 0.6217303822937625 0.6031567080045096 0.6297786720321932 0.580608793686584 0.6297786720321932 0.5558060879368658 0.6297786720321932 0.532130777903044 0.6277665995975855
3 0.2254791431792559 0.13883299798792756 0.2649379932356257 0.10865191146881288 0.3089064261555806 0.10865191146881288 0.34047350620067646 0.12877263581488935 0.36189402480270577 0.16700201207243462 0.3833145434047351 0.22736418511066397 0.3855693348365276 0.2917505030181087 0.3686583990980834 0.33601609657947684 0.33032694475760993 0.3762575452716298 0.2987598647125141 0.38832997987927564 0.266065388951522 0.40040241448692154 0.24464487034949267 0.3963782696177062 0.22435174746335965 0.3641851106639839 0.19165727170236754 0.29979879275653926 0.17700112739571588 0.24748490945674045 0.17812852311161217 0.2052313883299799 0.20293122886133033 0.15090543259557343
8 0.5129650507328072 0.5593561368209256 0.5332581736189402 0.5553319919517102 0.552423900789177 0.5553319919517102 0.5704622322435174 0.5533199195171026 0.5918827508455468 0.5533199195171026 0.6121758737316798 0.5553319919517102 0.593010146561443 0.5613682092555332 0.5693348365276212 0.5613682092555332 0.5558060879368658 0.5613682092555332 0.5422773393461104 0.5653923541247485 0.5264937993235626 0.5694164989939637 0.5152198421645998 0.5714285714285714
3 0.5997745208568207 0.18309859154929578 0.6381059751972943 0.16096579476861167 0.7091319052987599 0.16700201207243462 0.7440811724915445 0.16901408450704225 0.7632468996617813 0.22937625754527163 0.7711386696730552 0.2937625754527163 0.7632468996617813 0.38028169014084506 0.7463359639233371 0.42655935613682094 0.7384441939120632 0.46277665995975853 0.713641488162345 0.46277665995975853 0.6786922209695603 0.4607645875251509 0.636978579481398 0.448692152917505 0.5986471251409244 0.44466800804828976 0.5794813979706878 0.43259557344064387 0.5535512965050733 0.43259557344064387 0.5388951521984217 0.39436619718309857 0.552423900789177 0.32193158953722334 0.5569334836527621 0.26156941649899396 0.5727170236753101 0.22132796780684105
8 0.4904171364148816 0.45875251509054327 0.5050732807215332 0.4607645875251509 0.5264937993235626 0.4607645875251509 0.5490417136414881 0.4647887323943662 0.5693348365276212 0.4607645875251509 0.5851183765501691 0.45875251509054327 0.5963923337091319 0.45875251509054327 0.5941375422773394 0.4647887323943662 0.5727170236753101 0.4688128772635815 0.5535512965050733 0.47283702213279677 0.532130777903044 0.4708249496981891 0.5152198421645998 0.4688128772635815 0.496054114994363 0.4647887323943662
3 0.38218714768883877 0.4426559356136821 0.38895152198421645 0.4225352112676056 0.3979706877113867 0.4084507042253521 0.41488162344983087 0.4084507042253521 0.4317925591882751 0.4044265593561368 0.44532130777903045 0.4024144869215292 0.47350620067643745 0.42052313883299797 0.4971815107102593 0.44466800804828976 0.5422773393461104 0.45875251509054327 0.5963923337091319 0.4567404426559356 0.6279594137542277 0.46680080482897385 0.6527621195039459 0.5010060362173038 0.6414881623449831 0.5674044265593562 0.6381059751972943 0.6317907444668008 0.6155580608793687 0.6720321931589537 0.5614430665163472 0.7082494969818913 0.5467869222096956 0.7062374245472837 0.5174746335963923 0.5935613682092555 0.4859075535512965 0.5251509054325956 0.4419391206313416 0.4788732394366197
1 0.4047350620067644 0.43661971830985913 0.41262683201803835 0.4346076458752515 0.41713641488162345 0.4346076458752515 0.42164599774520856 0.4305835010060362 0.42390078917700114 0.42655935613682094 0.42728297632469 0.42857142857142855 0.43291995490417134 0.42857142857142855 0.44081172491544535 0.42857142857142855 0.44983089064261556 0.43259557344064387 0.4588500563697858 0.44064386317907445 0.47237880496054113 0.45271629778672035 0.4768883878241263 0.4607645875251509 0.4768883878241263 0.48490945674044267 0.47237880496054113 0.4788732394366197 0.46561443066516345 0.4688128772635815 0.4577226606538895 0.4647887323943662 0.447576099210823 0.45875251509054327 0.44081172491544535 0.44668008048289737 0.43291995490417134 0.44466800804828976 0.42728297632469 0.4507042253521127 0.4250281848928974 0.45875251509054327 0.42164599774520856 0.4567404426559356 0.42164599774520856 0.448692152917505 0.40586245772266066 0.4386317907444668
8 0.42615558060879366 0.4225352112676056 0.4137542277339346 0.4044265593561368 0.3945885005636979 0.40040241448692154 0.3788049605411499 0.4164989939637827 0.39571589627959414 0.42655935613682094 0.4137542277339346 0.42857142857142855
1 0.399098083427283 0.4426559356136821 0.3878241262683202 0.4386317907444668 0.3810597519729425 0.4386317907444668 0.3788049605411499 0.4386317907444668 0.3742953776775648 0.4426559356136821 0.3754227733934611 0.44466800804828976 0.3979706877113867 0.44466800804828976
0 0.12965050732807215 0.3118712273641851 0.14543404735062007 0.3420523138832998 0.1589627959413754 0.3722334004024145 0.17700112739571588 0.40040241448692154 0.20293122886133033 0.4386317907444668 0.2266065388951522 0.46680080482897385 0.2491544532130778 0.48893360160965793 0.2705749718151071 0.4708249496981891 0.2502818489289741 0.4507042253521127 0.23111612175873733 0.42857142857142855 0.2040586245772266 0.39436619718309857 0.18038331454340473 0.3561368209255533 0.13979706877113868 0.2917505030181087
0 0.5749718151071026 0.7223340040241448 0.5625704622322435 0.6881287726358148 0.5456595264937993 0.6096579476861167 0.5310033821871477 0.5633802816901409 0.5107102593010147 0.5211267605633803 0.49492671927846676 0.49295774647887325 0.4813979706877114 0.48893360160965793 0.46223224351747466 0.4688128772635815 0.43968432919954903 0.4386317907444668 0.4363021420518602 0.41448692152917505 0.4227733934611049 0.3722334004024145 0.4069898534385569 0.32193158953722334 0.39571589627959414 0.2796780684104628 0.40022547914317924 0.2635814889336016 0.4509582863585118 0.3983903420523139 0.4689966178128523 0.42857142857142855 0.4926719278466742 0.45472837022132795 0.5118376550169109 0.4788732394366197 0.5298759864712514 0.5050301810865191 0.5434047350620068 0.5331991951710262 0.5569334836527621 0.5734406438631791 0.5659526493799324 0.613682092555332 0.5693348365276212 0.6458752515090543 0.5749718151071026 0.6841046277665996 0.5839909808342728 0.7082494969818913