3 0.2874564459930314 0.2703962703962704 0.32752613240418116 0.2773892773892774 0.3902439024390244 0.289044289044289 0.4372822299651568 0.30303030303030304 0.4721254355400697 0.34965034965034963 0.5017421602787456 0.38694638694638694 0.5209059233449478 0.42657342657342656 0.5487804878048781 0.4592074592074592 0.5905923344947736 0.47785547785547783 0.6289198606271778 0.47086247086247085 0.740418118466899 0.43123543123543123 0.818815331010453 0.3986013986013986 0.8606271777003485 0.38461538461538464 0.8763066202090593 0.3706293706293706 0.8780487804878049 0.337995337995338 0.8623693379790941 0.3146853146853147 0.8310104529616724 0.2867132867132867 0.7979094076655052 0.2634032634032634 0.735191637630662 0.23076923076923078 0.6759581881533101 0.2097902097902098 0.6254355400696864 0.20279720279720279 0.6045296167247387 0.20046620046620048 0.4965156794425087 0.23543123543123542
3 0.60801393728223 0.8205128205128205 0.6027874564459931 0.8111888111888111 0.6045296167247387 0.7972027972027972 0.6062717770034843 0.7902097902097902 0.5993031358885017 0.7832167832167832 0.6045296167247387 0.7762237762237763 0.6114982578397212 0.7785547785547785 0.6149825783972126 0.7832167832167832 0.6184668989547039 0.7785547785547785 0.6236933797909407 0.7762237762237763 0.6306620209059234 0.7715617715617715 0.632404181184669 0.7832167832167832 0.6358885017421603 0.7902097902097902 0.6358885017421603 0.7995337995337995 0.6306620209059234 0.8065268065268065 0.6254355400696864 0.8111888111888111 0.6219512195121951 0.8158508158508159
3 0.6916376306620209 0.5967365967365967 0.6933797909407665 0.6130536130536131 0.705574912891986 0.6317016317016317 0.7142857142857143 0.6456876456876457 0.7195121951219512 0.6480186480186481 0.7369337979094077 0.6433566433566433 0.7491289198606271 0.6363636363636364 0.7630662020905923 0.6293706293706294 0.7735191637630662 0.6223776223776224 0.7822299651567944 0.6130536130536131 0.789198606271777 0.6037296037296037 0.7979094076655052 0.5967365967365967 0.8066202090592335 0.5920745920745921 0.7665505226480837 0.5944055944055944 0.7369337979094077 0.5990675990675991
3 0.39372822299651566 0.5571095571095571 0.40069686411149824 0.578088578088578 0.4094076655052265 0.6107226107226107 0.41986062717770034 0.634032634032634 0.42160278745644597 0.6456876456876457 0.44947735191637633 0.655011655011655 0.47735191637630664 0.6503496503496503 0.5174216027874564 0.6503496503496503 0.5522648083623694 0.6596736596736597 0.5714285714285714 0.662004662004662 0.5836236933797909 0.6596736596736597 0.5975609756097561 0.6573426573426573 0.6202090592334495 0.6573426573426573 0.6341463414634146 0.6456876456876457 0.6463414634146342 0.6317016317016317 0.6515679442508711 0.6153846153846154 0.6445993031358885 0.6013986013986014 0.6167247386759582 0.6060606060606061 0.5836236933797909 0.6037296037296037 0.5034843205574913 0.5897435897435898 0.4442508710801394 0.5687645687645687
6 0.6637630662020906 0.6223776223776224 0.6550522648083623 0.6363636363636364 0.6567944250871081 0.6503496503496503 0.662020905923345 0.6526806526806527 0.662020905923345 0.6713286713286714 0.6637630662020906 0.6899766899766899 0.6655052264808362 0.7016317016317016 0.6689895470383276 0.6783216783216783 0.6689895470383276 0.6596736596736597 0.6672473867595818 0.6410256410256411 0.6672473867595818 0.6317016317016317
6 0.6846689895470384 0.5990675990675991 0.6759581881533101 0.6083916083916084 0.6759581881533101 0.6223776223776224 0.681184668989547 0.6363636363636364 0.6881533101045296 0.6456876456876457 0.6951219512195121 0.6480186480186481 0.7003484320557491 0.6410256410256411 0.6986062717770035 0.627039627039627 0.6951219512195121 0.6177156177156177 0.6898954703832753 0.5990675990675991
6 0.6724738675958188 0.7342657342657343 0.6689895470383276 0.7342657342657343 0.6672473867595818 0.7412587412587412 0.6689895470383276 0.745920745920746 0.6724738675958188 0.7552447552447552 0.6742160278745645 0.7668997668997669 0.6742160278745645 0.7412587412587412
6 0.7038327526132404 0.46153846153846156 0.7020905923344948 0.47785547785547783 0.6933797909407665 0.4755244755244755 0.6881533101045296 0.4755244755244755 0.681184668989547 0.46853146853146854 0.6881533101045296 0.46386946386946387 0.6933797909407665 0.4592074592074592
3 0.8815331010452961 0.6107226107226107 0.8850174216027874 0.5944055944055944 0.8850174216027874 0.5734265734265734 0.8867595818815331 0.5571095571095571 0.8867595818815331 0.5477855477855478 0.8797909407665505 0.5431235431235432 0.8588850174216028 0.5594405594405595 0.8362369337979094 0.578088578088578 0.8153310104529616 0.5874125874125874 0.8066202090592335 0.5990675990675991 0.7996515679442509 0.6083916083916084 0.8013937282229965 0.6223776223776224 0.8083623693379791 0.6317016317016317 0.8275261324041812 0.6386946386946387 0.837979094076655 0.6247086247086248 0.8519163763066202 0.6223776223776224 0.8588850174216028 0.6223776223776224 0.867595818815331 0.62004662004662 0.8745644599303136 0.6177156177156177
3 0.5383275261324042 0.44755244755244755 0.6114982578397212 0.48484848484848486 0.6637630662020906 0.47086247086247085 0.7264808362369338 0.44755244755244755 0.7560975609756098 0.4382284382284382 0.7857142857142857 0.43123543123543123 0.8031358885017421 0.4405594405594406 0.8118466898954704 0.4662004662004662 0.818815331010453 0.5034965034965035 0.8310104529616724 0.5407925407925408 0.8310104529616724 0.5664335664335665 0.8205574912891986 0.585081585081585 0.7822299651567944 0.5897435897435898 0.7508710801393729 0.5897435897435898 0.7282229965156795 0.5897435897435898 0.710801393728223 0.5897435897435898 0.6898954703832753 0.5897435897435898 0.6794425087108014 0.5897435897435898 0.6637630662020906 0.5804195804195804 0.6498257839721254 0.5617715617715617 0.6463414634146342 0.5501165501165501 0.6428571428571429 0.5291375291375291 0.6184668989547039 0.5221445221445221 0.6062717770034843 0.5244755244755245 0.5958188153310104 0.5198135198135199 0.5905923344947736 0.5174825174825175 0.5818815331010453 0.5128205128205128 0.5766550522648084 0.5058275058275058 0.5714285714285714 0.5034965034965035 0.5609756097560976 0.4965034965034965 0.5505226480836237 0.48717948717948717 0.5383275261324042 0.4731934731934732 0.5348432055749129 0.4662004662004662 0.5296167247386759 0.46153846153846156 0.5278745644599303 0.4522144522144522 0.5296167247386759 0.4428904428904429
3 0.2700348432055749 0.5011655011655012 0.2456445993031359 0.47785547785547783 0.23693379790940766 0.42657342657342656 0.23170731707317074 0.37995337995337997 0.23519163763066203 0.32400932400932403 0.23867595818815332 0.2517482517482518 0.24912891986062718 0.24708624708624707 0.259581881533101 0.2564102564102564 0.2735191637630662 0.2634032634032634 0.2804878048780488 0.2703962703962704 0.289198606271777 0.2913752913752914 0.29965156794425085 0.289044289044289 0.3240418118466899 0.3146853146853147
3 0.30139372822299654 0.4522144522144522 0.32926829268292684 0.46153846153846156 0.34494773519163763 0.46853146853146854 0.35365853658536583 0.48951048951048953 0.3780487804878049 0.4988344988344988 0.40069686411149824 0.48951048951048953 0.39547038327526135 0.4568764568764569 0.367595818815331 0.4149184149184149 0.3397212543554007 0.3962703962703963 0.31010452961672474 0.41025641025641024 0.2979094076655052 0.43356643356643354
5 0.7996515679442509 0.6480186480186481 0.7961672473867596 0.6480186480186481 0.7926829268292683 0.6456876456876457 0.794425087108014 0.6386946386946387 0.7979094076655052 0.6363636363636364 0.8013937282229965 0.6363636363636364 0.8048780487804879 0.6410256410256411 0.8031358885017421 0.6456876456876457
3 0.6132404181184669 0.6993006993006993 0.5714285714285714 0.7156177156177156 0.5592334494773519 0.6853146853146853 0.5853658536585366 0.6596736596736597 0.6167247386759582 0.662004662004662
3 0.6672473867595818 0.7902097902097902 0.6114982578397212 0.7575757575757576 0.6219512195121951 0.7226107226107226 0.6533101045296167 0.7062937062937062 0.6689895470383276 0.7435897435897436
0 0.39547038327526135 0.38927738927738925 0.4564459930313589 0.4289044289044289 0.5121951219512195 0.46386946386946387 0.5609756097560976 0.5081585081585082 0.5905923344947736 0.5501165501165501 0.6184668989547039 0.585081585081585 0.5905923344947736 0.5944055944055944 0.5348432055749129 0.585081585081585 0.45993031358885017 0.5757575757575758 0.4250871080139373 0.5034965034965035 0.3867595818815331 0.43356643356643354
3 0.41986062717770034 0.34265734265734266 0.5226480836236934 0.42424242424242425 0.5087108013937283 0.4522144522144522 0.4024390243902439 0.38461538461538464
0 0.872822299651568 0.34265734265734266 0.8693379790940766 0.3613053613053613 0.8554006968641115 0.372960372960373 0.7909407665505227 0.3962703962703963 0.759581881533101 0.41025641025641024 0.7125435540069687 0.43123543123543123 0.6602787456445993 0.44755244755244755 0.6236933797909407 0.4592074592074592 0.5993031358885017 0.4592074592074592 0.578397212543554 0.46153846153846156 0.5644599303135889 0.47086247086247085 0.5818815331010453 0.48484848484848486 0.6097560975609756 0.49417249417249415 0.6567944250871081 0.48484848484848486 0.7369337979094077 0.45454545454545453 0.7996515679442509 0.43356643356643354 0.8484320557491289 0.4125874125874126 0.8815331010452961 0.3962703962703963 0.89198606271777 0.3752913752913753 0.89198606271777 0.351981351981352 0.8850174216027874 0.3356643356643357
0 0.5557491289198606 0.49184149184149184 0.5296167247386759 0.4592074592074592 0.5452961672473867 0.4428904428904429 0.5104529616724739 0.3916083916083916 0.445993031358885 0.3006993006993007 0.43205574912891986 0.2913752913752914 0.38501742160278746 0.2773892773892774 0.313588850174216 0.26573426573426573 0.2682926829268293 0.2680652680652681 0.2787456445993031 0.2937062937062937 0.3083623693379791 0.3123543123543124 0.3397212543554007 0.331002331002331 0.39547038327526135 0.337995337995338 0.4529616724738676 0.3776223776223776 0.5087108013937283 0.42657342657342656 0.49825783972125437 0.4358974358974359 0.4912891986062718 0.4568764568764569 0.5435540069686411 0.5058275058275058
0 0.6045296167247387 0.5804195804195804 0.554006968641115 0.585081585081585 0.4895470383275261 0.5757575757575758 0.4564459930313589 0.5617715617715617 0.43031358885017423 0.5314685314685315 0.4146341463414634 0.5174825174825175 0.35365853658536583 0.4825174825174825 0.37456445993031356 0.5571095571095571 0.4547038327526132 0.5944055944055944 0.5139372822299652 0.6060606060606061 0.5818815331010453 0.6153846153846154 0.6219512195121951 0.6153846153846154 0.6411149825783972 0.6153846153846154 0.6411149825783972 0.5967365967365967 0.6289198606271778 0.5734265734265734
8 0.30313588850174217 0.40559440559440557 0.2874564459930314 0.40559440559440557 0.27526132404181186 0.40093240093240096 0.27526132404181186 0.38694638694638694 0.28397212543554007 0.3776223776223776 0.29442508710801396 0.3822843822843823 0.30662020905923343 0.3939393939393939
8 0.4337979094076655 0.6853146853146853 0.42160278745644597 0.6526806526806527 0.41114982578397213 0.6293706293706294 0.40418118466898956 0.6130536130536131 0.39547038327526135 0.5967365967365967 0.397212543554007 0.585081585081585 0.4094076655052265 0.5897435897435898 0.4181184668989547 0.6107226107226107 0.43031358885017423 0.6433566433566433 0.43902439024390244 0.6596736596736597 0.4442508710801394 0.6853146853146853
8 0.5139372822299652 0.7086247086247086 0.5034843205574913 0.710955710955711 0.49477351916376305 0.7016317016317016 0.4930313588850174 0.6899766899766899 0.49825783972125437 0.682983682983683 0.5052264808362369 0.6876456876456877
8 0.6655052264808362 0.44755244755244755 0.6672473867595818 0.40559440559440557 0.6567944250871081 0.3962703962703963 0.6515679442508711 0.4172494172494173 0.6515679442508711 0.4568764568764569
8 0.6968641114982579 0.40792540792540793 0.6881533101045296 0.3962703962703963 0.6898954703832753 0.37995337995337997 0.6951219512195121 0.3752913752913753 0.7003484320557491 0.38927738927738925
8 0.7787456445993032 0.38694638694638694 0.7787456445993032 0.3986013986013986 0.7717770034843205 0.40792540792540793 0.7613240418118467 0.4149184149184149 0.7473867595818815 0.4195804195804196 0.7508710801393729 0.41025641025641024 0.7665505226480837 0.3916083916083916 0.7717770034843205 0.38461538461538464