3 0.5923392612859097 0.5794183445190156 0.5704514363885089 0.5592841163310962 0.5458276333789329 0.5503355704697986 0.5321477428180574 0.5525727069351231 0.5198358413132695 0.5883668903803132 0.5088919288645691 0.6152125279642058 0.5020519835841313 0.6331096196868009 0.4911080711354309 0.6510067114093959 0.4719562243502052 0.6756152125279642 0.46101231190150477 0.6935123042505593 0.454172366621067 0.7158836689038032 0.43502051983584133 0.7360178970917226 0.43502051983584133 0.7472035794183445 0.45143638850889195 0.7494407158836689 0.46511627906976744 0.756152125279642 0.4746922024623803 0.7583892617449665 0.4842681258549932 0.738255033557047 0.4911080711354309 0.7158836689038032 0.4993160054719562 0.6935123042505593 0.5047879616963065 0.6711409395973155 0.521203830369357 0.6465324384787472 0.5403556771545828 0.6331096196868009 0.5554035567715458 0.6286353467561522 0.5759233926128591 0.6331096196868009 0.5964432284541724 0.639821029082774 0.6142270861833106 0.6465324384787472 0.6306429548563611 0.6621923937360179 0.6470588235294118 0.6912751677852349 0.655266757865937 0.6621923937360179 0.6415868673050615 0.6219239373601789 0.6210670314637483 0.6017897091722595 0.5923392612859097 0.5794183445190156
3 0.3857729138166895 0.5212527964205816 0.35567715458276333 0.5458612975391499 0.34062927496580025 0.5794183445190156 0.3378932968536252 0.6219239373601789 0.33105335157318744 0.6621923937360179 0.3283173734610123 0.6957494407158836 0.33652530779753764 0.7114093959731543 0.3543091655266758 0.7114093959731543 0.3761969904240766 0.7203579418344519 0.3967168262653899 0.7293064876957495 0.4186046511627907 0.738255033557047 0.42954856361149113 0.7337807606263982 0.45143638850889195 0.7069351230425056 0.47332421340629277 0.6733780760626398 0.4911080711354309 0.639821029082774 0.5075239398084815 0.5973154362416108 0.5239398084815321 0.5503355704697986 0.5116279069767442 0.5234899328859061 0.45964432284541723 0.5167785234899329 0.4213406292749658 0.4988814317673378 0.3857729138166895 0.5212527964205816
3 0.3488372093023256 0.4809843400447427 0.35157318741450067 0.5011185682326622 0.3652530779753762 0.4988814317673378 0.3748290013679891 0.47651006711409394 0.3652530779753762 0.46756152125279643 0.35294117647058826 0.47651006711409394 0.3488372093023256 0.4809843400447427
8 0.36662106703146374 0.48769574944071586 0.3679890560875513 0.4809843400447427 0.36114911080711354 0.4809843400447427 0.35567715458276333 0.4854586129753915 0.359781121751026 0.4899328859060403 0.36662106703146374 0.48769574944071586
8 0.36114911080711354 0.5592841163310962 0.3652530779753762 0.5704697986577181 0.387140902872777 0.5749440715883669 0.39398084815321477 0.5548098434004475 0.3844049247606019 0.5503355704697986 0.3707250341997264 0.5503355704697986 0.36114911080711354 0.5592841163310962
8 0.36114911080711354 0.6286353467561522 0.3734610123119015 0.6420581655480985 0.3898768809849521 0.6375838926174496 0.38850889192886456 0.6129753914988815 0.3748290013679891 0.6129753914988815 0.3652530779753762 0.6152125279642058 0.36114911080711354 0.6286353467561522
8 0.33105335157318744 0.6912751677852349 0.332421340629275 0.697986577181208 0.33652530779753764 0.697986577181208 0.3447332421340629 0.7024608501118568 0.35567715458276333 0.7024608501118568 0.35567715458276333 0.6912751677852349 0.3447332421340629 0.6890380313199105 0.33515731874145005 0.6868008948545862 0.33105335157318744 0.6912751677852349
8 0.39261285909712723 0.7024608501118568 0.38850889192886456 0.7181208053691275 0.3912448700410397 0.7248322147651006 0.3953488372093023 0.7181208053691275 0.4008207934336525 0.7046979865771812 0.4062927496580027 0.6868008948545862 0.399452804377565 0.6890380313199105 0.3967168262653899 0.6935123042505593 0.39261285909712723 0.7024608501118568
8 0.3625170998632011 0.7002237136465325 0.36662106703146374 0.70917225950783 0.3707250341997264 0.7024608501118568 0.37209302325581395 0.6823266219239373 0.36662106703146374 0.6756152125279642 0.3625170998632011 0.6845637583892618 0.3625170998632011 0.7002237136465325
8 0.4062927496580027 0.5771812080536913 0.4008207934336525 0.5883668903803132 0.4186046511627907 0.5973154362416108 0.44459644322845415 0.6062639821029083 0.45690834473324216 0.610738255033557 0.46785225718194257 0.6152125279642058 0.4774281805745554 0.610738255033557 0.46238030095759236 0.5973154362416108 0.4418604651162791 0.5861297539149888 0.41997264021887826 0.5816554809843401 0.4062927496580027 0.5771812080536913
5 0.4801641586867305 0.8165548098434005 0.4719562243502052 0.7651006711409396 0.10807113543091655 0.6331096196868009 0.11354309165526676 0.6487695749440716 0.4801641586867305 0.8165548098434005
3 0.5198358413132695 0.3982102908277405 0.493844049247606 0.39373601789709173 0.478796169630643 0.4004474272930649 0.4829001367989056 0.43400447427293065 0.506155950752394 0.44966442953020136 0.5389876880984952 0.4608501118568233 0.5430916552667578 0.43400447427293065 0.5376196990424077 0.41387024608501116 0.5198358413132695 0.3982102908277405
3 0.28317373461012313 0.5548098434004475 0.3009575923392613 0.5704697986577181 0.3228454172366621 0.5816554809843401 0.3378932968536252 0.5838926174496645 0.3447332421340629 0.5637583892617449 0.35020519835841313 0.5480984340044742 0.32421340629274964 0.5234899328859061 0.2954856361149111 0.5100671140939598 0.27906976744186046 0.5234899328859061 0.28317373461012313 0.5548098434004475
0 0.32968536251709984 0.17225950782997762 0.320109439124487 0.22371364653243847 0.3064295485636115 0.28187919463087246 0.292749658002736 0.3713646532438479 0.2872777017783858 0.37360178970917224 0.2872777017783858 0.3870246085011186 0.280437756497948 0.40939597315436244 0.2722298221614227 0.42953020134228187 0.26812585499316005 0.4697986577181208 0.26812585499316005 0.5033557046979866 0.2694938440492476 0.5346756152125279 0.2708618331053352 0.5659955257270693 0.27906976744186046 0.5950782997762863 0.28317373461012313 0.6219239373601789 0.2872777017783858 0.6420581655480985 0.2913816689466484 0.6621923937360179 0.2913816689466484 0.6823266219239373 0.29001367989056087 0.7002237136465325 0.31326949384404923 0.7069351230425056 0.33652530779753764 0.7136465324384788 0.3707250341997264 0.7248322147651006 0.41450068399452805 0.7427293064876958 0.42818057455540354 0.7449664429530202 0.43502051983584133 0.738255033557047 0.454172366621067 0.7293064876957495 0.4692202462380301 0.6957494407158836 0.48700410396716826 0.6711409395973155 0.5020519835841313 0.639821029082774 0.5198358413132695 0.5973154362416108 0.5362517099863201 0.5548098434004475 0.5444596443228454 0.5145413870246085 0.5499316005471956 0.4742729306487696 0.5540355677154583 0.42058165548098436 0.5430916552667578 0.37583892617449666 0.521203830369357 0.27293064876957496 0.5047879616963065 0.2058165548098434 0.5006839945280438 0.19015659955257272 0.49794801641586867 0.1789709172259508 0.4432284541723666 0.17225950782997762 0.38303693570451436 0.17225950782997762 0.32968536251709984 0.17225950782997762
3 0.4418604651162791 0.5995525727069351 0.4131326949384405 0.6085011185682326 0.387140902872777 0.6510067114093959 0.4008207934336525 0.6868008948545862 0.4487004103967168 0.6868008948545862 0.4746922024623803 0.6577181208053692 0.48153214774281805 0.6286353467561522 0.4418604651162791 0.5995525727069351