3 0.6597744360902256 0.20351758793969849 0.6234335839598998 0.15326633165829145 0.5983709273182958 0.19514237855946398 0.5607769423558897 0.245393634840871 0.5444862155388471 0.30067001675041877 0.62468671679198 0.30569514237855944 0.6409774436090225 0.27889447236180903 0.6672932330827067 0.25879396984924624 0.6597744360902256 0.20351758793969849
3 0.5958646616541353 0.3576214405360134 0.6134085213032582 0.31072026800670016 0.5357142857142857 0.3073701842546064 0.5507518796992481 0.3492462311557789 0.5958646616541353 0.3576214405360134
3 0.4642857142857143 0.3710217755443886 0.4266917293233083 0.3877721943048576 0.40288220551378445 0.4463986599664992 0.4392230576441103 0.4715242881072027 0.4642857142857143 0.4581239530988275 0.4931077694235589 0.4296482412060301 0.4642857142857143 0.3710217755443886
8 0.4447109147869674 1 0.4642857142857143 0.873534338358459 0.4730576441102757 0.7646566164154104 0.4931077694235589 0.6507537688442211 0.5006265664160401 0.5954773869346733 0.4718045112781955 0.6742043551088778 0.44548872180451127 0.8366834170854272 0.4247410977443609 1 0.4447109147869674 1
8 0.3947114411027569 1 0.4016290726817043 0.9639865996649917 0.3865914786967419 0.9773869346733668 0.3830506503759398 1 0.3947114411027569 1
8 0.40789473684210525 0.8534338358458962 0.41040100250626566 0.8969849246231156 0.42543859649122806 0.838358458961474 0.43796992481203006 0.7830820770519263 0.4191729323308271 0.8015075376884422 0.40789473684210525 0.8534338358458962
8 0.45802005012531327 0.5904522613065326 0.4367167919799499 0.6876046901172529 0.44298245614035087 0.7278056951423786 0.4667919799498747 0.6239530988274706 0.4956140350877193 0.518425460636516 0.4855889724310777 0.4899497487437186 0.45802005012531327 0.5904522613065326
8 0.5169172932330827 0.4028475711892797 0.5332080200501254 0.43299832495812396 0.5444862155388471 0.3659966499162479 0.5469924812030075 0.3274706867671692 0.5281954887218046 0.3525963149078727 0.5169172932330827 0.4028475711892797
8 0.5068922305764411 0.3592964824120603 0.5119047619047619 0.3860971524288107 0.5194235588972431 0.347571189279732 0.5206766917293233 0.3224455611390285 0.5031328320802005 0.3257956448911223 0.5068922305764411 0.3592964824120603
3 0.7048872180451128 0.3844221105527638 0.7124060150375939 0.41624790619765495 0.7286967418546366 0.3710217755443886 0.7098997493734336 0.3257956448911223 0.674812030075188 0.32077051926298156 0.6585213032581454 0.3793969849246231 0.6798245614035088 0.38944723618090454 0.6885964912280702 0.3793969849246231 0.7048872180451128 0.3844221105527638
6 0.6409774436090225 0.20351758793969849 0.6359649122807017 0.17671691792294808 0.6221804511278195 0.1884422110552764 0.6221804511278195 0.20854271356783918 0.6409774436090225 0.20351758793969849
8 0.6347117794486216 0.16164154103852596 0.6384711779448622 0.12646566164154105 0.6221804511278195 0.12814070351758794 0.6196741854636592 0.15996649916247907 0.6347117794486216 0.16164154103852596
8 0.5695488721804511 0.19514237855946398 0.5795739348370927 0.17671691792294808 0.568295739348371 0.16666666666666666 0.5620300751879699 0.1800670016750419 0.5695488721804511 0.19514237855946398
8 0.5144110275689223 0.5753768844221105 0.5006265664160401 0.6072026800670016 0.4968671679197995 0.6490787269681743 0.5068922305764411 0.6323283082077052 0.5144110275689223 0.6038525963149078 0.5144110275689223 0.5753768844221105
8 0.5169172932330827 0.5368509212730318 0.5119047619047619 0.550251256281407 0.5144110275689223 0.5619765494137353 0.5194235588972431 0.5469011725293133 0.5231829573934837 0.5234505862646566 0.5194235588972431 0.5217755443886097 0.5169172932330827 0.5368509212730318
3 0.5269423558897243 0.30402010050251255 0.5244360902255639 0.29731993299832493 0.5156641604010025 0.29731993299832493 0.5169172932330827 0.30569514237855944 0.5269423558897243 0.30402010050251255
3 0.5206766917293233 0.3224455611390285 0.5169172932330827 0.31072026800670016 0.5119047619047619 0.3157453936348409 0.5106516290726817 0.3224455611390285 0.5206766917293233 0.3224455611390285
4 0.39786967418546365 0.7428810720268006 0.38784461152882205 0.7345058626465661 0.3865914786967419 0.7462311557788944 0.39786967418546365 0.7428810720268006
8 0.5382205513784462 0.6591289782244556 0.5394736842105263 0.6273031825795645 0.5344611528822055 0.635678391959799 0.5332080200501254 0.6507537688442211 0.5382205513784462 0.6591289782244556
8 0.5494987468671679 0.5385259631490787 0.5444862155388471 0.567001675041876 0.5494987468671679 0.5820770519262981 0.5532581453634086 0.5636515912897823 0.5582706766917294 0.5418760469011725 0.5557644110275689 0.518425460636516 0.5494987468671679 0.5385259631490787
4 0.6309523809523809 0.4380234505862647 0.6296992481203008 0.4631490787269682 0.6359649122807017 0.4748743718592965 0.643483709273183 0.45309882747068675 0.6547619047619048 0.4396984924623116 0.6647869674185464 0.43467336683417085 0.674812030075188 0.40619765494137355 0.649749373433584 0.39112227805695143 0.6334586466165414 0.40954773869346733 0.6309523809523809 0.4380234505862647