1 0.580110497237569 0.6299212598425197 0.585635359116022 0.6220472440944882 0.5911602209944752 0.6200787401574803 0.6033149171270719 0.6259842519685039 0.6077348066298343 0.6122047244094488 0.6165745856353592 0.6023622047244095 0.6209944751381216 0.6259842519685039 0.6187845303867403 0.6358267716535433 0.611049723756906 0.6437007874015748 0.5988950276243094 0.6456692913385826 0.5812154696132596 0.6496062992125984 0.5767955801104973 0.6476377952755905
1 0.487292817679558 0.5688976377952756 0.5005524861878453 0.5787401574803149 0.5138121546961326 0.5846456692913385 0.5248618784530387 0.5846456692913385 0.5403314917127072 0.5885826771653543 0.5535911602209945 0.59251968503937 0.5591160220994476 0.6062992125984252 0.5668508287292817 0.6161417322834646 0.5646408839779006 0.6299212598425197 0.549171270718232 0.6220472440944882 0.5359116022099447 0.6161417322834646 0.523756906077348 0.6161417322834646 0.5082872928176796 0.6062992125984252 0.4983425414364641 0.59251968503937 0.4895027624309392 0.5807086614173228
1 0.549171270718232 0.6653543307086615 0.5480662983425414 0.6437007874015748 0.5558011049723757 0.6437007874015748 0.5569060773480663 0.65748031496063 0.554696132596685 0.6673228346456693
1 0.4419889502762431 0.6712598425196851 0.43646408839779005 0.6515748031496063 0.4397790055248619 0.6377952755905512 0.44419889502762433 0.6240157480314961 0.450828729281768 0.6358267716535433 0.4453038674033149 0.6476377952755905 0.450828729281768 0.6673228346456693
1 0.46740331491712706 0.6456692913385826 0.45966850828729283 0.6259842519685039 0.45966850828729283 0.6122047244094488 0.4662983425414365 0.6043307086614174 0.4718232044198895 0.6122047244094488 0.47513812154696133 0.6259842519685039 0.47624309392265196 0.6377952755905512
1 0.44640883977900553 0.6023622047244095 0.44972375690607735 0.5905511811023622 0.4585635359116022 0.5807086614173228 0.4662983425414365 0.5688976377952756 0.47845303867403316 0.5590551181102362 0.4839779005524862 0.5669291338582677 0.47955801104972373 0.5767716535433071 0.4718232044198895 0.5866141732283464 0.46187845303867403 0.59251968503937 0.45414364640883975 0.5984251968503937 0.44972375690607735 0.6122047244094488
1 0.4331491712707182 0.8149606299212598 0.430939226519337 0.7952755905511811 0.4287292817679558 0.7755905511811023 0.4287292817679558 0.7480314960629921 0.4320441988950276 0.7244094488188977 0.43425414364640885 0.7421259842519685 0.4320441988950276 0.7559055118110236 0.4320441988950276 0.7716535433070866 0.4320441988950276 0.7795275590551181 0.4353591160220994 0.7952755905511811 0.43646408839779005 0.8090551181102362 0.43646408839779005 0.8188976377952756
6 0.5845303867403315 0.765748031496063 0.585635359116022 0.7539370078740157 0.5922651933701657 0.765748031496063 0.5878453038674033 0.7755905511811023
8 0.5723756906077349 0.7224409448818898 0.5812154696132596 0.7224409448818898 0.5922651933701657 0.7244094488188977 0.6 0.7303149606299213 0.6154696132596685 0.7460629921259843 0.6077348066298343 0.75 0.5988950276243094 0.7440944881889764 0.5867403314917127 0.7381889763779528 0.5812154696132596 0.7362204724409449 0.5723756906077349 0.7362204724409449
8 0.507182320441989 0.5728346456692913 0.5093922651933702 0.562992125984252 0.5204419889502763 0.5551181102362205 0.5270718232044199 0.5551181102362205 0.538121546961326 0.5590551181102362 0.543646408839779 0.5708661417322834 0.5359116022099447 0.5767716535433071 0.5292817679558011 0.5728346456692913 0.518232044198895 0.5748031496062992 0.5116022099447514 0.5787401574803149
3 0.4950276243093923 0.5511811023622047 0.507182320441989 0.5551181102362205 0.5281767955801105 0.5492125984251969 0.5425414364640884 0.5295275590551181 0.5602209944751381 0.5078740157480315 0.580110497237569 0.49803149606299213 0.6088397790055249 0.5019685039370079 0.6187845303867403 0.5216535433070866 0.6198895027624309 0.5570866141732284 0.6287292817679558 0.5787401574803149 0.6232044198895028 0.6141732283464567 0.6154696132596685 0.6338582677165354 0.594475138121547 0.6377952755905512 0.5756906077348066 0.6456692913385826 0.5580110497237569 0.655511811023622 0.5458563535911602 0.6771653543307087 0.5281767955801105 0.6594488188976378 0.5082872928176796 0.6476377952755905 0.4861878453038674 0.6377952755905512 0.4718232044198895 0.6456692913385826 0.4574585635359116 0.655511811023622 0.4397790055248619 0.6889763779527559 0.4353591160220994 0.6456692913385826 0.44419889502762433 0.6259842519685039 0.4585635359116022 0.6043307086614174 0.48066298342541436 0.5807086614173228 0.4895027624309392 0.5590551181102362
3 0.4121546961325967 0.5728346456692913 0.4287292817679558 0.562992125984252 0.4453038674033149 0.5669291338582677 0.45966850828729283 0.5531496062992126 0.4850828729281768 0.5452755905511811 0.48839779005524864 0.562992125984252 0.47734806629834253 0.5826771653543307 0.46298342541436466 0.6023622047244095 0.44640883977900553 0.6141732283464567 0.43646408839779005 0.6279527559055118 0.4320441988950276 0.6043307086614174 0.4176795580110497 0.5885826771653543
8 0.523756906077348 0.4094488188976378 0.5392265193370166 0.4035433070866142 0.5535911602209945 0.40551181102362205 0.5723756906077349 0.4015748031496063 0.5812154696132596 0.4035433070866142 0.5922651933701657 0.4074803149606299 0.605524861878453 0.41929133858267714 0.605524861878453 0.43700787401574803 0.5911602209944752 0.4311023622047244 0.5790055248618785 0.4330708661417323 0.5657458563535912 0.4251968503937008 0.5502762430939226 0.421259842519685 0.5359116022099447 0.41929133858267714
8 0.46298342541436466 0.42322834645669294 0.4707182320441989 0.421259842519685 0.47624309392265196 0.42322834645669294 0.48287292817679556 0.42322834645669294 0.49060773480662984 0.4251968503937008 0.4994475138121547 0.4251968503937008 0.49613259668508286 0.4330708661417323 0.48839779005524864 0.4330708661417323 0.47845303867403316 0.4330708661417323 0.47292817679558014 0.4311023622047244 0.4662983425414365 0.4271653543307087
3 0.5049723756906077 0.41929133858267714 0.5160220994475138 0.421259842519685 0.5270718232044199 0.41929133858267714 0.538121546961326 0.42322834645669294 0.5524861878453039 0.42322834645669294 0.5624309392265193 0.4271653543307087 0.5779005524861879 0.4330708661417323 0.5922651933701657 0.4330708661417323 0.6088397790055249 0.4330708661417323 0.611049723756906 0.4507874015748031 0.611049723756906 0.4645669291338583 0.611049723756906 0.4822834645669291 0.6099447513812155 0.5 0.5922651933701657 0.49606299212598426 0.574585635359116 0.49015748031496065 0.5657458563535912 0.4940944881889764 0.5535911602209945 0.5039370078740157 0.5348066298342542 0.49606299212598426 0.5226519337016574 0.4862204724409449 0.5138121546961326 0.4547244094488189 0.5082872928176796 0.4330708661417323