8 0.3401826484018265 0.9612299465240641 0.3462709284627093 0.9665775401069518 0.3493150684931507 0.963903743315508 0.3554033485540335 0.9558823529411765 0.3569254185692542 0.9344919786096256 0.34779299847793 0.9398395721925134 0.3401826484018265 0.9505347593582888 0.3401826484018265 0.9612299465240641
8 0.3264840182648402 0.8489304812834224 0.332572298325723 0.8676470588235294 0.3340943683409437 0.8783422459893048 0.3340943683409437 0.8917112299465241 0.3401826484018265 0.8943850267379679 0.3447488584474886 0.8890374331550802 0.3462709284627093 0.8729946524064172 0.34779299847793 0.856951871657754 0.3417047184170472 0.856951871657754 0.3340943683409437 0.8489304812834224 0.3264840182648402 0.8489304812834224
3 0.5471841704718418 0.8221925133689839 0.545662100456621 0.7820855614973262 0.5380517503805176 0.7713903743315508 0.525875190258752 0.7901069518716578 0.5060882800608828 0.8302139037433155 0.4863013698630137 0.8810160427807486 0.4786910197869102 0.8943850267379679 0.469558599695586 0.9318181818181818 0.4741248097412481 0.9612299465240641 0.4893455098934551 0.9692513368983957 0.5076103500761036 0.9532085561497327 0.5228310502283106 0.9184491978609626 0.541095890410959 0.8649732620320856 0.5471841704718418 0.8221925133689839
3 0.46484018264840177 1 0.4680365296803653 0.9906417112299465 0.454337899543379 0.9906417112299465 0.4452054794520548 0.9986631016042781 0.4449200913242009 1 0.46484018264840177 1
3 0.5228310502283106 0.37032085561497324 0.5380517503805176 0.38636363636363635 0.556316590563166 0.3836898395721925 0.5624048706240488 0.3516042780748663 0.5487062404870624 0.3088235294117647 0.5273972602739726 0.29545454545454547 0.515220700152207 0.3195187165775401 0.5228310502283106 0.37032085561497324
3 0.4817351598173516 0.2767379679144385 0.4634703196347032 0.27941176470588236 0.4680365296803653 0.29010695187165775 0.4817351598173516 0.29545454545454547 0.4954337899543379 0.2927807486631016 0.5076103500761036 0.2820855614973262 0.5136986301369864 0.26871657754010697 0.5045662100456622 0.2713903743315508 0.4984779299847793 0.2660427807486631 0.4969558599695586 0.2767379679144385 0.4817351598173516 0.2767379679144385
3 0.4284627092846271 0.2820855614973262 0.4360730593607306 0.27941176470588236 0.439117199391172 0.2713903743315508 0.4208523592085236 0.26336898395721925 0.4071537290715373 0.26871657754010697 0.4178082191780822 0.27941176470588236 0.4284627092846271 0.2820855614973262
8 0.4923896499238965 0.35427807486631013 0.4969558599695586 0.3195187165775401 0.4984779299847793 0.2927807486631016 0.484779299847793 0.303475935828877 0.4771689497716895 0.35427807486631013 0.4680365296803653 0.4344919786096257 0.4649923896499239 0.47459893048128343 0.4710806697108067 0.49064171122994654 0.4756468797564688 0.49064171122994654 0.4786910197869102 0.46390374331550804 0.4832572298325723 0.42112299465240643 0.4863013698630137 0.3917112299465241 0.4923896499238965 0.35427807486631013
0 0.6083825220700152 1 0.6202435312024354 0.9050802139037433 0.6293759512937596 0.7954545454545454 0.621765601217656 0.7713903743315508 0.6111111111111112 0.7232620320855615 0.5852359208523592 0.5655080213903744 0.576103500761035 0.44786096256684493 0.5700152207001522 0.37566844919786097 0.545662100456621 0.3890374331550802 0.525875190258752 0.40240641711229946 0.5076103500761036 0.4799465240641711 0.4908675799086758 0.5200534759358288 0.484779299847793 0.570855614973262 0.4802130898021309 0.6537433155080213 0.4634703196347032 0.7419786096256684 0.4512937595129376 0.8302139037433155 0.4330289193302892 0.8863636363636364 0.439117199391172 0.9024064171122995 0.4604261796042618 0.9425133689839572 0.469558599695586 0.9451871657754011 0.4802130898021309 0.9745989304812834 0.4854711491628615 1 0.6083825220700152 1
0 0.48692403500761033 1 0.4817351598173516 0.9799465240641712 0.4665144596651446 0.9371657754010695 0.4345509893455099 0.8943850267379679 0.4132420091324201 0.9398395721925134 0.4010654490106545 0.9157754010695187 0.3949771689497717 0.8756684491978609 0.3980213089802131 0.8114973262032086 0.4041095890410959 0.7419786096256684 0.4330289193302892 0.6483957219251337 0.4254185692541857 0.5655080213903744 0.4178082191780822 0.5013368983957219 0.3584474885844749 0.5681818181818182 0.332572298325723 0.5868983957219251 0.2990867579908676 0.6056149732620321 0.24885844748858446 0.6029411764705882 0.23820395738203956 0.6296791443850267 0.22450532724505326 0.7205882352941176 0.21993911719939116 0.8622994652406417 0.22298325722983256 0.9237967914438503 0.23363774733637746 0.9879679144385026 0.2374048706240487 1 0.48692403500761033 1
0 0.484779299847793 0.25267379679144386 0.4375951293759513 0.25 0.3843226788432268 0.2580213903743315 0.3691019786910198 0.29545454545454547 0.4147640791476408 0.29545454545454547 0.4497716894977169 0.39438502673796794 0.4178082191780822 0.4959893048128342 0.4254185692541857 0.6243315508021391 0.4315068493150685 0.6564171122994652 0.4786910197869102 0.5628342245989305 0.4969558599695586 0.5280748663101604 0.5243531202435312 0.43983957219251335 0.5319634703196348 0.4050802139037433 0.5700152207001522 0.3729946524064171 0.5882800608828006 0.303475935828877 0.5654490106544902 0.2660427807486631 0.525875190258752 0.2553475935828877 0.484779299847793 0.25267379679144386