6 0.5034722222222222 0.5925058548009368 0.5086805555555556 0.5737704918032787 0.515625 0.5573770491803278 0.5243055555555556 0.5339578454332553 0.53125 0.5199063231850117
6 0.4965277777777778 0.5925058548009368 0.4861111111111111 0.5807962529274004 0.4704861111111111 0.5644028103044496
6 0.5 0.5925058548009368 0.4930555555555556 0.5831381733021077 0.484375 0.5737704918032787 0.4704861111111111 0.5644028103044496 0.4774305555555556 0.5737704918032787 0.4861111111111111 0.5831381733021077
6 0.421875 0.5620608899297423 0.4253472222222222 0.5526932084309133 0.4288194444444444 0.5433255269320844
6 0.421875 0.5597189695550351 0.4288194444444444 0.5620608899297423 0.4288194444444444 0.5526932084309133 0.4288194444444444 0.5409836065573771 0.4201388888888889 0.5480093676814989
3 0.4253472222222222 0.5995316159250585 0.4756944444444444 0.5925058548009368 0.5104166666666666 0.594847775175644 0.5225694444444444 0.5737704918032787 0.5416666666666666 0.5526932084309133 0.5538194444444444 0.5292740046838408 0.5607638888888888 0.49882903981264637 0.5607638888888888 0.47306791569086654 0.5486111111111112 0.4519906323185012 0.5364583333333334 0.43559718969555034 0.5295138888888888 0.42857142857142855 0.5225694444444444 0.41920374707259955 0.5104166666666666 0.4238875878220141 0.5086805555555556 0.44028103044496486 0.4965277777777778 0.46604215456674475 0.46875 0.4964871194379391 0.4461805555555556 0.5175644028103045 0.4253472222222222 0.531615925058548 0.4288194444444444 0.5714285714285714
0 0.140625 0.585480093676815 0.1232638888888889 0.6135831381733021 0.10590277777777778 0.6557377049180327 0.14583333333333334 0.6651053864168618 0.19444444444444445 0.6721311475409836 0.2378472222222222 0.6697892271662763 0.2760416666666667 0.6651053864168618 0.3194444444444444 0.6604215456674473 0.3559027777777778 0.6487119437939111 0.4288194444444444 0.6088992974238876 0.4288194444444444 0.5831381733021077 0.4288194444444444 0.5690866510538641 0.4166666666666667 0.5644028103044496 0.3975694444444444 0.5737704918032787 0.3680555555555556 0.5878220140515222 0.34375 0.5995316159250585 0.3159722222222222 0.6042154566744731 0.2934027777777778 0.6065573770491803 0.2569444444444444 0.5995316159250585 0.21180555555555555 0.5925058548009368 0.1857638888888889 0.5878220140515222 0.16145833333333334 0.585480093676815
5 0.6822916666666666 0.5784543325526932 0.8211805555555556 0.47540983606557374 0.828125 0.4847775175644028 0.8263888888888888 0.5035128805620609 0.6684027777777778 0.6206088992974239 0.6597222222222222 0.6252927400468384 0.6736111111111112 0.5761124121779859
0 0.5260416666666666 0.5901639344262295 0.5017361111111112 0.5878220140515222 0.4809027777777778 0.585480093676815 0.4583333333333333 0.5878220140515222 0.4340277777777778 0.5925058548009368 0.4340277777777778 0.6088992974238876 0.4635416666666667 0.6065573770491803 0.4913194444444444 0.6065573770491803 0.5173611111111112 0.6088992974238876
0 0.3003472222222222 0.6651053864168618 0.2934027777777778 0.6932084309133489 0.2864583333333333 0.7189695550351288 0.2708333333333333 0.7377049180327869 0.2534722222222222 0.7587822014051522 0.23958333333333334 0.7845433255269321 0.234375 0.8126463700234192 0.2309027777777778 0.7845433255269321 0.2378472222222222 0.7587822014051522 0.2534722222222222 0.7353629976580797 0.2725694444444444 0.7166276346604216 0.2795138888888889 0.6955503512880562 0.2829861111111111 0.6627634660421545
5 0.6770833333333334 0.4379391100702576 0.6510416666666666 0.45433255269320844 0.6493055555555556 0.4379391100702576 0.6753472222222222 0.41920374707259955