8 0.6541049798115747 0.6172161172161172 0.6527590847913862 0.6043956043956044 0.6594885598923284 0.5879120879120879 0.6608344549125168 0.5989010989010989 0.6729475100942126 0.5989010989010989 0.6675639300134589 0.6117216117216118 0.6635262449528937 0.6208791208791209
8 0.6419919246298789 0.6611721611721612 0.6446837146702558 0.6501831501831502 0.6500672947510094 0.6446886446886447 0.6554508748317631 0.6538461538461539 0.6541049798115747 0.6611721611721612 0.6473755047106325 0.6666666666666666
8 0.6500672947510094 0.8131868131868132 0.648721399730821 0.793040293040293 0.65814266487214 0.7893772893772893 0.6689098250336474 0.7857142857142857 0.6810228802153432 0.782051282051282 0.6796769851951547 0.8021978021978022 0.6675639300134589 0.8040293040293041 0.6594885598923284 0.8131868131868132
8 0.6244952893674294 0.6996336996336996 0.6258411843876177 0.6794871794871795 0.6150740242261103 0.663003663003663 0.5975773889636609 0.6556776556776557 0.5908479138627187 0.6684981684981685 0.5962314939434724 0.684981684981685 0.6056527590847914 0.7051282051282052 0.6110363391655451 0.7289377289377289 0.6312247644683715 0.7216117216117216
3 0.4616419919246299 0.39194139194139194 0.4737550471063257 0.42124542124542125 0.4697173620457604 0.4413919413919414 0.4616419919246299 0.48717948717948717 0.44952893674293404 0.5073260073260073 0.4414535666218035 0.5091575091575091 0.43741588156123823 0.5347985347985348 0.42126514131897713 0.5439560439560439 0.414535666218035 0.5256410256410257 0.4185733512786003 0.4926739926739927 0.423956931359354 0.4706959706959707 0.4414535666218035 0.4358974358974359
3 0.37415881561238223 0.5879120879120879 0.37415881561238223 0.575091575091575 0.38088829071332436 0.5641025641025641 0.38627187079407804 0.5659340659340659 0.3822341857335128 0.5787545787545788 0.3795423956931359 0.5879120879120879
3 0.3876177658142665 0.5769230769230769 0.39030955585464333 0.5659340659340659 0.39703903095558546 0.554945054945055 0.40107671601615075 0.5402930402930403 0.40915208613728127 0.5421245421245421 0.4078061911170929 0.5586080586080586 0.4037685060565276 0.5732600732600732 0.39703903095558546 0.5897435897435898 0.3916554508748318 0.6043956043956044 0.38627187079407804 0.6208791208791209 0.3835800807537012 0.6373626373626373 0.3822341857335128 0.6501831501831502 0.38088829071332436 0.6684981684981685 0.3781965006729475 0.6886446886446886 0.3674293405114401 0.6831501831501832 0.3553162853297443 0.6721611721611722 0.35262449528936746 0.6666666666666666 0.35800807537012114 0.6465201465201466 0.3633916554508748 0.6318681318681318 0.37012113055181695 0.6135531135531136 0.3781965006729475 0.5970695970695971
3 0.5531628532974427 0.4835164835164835 0.5356662180349933 0.47802197802197804 0.5208613728129206 0.4706959706959707 0.5047106325706595 0.46703296703296704 0.48855989232839836 0.4633699633699634 0.48183041722745623 0.4358974358974359 0.48855989232839836 0.4139194139194139 0.5168236877523553 0.4065934065934066 0.5356662180349933 0.40476190476190477 0.5652759084791387 0.4084249084249084 0.5814266487213997 0.4175824175824176 0.5625841184387618 0.45054945054945056
3 0.47510094212651416 0.5146520146520146 0.45625841184387617 0.5128205128205128 0.44549125168236875 0.5256410256410257 0.4414535666218035 0.5366300366300366 0.4306864064602961 0.5421245421245421 0.4199192462987887 0.5494505494505495 0.4185733512786003 0.5604395604395604 0.42934051144010765 0.554945054945055 0.4522207267833109 0.5512820512820513 0.4697173620457604 0.5476190476190477 0.47240915208613726 0.5347985347985348
3 0.477792732166891 0.5274725274725275 0.4993270524899058 0.5293040293040293 0.5168236877523553 0.5366300366300366 0.5383580080753702 0.5457875457875457 0.5491251682368775 0.5311355311355311 0.5639300134589502 0.5164835164835165 0.5814266487213997 0.5146520146520146 0.5908479138627187 0.5311355311355311 0.5787348586810229 0.5494505494505495 0.5746971736204576 0.5695970695970696 0.566621803499327 0.5915750915750916 0.5598923283983849 0.6062271062271062 0.550471063257066 0.6117216117216118 0.5275908479138627 0.5860805860805861 0.5047106325706595 0.5622710622710623 0.4845222072678331 0.5567765567765568 0.4737550471063257 0.5476190476190477
8 0.3714670255720054 0.6153846153846154 0.3755047106325707 0.6336996336996337 0.3714670255720054 0.6538461538461539 0.3633916554508748 0.6575091575091575 0.36877523553162855 0.6373626373626373
8 0.38492597577388965 0.5586080586080586 0.3755047106325707 0.5714285714285714 0.37415881561238223 0.5897435897435898 0.38088829071332436 0.5824175824175825 0.38492597577388965 0.5695970695970696
8 0.6285329744279946 0.7545787545787546 0.6191117092866757 0.7380952380952381 0.6164199192462988 0.7271062271062271 0.6258411843876177 0.7234432234432234 0.629878869448183 0.7271062271062271