0 0.6939130434782609 0.8167053364269141 0.7026086956521739 0.7958236658932715 0.688695652173913 0.7842227378190255 0.6730434782608695 0.7795823665893271 0.6608695652173913 0.7935034802784223 0.6556521739130434 0.8074245939675174 0.6539130434782608 0.8352668213457076 0.6678260869565218 0.8352668213457076 0.6591304347826087 0.8561484918793504 0.6573913043478261 0.8793503480278422 0.6591304347826087 0.8979118329466357 0.6608695652173913 0.9095127610208816 0.6695652173913044 0.9187935034802784 0.68 0.9211136890951276 0.6921739130434783 0.9164733178654292 0.7043478260869566 0.8909512761020881 0.7165217391304348 0.8468677494199536 0.7008695652173913 0.8236658932714617 0.6939130434782609 0.8167053364269141
8 0.6313043478260869 0.9234338747099768 0.64 0.9327146171693735 0.64 0.9234338747099768 0.6365217391304347 0.9118329466357309 0.6313043478260869 0.9071925754060325 0.6313043478260869 0.9234338747099768
8 0.6104347826086957 0.9350348027842227 0.6173913043478261 0.9396751740139211 0.6278260869565218 0.9396751740139211 0.6347826086956522 0.9373549883990719 0.6278260869565218 0.9303944315545244 0.6208695652173913 0.9280742459396751 0.6104347826086957 0.9350348027842227
8 0.6365217391304347 0.9466357308584686 0.6365217391304347 0.9396751740139211 0.6243478260869565 0.9396751740139211 0.6069565217391304 0.9396751740139211 0.6139130434782609 0.9443155452436195 0.6260869565217392 0.9466357308584686 0.6365217391304347 0.9466357308584686
8 0.6086956521739131 0.951276102088167 0.5965217391304348 0.951276102088167 0.6173913043478261 0.9582366589327146 0.6313043478260869 0.962877030162413 0.6452173913043479 0.962877030162413 0.6365217391304347 0.9605568445475638 0.6243478260869565 0.9559164733178654 0.6086956521739131 0.951276102088167
8 0.6365217391304347 0.9651972157772621 0.6313043478260869 0.9698375870069605 0.6347826086956522 0.974477958236659 0.6365217391304347 0.9651972157772621
8 0.6434782608695652 0.9837587006960556 0.648695652173913 0.9814385150812065 0.6434782608695652 0.9767981438515081 0.6278260869565218 0.9767981438515081 0.6365217391304347 0.9837587006960556 0.6434782608695652 0.9837587006960556
8 0.6521739130434783 1 0.671304347826087 0.9953596287703016 0.6591304347826087 0.9930394431554525 0.6452173913043479 0.9953596287703016 0.6521739130434783 1
8 0.5826086956521739 0.7795823665893271 0.5721739130434783 0.765661252900232 0.5930434782608696 0.7587006960556845 0.5408695652173913 0.7540603248259861 0.5356521739130434 0.7610208816705336 0.5582608695652174 0.765661252900232 0.5826086956521739 0.7795823665893271
8 0.5565217391304348 0.6821345707656613 0.5756521739130435 0.6821345707656613 0.5808695652173913 0.6844547563805105 0.5878260869565217 0.6844547563805105 0.5878260869565217 0.6774941995359629 0.591304347826087 0.6682134570765661 0.5565217391304348 0.6751740139211136 0.5565217391304348 0.6821345707656613
8 0.5704347826086956 0.6983758700696056 0.5704347826086956 0.7099767981438515 0.5704347826086956 0.7192575406032483 0.5704347826086956 0.7308584686774942 0.577391304347826 0.7192575406032483 0.5756521739130435 0.703016241299304 0.5826086956521739 0.6937354988399071 0.5704347826086956 0.6983758700696056
8 0.5565217391304348 0.740139211136891 0.5443478260869565 0.7331786542923434 0.5460869565217391 0.740139211136891 0.5495652173913044 0.7470997679814385 0.5565217391304348 0.740139211136891
8 0.5791304347826087 0.7424593967517401 0.5704347826086956 0.7447795823665894 0.577391304347826 0.7540603248259861 0.5860869565217391 0.7517401392111369 0.5791304347826087 0.7424593967517401
8 0.5495652173913044 0.6682134570765661 0.5460869565217391 0.6774941995359629 0.528695652173913 0.6890951276102089 0.5321739130434783 0.6960556844547564 0.5495652173913044 0.6867749419953596 0.5547826086956522 0.6937354988399071 0.5617391304347826 0.7122969837587007 0.5669565217391305 0.7262180974477959 0.5495652173913044 0.7262180974477959 0.551304347826087 0.7331786542923434 0.5617391304347826 0.7331786542923434 0.5652173913043478 0.7378190255220418 0.5721739130434783 0.7424593967517401 0.568695652173913 0.7192575406032483 0.5634782608695652 0.6983758700696056 0.5547826086956522 0.679814385150812 0.5495652173913044 0.6682134570765661
8 0.6504347826086957 0.9443155452436195 0.648695652173913 0.9350348027842227 0.6417391304347826 0.9373549883990719 0.6434782608695652 0.9466357308584686 0.6504347826086957 0.9443155452436195
8 0.6365217391304347 0.9721577726218097 0.6417391304347826 0.9721577726218097 0.648695652173913 0.9698375870069605 0.6417391304347826 0.9651972157772621 0.6365217391304347 0.9651972157772621 0.6365217391304347 0.9721577726218097
8 0.6539130434782608 0.9443155452436195 0.6573913043478261 0.951276102088167 0.6643478260869565 0.951276102088167 0.6591304347826087 0.9419953596287703 0.6591304347826087 0.9327146171693735 0.6539130434782608 0.9327146171693735 0.6539130434782608 0.9443155452436195
3 0.6017391304347826 0.9350348027842227 0.6069565217391304 0.9489559164733179 0.6313043478260869 0.951276102088167 0.6539130434782608 0.951276102088167 0.6695652173913044 0.9489559164733179 0.6834782608695652 0.9466357308584686 0.671304347826087 0.9350348027842227 0.6365217391304347 0.925754060324826 0.6139130434782609 0.925754060324826 0.6017391304347826 0.9350348027842227
3 0.7043478260869566 1 0.7078260869565217 0.9976798143851509 0.7043478260869566 0.974477958236659 0.6852173913043478 0.9489559164733179 0.6452173913043479 0.951276102088167 0.6260869565217392 0.9535962877030162 0.5704347826086956 0.9489559164733179 0.5721739130434783 0.9651972157772621 0.5843478260869566 0.9675174013921114 0.6139130434782609 0.9698375870069605 0.6295652173913043 0.974477958236659 0.6452173913043479 0.988399071925754 0.6434782608695652 1 0.7043478260869566 1
3 0.6330434782608696 0.7888631090487239 0.6573913043478261 0.7795823665893271 0.6747826086956522 0.7749419953596288 0.6869565217391305 0.7726218097447796 0.6643478260869565 0.7587006960556845 0.6330434782608696 0.7610208816705336 0.6243478260869565 0.7679814385150812 0.6330434782608696 0.7888631090487239
3 0.5634782608695652 0.7749419953596288 0.591304347826087 0.7842227378190255 0.6121739130434782 0.7888631090487239 0.6313043478260869 0.7888631090487239 0.6208695652173913 0.7587006960556845 0.5460869565217391 0.728538283062645 0.5373913043478261 0.7610208816705336 0.5634782608695652 0.7749419953596288
8 0.5304347826086957 0.5591647331786543 0.5269565217391304 0.5475638051044084 0.52 0.5475638051044084 0.52 0.5568445475638051 0.5304347826086957 0.5591647331786543
8 0.5704347826086956 0.6264501160092807 0.577391304347826 0.62877030162413 0.5739130434782609 0.6194895591647331 0.5704347826086956 0.6078886310904872 0.568695652173913 0.6194895591647331 0.5704347826086956 0.6264501160092807
8 0.49217391304347824 0.6194895591647331 0.5095652173913043 0.62877030162413 0.5234782608695652 0.6519721577726219 0.5339130434782609 0.6635730858468677 0.5478260869565217 0.6682134570765661 0.5373913043478261 0.642691415313225 0.52 0.6241299303944315 0.49043478260869566 0.605568445475638 0.49217391304347824 0.6194895591647331
8 0.4834782608695652 0.5754060324825986 0.48695652173913045 0.5939675174013921 0.48869565217391303 0.5730858468677494 0.48695652173913045 0.5475638051044084 0.4817391304347826 0.5545243619489559 0.4834782608695652 0.5754060324825986
8 0.4678260869565217 0.5754060324825986 0.4747826086956522 0.5754060324825986 0.4765217391304348 0.5870069605568445 0.4817391304347826 0.6032482598607889 0.4852173913043478 0.6148491879350348 0.49391304347826087 0.6194895591647331 0.48695652173913045 0.5916473317865429 0.4782608695652174 0.5614849187935035 0.4678260869565217 0.5661252900232019 0.4678260869565217 0.5754060324825986
8 0.47304347826086957 0.5266821345707656 0.4765217391304348 0.5174013921113689 0.46956521739130436 0.5174013921113689 0.46260869565217394 0.5290023201856149 0.4608695652173913 0.5382830626450116 0.4608695652173913 0.5522041763341067 0.4643478260869565 0.5591647331786543 0.47304347826086957 0.5614849187935035 0.4765217391304348 0.5522041763341067 0.4765217391304348 0.54292343387471 0.47130434782608693 0.5382830626450116 0.4765217391304348 0.531322505800464 0.47304347826086957 0.5266821345707656
8 0.47130434782608693 0.5104408352668214 0.47304347826086957 0.505800464037123 0.4678260869565217 0.505800464037123 0.46608695652173915 0.5127610208816705 0.47130434782608693 0.5104408352668214
8 0.4365217391304348 0.5754060324825986 0.4365217391304348 0.5661252900232019 0.42086956521739133 0.5638051044083526 0.42086956521739133 0.5707656612529002 0.4365217391304348 0.5754060324825986
8 0.4295652173913043 0.4965197215777262 0.4330434782608696 0.5104408352668214 0.44 0.5359628770301624 0.44521739130434784 0.5498839907192575 0.4539130434782609 0.5591647331786543 0.4504347826086956 0.5406032482598608 0.4434782608695652 0.5243619489559165 0.4365217391304348 0.4965197215777262 0.4295652173913043 0.4965197215777262
8 0.4365217391304348 0.5870069605568445 0.41391304347826086 0.580046403712297 0.3826086956521739 0.5777262180974478 0.4052173913043478 0.5846867749419954 0.4260869565217391 0.5916473317865429 0.44869565217391305 0.5986078886310905 0.4643478260869565 0.605568445475638 0.4817391304347826 0.6125290023201856 0.47304347826086957 0.6032482598607889 0.4573913043478261 0.5962877030162413 0.4365217391304348 0.5870069605568445
8 0.41391304347826086 0.5382830626450116 0.4295652173913043 0.5382830626450116 0.42434782608695654 0.5266821345707656 0.41391304347826086 0.5220417633410673 0.41391304347826086 0.5382830626450116
8 0.4 0.5359628770301624 0.4017391304347826 0.5266821345707656 0.37565217391304345 0.5266821345707656 0.37565217391304345 0.5359628770301624 0.4 0.5359628770301624
8 0.39304347826086955 0.5150812064965197 0.4121739130434783 0.5174013921113689 0.42434782608695654 0.5127610208816705 0.4226086956521739 0.4988399071925754 0.36869565217391304 0.494199535962877 0.36695652173913046 0.5104408352668214 0.39304347826086955 0.5150812064965197
8 0.37565217391304345 0.48259860788863107 0.38782608695652177 0.4872389791183295 0.3826086956521739 0.46635730858468677 0.3826086956521739 0.45011600928074247 0.3739130434782609 0.4617169373549884 0.37565217391304345 0.48259860788863107
8 0.41739130434782606 0.4408352668213457 0.42086956521739133 0.46403712296983757 0.42434782608695654 0.4779582366589327 0.42782608695652175 0.48491879350348027 0.4330434782608696 0.4802784222737819 0.42782608695652175 0.4547563805104408 0.42434782608695654 0.4222737819025522 0.41391304347826086 0.41531322505800466 0.41739130434782606 0.4408352668213457
8 0.44521739130434784 0.494199535962877 0.45217391304347826 0.4988399071925754 0.4504347826086956 0.4802784222737819 0.4469565217391304 0.45707656612529 0.44173913043478263 0.43387470997679817 0.43478260869565216 0.4060324825986079 0.41391304347826086 0.3619489559164733 0.4121739130434783 0.41299303944315546 0.43478260869565216 0.45011600928074247 0.44173913043478263 0.46867749419953597 0.44521739130434784 0.494199535962877
8 0.2956521739130435 0.4733178654292343 0.3026086956521739 0.494199535962877 0.3130434782608696 0.5150812064965197 0.32521739130434785 0.54292343387471 0.3391304347826087 0.5638051044083526 0.3234782608695652 0.5150812064965197 0.3095652173913043 0.4709976798143852 0.3008695652173913 0.4245939675174014 0.29043478260869565 0.42923433874709976 0.29043478260869565 0.45011600928074247 0.2956521739130435 0.4733178654292343
8 0.4608695652173913 0.7703016241299304 0.4817391304347826 0.7842227378190255 0.5130434782608696 0.7819025522041764 0.5356521739130434 0.7749419953596288 0.5304347826086957 0.7633410672853829 0.5008695652173913 0.7703016241299304 0.4765217391304348 0.7726218097447796 0.4608695652173913 0.7703016241299304
3 0.5547826086956522 0.568445475638051 0.5617391304347826 0.5962877030162413 0.577391304347826 0.6403712296983759 0.5947826086956521 0.665893271461717 0.6017391304347826 0.6218097447795824 0.5895652173913043 0.5823665893271461 0.5634782608695652 0.5591647331786543 0.5547826086956522 0.568445475638051
3 0.5304347826086957 0.6705336426914154 0.5339130434782609 0.691415313225058 0.5930434782608696 0.6751740139211136 0.5739130434782609 0.6635730858468677 0.5547826086956522 0.665893271461717 0.5304347826086957 0.6705336426914154
3 0.577391304347826 0.6937354988399071 0.5826086956521739 0.6960556844547564 0.5860869565217391 0.6867749419953596 0.568695652173913 0.6844547563805105 0.56 0.6867749419953596 0.5547826086956522 0.6937354988399071 0.5530434782608695 0.7053364269141531 0.5547826086956522 0.7122969837587007 0.5582608695652174 0.7238979118329466 0.5652173913043478 0.728538283062645 0.5704347826086956 0.7215777262180975 0.5721739130434783 0.7146171693735499 0.5669565217391305 0.7099767981438515 0.5704347826086956 0.7006960556844548 0.577391304347826 0.6937354988399071
0 0.5947826086956521 0.7795823665893271 0.5808695652173913 0.7749419953596288 0.5582608695652174 0.7679814385150812 0.5530434782608695 0.7749419953596288 0.5443478260869565 0.7795823665893271 0.5339130434782609 0.777262180974478 0.5165217391304348 0.7795823665893271 0.4591304347826087 0.7795823665893271 0.49043478260869566 0.7935034802784223 0.5373913043478261 0.802784222737819 0.5721739130434783 0.8051044083526682 0.6017391304347826 0.8074245939675174 0.6208695652173913 0.8051044083526682 0.6417391304347826 0.7981438515081206 0.6521739130434783 0.7958236658932715 0.6591304347826087 0.7795823665893271 0.64 0.7842227378190255 0.6278260869565218 0.7865429234338747 0.6104347826086957 0.7842227378190255 0.5947826086956521 0.7795823665893271
4 0.6052173913043478 0.5962877030162413 0.6295652173913043 0.665893271461717 0.6226086956521739 0.679814385150812 0.6173913043478261 0.6867749419953596 0.6139130434782609 0.6937354988399071 0.6121739130434782 0.7006960556844548 0.6121739130434782 0.7122969837587007 0.6173913043478261 0.7238979118329466 0.6365217391304347 0.7122969837587007 0.648695652173913 0.7006960556844548 0.5982608695652174 0.5545243619489559 0.5930434782608696 0.5661252900232019 0.6052173913043478 0.5962877030162413
4 0.6156521739130435 0.46635730858468677 0.6104347826086957 0.45243619489559167 0.6069565217391304 0.44547563805104406 0.6017391304347826 0.4408352668213457 0.5982608695652174 0.44547563805104406 0.5982608695652174 0.45707656612529 0.6034782608695652 0.46403712296983757 0.6069565217391304 0.4872389791183295 0.6017391304347826 0.4965197215777262 0.5982608695652174 0.48491879350348027 0.5895652173913043 0.46867749419953597 0.5895652173913043 0.4593967517401392 0.5739130434782609 0.4037122969837587 0.5704347826086956 0.38979118329466356 0.5669565217391305 0.37122969837587005 0.5617391304347826 0.35266821345707655 0.551304347826087 0.33410672853828305 0.5547826086956522 0.345707656612529 0.5582608695652174 0.3642691415313225 0.56 0.382830626450116 0.56 0.39675174013921116 0.56 0.4176334106728538 0.56 0.45243619489559167 0.5721739130434783 0.4802784222737819 0.5895652173913043 0.5220417633410673 0.6156521739130435 0.5962877030162413 0.6173913043478261 0.5011600928074246 0.6173913043478261 0.494199535962877 0.6156521739130435 0.46635730858468677
4 0.6034782608695652 0.6960556844547564 0.5982608695652174 0.6867749419953596 0.5930434782608696 0.6890951276102089 0.5878260869565217 0.6960556844547564 0.5895652173913043 0.703016241299304 0.5947826086956521 0.7099767981438515 0.6 0.7053364269141531 0.6034782608695652 0.6960556844547564
0 0.5678260869565217 0 0.5565217391304348 0.03944315545243619 0.5252173913043479 0.18793503480278423 0.52 0.23201856148491878 0.5182608695652174 0.2877030162412993 0.52 0.3039443155452436 0.5373913043478261 0.33410672853828305 0.5356521739130434 0.3665893271461717 0.5408695652173913 0.4408352668213457 0.5495652173913044 0.48491879350348027 0.56 0.54292343387471 0.5634782608695652 0.5197215777262181 0.5652173913043478 0.4756380510440835 0.6069565217391304 0.5893271461716937 0.6121739130434782 0.5823665893271461 0.5965217391304348 0.5290023201856149 0.5669565217391305 0.45243619489559167 0.5634782608695652 0.4385150812064965 0.5652173913043478 0.39443155452436196 0.5634782608695652 0.3642691415313225 0.5582608695652174 0.33642691415313225 0.551304347826087 0.31786542923433875 0.5443478260869565 0.30162412993039445 0.5495652173913044 0.26450116009280744 0.5634782608695652 0.1531322505800464 0.5791304347826087 0.06728538283062645 0.5895652173913043 0.0069605568445475635 0.5908695652173913 0 0.5678260869565217 0
0 0.4956521739130435 0.5197215777262181 0.4991304347826087 0.5104408352668214 0.5443478260869565 0.5730858468677494 0.56 0.5707656612529002 0.5669565217391305 0.5591647331786543 0.5565217391304348 0.5498839907192575 0.542608695652174 0.5382830626450116 0.5252173913043479 0.5150812064965197 0.5113043478260869 0.5011600928074246 0.4973913043478261 0.4872389791183295 0.4834782608695652 0.46867749419953597 0.4765217391304348 0.44547563805104406 0.46956521739130436 0.4176334106728538 0.4591304347826087 0.4222737819025522 0.4591304347826087 0.45707656612529 0.46608695652173915 0.48259860788863107 0.4782608695652174 0.5104408352668214 0.47130434782608693 0.54292343387471 0.47130434782608693 0.568445475638051 0.4782608695652174 0.6009280742459396 0.4834782608695652 0.6241299303944315 0.5008695652173913 0.6334106728538283 0.4956521739130435 0.605568445475638 0.49043478260869566 0.5707656612529002 0.49043478260869566 0.54292343387471 0.4956521739130435 0.5197215777262181