3 0.6418128654970761 0.4861995753715499 0.6081871345029239 0.5477707006369427 0.5789473684210527 0.5498938428874734 0.5511695906432749 0.505307855626327 0.5497076023391813 0.47983014861995754 0.6257309941520468 0.39278131634819535
3 0.4166666666666667 0.4182590233545648 0.39035087719298245 0.37154989384288745 0.3669590643274854 0.3651804670912951 0.34502923976608185 0.3673036093418259 0.3157894736842105 0.3673036093418259 0.27631578947368424 0.42250530785562634 0.27631578947368424 0.4713375796178344 0.2953216374269006 0.47558386411889597 0.33187134502923976 0.47770700636942676
3 0.12426900584795321 0.4118895966029724 0.1301169590643275 0.35456475583864117 0.10087719298245613 0.35881104033970274 0.07894736842105263 0.4140127388535032 0.06578947368421052 0.47558386411889597 0.0804093567251462 0.49256900212314225 0.0935672514619883 0.47983014861995754 0.1111111111111111 0.4734607218683652
3 0.34502923976608185 0.7176220806794055 0.36403508771929827 0.6900212314225053 0.4166666666666667 0.6518046709129511 0.46345029239766083 0.6050955414012739 0.4824561403508772 0.6369426751592356 0.48391812865497075 0.6772823779193206 0.44883040935672514 0.673036093418259 0.402046783625731 0.7070063694267515
3 0.20906432748538012 0.8853503184713376 0.2982456140350877 0.9193205944798302 0.34649122807017546 0.9171974522292994 0.39035087719298245 0.9129511677282378 0.39766081871345027 0.8853503184713376 0.3567251461988304 0.8301486199575372 0.2997076023391813 0.8428874734607219 0.2646198830409357 0.8471337579617835
6 0.20029239766081872 0.5605095541401274 0.21052631578947367 0.5668789808917197 0.21783625730994152 0.5774946921443737 0.22660818713450293 0.5774946921443737 0.23538011695906433 0.5732484076433121 0.2412280701754386 0.5668789808917197 0.24269005847953215 0.5562632696390658 0.24415204678362573 0.5456475583864119 0.2412280701754386 0.5392781316348195 0.23391812865497075 0.5435244161358811 0.23830409356725146 0.5477707006369427 0.23830409356725146 0.5562632696390658 0.23538011695906433 0.5626326963906582 0.22953216374269006 0.5690021231422505 0.22514619883040934 0.5732484076433121 0.2222222222222222 0.5668789808917197 0.21929824561403508 0.5668789808917197 0.2149122807017544 0.564755838641189 0.2149122807017544 0.554140127388535 0.21052631578947367 0.5498938428874734 0.21052631578947367 0.5435244161358811 0.20614035087719298 0.5435244161358811 0.20760233918128654 0.554140127388535 0.20029239766081872 0.5520169851380042
6 0.24707602339181287 0.8492569002123143 0.26169590643274854 0.8450106157112527 0.26169590643274854 0.832271762208068 0.25877192982456143 0.8237791932059448 0.25877192982456143 0.8131634819532909 0.2573099415204678 0.8089171974522293 0.2543859649122807 0.8089171974522293 0.25292397660818716 0.8195329087048833 0.24707602339181287 0.821656050955414 0.25292397660818716 0.8280254777070064 0.2543859649122807 0.8343949044585988 0.24561403508771928 0.8407643312101911
6 0.26169590643274854 0.8195329087048833 0.2631578947368421 0.8259023354564756 0.26900584795321636 0.8301486199575372 0.27485380116959063 0.832271762208068 0.27485380116959063 0.8259023354564756 0.26900584795321636 0.821656050955414 0.2733918128654971 0.8195329087048833 0.2719298245614035 0.8046709129511678 0.26900584795321636 0.8152866242038217
6 0.27485380116959063 0.8110403397027601 0.27923976608187134 0.8110403397027601 0.28362573099415206 0.8174097664543525 0.2909356725146199 0.8365180467091295 0.28654970760233917 0.8386411889596603 0.27923976608187134 0.8237791932059448 0.27923976608187134 0.8301486199575372 0.27485380116959063 0.8280254777070064 0.27485380116959063 0.8174097664543525
3 0.23684210526315788 0.5435244161358811 0.23976608187134502 0.5180467091295117 0.22514619883040934 0.5180467091295117 0.21052631578947367 0.535031847133758 0.20614035087719298 0.5435244161358811 0.21052631578947367 0.5711252653927813 0.22807017543859648 0.564755838641189 0.23538011695906433 0.564755838641189
3 0.17982456140350878 0.44798301486199577 0.1652046783625731 0.42038216560509556 0.14473684210526316 0.4543524416135881 0.14619883040935672 0.47770700636942676 0.14912280701754385 0.5286624203821656 0.16812865497076024 0.5307855626326964 0.19736842105263158 0.554140127388535 0.19736842105263158 0.5286624203821656 0.20175438596491227 0.4989384288747346
8 0.2807017543859649 0.8004246284501062 0.29239766081871343 0.8046709129511678 0.2997076023391813 0.8110403397027601 0.30409356725146197 0.8195329087048833 0.3157894736842105 0.8174097664543525 0.3304093567251462 0.821656050955414 0.3362573099415205 0.8089171974522293 0.34502923976608185 0.8067940552016986 0.3684210526315789 0.8089171974522293 0.34649122807017546 0.8089171974522293 0.32894736842105265 0.8237791932059448
0 0.5730994152046783 0.346072186836518 0.5555555555555556 0.38004246284501064 0.5190058479532164 0.4267515923566879 0.47514619883040937 0.45010615711252655 0.4239766081871345 0.4543524416135881 0.3216374269005848 0.5095541401273885 0.27485380116959063 0.554140127388535 0.2412280701754386 0.5881104033970276 0.23391812865497075 0.6072186836518046 0.1783625730994152 0.5881104033970276 0.11695906432748537 0.535031847133758 0.08187134502923976 0.49469214437367304 0.07456140350877193 0.46284501061571126 0.07894736842105263 0.3991507430997877 0.0891812865497076 0.35881104033970274 0.11257309941520467 0.3227176220806794 0.13596491228070176 0.30148619957537154 0.1739766081871345 0.2781316348195329 0.20906432748538012 0.2632696390658174 0.25146198830409355 0.24416135881104034 0.26608187134502925 0.25690021231422505 0.3026315789473684 0.27388535031847133 0.3362573099415205 0.28662420382165604
0 0.07748538011695906 0.49469214437367304 0.043859649122807015 0.49256900212314225 0.05555555555555555 0.45222929936305734 0.07894736842105263 0.386411889596603 0.07309941520467836 0.4564755838641189
0 0.618421052631579 0.2951167728237792 0.6388888888888888 0.31422505307855625 0.6271929824561403 0.3609341825902335 0.6286549707602339 0.39065817409766457 0.6593567251461988 0.37579617834394907 0.6622807017543859 0.4182590233545648 0.6695906432748538 0.7048832271762208 0.6432748538011696 0.7473460721868365 0.6301169590643275 0.7537154989384289 0.6388888888888888 0.6645435244161358 0.6330409356725146 0.6114649681528662 0.6301169590643275 0.5668789808917197 0.6096491228070176 0.5520169851380042 0.5716374269005848 0.5562632696390658 0.5380116959064327 0.5881104033970276 0.5058479532163743 0.6326963906581741 0.4926900584795322 0.6560509554140127 0.46345029239766083 0.6008492569002123 0.4590643274853801 0.5583864118895966 0.5058479532163743 0.4819532908704883 0.5131578947368421 0.4437367303609342 0.5160818713450293 0.42462845010615713 0.5730994152046783 0.346072186836518 0.5730994152046783 0.3333333333333333 0.5891812865497076 0.33970276008492567
0 0.4619883040935672 0.583864118895966 0.5102339181286549 0.6666666666666666 0.49707602339181284 0.7006369426751592 0.4853801169590643 0.7664543524416136 0.47368421052631576 0.8386411889596603 0.4692982456140351 0.9002123142250531 0.44883040935672514 0.921443736730361 0.3830409356725146 0.9363057324840764 0.32456140350877194 0.9469214437367304 0.24415204678362573 0.9426751592356688 0.21198830409356725 0.9150743099787686 0.05701754385964912 0.7239915074309978 0.059941520467836254 0.6772823779193206 0.039473684210526314 0.6008492569002123 0.043859649122807015 0.5520169851380042 0.054093567251461985 0.5074309978768577 0.06432748538011696 0.4883227176220807 0.0804093567251462 0.4840764331210191 0.17982456140350878 0.5796178343949044 0.22807017543859648 0.6029723991507431 0.22660818713450293 0.6263269639065817 0.23391812865497075 0.643312101910828 0.30994152046783624 0.6475583864118896 0.3757309941520468 0.6411889596602972
5 0.3713450292397661 0.9044585987261147 0.36988304093567254 0.8874734607218684 0.3654970760233918 0.8662420382165605 0.34502923976608185 0.8535031847133758 0.32456140350877194 0.8556263269639066 0.30701754385964913 0.8704883227176221 0.3055555555555556 0.89171974522293 0.30994152046783624 0.9129511677282378 0.34502923976608185 0.9129511677282378