0 0.35901926444833626 0.5058548009367682 0.21541155866900175 0.47540983606557374 0.13660245183887915 0.4332552693208431 0.12609457092819615 0.4098360655737705 0.10157618213660245 0.3957845433255269 0.08231173380035026 0.41920374707259955 0.08231173380035026 0.49882903981264637 0.07180385288966724 0.5339578454332553 0.08231173380035026 0.5737704918032787 0.08581436077057793 0.594847775175644 0.08581436077057793 0.6229508196721312 0.138353765323993 0.6861826697892272 0.17513134851138354 0.7213114754098361 0.30998248686514884 0.7892271662763466 0.4238178633975482 0.810304449648712 0.4851138353765324 0.8243559718969555 0.5271453590192644 0.8220140515222483 0.5446584938704028 0.8149882903981265 0.5674255691768827 0.7353629976580797 0.5796847635726795 0.7096018735362998 0.5936952714535902 0.6978922716627635 0.6339754816112084 0.5971896955503513 0.6532399299474606 0.5690866510538641 0.6760070052539404 0.5199063231850117 0.6532399299474606 0.477751756440281 0.6287215411558669 0.45433255269320844 0.47810858143607704 0.5058548009367682 0.35901926444833626 0.5058548009367682
6 0.4203152364273205 0.6416861826697893 0.4080560420315236 0.639344262295082 0.404553415061296 0.6510538641686182 0.4115586690017513 0.6557377049180327 0.4203152364273205 0.6416861826697893
8 0.1190893169877408 0.4566744730679157 0.11208406304728546 0.4566744730679157 0.1085814360770578 0.4847775175644028 0.11733800350262696 0.4847775175644028 0.1190893169877408 0.4566744730679157
1 0.4816112084063047 0.6276346604215457 0.4798598949211909 0.6416861826697893 0.4746059544658494 0.6885245901639344 0.4903677758318739 0.7447306791569087 0.500875656742557 0.7587822014051522 0.5166374781085814 0.7283372365339579 0.5148861646234676 0.6768149882903981 0.5341506129597198 0.667447306791569 0.553415061295972 0.6838407494145199 0.5551663747810858 0.7166276346604216 0.5288966725043783 0.7634660421545667 0.5359019264448336 0.7915690866510539 0.5551663747810858 0.7587822014051522 0.5709281961471103 0.6955503512880562 0.5621716287215411 0.6252927400468384 0.5306479859894921 0.6088992974238876 0.4886164623467601 0.5971896955503513 0.47285464098073554 0.5925058548009368 0.4816112084063047 0.6276346604215457
6 0.2434325744308231 0.5526932084309133 0.28546409807355516 0.550351288056206 0.3064798598949212 0.5339578454332553 0.3117338003502627 0.531615925058548 0.2714535901926445 0.5245901639344263 0.2136602451838879 0.5081967213114754 0.22416812609457093 0.5292740046838408 0.2434325744308231 0.5526932084309133
6 0.266199649737303 0.5901639344262295 0.3380035026269702 0.5831381733021077 0.3555166374781086 0.550351288056206 0.3239929947460595 0.5690866510538641 0.25569176882662 0.5737704918032787 0.266199649737303 0.5901639344262295
3 0.415061295971979 0.531615925058548 0.28371278458844135 0.5292740046838408 0.29772329246935203 0.6346604215456675 0.44658493870402804 0.7096018735362998 0.4886164623467601 0.8173302107728337 0.5201401050788091 0.8243559718969555 0.574430823117338 0.7072599531615925 0.5464098073555166 0.5971896955503513 0.415061295971979 0.531615925058548
3 0.20140105078809106 0.38173302107728335 0.19264448336252188 0.42857142857142855 0.2031523642732049 0.46604215456674475 0.35376532399299476 0.5035128805620609 0.37653239929947463 0.4964871194379391 0.38879159369527144 0.45901639344262296 0.37653239929947463 0.43559718969555034 0.3432574430823117 0.4168618266978923 0.20140105078809106 0.38173302107728335
6 0.37302977232924694 0.477751756440281 0.38003502626970226 0.4566744730679157 0.37653239929947463 0.44028103044496486 0.3712784588441331 0.44028103044496486 0.37478108581436076 0.45433255269320844 0.37302977232924694 0.477751756440281
5 0.15761821366024517 0.5105386416861827 0.1681260945709282 0.5433255269320844 0.19439579684763572 0.5597189695550351 0.22591943957968477 0.5644028103044496 0.2819614711033275 0.5761124121779859 0.3309982486865149 0.585480093676815 0.31523642732049034 0.5433255269320844 0.2329246935201401 0.5269320843091335 0.18739054290718038 0.5058548009367682 0.15761821366024517 0.5105386416861827
0 0.44308231173380036 0.2786885245901639 0.4203152364273205 0.297423887587822 0.4063047285464098 0.3114754098360656 0.4080560420315236 0.33021077283372363 0.4203152364273205 0.33489461358313816 0.4220665499124343 0.3161592505854801 0.5253940455341506 0.23653395784543327 0.5201401050788091 0.22716627634660422 0.4868651488616462 0.2459016393442623 0.46409807355516636 0.26229508196721313 0.44308231173380036 0.2786885245901639