3 0.15656565656565657 0.2966101694915254 0.23232323232323232 0.35084745762711866 0.2727272727272727 0.39661016949152544 0.29545454545454547 0.5101694915254237 0.29797979797979796 0.6169491525423729 0.15782828282828282 0.5016949152542373 0.1414141414141414 0.38305084745762713
3 0.125 0.29152542372881357 0.14898989898989898 0.30338983050847457 0.14267676767676768 0.36610169491525424 0.13005050505050506 0.3949152542372881
8 0.7840909090909091 0.8152542372881356 0.803030303030303 0.8152542372881356 0.7878787878787878 0.8677966101694915 0.7815656565656566 0.9050847457627119 0.7613636363636364 0.9084745762711864
8 0.8005050505050505 0.6745762711864407 0.8345959595959596 0.6745762711864407 0.8244949494949495 0.7220338983050848 0.7765151515151515 0.7271186440677966
5 0.16540404040404041 0.11694915254237288 0.1994949494949495 0.1271186440677966 0.23484848484848486 0.14745762711864407 0.2866161616161616 0.23898305084745763 0.3042929292929293 0.2830508474576271 0.3068181818181818 0.36271186440677966 0.25 0.3423728813559322 0.18813131313131312 0.30847457627118646 0.16035353535353536 0.2966101694915254
2 0.2702020202020202 0.1288135593220339 0.3383838383838384 0.10677966101694915 0.5328282828282829 0.10508474576271186 0.6035353535353535 0.1576271186440678 0.7095959595959596 0.2864406779661017 0.577020202020202 0.36271186440677966 0.4595959595959596 0.38305084745762713 0.3952020202020202 0.34915254237288135
8 0.8573232323232324 0.6559322033898305 0.8724747474747475 0.711864406779661 0.8674242424242424 0.7322033898305085 0.8585858585858586 0.6864406779661016
5 0.32575757575757575 0.32033898305084746 0.3042929292929293 0.27796610169491526 0.2866161616161616 0.26610169491525426 0.2601010101010101 0.2542372881355932 0.25252525252525254 0.2847457627118644 0.24621212121212122 0.3271186440677966 0.2638888888888889 0.3559322033898305 0.2916666666666667 0.37796610169491524 0.3194444444444444 0.4033898305084746 0.32575757575757575 0.3593220338983051
0 0.476010101010101 0.688135593220339 0.4962121212121212 0.6813559322033899 0.5303030303030303 0.6661016949152543 0.5732323232323232 0.6440677966101694 0.5972222222222222 0.6440677966101694 0.6161616161616161 0.6627118644067796 0.6426767676767676 0.6661016949152543 0.6717171717171717 0.6711864406779661 0.6982323232323232 0.6728813559322034 0.7310606060606061 0.6711864406779661 0.7828282828282829 0.6576271186440678 0.8547979797979798 0.652542372881356 0.8825757575757576 0.6406779661016949 0.9027777777777778 0.6186440677966102 0.9154040404040404 0.6033898305084746 0.9191919191919192 0.5745762711864407 0.9242424242424242 0.5084745762711864 0.9217171717171717 0.4711864406779661 0.9356060606060606 0.48983050847457626 0.946969696969697 0.5084745762711864 0.9545454545454546 0.5457627118644067 0.9608585858585859 0.5796610169491525 0.9608585858585859 0.6 0.9671717171717171 0.6169491525423729 0.9659090909090909 0.6559322033898305 0.9482323232323232 0.6966101694915254 0.9368686868686869 0.7288135593220338 0.9267676767676768 0.7627118644067796 0.9078282828282829 0.8033898305084746 0.8762626262626263 0.847457627118644 0.8320707070707071 0.8847457627118644 0.8093434343434344 0.8915254237288136 0.7651515151515151 0.9101694915254237 0.7171717171717171 0.9372881355932203 0.6628787878787878 0.9457627118644067 0.625 0.9423728813559322 0.5795454545454546 0.9322033898305084 0.5467171717171717 0.9169491525423729 0.5378787878787878 0.8728813559322034 0.5290404040404041 0.811864406779661 0.5113636363636364 0.7627118644067796
3 0.16414141414141414 0.09491525423728814 0.19065656565656566 0.1 0.21338383838383837 0.11186440677966102 0.23232323232323232 0.12203389830508475 0.24116161616161616 0.09661016949152543 0.21843434343434343 0.08305084745762711 0.19065656565656566 0.07796610169491526 0.16792929292929293 0.07627118644067797
3 0.15025252525252525 0.11016949152542373 0.16540404040404041 0.11186440677966102 0.16035353535353536 0.2983050847457627 0.14772727272727273 0.29152542372881357 0.1452020202020202 0.2305084745762712
8 0.21717171717171718 0.1271186440677966 0.20075757575757575 0.1135593220338983 0.17929292929292928 0.10508474576271186 0.16666666666666666 0.10508474576271186 0.15782828282828282 0.11186440677966102 0.18181818181818182 0.11864406779661017 0.20454545454545456 0.1271186440677966 0.22348484848484848 0.13898305084745763
0 0.15782828282828282 0.3016949152542373 0.15782828282828282 0.3338983050847458 0.1553030303030303 0.3610169491525424 0.14898989898989898 0.38305084745762713 0.1414141414141414 0.40508474576271186 0.1351010101010101 0.3694915254237288 0.13636363636363635 0.34915254237288135 0.1388888888888889 0.32033898305084746 0.14772727272727273 0.29152542372881357
5 0.88510101010101 0.7305084745762712 0.9646464646464646 0.6169491525423729 0.9671717171717171 0.652542372881356 0.8838383838383839 0.7830508474576271