8 0.46129541864139023 0.6659663865546218 0.47709320695102686 0.8046218487394958 0.4849921011058452 0.7563025210084033 0.4802527646129542 0.6617647058823529 0.4186413902053712 0.5819327731092437 0.4028436018957346 0.5777310924369747 0.46129541864139023 0.6659663865546218
6 0.48973143759873616 0.6743697478991597 0.5071090047393365 0.680672268907563 0.5055292259083728 0.6722689075630253 0.4881516587677725 0.6680672268907563 0.4707740916271722 0.657563025210084 0.46919431279620855 0.6659663865546218 0.48973143759873616 0.6743697478991597
6 0.46445497630331756 0.6785714285714286 0.4676145339652449 0.6932773109243697 0.47393364928909953 0.7163865546218487 0.4802527646129542 0.7184873949579832 0.47393364928909953 0.6974789915966386 0.4707740916271722 0.6827731092436975 0.47235387045813587 0.6722689075630253 0.4660347551342812 0.6680672268907563 0.46445497630331756 0.6785714285714286
6 0.5497630331753555 0.6890756302521008 0.5481832543443917 0.680672268907563 0.5402843601895735 0.6827731092436975 0.5418641390205371 0.6890756302521008 0.5497630331753555 0.6890756302521008
6 0.5892575039494471 0.6932773109243697 0.5813586097946287 0.6848739495798319 0.5813586097946287 0.6953781512605042 0.5892575039494471 0.6932773109243697
6 0.5545023696682464 0.7394957983193278 0.5592417061611374 0.7331932773109243 0.5529225908372828 0.726890756302521 0.5497630331753555 0.7352941176470589 0.5545023696682464 0.7394957983193278
6 0.5655608214849921 0.7457983193277311 0.5639810426540285 0.7331932773109243 0.5560821484992101 0.7415966386554622 0.5655608214849921 0.7457983193277311
6 0.5229067930489731 0.7058823529411765 0.5197472353870458 0.6974789915966386 0.5102685624012638 0.6953781512605042 0.5102685624012638 0.7037815126050421 0.5229067930489731 0.7058823529411765
6 0.49447077409162715 0.8067226890756303 0.48973143759873616 0.7962184873949579 0.4802527646129542 0.7941176470588235 0.4802527646129542 0.8046218487394958 0.49447077409162715 0.8067226890756303
8 0.44075829383886256 0.8802521008403361 0.4565560821484992 0.8886554621848739 0.5023696682464455 0.8886554621848739 0.4976303317535545 0.8697478991596639 0.46445497630331756 0.8592436974789915 0.44075829383886256 0.8802521008403361
8 0.4344391785150079 0.7773109243697479 0.4296998420221169 0.7962184873949579 0.44075829383886256 0.8046218487394958 0.4470774091627172 0.7878151260504201 0.4913112164296998 0.7983193277310925 0.48973143759873616 0.7836134453781513 0.4470774091627172 0.7710084033613446 0.4344391785150079 0.7773109243697479
1 0.2527646129541864 0.5756302521008403 0.2480252764612954 0.6071428571428571 0.2480252764612954 0.6407563025210085 0.2527646129541864 0.6953781512605042 0.26224328593996843 0.7247899159663865 0.27330173775671407 0.7626050420168067 0.2890995260663507 0.7962184873949579 0.3080568720379147 0.8130252100840336 0.325434439178515 0.8067226890756303 0.31911532385466035 0.792016806722689 0.3127962085308057 0.7710084033613446 0.3048973143759874 0.7457983193277311 0.28751974723538704 0.726890756302521 0.2796208530805687 0.6911764705882353 0.2685624012638231 0.6764705882352942 0.27804107424960506 0.6491596638655462 0.2890995260663507 0.6302521008403361 0.2890995260663507 0.5882352941176471 0.2669826224328594 0.5588235294117647 0.2527646129541864 0.5756302521008403
5 0.8625592417061612 0.7815126050420168 0.9399684044233807 0.7205882352941176 0.9510268562401264 0.6449579831932774 0.8720379146919431 0.707983193277311 0.8625592417061612 0.7815126050420168