8 0.44110275689223055 0.41736227045075125 0.4273182957393484 0.4090150250417362 0.40601503759398494 0.3989983305509182 0.39348370927318294 0.3989983305509182 0.37593984962406013 0.3973288814691152 0.35714285714285715 0.38397328881469117 0.3383458646616541 0.39065108514190316 0.32205513784461154 0.3806343906510851 0.3057644110275689 0.3806343906510851 0.30701754385964913 0.39065108514190316 0.2869674185463659 0.38564273789649417 0.2631578947368421 0.3739565943238731 0.2631578947368421 0.38898163606010017 0.22681704260651628 0.38898163606010017 0.20802005012531327 0.38898163606010017 0.24060150375939848 0.4056761268781302 0.24060150375939848 0.41903171953255425 0.24310776942355888 0.4273789649415693 0.2669172932330827 0.4307178631051753 0.2807017543859649 0.4373956594323873 0.2907268170426065 0.44240400667779634 0.2819548872180451 0.4257095158597663 0.2606516290726817 0.41903171953255425 0.2506265664160401 0.41903171953255425 0.2518796992481203 0.4040066777963272 0.2819548872180451 0.4023372287145242 0.30701754385964913 0.4090150250417362 0.3308270676691729 0.4090150250417362 0.3308270676691729 0.41903171953255425 0.3458646616541353 0.4257095158597663 0.3634085213032581 0.41402337228714525 0.38095238095238093 0.4090150250417362 0.40601503759398494 0.4273789649415693 0.4197994987468672 0.4373956594323873 0.4398496240601504 0.44741235392320533 0.4649122807017544 0.4540901502504174 0.48120300751879697 0.46243739565943237 0.49874686716791977 0.4724540901502504 0.5112781954887218 0.4674457429048414 0.5037593984962406 0.4607679465776294 0.48120300751879697 0.4540901502504174 0.46867167919799496 0.44240400667779634 0.45363408521303256 0.4273789649415693 0.44110275689223055 0.41736227045075125
8 0.31453634085213034 0.5075125208681135 0.31453634085213034 0.5191986644407346 0.32456140350877194 0.5225375626043406 0.33208020050125314 0.5258764607679466 0.3408521303258145 0.5292153589315526 0.33959899749373434 0.5175292153589316 0.32706766917293234 0.5125208681135225 0.31453634085213034 0.5075125208681135
8 0.34461152882205515 0.5926544240400667 0.34962406015037595 0.5876460767946577 0.34962406015037595 0.5826377295492488 0.3458646616541353 0.5726210350584308 0.3383458646616541 0.5609348914858097 0.33208020050125314 0.5492487479131887 0.3283208020050125 0.5442404006677797 0.3233082706766917 0.5459098497495827 0.32957393483709274 0.5559265442404007 0.33709273182957394 0.5692821368948247 0.34210526315789475 0.5843071786310517 0.34461152882205515 0.5926544240400667
0 0.6290726817042607 0.4791318864774624 0.6466165413533834 0.4974958263772955 0.6691729323308271 0.5392320534223706 0.6804511278195489 0.5325542570951586 0.6679197994987469 0.48247078464106846 0.656641604010025 0.4657762938230384 0.681704260651629 0.4557595993322204 0.6917293233082706 0.4540901502504174 0.6942355889724311 0.4357262103505843 0.7005012531328321 0.4240400667779633 0.7205513784461153 0.4056761268781302 0.7844611528822055 0.335559265442404 0.8020050125313283 0.31719532554257096 0.8045112781954887 0.3088480801335559 0.8057644110275689 0.3038397328881469 0.8032581453634086 0.3021702838063439 0.8007518796992481 0.3021702838063439 0.7919799498746867 0.3055091819699499 0.7769423558897243 0.32387312186978295 0.7443609022556391 0.35392320534223703 0.6979949874686717 0.4006677796327212 0.6766917293233082 0.4273789649415693 0.6754385964912281 0.43906510851419034 0.6754385964912281 0.44574290484140233 0.6691729323308271 0.44574290484140233 0.6516290726817042 0.44574290484140233 0.6265664160401002 0.44741235392320533 0.5964912280701754 0.44908180300500833 0.5676691729323309 0.4557595993322204 0.5325814536340853 0.4657762938230384 0.5112781954887218 0.4691151919866444 0.48370927318295737 0.46410684474123537 0.5025062656641605 0.48580968280467446 0.5576441102756893 0.48247078464106846 0.5889724310776943 0.4774624373956594 0.6152882205513784 0.4757929883138564 0.6290726817042607 0.4791318864774624
3 0.15914786967418545 0.5375626043405676 0.15288220551378445 0.5208681135225376 0.15037593984962405 0.5025041736227045 0.15037593984962405 0.48580968280467446 0.15162907268170425 0.4707846410684474 0.15162907268170425 0.4590984974958264 0.16541353383458646 0.44574290484140233 0.16666666666666666 0.41903171953255425 0.16791979949874686 0.39565943238731216 0.17167919799498746 0.3756260434056761 0.16290726817042606 0.335559265442404 0.14786967418546365 0.32220367278797996 0.13659147869674185 0.3121869782971619 0.12531328320802004 0.3038397328881469 0.11528822055137844 0.29716193656093487 0.10401002506265664 0.2938230383973289 0.09774436090225563 0.2838063439065108 0.09022556390977443 0.28046744574290483 0.12781954887218044 0.5692821368948247 0.13533834586466165 0.5742904841402338 0.14160401002506265 0.5776293823038398 0.15037593984962405 0.5843071786310517 0.15413533834586465 0.5876460767946577 0.16290726817042606 0.5909849749582637 0.16917293233082706 0.5976627712854758 0.18295739348370926 0.6126878130217028 0.19298245614035087 0.6193656093489148 0.18922305764411027 0.6043405676126878 0.18045112781954886 0.5859766277128547 0.16917293233082706 0.5642737896494157 0.15914786967418545 0.5375626043405676
3 0.2531328320802005 0.4674457429048414 0.2631578947368421 0.4741235392320534 0.2706766917293233 0.48414023372287146 0.2819548872180451 0.49248747913188645 0.2932330827067669 0.5041736227045075 0.30451127819548873 0.5208681135225376 0.31704260651629074 0.5392320534223706 0.32706766917293234 0.5542570951585977 0.3308270676691729 0.5709515859766278 0.3408521303258145 0.5809682804674458 0.3483709273182957 0.5776293823038398 0.3533834586466165 0.5642737896494157 0.37218045112781956 0.5592654424040067 0.39348370927318294 0.5575959933222037 0.40852130325814534 0.5542570951585977 0.4223057644110276 0.5509181969949917 0.43734335839599 0.5375626043405676 0.44360902255639095 0.5225375626043406 0.44862155388471175 0.5075125208681135 0.45112781954887216 0.48914858096828046 0.45614035087719296 0.4791318864774624 0.47368421052631576 0.48080133555926546 0.49373433583959897 0.48414023372287146 0.518796992481203 0.48414023372287146 0.5463659147869674 0.48914858096828046 0.5626566416040101 0.4958263772954925 0.5952380952380952 0.49248747913188645 0.6328320802005013 0.49248747913188645 0.6466165413533834 0.5041736227045075 0.6453634085213033 0.49081803005008345 0.6416040100250626 0.4774624373956594 0.631578947368421 0.46410684474123537 0.6177944862155389 0.4524207011686144 0.6115288220551378 0.43906510851419034 0.5952380952380952 0.42237061769616024 0.575187969924812 0.41402337228714525 0.5538847117794486 0.4073455759599332 0.5388471177944862 0.3989983305509182 0.5137844611528822 0.39232053422370616 0.5 0.38898163606010017 0.4824561403508772 0.38731218697829717 0.4724310776942356 0.38564273789649417 0.45363408521303256 0.3772954924874791 0.44110275689223055 0.3656093489148581 0.4273182957393484 0.3555926544240401 0.40977443609022557 0.34223706176961605 0.39849624060150374 0.333889816360601 0.37593984962406013 0.328881469115192 0.3508771929824561 0.328881469115192 0.32957393483709274 0.328881469115192 0.3032581453634085 0.337228714524207 0.2819548872180451 0.34390651085141904 0.23934837092731828 0.35225375626043404 0.22180451127819548 0.35392320534223703 0.20175438596491227 0.3722871452420701 0.19924812030075187 0.39398998330550916 0.20175438596491227 0.41402337228714525 0.21303258145363407 0.43906510851419034 0.22807017543859648 0.4507512520868113 0.24060150375939848 0.4590984974958264 0.2531328320802005 0.4674457429048414
5 0.8082706766917294 0.2838063439065108 0.8082706766917294 0.2871452420701169 0.8095238095238095 0.2904841402337229 0.8070175438596491 0.2938230383973289 0.8057644110275689 0.29549248747913187 0.8057644110275689 0.2988313856427379 0.8045112781954887 0.3055091819699499 0.8107769423558897 0.3088480801335559 0.8145363408521303 0.3105175292153589 0.8170426065162907 0.3105175292153589 0.818295739348371 0.31385642737896496 0.8195488721804511 0.3105175292153589 0.8195488721804511 0.3071786310517529 0.8208020050125313 0.3038397328881469 0.8220551378446115 0.3005008347245409 0.8208020050125313 0.29716193656093487 0.8195488721804511 0.2938230383973289 0.8170426065162907 0.2904841402337229 0.8157894736842105 0.2871452420701169 0.8132832080200502 0.2838063439065108 0.8107769423558897 0.27545909849749584 0.8057644110275689 0.2704507512520868 0.8070175438596491 0.27378964941569284 0.8070175438596491 0.27712854757929883 0.8082706766917294 0.28046744574290483 0.8082706766917294 0.2838063439065108
0 0.6140350877192983 0.4741235392320534 0.5889724310776943 0.4707846410684474 0.5526315789473685 0.4757929883138564 0.5075187969924813 0.4741235392320534 0.47368421052631576 0.4741235392320534 0.4398496240601504 0.4757929883138564 0.42105263157894735 0.48080133555926546 0.42105263157894735 0.4974958263772955 0.4298245614035088 0.5141903171953256 0.44360902255639095 0.5292153589315526 0.4523809523809524 0.5442404006677797 0.462406015037594 0.5642737896494157 0.487468671679198 0.5642737896494157 0.5300751879699248 0.5642737896494157 0.5726817042606517 0.5626043405676127 0.6278195488721805 0.5525876460767947 0.6704260651629073 0.5392320534223706 0.650375939849624 0.5041736227045075 0.6328320802005013 0.48414023372287146 0.6140350877192983 0.4741235392320534
0 0.4649122807017544 0.667779632721202 0.47368421052631576 0.662771285475793 0.4774436090225564 0.654424040066778 0.47869674185463656 0.6410684474123539 0.47619047619047616 0.6277128547579299 0.47117794486215536 0.6110183639398998 0.4649122807017544 0.5943238731218697 0.462406015037594 0.5776293823038398 0.4724310776942356 0.5642737896494157 0.4573934837092732 0.5609348914858097 0.449874686716792 0.5659432387312187 0.4523809523809524 0.5826377295492488 0.4573934837092732 0.6026711185308848 0.46365914786967416 0.6243739565943238 0.4649122807017544 0.6444073455759599 0.4598997493734336 0.6527545909849749 0.39097744360902253 0.6444073455759599 0.3634085213032581 0.6427378964941569 0.37092731829573933 0.66110183639399 0.38721804511278196 0.666110183639399 0.4649122807017544 0.667779632721202
0 0.14035087719298245 0.5375626043405676 0.14160401002506265 0.5308848080133556 0.14661654135338345 0.5208681135225376 0.14035087719298245 0.5108514190317195 0.13408521303258145 0.4991652754590985 0.12656641604010024 0.48080133555926546 0.12030075187969924 0.44407345575959933 0.11528822055137844 0.42237061769616024 0.10902255639097744 0.4023372287145242 0.10025062656641603 0.34891485809682804 0.09899749373433583 0.32554257095158595 0.09398496240601503 0.3038397328881469 0.08771929824561403 0.2988313856427379 0.08521303258145363 0.3071786310517529 0.08521303258145363 0.32387312186978295 0.08771929824561403 0.34223706176961605 0.09022556390977443 0.3639398998330551 0.09523809523809523 0.39065108514190316 0.10275689223057644 0.4273789649415693 0.12155388471177944 0.5041736227045075 0.12656641604010024 0.5392320534223706 0.13659147869674185 0.5742904841402338 0.14536340852130325 0.5792988313856428 0.14285714285714285 0.5626043405676127 0.14035087719298245 0.5375626043405676
0 0.22431077694235588 0.32387312186978295 0.2844611528822055 0.34891485809682804 0.3483709273182957 0.38397328881469117 0.39473684210526316 0.4056761268781302 0.36466165413533835 0.3772954924874791 0.33208020050125314 0.35392320534223703 0.2957393483709273 0.332220367278798 0.21679197994987467 0.3038397328881469 0.16040100250626566 0.28046744574290483 0.16290726817042606 0.2921535893155259 0.17794486215538846 0.3038397328881469 0.22431077694235588 0.32387312186978295
0 0.19799498746867167 0.44073455759599334 0.17293233082706766 0.44240400667779634 0.15538847117794485 0.4574290484140234 0.14786967418546365 0.48080133555926546 0.15037593984962405 0.5141903171953256 0.15413533834586465 0.5392320534223706 0.17167919799498746 0.5659432387312187 0.18170426065162906 0.5692821368948247 0.17042606516290726 0.5141903171953256 0.17042606516290726 0.48247078464106846 0.18170426065162906 0.4590984974958264 0.19799498746867167 0.44073455759599334
5 0.8208020050125313 0.42070116861435725 0.7393483709273183 0.5292153589315526 0.7380952380952381 0.5859766277128547 0.8195488721804511 0.4741235392320534 0.8208020050125313 0.42070116861435725