6 0.135678391959799 0.21237458193979933 0.14949748743718594 0.23076923076923078 0.14698492462311558 0.2508361204013378 0.13693467336683418 0.2391304347826087 0.135678391959799 0.225752508361204
8 0.17839195979899497 0.2491638795986622 0.20100502512562815 0.2591973244147157 0.2198492462311558 0.2709030100334448 0.22738693467336685 0.2976588628762542 0.19974874371859297 0.2826086956521739 0.18090452261306533 0.26755852842809363
8 0.34045226130653267 0.34782608695652173 0.35678391959798994 0.35785953177257523 0.3706030150753769 0.3695652173913043 0.3706030150753769 0.391304347826087 0.36809045226130654 0.411371237458194 0.3530150753768844 0.41304347826086957 0.35678391959798994 0.40301003344481606 0.35804020100502515 0.3862876254180602 0.3555276381909548 0.3729096989966555 0.3379396984924623 0.362876254180602
8 0.39949748743718594 0.3879598662207358 0.42085427135678394 0.40468227424749165 0.4510050251256281 0.42642140468227424 0.47613065326633164 0.431438127090301 0.5125628140703518 0.46321070234113715 0.542713567839196 0.4866220735785953 0.5866834170854272 0.520066889632107 0.5866834170854272 0.5367892976588629 0.4962311557788945 0.47157190635451507 0.4434673366834171 0.43812709030100333 0.4057788944723618 0.41304347826086957 0.3957286432160804 0.40301003344481606
8 0.614321608040201 0.5434782608695652 0.6306532663316583 0.5468227424749164 0.6444723618090452 0.5635451505016722 0.6545226130653267 0.5769230769230769 0.6419597989949749 0.580267558528428 0.6256281407035176 0.5652173913043478
8 0.6494974874371859 0.5936454849498328 0.6608040201005025 0.6053511705685619 0.6771356783919598 0.6187290969899666 0.664572864321608 0.6220735785953178 0.6520100502512562 0.6137123745819398
8 0.7286432160804021 0.637123745819398 0.7512562814070352 0.6588628762541806 0.7361809045226131 0.6605351170568562 0.7273869346733668 0.6521739130434783
8 0.7625628140703518 0.6739130434782609 0.7763819095477387 0.68561872909699 0.7688442211055276 0.6923076923076923 0.7600502512562815 0.6889632107023411
8 0.8241206030150754 0.7240802675585284 0.8505025125628141 0.745819397993311 0.8680904522613065 0.7608695652173914 0.8542713567839196 0.7642140468227425 0.835427135678392 0.745819397993311
8 0.7298994974874372 0.6789297658862876 0.7487437185929648 0.6872909698996655 0.7587939698492462 0.7006688963210702 0.7474874371859297 0.705685618729097 0.7374371859296482 0.6939799331103679
8 0.40954773869346733 0.5886287625418061 0.44472361809045224 0.617056856187291 0.47361809045226133 0.6505016722408027 0.4472361809045226 0.6354515050167224 0.41457286432160806 0.6070234113712375
8 0.15577889447236182 0.3862876254180602 0.17336683417085427 0.39464882943143814 0.20603015075376885 0.4230769230769231 0.25 0.45652173913043476 0.28266331658291455 0.4866220735785953 0.3391959798994975 0.5317725752508361 0.33040201005025127 0.540133779264214 0.24874371859296482 0.4816053511705686 0.17587939698492464 0.41304347826086957
8 0.36180904522613067 0.43645484949832775 0.3756281407035176 0.44481605351170567 0.3743718592964824 0.46488294314381273 0.3655778894472362 0.4498327759197324
8 0.2851758793969849 0.3896321070234114 0.3015075376884422 0.3979933110367893 0.3065326633165829 0.411371237458194
8 0.35175879396984927 0.5501672240802675 0.3731155778894472 0.5635451505016722 0.38316582914572866 0.5819397993311036 0.37185929648241206 0.5752508361204013 0.35804020100502515 0.5652173913043478
8 0.9321608040201005 0.8979933110367893 0.9585427135678392 0.931438127090301 0.9233668341708543 0.9765886287625418 0.8944723618090452 0.9916387959866221 0.8605527638190955 0.9648829431438127 0.8693467336683417 0.9364548494983278 0.8994974874371859 0.9130434782608695
3 0.11180904522613065 0.23578595317725753 0.12814070351758794 0.30434782608695654 0.14195979899497488 0.34782608695652173 0.17839195979899497 0.362876254180602 0.17587939698492464 0.30434782608695654 0.1721105527638191 0.23578595317725753 0.1306532663316583 0.1605351170568562
8 0.3655778894472362 0.32608695652173914 0.3693467336683417 0.3511705685618729 0.3731155778894472 0.3093645484949833
8 0.3793969849246231 0.3595317725752508 0.3869346733668342 0.3879598662207358 0.38190954773869346 0.4180602006688963
8 0.34296482412060303 0.5267558528428093 0.33040201005025127 0.5150501672240803 0.34296482412060303 0.5083612040133779
8 0.9585427135678392 0.8478260869565217 0.9711055276381909 0.8160535117056856 0.9949748743718593 0.8260869565217391
3 0.5979899497487438 0.2842809364548495 0.5703517587939698 0.3110367892976589 0.571608040201005 0.3729096989966555 0.5904522613065326 0.411371237458194 0.6030150753768844 0.3729096989966555 0.6030150753768844 0.32441471571906355
3 0.44221105527638194 0.40468227424749165 0.4949748743718593 0.4331103678929766 0.5577889447236181 0.479933110367893 0.5942211055276382 0.5083612040133779 0.635678391959799 0.540133779264214 0.6721105527638191 0.5735785953177257 0.6633165829145728 0.617056856187291 0.6130653266331658 0.5936454849498328 0.542713567839196 0.5351170568561873 0.5 0.4983277591973244 0.4535175879396985 0.4498327759197324
3 0.7211055276381909 0.6103678929765887 0.7688442211055276 0.6521739130434783 0.7989949748743719 0.7006688963210702 0.7650753768844221 0.7157190635451505 0.7349246231155779 0.68561872909699 0.7160804020100503 0.6521739130434783 0.7047738693467337 0.6220735785953178
8 0.38944723618090454 0.46488294314381273 0.39824120603015073 0.5016722408026756 0.39824120603015073 0.5384615384615384 0.39824120603015073 0.5635451505016722 0.3869346733668342 0.4765886287625418 0.3869346733668342 0.5 0.3869346733668342 0.5250836120401338