6 0.7814070351758794 0.654424040066778 0.792713567839196 0.659432387312187 0.7989949748743719 0.669449081803005 0.8040201005025126 0.679465776293823 0.8040201005025126 0.6878130217028381 0.8027638190954773 0.6994991652754591 0.8052763819095478 0.7028380634390651 0.8052763819095478 0.7061769616026711 0.8015075376884422 0.7095158597662772 0.7977386934673367 0.7161936560934892 0.7952261306532663 0.7212020033388982 0.7864321608040201 0.7178631051752922 0.7801507537688442 0.7178631051752922 0.7738693467336684 0.7111853088480802 0.7726130653266332 0.7011686143572621 0.7663316582914573 0.6978297161936561 0.7650753768844221 0.6878130217028381 0.7663316582914573 0.672787979966611 0.7688442211055276 0.664440734557596 0.7713567839195979 0.657762938230384 0.7751256281407035 0.656093489148581
6 0.8505025125628141 0.6343906510851419 0.8517587939698492 0.6444073455759599 0.8555276381909548 0.6494156928213689 0.8542713567839196 0.656093489148581 0.8517587939698492 0.662771285475793 0.8517587939698492 0.669449081803005 0.8467336683417085 0.67779632721202 0.8467336683417085 0.666110183639399 0.8492462311557789 0.6527545909849749
6 0.8442211055276382 0.6828046744574291 0.8492462311557789 0.6911519198664441 0.8492462311557789 0.6961602671118531 0.8454773869346733 0.6994991652754591 0.8442211055276382 0.7145242070116862 0.8454773869346733 0.7228714524207012 0.8467336683417085 0.7295492487479132 0.8417085427135679 0.7345575959933222 0.8379396984924623 0.7395659432387313 0.8341708542713567 0.7395659432387313 0.8366834170854272 0.7245409015025042 0.8417085427135679 0.6978297161936561
6 0.835427135678392 0.7429048414023373 0.8379396984924623 0.7495826377295493 0.8417085427135679 0.7562604340567612 0.8404522613065326 0.7629382303839732 0.8366834170854272 0.7662771285475793 0.8366834170854272 0.7746243739565943 0.835427135678392 0.7813021702838063 0.8316582914572864 0.7829716193656093 0.8266331658291457 0.7813021702838063 0.8266331658291457 0.7729549248747913 0.8304020100502513 0.7579298831385642 0.8329145728643216 0.7479131886477463
8 0.1708542713567839 0.2838063439065108 0.1771356783919598 0.29549248747913187 0.18467336683417085 0.3071786310517529 0.1884422110552764 0.31886477462437396 0.19472361809045227 0.327212020033389 0.1984924623115578 0.332220367278798 0.2022613065326633 0.34056761268781305 0.20854271356783918 0.34724540901502504 0.2135678391959799 0.35392320534223703 0.22110552763819097 0.3606010016694491 0.23115577889447236 0.3739565943238731 0.23618090452261306 0.3789649415692821 0.23492462311557788 0.37061769616026713 0.22989949748743718 0.3622704507512521 0.22110552763819097 0.35058430717863104 0.2135678391959799 0.34056761268781305 0.20603015075376885 0.335559265442404 0.2022613065326633 0.328881469115192 0.19597989949748743 0.31886477462437396 0.1922110552763819 0.3088480801335559 0.1884422110552764 0.3005008347245409 0.18341708542713567 0.2938230383973289 0.18467336683417085 0.2871452420701169 0.17964824120603015 0.2838063439065108 0.17587939698492464 0.28213689482470783
8 0.18341708542713567 0.2854757929883139 0.19472361809045227 0.2921535893155259 0.2022613065326633 0.29716193656093487 0.20979899497487436 0.3071786310517529 0.20728643216080403 0.31385642737896496 0.2022613065326633 0.31719532554257096 0.20477386934673367 0.327212020033389 0.1984924623115578 0.32387312186978295 0.1972361809045226 0.31552587646076796 0.1934673366834171 0.3021702838063439 0.18969849246231155 0.29549248747913187 0.18467336683417085 0.2904841402337229
8 0.23492462311557788 0.35058430717863104 0.24120603015075376 0.34891485809682804 0.24748743718592964 0.34891485809682804 0.24748743718592964 0.3572621035058431 0.24623115577889448 0.3656093489148581 0.25 0.3756260434056761 0.24623115577889448 0.3772954924874791 0.23492462311557788 0.3656093489148581
8 0.542713567839196 0.41903171953255425 0.5690954773869347 0.4257095158597663 0.5879396984924623 0.4290484140233723 0.614321608040201 0.4357262103505843 0.6293969849246231 0.4357262103505843 0.6419597989949749 0.43906510851419034 0.6557788944723618 0.44908180300500833 0.6695979899497487 0.4540901502504174 0.6859296482412061 0.4607679465776294 0.6909547738693468 0.4691151919866444 0.664572864321608 0.46243739565943237 0.6394472361809045 0.4540901502504174 0.6243718592964824 0.44908180300500833 0.6055276381909548 0.44574290484140233 0.5904522613065326 0.44073455759599334 0.5741206030150754 0.4357262103505843 0.5603015075376885 0.4340567612687813 0.550251256281407 0.4273789649415693
8 0.6231155778894473 0.3806343906510851 0.635678391959799 0.3806343906510851 0.6469849246231156 0.3806343906510851 0.6620603015075377 0.38397328881469117 0.6733668341708543 0.38731218697829717 0.6846733668341709 0.39398998330550916 0.6670854271356784 0.39398998330550916 0.6482412060301508 0.38898163606010017 0.635678391959799 0.38731218697829717 0.6206030150753769 0.38564273789649417
8 0.7952261306532663 0.5208681135225376 0.7989949748743719 0.5041736227045075 0.8103015075376885 0.49248747913188645 0.8153266331658291 0.48414023372287146 0.8165829145728644 0.4707846410684474 0.8241206030150754 0.4707846410684474 0.8304020100502513 0.4707846410684474 0.8379396984924623 0.4757929883138564 0.842964824120603 0.4691151919866444 0.8404522613065326 0.4607679465776294 0.8329145728643216 0.4574290484140234 0.8266331658291457 0.4607679465776294 0.8178391959798995 0.4607679465776294 0.8140703517587939 0.4574290484140234 0.8103015075376885 0.4507512520868113 0.800251256281407 0.4507512520868113 0.7989949748743719 0.46410684474123537 0.7952261306532663 0.4674457429048414 0.7864321608040201 0.4757929883138564 0.7801507537688442 0.4774624373956594 0.7763819095477387 0.48914858096828046 0.7814070351758794 0.4941569282136895 0.792713567839196 0.49248747913188645 0.7914572864321608 0.5008347245409015 0.7876884422110553 0.5108514190317195 0.7876884422110553 0.5175292153589316
8 0.8768844221105527 0.3973288814691152 0.8706030150753769 0.39398998330550916 0.8618090452261307 0.39232053422370616 0.8592964824120602 0.4006677796327212 0.8592964824120602 0.4056761268781302 0.8542713567839196 0.4023372287145242 0.8467336683417085 0.4006677796327212 0.8391959798994975 0.4006677796327212 0.8442211055276382 0.41402337228714525 0.8517587939698492 0.42237061769616024 0.8555276381909548 0.4307178631051753 0.8605527638190955 0.4373956594323873 0.8655778894472361 0.44073455759599334 0.864321608040201 0.4507512520868113 0.8605527638190955 0.4607679465776294 0.8542713567839196 0.4691151919866444 0.8505025125628141 0.48247078464106846 0.8467336683417085 0.49081803005008345 0.8555276381909548 0.5025041736227045 0.8567839195979899 0.5191986644407346 0.8567839195979899 0.5308848080133556 0.8580402010050251 0.5425709515859767 0.8630653266331658 0.5392320534223706 0.864321608040201 0.5275459098497496 0.8668341708542714 0.5058430717863105 0.8693467336683417 0.49248747913188645 0.864321608040201 0.4774624373956594 0.864321608040201 0.4674457429048414 0.8680904522613065 0.4590984974958264 0.871859296482412 0.4507512520868113 0.8756281407035176 0.43906510851419034 0.8768844221105527 0.42237061769616024 0.878140703517588 0.4090150250417362 0.878140703517588 0.4023372287145242
8 0.8819095477386935 0.5475792988313857 0.878140703517588 0.5392320534223706 0.8768844221105527 0.5258764607679466 0.878140703517588 0.5125208681135225 0.8819095477386935 0.4991652754590985 0.8844221105527639 0.48580968280467446 0.8869346733668342 0.4707846410684474 0.8894472361809045 0.4557595993322204 0.8919597989949749 0.43906510851419034 0.8907035175879398 0.4290484140233723 0.8919597989949749 0.41903171953255425 0.8894472361809045 0.4090150250417362 0.8907035175879398 0.4006677796327212 0.8994974874371859 0.3973288814691152 0.9045226130653267 0.4023372287145242 0.907035175879397 0.41402337228714525 0.907035175879397 0.4290484140233723 0.9057788944723618 0.44240400667779634 0.9045226130653267 0.4574290484140234 0.9032663316582915 0.4674457429048414 0.9045226130653267 0.4791318864774624 0.9020100502512562 0.48914858096828046 0.8982412060301508 0.5025041736227045 0.8944723618090452 0.5091819699499165 0.8957286432160804 0.5175292153589316 0.8932160804020101 0.5242070116861436 0.8894472361809045 0.5325542570951586 0.8919597989949749 0.5375626043405676 0.8919597989949749 0.5459098497495827 0.885678391959799 0.5475792988313857
8 0.9057788944723618 0.4741235392320534 0.914572864321608 0.4757929883138564 0.9195979899497487 0.4791318864774624 0.9271356783919598 0.4791318864774624 0.9321608040201005 0.48080133555926546 0.9371859296482412 0.48247078464106846 0.9346733668341709 0.48914858096828046 0.9258793969849246 0.48914858096828046 0.9183417085427136 0.48747913188647746 0.9095477386934674 0.48414023372287146 0.9045226130653267 0.48080133555926546
8 0.9459798994974874 0.48747913188647746 0.9510050251256281 0.49081803005008345 0.9510050251256281 0.4991652754590985 0.9459798994974874 0.5008347245409015 0.9422110552763819 0.4958263772954925 0.9396984924623115 0.49081803005008345 0.9384422110552764 0.48747913188647746 0.9409547738693468 0.48747913188647746
3 0.8605527638190955 0.5375626043405676 0.8655778894472361 0.5141903171953256 0.8668341708542714 0.49081803005008345 0.8693467336683417 0.4741235392320534 0.8743718592964824 0.44574290484140233 0.8756281407035176 0.42237061769616024 0.878140703517588 0.4040066777963272 0.871859296482412 0.3973288814691152 0.8555276381909548 0.3989983305509182 0.8379396984924623 0.41402337228714525 0.8278894472361809 0.42237061769616024 0.8103015075376885 0.4373956594323873 0.7989949748743719 0.44908180300500833 0.7889447236180904 0.43906510851419034 0.7738693467336684 0.44407345575959933 0.7625628140703518 0.4590984974958264 0.7864321608040201 0.4724540901502504 0.7977386934673367 0.48414023372287146 0.792713567839196 0.5041736227045075 0.7914572864321608 0.5208681135225376 0.8027638190954773 0.5325542570951586 0.8165829145728644 0.5308848080133556 0.8291457286432161 0.5308848080133556 0.8454773869346733 0.5308848080133556 0.8530150753768844 0.5325542570951586
3 0.8831658291457286 0.4006677796327212 0.8907035175879398 0.3989983305509182 0.9020100502512562 0.4006677796327212 0.9057788944723618 0.41903171953255425 0.9082914572864321 0.4307178631051753 0.9183417085427136 0.4340567612687813 0.9321608040201005 0.44908180300500833 0.9422110552763819 0.4590984974958264 0.9510050251256281 0.4657762938230384 0.9560301507537688 0.4791318864774624 0.9547738693467337 0.49081803005008345 0.9459798994974874 0.4991652754590985 0.9296482412060302 0.5025041736227045 0.9208542713567839 0.5091819699499165 0.9158291457286433 0.5191986644407346 0.9032663316582915 0.5275459098497496 0.8957286432160804 0.5308848080133556 0.8894472361809045 0.5409015025041736 0.8793969849246231 0.5425709515859767 0.8756281407035176 0.5342237061769616 0.8693467336683417 0.5342237061769616 0.8680904522613065 0.5141903171953256 0.8706030150753769 0.49248747913188645 0.871859296482412 0.4741235392320534 0.8743718592964824 0.4574290484140234 0.8768844221105527 0.44073455759599334 0.8793969849246231 0.42070116861435725 0.8793969849246231 0.41235392320534225
8 0.20728643216080403 0.4240400667779633 0.2022613065326633 0.39565943238731216 0.23115577889447236 0.4357262103505843 0.2537688442211055 0.4574290484140234 0.2537688442211055 0.43906510851419034 0.2537688442211055 0.42237061769616024 0.24623115577889448 0.3989983305509182 0.24246231155778894 0.38397328881469117 0.20603015075376885 0.34724540901502504 0.17462311557788945 0.31552587646076796 0.1457286432160804 0.2938230383973289 0.114321608040201 0.28046744574290483 0.08668341708542714 0.28213689482470783 0.06532663316582915 0.28213689482470783 0.06532663316582915 0.3021702838063439 0.03768844221105527 0.2921535893155259 0.028894472361809045 0.2988313856427379 0.02763819095477387 0.3121869782971619 0.03015075376884422 0.330550918196995 0.05025125628140704 0.34056761268781305 0.07035175879396985 0.35058430717863104 0.0829145728643216 0.34390651085141904 0.10301507537688442 0.34390651085141904 0.12814070351758794 0.3555926544240401 0.1658291457286432 0.3739565943238731 0.18216080402010051 0.39232053422370616