8 0.5710691823899371 0.05008347245409015 0.5710691823899371 0.045075125208681135 0.5710691823899371 0.04006677796327212 0.5685534591194968 0.035058430717863104 0.5635220125786163 0.04006677796327212 0.5622641509433962 0.04674457429048414 0.5610062893081761 0.05342237061769616 0.5610062893081761 0.06176961602671119 0.5660377358490566 0.06343906510851419 0.5672955974842767 0.05676126878130217 0.5710691823899371 0.05008347245409015
8 0.4327044025157233 0.3055091819699499 0.44025157232704404 0.3055091819699499 0.44528301886792454 0.2988313856427379 0.4389937106918239 0.29716193656093487 0.43522012578616354 0.2921535893155259 0.4327044025157233 0.2921535893155259 0.4276729559748428 0.2921535893155259 0.4226415094339623 0.2921535893155259 0.42012578616352203 0.29716193656093487 0.4226415094339623 0.3055091819699499 0.4276729559748428 0.3071786310517529 0.4327044025157233 0.3055091819699499
6 0.4025157232704403 0.5492487479131887 0.4037735849056604 0.5392320534223706 0.4088050314465409 0.5292153589315526 0.41635220125786165 0.5308848080133556 0.43018867924528303 0.5175292153589316 0.4628930817610063 0.5091819699499165 0.4238993710691824 0.5108514190317195 0.4050314465408805 0.5175292153589316 0.41509433962264153 0.5008347245409015 0.40125786163522015 0.5025041736227045 0.3937106918238994 0.5175292153589316 0.3849056603773585 0.5242070116861436 0.3723270440251572 0.5375626043405676 0.3672955974842767 0.5509181969949917 0.3572327044025157 0.5759599332220368 0.36477987421383645 0.5809682804674458 0.37610062893081764 0.5592654424040067 0.3886792452830189 0.5442404006677797 0.3886792452830189 0.5559265442404007 0.4025157232704403 0.5492487479131887
6 0.4716981132075472 0.25041736227045075 0.4729559748427673 0.24540901502504173 0.4679245283018868 0.24207011686143573 0.4578616352201258 0.24040066777963273 0.44528301886792454 0.22203672787979967 0.4377358490566038 0.22036727879799667 0.4327044025157233 0.2353923205342237 0.4327044025157233 0.24373956594323873 0.4389937106918239 0.24707846410684475 0.4427672955974843 0.2353923205342237 0.45031446540880504 0.24040066777963273 0.45660377358490567 0.24707846410684475 0.4716981132075472 0.25041736227045075
8 0.43647798742138366 0.2671118530884808 0.44150943396226416 0.25375626043405675 0.44528301886792454 0.24373956594323873 0.43522012578616354 0.24874791318864775 0.4289308176100629 0.27378964941569284 0.42641509433962266 0.2854757929883139 0.4289308176100629 0.2921535893155259 0.4339622641509434 0.28046744574290483 0.43647798742138366 0.2671118530884808
6 0.33081761006289306 1 0.3220125786163522 0.998330550918197 0.3119496855345912 0.998330550918197 0.29559748427672955 1 0.3031446540880503 1 0.33081761006289306 1
8 0.37358490566037733 0.9666110183639399 0.36981132075471695 0.9649415692821369 0.36855345911949683 0.9716193656093489 0.36855345911949683 0.9749582637729549 0.36981132075471695 0.9799666110183639 0.37358490566037733 0.9749582637729549 0.37358490566037733 0.9666110183639399
8 0.20628930817610064 0.06176961602671119 0.20628930817610064 0.07679465776293823 0.20754716981132076 0.10350584307178631 0.20754716981132076 0.11853088480801335 0.20754716981132076 0.13856427378964942 0.21132075471698114 0.14691151919866444 0.2138364779874214 0.12687813021702837 0.21257861635220127 0.09849749582637729 0.21006289308176102 0.07512520868113523 0.21132075471698114 0.06010016694490818 0.21509433962264152 0.05676126878130217 0.21509433962264152 0.05008347245409015 0.21006289308176102 0.038397328881469114 0.2037735849056604 0.03672787979966611 0.2 0.04006677796327212 0.2037735849056604 0.05175292153589316 0.20628930817610064 0.06176961602671119
6 0.24025157232704403 0.8948247078464107 0.2389937106918239 0.8914858096828047 0.24276729559748428 0.8848080133555927 0.2440251572327044 0.8797996661101837 0.24150943396226415 0.8764607679465777 0.24025157232704403 0.8747913188647746 0.24150943396226415 0.8731218697829716 0.24276729559748428 0.8664440734557596 0.24025157232704403 0.8647746243739566 0.24025157232704403 0.8631051752921536 0.23773584905660378 0.8614357262103506 0.2339622641509434 0.8614357262103506 0.23270440251572327 0.8631051752921536 0.23270440251572327 0.8664440734557596 0.2339622641509434 0.8681135225375626 0.2339622641509434 0.8731218697829716 0.23522012578616353 0.8731218697829716 0.23647798742138365 0.8764607679465777 0.2339622641509434 0.8764607679465777 0.2339622641509434 0.8831385642737897 0.2339622641509434 0.8898163606010017 0.2339622641509434 0.8931552587646077 0.23270440251572327 0.8931552587646077 0.23144654088050315 0.8948247078464107 0.23144654088050315 0.8981636060100167 0.23270440251572327 0.9015025041736227 0.23270440251572327 0.9031719532554258 0.23144654088050315 0.9048414023372288 0.2289308176100629 0.9048414023372288 0.2289308176100629 0.9081803005008348 0.2289308176100629 0.9098497495826378 0.23144654088050315 0.9115191986644408 0.2389937106918239 0.9081803005008348 0.24025157232704403 0.8948247078464107
8 0.18742138364779873 0.8146911519198664 0.18742138364779873 0.8080133555926544 0.18238993710691823 0.8130217028380634 0.18364779874213835 0.8247078464106845 0.18490566037735848 0.8313856427378965 0.18742138364779873 0.8263772954924875 0.18742138364779873 0.8146911519198664
8 0.1471698113207547 0.01001669449081803 0.14465408805031446 0.01335559265442404 0.1459119496855346 0.02003338898163606 0.14842767295597484 0.021702838063439065 0.15220125786163521 0.021702838063439065 0.1610062893081761 0.02003338898163606 0.16352201257861634 0.02003338898163606 0.16729559748427672 0.01669449081803005 0.16352201257861634 0.015025041736227046 0.15849056603773584 0.02003338898163606 0.15723270440251572 0.01669449081803005 0.15345911949685534 0.01669449081803005 0.14968553459119496 0.01335559265442404 0.1471698113207547 0.01001669449081803
3 0.16981132075471697 0.9699499165275459 0.19874213836477989 0.9799666110183639 0.24779874213836478 0.9782971619365609 0.23773584905660378 0.9515859766277128 0.22641509433962265 0.9298831385642737 0.22641509433962265 0.9215358931552587 0.22641509433962265 0.8781302170283807 0.22515723270440252 0.8547579298831386 0.19371069182389938 0.8580968280467446 0.17358490566037735 0.8464106844741235 0.14465408805031446 0.8580968280467446 0.1421383647798742 0.8831385642737897 0.14842767295597484 0.9298831385642737 0.14339622641509434 0.9682804674457429 0.16981132075471697 0.9699499165275459
8 0.4779874213836478 0.29549248747913187 0.48050314465408805 0.3088480801335559 0.4880503144654088 0.3088480801335559 0.5094339622641509 0.31719532554257096 0.5144654088050314 0.31719532554257096 0.5157232704402516 0.3055091819699499 0.5094339622641509 0.3055091819699499 0.49433962264150944 0.29716193656093487 0.4779874213836478 0.29549248747913187
3 0.3677987421383648 1 0.36981132075471695 0.993322203672788 0.37484276729559746 0.9699499165275459 0.37358490566037733 0.9616026711185309 0.3723270440251572 0.9465776293823038 0.36477987421383645 0.9332220367278798 0.3610062893081761 0.9315525876460768 0.35471698113207545 0.9315525876460768 0.3270440251572327 0.9482470784641068 0.2993710691823899 0.9716193656093489 0.27547169811320754 0.9849749582637729 0.2632075471698113 1 0.3677987421383648 1
3 0.4088050314465409 0.6343906510851419 0.4377358490566038 0.6160267111853088 0.4779874213836478 0.5893155258764607 0.49433962264150944 0.5542570951585977 0.529559748427673 0.5325542570951586 0.539622641509434 0.4941569282136895 0.519496855345912 0.46243739565943237 0.48553459119496856 0.44407345575959933 0.4477987421383648 0.4524207011686144 0.4138364779874214 0.46243739565943237 0.36855345911949683 0.5058430717863105 0.33584905660377357 0.5492487479131887 0.3169811320754717 0.6060100166944908 0.3371069182389937 0.6060100166944908 0.3584905660377358 0.6343906510851419 0.3471698113207547 0.7111853088480802 0.34088050314465407 0.7529215358931552 0.37358490566037733 0.7061769616026711 0.4088050314465409 0.6343906510851419
3 0.44025157232704404 0.3606010016694491 0.4490566037735849 0.32220367278797996 0.4427672955974843 0.2904841402337229 0.4138364779874214 0.28046744574290483 0.3836477987421384 0.327212020033389 0.379874213836478 0.3823038397328882 0.389937106918239 0.4290484140233723 0.42515723270440253 0.3806343906510851 0.44025157232704404 0.3606010016694491
3 0.38742138364779877 0.5175292153589316 0.3886792452830189 0.4757929883138564 0.33081761006289306 0.5225375626043406 0.28050314465408804 0.6010016694490818 0.22012578616352202 0.664440734557596 0.22012578616352202 0.6143572621035058 0.22012578616352202 0.5091819699499165 0.19748427672955976 0.41736227045075125 0.16352201257861634 0.4040066777963272 0.1371069182389937 0.4323873121869783 0.13081761006289308 0.4991652754590985 0.13459119496855346 0.6143572621035058 0.13081761006289308 0.7278797996661102 0.1371069182389937 0.8247078464106845 0.17987421383647798 0.8247078464106845 0.23018867924528302 0.8397328881469115 0.2679245283018868 0.7345575959933222 0.3383647798742138 0.6110183639398998 0.38742138364779877 0.5175292153589316
8 0.6226415094339622 0.4574290484140234 0.6276729559748427 0.4574290484140234 0.6289308176100629 0.44908180300500833 0.6226415094339622 0.44741235392320533 0.6176100628930817 0.44908180300500833 0.6138364779874214 0.4524207011686144 0.6113207547169811 0.4557595993322204 0.6088050314465409 0.4574290484140234 0.6037735849056604 0.46243739565943237 0.6088050314465409 0.46410684474123537 0.6138364779874214 0.4607679465776294 0.6226415094339622 0.4574290484140234
8 0.6540880503144654 0.5025041736227045 0.6654088050314465 0.4974958263772955 0.6628930817610063 0.49081803005008345 0.6528301886792452 0.4941569282136895 0.6440251572327044 0.5008347245409015 0.6352201257861635 0.5075125208681135 0.6465408805031446 0.5041736227045075 0.6540880503144654 0.5025041736227045
3 0.42068582389937104 0 0.37484276729559746 0.31886477462437396 0.5207547169811321 0.32387312186978295 0.5902280716981132 0 0.42068582389937104 0
0 0.23773584905660378 0.27879799666110183 0.27672955974842767 0.3055091819699499 0.32075471698113206 0.32053422370617696 0.3723270440251572 0.333889816360601 0.4226415094339623 0.335559265442404 0.5157232704402516 0.34056761268781305 0.5547169811320755 0.335559265442404 0.5119496855345912 0.32554257095158595 0.44528301886792454 0.3071786310517529 0.38238993710691827 0.3071786310517529 0.2918238993710692 0.2921535893155259 0.23773584905660378 0.27879799666110183
0 0.3846153849056604 1 0.39245283018867927 0.9849749582637729 0.3635220125786163 0.9482470784641068 0.3710691823899371 0.9732888146911519 0.36181132075471695 1 0.3846153849056604 1