8 0.41530740276035133 0.3021702838063439 0.4127979924717691 0.3105175292153589 0.410288582183187 0.31886477462437396 0.4090338770388959 0.327212020033389 0.4065244667503137 0.333889816360601 0.411543287327478 0.337228714524207 0.41405269761606023 0.328881469115192 0.41656210790464243 0.31719532554257096 0.4203262233375157 0.3071786310517529 0.41530740276035133 0.3021702838063439
8 0.4002509410288582 0.32387312186978295 0.397741530740276 0.332220367278798 0.4002509410288582 0.337228714524207 0.4027603513174404 0.330550918196995 0.40526976160602257 0.32387312186978295 0.40526976160602257 0.31552587646076796 0.4002509410288582 0.32387312186978295
8 0.4002509410288582 0.3005008347245409 0.39397741530740277 0.3088480801335559 0.3889585947302384 0.32053422370617696 0.3889585947302384 0.327212020033389 0.39397741530740277 0.335559265442404 0.39397741530740277 0.327212020033389 0.39523212045169387 0.31886477462437396 0.3989962358845671 0.3071786310517529 0.4002509410288582 0.3005008347245409
8 0.37766624843161856 0.32387312186978295 0.38017565872020076 0.330550918196995 0.3851944792973651 0.32053422370617696 0.3851944792973651 0.3121869782971619 0.38017565872020076 0.31719532554257096 0.37766624843161856 0.32387312186978295
8 0.4203262233375157 0.31552587646076796 0.4190715181932246 0.31719532554257096 0.4190715181932246 0.32053422370617696 0.4215809284818068 0.32053422370617696 0.424090338770389 0.31886477462437396 0.424090338770389 0.31719532554257096 0.4228356336260979 0.31552587646076796 0.4203262233375157 0.31552587646076796
8 0.410288582183187 0.2687813021702838 0.4077791718946048 0.2687813021702838 0.4065244667503137 0.2704507512520868 0.4065244667503137 0.27378964941569284 0.410288582183187 0.27545909849749584 0.411543287327478 0.27212020033388984 0.411543287327478 0.2704507512520868 0.410288582183187 0.2687813021702838
8 0.42534504391468003 0.27212020033388984 0.42534504391468003 0.2704507512520868 0.4228356336260979 0.2671118530884808 0.4203262233375157 0.2671118530884808 0.4178168130489335 0.2687813021702838 0.41530740276035133 0.2687813021702838 0.41530740276035133 0.27212020033388984 0.4178168130489335 0.27378964941569284 0.4190715181932246 0.27378964941569284 0.424090338770389 0.27378964941569284 0.42534504391468003 0.27212020033388984
8 0.4228356336260979 0.24207011686143573 0.4203262233375157 0.24373956594323873 0.4215809284818068 0.24707846410684475 0.42534504391468003 0.24874791318864775 0.42659974905897113 0.24540901502504173 0.42534504391468003 0.24373956594323873 0.4228356336260979 0.24207011686143573
8 0.42785445420326224 0.2287145242070117 0.42910915934755334 0.2337228714524207 0.4341279799247177 0.2337228714524207 0.4353826850690088 0.2303839732888147 0.43036386449184444 0.2287145242070117 0.42785445420326224 0.2287145242070117
8 0.42910915934755334 0.21702838063439064 0.42910915934755334 0.22036727879799667 0.4316185696361355 0.21368948247078465 0.4316185696361355 0.20868113522537562 0.42910915934755334 0.21202003338898165 0.42910915934755334 0.21702838063439064
8 0.4353826850690088 0.22036727879799667 0.4366373902132999 0.21702838063439064 0.4366373902132999 0.21202003338898165 0.4341279799247177 0.21368948247078465 0.4353826850690088 0.22036727879799667
8 0.44040150564617314 0.21035058430717862 0.43914680050188204 0.21535893155258765 0.43914680050188204 0.21869782971619364 0.44165621079046424 0.21535893155258765 0.44416562107904645 0.21368948247078465 0.44291091593475534 0.21035058430717862 0.44040150564617314 0.21035058430717862
8 0.4454203262233375 0.18530884808013356 0.44291091593475534 0.18864774624373956 0.44291091593475534 0.19198664440734559 0.44040150564617314 0.19699499165275458 0.44040150564617314 0.2003338898163606 0.44291091593475534 0.1986644407345576 0.4466750313676286 0.19365609348914858 0.4479297365119197 0.19031719532554256 0.4454203262233375 0.18530884808013356
8 0.43914680050188204 0.18864774624373956 0.44040150564617314 0.18530884808013356 0.44165621079046424 0.18196994991652754 0.44165621079046424 0.17529215358931552 0.44165621079046424 0.1686143572621035 0.437892095357591 0.17362270450751252 0.437892095357591 0.17863105175292154 0.437892095357591 0.18363939899833054 0.4353826850690088 0.19198664440734559 0.4353826850690088 0.19699499165275458 0.4328732747804266 0.2003338898163606 0.4353826850690088 0.2020033388981636 0.43914680050188204 0.2003338898163606 0.43914680050188204 0.19365609348914858 0.43914680050188204 0.18864774624373956
8 0.45420326223337515 0.1335559265442404 0.4504391468005019 0.1352253756260434 0.4479297365119197 0.14023372287145242 0.4466750313676286 0.14524207011686144 0.4454203262233375 0.15025041736227046 0.4466750313676286 0.15525876460767946 0.4491844416562108 0.15358931552587646 0.4504391468005019 0.14524207011686144 0.451693851944793 0.1419031719532554 0.45420326223337515 0.1335559265442404
3 0.4247176913425345 0 0.4203262233375157 0.011686143572621035 0.41656210790464243 0.021702838063439065 0.4127979924717691 0.03005008347245409 0.41405269761606023 0.038397328881469114 0.4190715181932246 0.035058430717863104 0.4228356336260979 0.03005008347245409 0.424090338770389 0.02003338898163606 0.42534504391468003 0.01001669449081803 0.4261815144291092 0 0.4247176913425345 0
3 0.4027603513174404 0.3973288814691152 0.41530740276035133 0.41068447412353926 0.43036386449184444 0.4040066777963272 0.4454203262233375 0.3989983305509182 0.45796737766624845 0.3973288814691152 0.4629861982434128 0.39232053422370616 0.46925972396486826 0.3806343906510851 0.4780426599749059 0.37061769616026713 0.48180677540777916 0.3639398998330551 0.48431618569636137 0.35392320534223703 0.48557089084065247 0.34390651085141904 0.479297365119197 0.328881469115192 0.47051442910915936 0.31719532554257096 0.4617314930991217 0.3121869782971619 0.451693851944793 0.3005008347245409 0.44291091593475534 0.2904841402337229 0.4328732747804266 0.2838063439065108 0.4215809284818068 0.2838063439065108 0.4090338770388959 0.28213689482470783 0.397741530740276 0.28213689482470783 0.3851944792973651 0.2888146911519199 0.3751568381430364 0.3121869782971619 0.36888331242158096 0.333889816360601 0.3739021329987453 0.35058430717863104 0.37641154328732745 0.3672787979966611 0.383939774153074 0.3789649415692821 0.39523212045169387 0.38731218697829717 0.4027603513174404 0.3973288814691152
8 0.3186951066499373 0.7929883138564274 0.3174404015056462 0.7729549248747913 0.3186951066499373 0.7595993322203672 0.3212045169385194 0.7512520868113522 0.3237139272271016 0.7429048414023373 0.3186951066499373 0.7429048414023373 0.3124215809284818 0.7445742904841403 0.3111668757841907 0.7545909849749582 0.3124215809284818 0.7646076794657763 0.3124215809284818 0.7779632721202003 0.3124215809284818 0.7846410684474123 0.3124215809284818 0.7996661101836394 0.3136762860727729 0.8113522537562604 0.31493099121706397 0.8230383973288815 0.31493099121706397 0.8397328881469115 0.3174404015056462 0.8313856427378965 0.3186951066499373 0.8213689482470785 0.3186951066499373 0.8063439065108514 0.3186951066499373 0.7929883138564274
8 0.3136762860727729 0.6978297161936561 0.3099121706398996 0.6911519198664441 0.30614805520702637 0.7028380634390651 0.3074027603513174 0.7111853088480802 0.3099121706398996 0.7212020033388982 0.3136762860727729 0.7328881469115192 0.31493099121706397 0.7245409015025042 0.3186951066499373 0.7178631051752922 0.3161856963613551 0.7078464106844741 0.3136762860727729 0.6978297161936561
8 0.3161856963613551 0.6961602671118531 0.3199498117942284 0.7045075125208681 0.3237139272271016 0.7111853088480802 0.32496863237139273 0.7045075125208681 0.32496863237139273 0.6944908180300501 0.3224592220828105 0.6878130217028381 0.3161856963613551 0.6961602671118531
8 0.33500627352572143 0.659432387312187 0.328732747804266 0.659432387312187 0.3224592220828105 0.664440734557596 0.3199498117942284 0.671118530884808 0.31493099121706397 0.674457429048414 0.3111668757841907 0.679465776293823 0.31493099121706397 0.6878130217028381 0.3224592220828105 0.679465776293823 0.32747804265997493 0.674457429048414 0.3324968632371393 0.666110183639399 0.33500627352572143 0.659432387312187
8 0.32622333751568383 0.6360601001669449 0.3224592220828105 0.6444073455759599 0.3212045169385194 0.6494156928213689 0.328732747804266 0.6427378964941569 0.3312421580928482 0.6343906510851419 0.3324968632371393 0.6260434056761269 0.32622333751568383 0.6360601001669449
8 0.3324968632371393 0.5809682804674458 0.328732747804266 0.5876460767946577 0.32622333751568383 0.5943238731218697 0.328732747804266 0.6010016694490818 0.3324968632371393 0.6043405676126878 0.33626097867001253 0.5959933222036727 0.33751568381430364 0.5826377295492488 0.33751568381430364 0.5726210350584308 0.3324968632371393 0.5809682804674458
8 0.32496863237139273 0.6243739565943238 0.328732747804266 0.6193656093489148 0.3299874529485571 0.6110183639398998 0.32496863237139273 0.6143572621035058 0.3174404015056462 0.6227045075125208 0.3111668757841907 0.6343906510851419 0.30614805520702637 0.6410684474123539 0.30489335006273527 0.6510851419031719 0.3111668757841907 0.6444073455759599 0.3161856963613551 0.6410684474123539 0.3199498117942284 0.6343906510851419 0.32496863237139273 0.6243739565943238
8 0.3237139272271016 0.5893155258764607 0.3186951066499373 0.5926544240400667 0.31493099121706397 0.6026711185308848 0.31493099121706397 0.6143572621035058 0.3124215809284818 0.6243739565943238 0.3161856963613551 0.6193656093489148 0.3212045169385194 0.6143572621035058 0.3224592220828105 0.6010016694490818 0.3237139272271016 0.5893155258764607
8 0.3124215809284818 0.6227045075125208 0.3074027603513174 0.6176961602671118 0.3074027603513174 0.6076794657762938 0.3099121706398996 0.6010016694490818 0.30489335006273527 0.6026711185308848 0.2998745294855709 0.6110183639398998 0.2998745294855709 0.6176961602671118 0.2948557089084065 0.6243739565943238 0.29234629861982436 0.6310517529215359 0.2936010037641154 0.6393989983305509 0.2973651191969887 0.6343906510851419 0.30112923462986196 0.6277128547579299 0.3074027603513174 0.6243739565943238 0.3124215809284818 0.6227045075125208
8 0.2961104140526976 0.66110183639399 0.29234629861982436 0.66110183639399 0.28983688833124216 0.669449081803005 0.28983688833124216 0.67779632721202 0.28983688833124216 0.6844741235392321 0.29109159347553326 0.6944908180300501 0.2936010037641154 0.6828046744574291 0.2948557089084065 0.674457429048414 0.2948557089084065 0.669449081803005 0.2961104140526976 0.66110183639399
8 0.2797992471769134 0.6210350584307178 0.27352572145545795 0.6210350584307178 0.2710163111668758 0.6293823038397329 0.2697616060225847 0.6343906510851419 0.2697616060225847 0.6410684474123539 0.2710163111668758 0.6510851419031719 0.27478042659974905 0.6444073455759599 0.27478042659974905 0.6377295492487479 0.27854454203262236 0.6293823038397329 0.2797992471769134 0.6210350584307178
8 0.24466750313676286 0.6978297161936561 0.2534504391468005 0.6911519198664441 0.25972396486825594 0.6844741235392321 0.2521957340025094 0.6844741235392321 0.24717691342534504 0.6878130217028381 0.2383939774153074 0.6928213689482471 0.22835633626097868 0.7011686143572621 0.22208281053952322 0.7061769616026711 0.2120451693851945 0.7078464106844741 0.2120451693851945 0.7145242070116862 0.21831869510664995 0.7111853088480802 0.22710163111668757 0.7078464106844741 0.23588456712672523 0.7028380634390651 0.24466750313676286 0.6978297161936561
8 0.2107904642409034 0.7462437395659433 0.2120451693851945 0.7362270450751253 0.2120451693851945 0.7295492487479132 0.21329987452948557 0.7212020033388982 0.21455457967377667 0.7145242070116862 0.2095357590966123 0.7212020033388982 0.205771643663739 0.7295492487479132 0.205771643663739 0.7395659432387313 0.20451693851944794 0.7495826377295493 0.20451693851944794 0.7562604340567612 0.20326223337515684 0.7612687813021702 0.20326223337515684 0.7662771285475793 0.20451693851944794 0.7762938230383973 0.20828105395232122 0.7813021702838063 0.2095357590966123 0.7729549248747913 0.2095357590966123 0.7629382303839732 0.2107904642409034 0.7545909849749582 0.2107904642409034 0.7462437395659433
8 0.25972396486825594 0.6844741235392321 0.26474278544542035 0.6828046744574291 0.2685069008782936 0.674457429048414 0.26348808030112925 0.676126878130217 0.25972396486825594 0.6844741235392321
8 0.2973651191969887 0.6527545909849749 0.29234629861982436 0.6510851419031719 0.2961104140526976 0.657762938230384 0.2973651191969887 0.6527545909849749
8 0.24843161856963614 0.7011686143572621 0.24843161856963614 0.7061769616026711 0.25094102885821834 0.7095158597662772 0.25094102885821834 0.7045075125208681 0.2521957340025094 0.7011686143572621 0.25094102885821834 0.6978297161936561 0.24843161856963614 0.7011686143572621
3 0.5282308657465495 0.3572621035058431 0.4767879548306148 0.3589315525876461 0.48306148055207027 0.39065108514190316 0.520702634880803 0.4073455759599332 0.534504391468005 0.3772954924874791 0.5282308657465495 0.3572621035058431
0 0.46675031367628605 0.5575959933222037 0.4767879548306148 0.5626043405676127 0.48557089084065247 0.5676126878130217 0.5382685069008782 0.3989983305509182 0.5382685069008782 0.3806343906510851 0.534504391468005 0.34390651085141904 0.5119196988707654 0.34223706176961605 0.4454203262233375 0.330550918196995 0.410288582183187 0.333889816360601 0.3851944792973651 0.332220367278798 0.3450439146800502 0.32554257095158595 0.3224592220828105 0.32220367278797996 0.3099121706398996 0.32053422370617696 0.2986198243412798 0.32554257095158595 0.2810539523212045 0.3639398998330551 0.3161856963613551 0.3572621035058431 0.3462986198243413 0.3639398998330551 0.36511919698870765 0.3772954924874791 0.38268506900878296 0.39398998330550916 0.39523212045169387 0.41068447412353926 0.4027603513174404 0.44407345575959933 0.39397741530740277 0.4774624373956594 0.3851944792973651 0.5091819699499165 0.3726474278544542 0.5442404006677797 0.36386449184441655 0.5642737896494157 0.3889585947302384 0.674457429048414 0.4178168130489335 0.6360601001669449 0.44040150564617314 0.5909849749582637 0.451693851944793 0.5726210350584308 0.46675031367628605 0.5575959933222037
0 0.4501603237139272 1 0.44291091593475534 0.9782971619365609 0.4366373902132999 0.9549248747913188 0.42910915934755334 0.9265442404006677 0.42910915934755334 0.8914858096828047 0.4178168130489335 0.8597662771285476 0.3989962358845671 0.9048414023372288 0.383939774153074 0.9482470784641068 0.3726474278544542 0.9432387312186978 0.3588456712672522 0.9248747913188647 0.35257214554579674 0.9048414023372288 0.34880803011292344 0.8781302170283807 0.3475533249686324 0.8347245409015025 0.35633626097867 0.7929883138564274 0.3575909661229611 0.7579298831385642 0.36762860727728985 0.7262103505843072 0.39397741530740277 0.669449081803005 0.38268506900878296 0.6393989983305509 0.3613550815558344 0.5475792988313857 0.3212045169385194 0.5826377295492488 0.2948557089084065 0.6093489148580968 0.2659974905897114 0.6210350584307178 0.22208281053952322 0.6377295492487479 0.19824341279799249 0.6410684474123539 0.178168130489335 0.6427378964941569 0.1618569636135508 0.6911519198664441 0.15683814303638646 0.7662771285475793 0.1618569636135508 0.8781302170283807 0.17189460476787954 0.9649415692821369 0.1946503939774153 1 0.2710163111668758 1 0.30363864491844417 0.9749582637729549 0.32496863237139273 0.9649415692821369 0.3739021329987453 0.9766277128547579 0.38226683437892095 1 0.4501603237139272 1
0 0.4592220828105395 0.34223706176961605 0.44291091593475534 0.33889816360601 0.42910915934755334 0.35225375626043404 0.43914680050188204 0.3739565943238731 0.45294855708908405 0.3722871452420701 0.4617314930991217 0.3555926544240401 0.4592220828105395 0.34223706176961605
0 0.38017565872020076 0.9499165275459098 0.3877038895859473 0.9465776293823038 0.3989962358845671 0.9081803005008348 0.41405269761606023 0.8681135225375626 0.42910915934755334 0.8130217028380634 0.451693851944793 0.7212020033388982 0.46800501882057716 0.6393989983305509 0.4755332496863237 0.5809682804674458 0.47176913425345046 0.5559265442404007 0.4629861982434128 0.5542570951585977 0.45545796737766625 0.5709515859766278 0.4479297365119197 0.5859766277128547 0.4353826850690088 0.6093489148580968 0.424090338770389 0.6327212020033389 0.4015056461731493 0.662771285475793 0.3851944792973651 0.6828046744574291 0.3713927227101631 0.6994991652754591 0.3613550815558344 0.7429048414023373 0.35508155583437895 0.7996661101836394 0.34880803011292344 0.8714524207011686 0.35257214554579674 0.9115191986644408 0.36511919698870765 0.9298831385642737 0.38017565872020076 0.9499165275459098