0 0.7429775280898876 0.03903345724907063 0.7120786516853933 0.06133828996282528 0.6839887640449438 0.09851301115241635 0.6657303370786517 0.12825278810408922 0.6348314606741573 0.17657992565055763 0.6067415730337079 0.21561338289962825 0.5856741573033708 0.241635687732342 0.574438202247191 0.25464684014869887 0.5716292134831461 0.2825278810408922 0.577247191011236 0.3271375464684015 0.5955056179775281 0.31970260223048325 0.598314606741573 0.32899628252788105 0.6095505617977528 0.33271375464684017 0.6221910112359551 0.33271375464684017 0.625 0.3104089219330855 0.6137640449438202 0.29182156133828996 0.6320224719101124 0.25092936802973975 0.6853932584269663 0.1449814126394052 0.7148876404494382 0.10223048327137546 0.7401685393258427 0.0724907063197026 0.7640449438202247 0.06133828996282528 0.7794943820224719 0.055762081784386616 0.7921348314606742 0.055762081784386616 0.7808988764044944 0.04460966542750929 0.7682584269662921 0.040892193308550186
0 0.6432584269662921 0.6802973977695167 0.6741573033707865 0.654275092936803 0.675561797752809 0.6468401486988847 0.8637640449438202 0.5148698884758365 0.8848314606741573 0.5092936802973977 0.8918539325842697 0.5037174721189591 0.9030898876404494 0.4739776951672863 0.9044943820224719 0.4628252788104089 0.8834269662921348 0.48141263940520446 0.848314606741573 0.5055762081784386 0.8061797752808989 0.533457249070632 0.7514044943820225 0.5687732342007435 0.7106741573033708 0.6003717472118959 0.6867977528089888 0.6152416356877324 0.6713483146067416 0.6282527881040892 0.651685393258427 0.637546468401487
3 0.44662921348314605 0.41263940520446096 0.5323033707865169 0.4721189591078067 0.5632022471910112 0.4758364312267658 0.5800561797752809 0.4591078066914498 0.598314606741573 0.3940520446096654 0.5884831460674157 0.33271375464684017 0.5632022471910112 0.33271375464684017 0.5112359550561798 0.362453531598513 0.449438202247191 0.3940520446096654
3 0.651685393258427 0.3215613382899628 0.6544943820224719 0.34386617100371747 0.6362359550561798 0.3587360594795539 0.6306179775280899 0.35687732342007433 0.625 0.3271375464684015 0.6264044943820225 0.3104089219330855 0.6446629213483146 0.3048327137546468
3 0.6587078651685393 0.2992565055762082 0.6825842696629213 0.3141263940520446 0.6966292134831461 0.3159851301115242 0.699438202247191 0.30111524163568776 0.6952247191011236 0.2862453531598513 0.6797752808988764 0.2955390334572491
3 0.6558988764044944 0.3550185873605948 0.6460674157303371 0.3828996282527881 0.6474719101123596 0.46096654275092935 0.6573033707865169 0.5241635687732342 0.6657303370786517 0.5780669144981413 0.6671348314606742 0.5687732342007435 0.6643258426966292 0.5148698884758365 0.6615168539325843 0.4739776951672863 0.6587078651685393 0.43308550185873607 0.6587078651685393 0.379182156133829
3 0.4157303370786517 0.4795539033457249 0.5014044943820225 0.4795539033457249 0.5407303370786517 0.4888475836431227 0.5575842696629213 0.5111524163568774 0.5014044943820225 0.5446096654275093 0.476123595505618 0.533457249070632
3 0.40870786516853935 0.4758364312267658 0.3862359550561798 0.5074349442379182 0.4143258426966292 0.5910780669144982 0.4803370786516854 0.6078066914498141 0.49157303370786515 0.5687732342007435 0.4747191011235955 0.533457249070632
5 0.17415730337078653 0.5408921933085502 0.1853932584269663 0.5464684014869888 0.19101123595505617 0.5631970260223048 0.19241573033707865 0.5817843866171004 0.18820224719101122 0.6003717472118959 0.18398876404494383 0.6078066914498141 0.17696629213483145 0.6096654275092936 0.1699438202247191 0.604089219330855 0.16432584269662923 0.5947955390334573 0.16151685393258428 0.5836431226765799 0.16151685393258428 0.5687732342007435 0.16292134831460675 0.5557620817843866 0.16713483146067415 0.5446096654275093
8 0.47331460674157305 0.4962825278810409 0.5 0.4962825278810409 0.5098314606741573 0.5018587360594795 0.5098314606741573 0.5055762081784386 0.49719101123595505 0.5018587360594795 0.4747191011235955 0.5018587360594795
8 0.4199438202247191 0.6356877323420075 0.4297752808988764 0.637546468401487 0.42837078651685395 0.6468401486988847 0.41853932584269665 0.6468401486988847
8 0.4199438202247191 0.7695167286245354 0.4199438202247191 0.7769516728624535 0.4241573033707865 0.7769516728624535 0.4241573033707865 0.7695167286245354
0 0.09410112359550561 0.3513011152416357 0.1151685393258427 0.3141263940520446 0.15730337078651685 0.28066914498141265 0.2050561797752809 0.25650557620817843 0.2542134831460674 0.2342007434944238 0.27668539325842695 0.2379182156133829 0.34269662921348315 0.23605947955390336 0.43258426966292135 0.23234200743494424 0.5070224719101124 0.22862453531598512 0.5617977528089888 0.2137546468401487 0.574438202247191 0.22490706319702602 0.5730337078651685 0.2843866171003718 0.577247191011236 0.3271375464684015 0.5098314606741573 0.362453531598513 0.48174157303370785 0.3382899628252788 0.4550561797752809 0.33271375464684017 0.3904494382022472 0.35687732342007433 0.32162921348314605 0.3940520446096654 0.273876404494382 0.4200743494423792 0.21629213483146068 0.4070631970260223 0.14325842696629212 0.3847583643122677 0.11095505617977527 0.36988847583643125
5 0.20786516853932585 0.4628252788104089 0.25702247191011235 0.4275092936802974 0.3188202247191011 0.39219330855018586 0.37780898876404495 0.36059479553903345 0.4410112359550562 0.3382899628252788 0.47752808988764045 0.3308550185873606 0.4957865168539326 0.3420074349442379 0.5056179775280899 0.36059479553903345 0.4887640449438202 0.3736059479553903 0.449438202247191 0.39219330855018586 0.4353932584269663 0.42379182156133827 0.4058988764044944 0.4628252788104089 0.3862359550561798 0.4851301115241636 0.3693820224719101 0.4944237918215613 0.32303370786516855 0.49814126394052044 0.27808988764044945 0.5055762081784386 0.2345505617977528 0.5055762081784386 0.21348314606741572 0.4851301115241636
0 0.6460674157303371 0.30855018587360594 0.6558988764044944 0.2992565055762082 0.6699438202247191 0.35687732342007433 0.6713483146067416 0.4368029739776952 0.6685393258426966 0.6171003717472119 0.6587078651685393 0.48698884758364314 0.6530898876404494 0.40148698884758366