0 0.5384122919334187 0.3943014705882353 0.5524967989756722 0.37224264705882354 0.5512163892445583 0.3538602941176471 0.5563380281690141 0.34650735294117646 0.560179257362356 0.34099264705882354 0.5742637644046095 0.3226102941176471 0.5781049935979513 0.31525735294117646 0.5960307298335468 0.27849264705882354 0.6075544174135723 0.24908088235294118 0.6190781049935979 0.22150735294117646 0.6293213828425096 0.19393382352941177 0.6370038412291933 0.17555147058823528 0.6331626120358514 0.15716911764705882 0.6254801536491678 0.140625 0.6139564660691421 0.12959558823529413 0.6024327784891165 0.11672794117647059 0.589628681177977 0.11121323529411764 0.5717029449423816 0.11121323529411764 0.5486555697823303 0.109375 0.5422535211267606 0.11121323529411764 0.5140845070422535 0.1130514705882353 0.49359795134443024 0.1130514705882353 0.4551856594110115 0.11488970588235294 0.43982074263764404 0.12224264705882353 0.4372599231754161 0.1130514705882353 0.4142125480153649 0.1130514705882353 0.4142125480153649 0.1332720588235294 0.4090909090909091 0.15165441176470587 0.43982074263764404 0.1332720588235294 0.4615877080665813 0.12408088235294118 0.47823303457106275 0.12224264705882353 0.5038412291933418 0.12408088235294118 0.5204865556978233 0.13143382352941177 0.529449423815621 0.14981617647058823 0.532010243277849 0.171875 0.5268886043533931 0.18658088235294118 0.5140845070422535 0.21231617647058823 0.5102432778489117 0.23253676470588236 0.5 0.23069852941176472 0.48975672215108834 0.22518382352941177 0.4820742637644046 0.23069852941176472 0.470550576184379 0.234375 0.46030729833546735 0.23805147058823528 0.4539052496798976 0.2417279411764706 0.4539052496798976 0.25827205882352944 0.44878361075544176 0.28952205882352944 0.441101152368758 0.32077205882352944 0.4346991037131882 0.3483455882352941 0.4321382842509603 0.36856617647058826 0.44366197183098594 0.3630514705882353 0.4641485275288092 0.35753676470588236 0.4871959026888604 0.35018382352941174 0.49359795134443024 0.3630514705882353 0.49359795134443024 0.3795955882352941 0.49359795134443024 0.4071691176470588 0.49615877080665816 0.4181985294117647 0.5064020486555698 0.41452205882352944 0.5243277848911652 0.4108455882352941 0.528169014084507 0.4016544117647059 0.5384122919334187 0.3943014705882353
3 0.560179257362356 0.5229779411764706 0.5755441741357235 0.5064338235294118 0.5819462227912933 0.4880514705882353 0.5793854033290653 0.46599264705882354 0.5768245838668374 0.4384191176470588 0.5768245838668374 0.42371323529411764 0.5717029449423816 0.40349264705882354 0.5640204865556978 0.3943014705882353 0.5550576184379001 0.39246323529411764 0.5460947503201025 0.39981617647058826 0.5345710627400768 0.41268382352941174 0.5243277848911652 0.421875 0.5192061459667093 0.43474264705882354 0.5115236875800256 0.4586397058823529 0.501280409731114 0.4806985294117647 0.49359795134443024 0.4898897058823529 0.49231754161331626 0.5229779411764706 0.49487836107554417 0.5413602941176471 0.49871959026888607 0.5597426470588235 0.5204865556978233 0.5523897058823529 0.532010243277849 0.5413602941176471 0.5499359795134443 0.5303308823529411 0.560179257362356 0.5229779411764706
5 0.3412291933418694 0.5193014705882353 0.3412291933418694 0.4586397058823529 0.3386683738796415 0.43106617647058826 0.32842509603072984 0.4163602941176471 0.31562099871959026 0.4053308823529412 0.29897567221510885 0.39797794117647056 0.2861715749039693 0.39797794117647056 0.28104993597951344 0.41452205882352944 0.2759282970550576 0.4384191176470588 0.2708066581306018 0.4733455882352941 0.26824583866837387 0.5174632352941176 0.26568501920614596 0.578125 0.26568501920614596 0.6204044117647058 0.2708066581306018 0.6681985294117647 0.28233034571062743 0.6902573529411765 0.30153649167733676 0.7123161764705882 0.31306017925736235 0.7178308823529411 0.32970550576184376 0.7159926470588235 0.3437900128040973 0.7123161764705882 0.3412291933418694 0.6865808823529411 0.3412291933418694 0.6332720588235294 0.3412291933418694 0.5762867647058824 0.3412291933418694 0.5193014705882353
8 0.3911651728553137 0.2821691176470588 0.36427656850192064 0.29871323529411764 0.3437900128040973 0.30606617647058826 0.324583866837388 0.3134191176470588 0.3117797695262484 0.31525735294117646 0.3053777208706786 0.3226102941176471 0.3040973111395647 0.34099264705882354 0.3028169014084507 0.3556985294117647 0.3066581306017926 0.36672794117647056 0.31690140845070425 0.3704044117647059 0.323303457106274 0.3740808823529412 0.32970550576184376 0.3740808823529412 0.3361075544174136 0.3740808823529412 0.3412291933418694 0.3704044117647059 0.34763124199743917 0.36672794117647056 0.352752880921895 0.36672794117647056 0.3591549295774648 0.3648897058823529 0.37451984635083224 0.3630514705882353 0.382202304737516 0.36672794117647056 0.39244558258642764 0.36121323529411764 0.3975672215108835 0.32996323529411764 0.4090909090909091 0.296875 0.41293213828425096 0.2693014705882353 0.4065300896286812 0.2711397058823529 0.3911651728553137 0.2821691176470588
8 0.28233034571062743 0.37224264705882354 0.2874519846350832 0.3630514705882353 0.2759282970550576 0.35753676470588236 0.2772087067861716 0.37224264705882354 0.28233034571062743 0.37224264705882354
8 0.3437900128040973 0.6038602941176471 0.34891165172855315 0.5579044117647058 0.3437900128040973 0.5652573529411765 0.3437900128040973 0.6038602941176471
8 0.5537772087067862 0.37775735294117646 0.5384122919334187 0.4071691176470588 0.5486555697823303 0.39981617647058826 0.5524967989756722 0.390625 0.5537772087067862 0.37775735294117646
0 0.588348271446863 0.28952205882352944 0.5729833546734955 0.3226102941176471 0.5640204865556978 0.32996323529411764 0.5486555697823303 0.35202205882352944 0.5486555697823303 0.3704044117647059 0.5448143405889885 0.37775735294117646 0.5473751600512163 0.38143382352941174 0.5409731113956466 0.3851102941176471 0.532010243277849 0.3943014705882353 0.5256081946222791 0.39981617647058826 0.5243277848911652 0.4053308823529412 0.5179257362355953 0.40900735294117646 0.5064020486555698 0.4108455882352941 0.5 0.41452205882352944 0.49487836107554417 0.4163602941176471 0.4910371318822023 0.4255514705882353 0.4884763124199744 0.45128676470588236 0.48975672215108834 0.47518382352941174 0.4884763124199744 0.4898897058823529 0.4859154929577465 0.5395220588235294 0.4833546734955186 0.6038602941176471 0.46030729833546735 0.6240808823529411 0.43982074263764404 0.6443014705882353 0.4231754161331626 0.6571691176470589 0.4206145966709347 0.578125 0.4154929577464789 0.5965073529411765 0.41165172855313703 0.6461397058823529 0.41293213828425096 0.6608455882352942 0.4154929577464789 0.6829044117647058 0.4231754161331626 0.6920955882352942 0.43982074263764404 0.6829044117647058 0.4526248399487836 0.671875 0.4641485275288092 0.6626838235294118 0.47567221510883484 0.6516544117647058 0.47567221510883484 0.6534926470588235 0.470550576184379 0.7159926470588235 0.47823303457106275 0.7159926470588235 0.4820742637644046 0.7233455882352942 0.48975672215108834 0.734375 0.4859154929577465 0.7178308823529411 0.48975672215108834 0.6829044117647058 0.49615877080665816 0.6259191176470589 0.49615877080665816 0.6056985294117647 0.49615877080665816 0.5689338235294118 0.49615877080665816 0.5395220588235294 0.49487836107554417 0.5027573529411765 0.5025608194622279 0.48621323529411764 0.5102432778489117 0.4733455882352941 0.5140845070422535 0.4641544117647059 0.5179257362355953 0.4494485294117647 0.5217669654289373 0.44025735294117646 0.532010243277849 0.42371323529411764 0.5396927016645326 0.41268382352941174 0.5422535211267606 0.4071691176470588 0.5653008962868118 0.36672794117647056 0.5806658130601793 0.3336397058823529 0.5909090909090909 0.30606617647058826 0.6165172855313701 0.25643382352941174 0.6241997439180538 0.24356617647058823 0.6382842509603073 0.23069852941176472 0.6485275288092189 0.22150735294117646 0.6510883482714469 0.21783088235294118 0.6562099871959027 0.21415441176470587 0.6651728553137004 0.20680147058823528 0.6728553137003841 0.19209558823529413 0.6510883482714469 0.17738970588235295 0.6370038412291933 0.16819852941176472 0.6101152368758003 0.23253676470588236 0.588348271446863 0.28952205882352944
8 0.4475032010243278 0.1130514705882353 0.4564660691421255 0.1056985294117647 0.4564660691421255 0.09650735294117647 0.4513444302176697 0.10386029411764706 0.4475032010243278 0.1130514705882353
8 0.5038412291933418 0.02665441176470588 0.5038412291933418 0.02297794117647059 0.49871959026888607 0.02849264705882353 0.4974391805377721 0.03216911764705882 0.49615877080665816 0.035845588235294115 0.501280409731114 0.035845588235294115 0.501280409731114 0.03216911764705882 0.5038412291933418 0.02665441176470588
8 0.4820742637644046 0.03400735294117647 0.47823303457106275 0.03952205882352941 0.4833546734955186 0.03768382352941176 0.4833546734955186 0.03400735294117647 0.4820742637644046 0.03400735294117647
8 0.5038412291933418 0 0.5025608194622279 0.0009191176470588235 0.5 0.006433823529411764 0.5038412291933418 0.004595588235294118 0.5051216389244558 0.0027573529411764708 0.5064020486555698 0.0009191176470588235 0.5064020486555698 0 0.5038412291933418 0
8 0.49871959026888607 0.01011029411764706 0.49615877080665816 0.011948529411764705 0.4871959026888604 0.02665441176470588 0.49615877080665816 0.017463235294117647 0.4974391805377721 0.013786764705882353 0.49871959026888607 0.01011029411764706
3 0.6664532650448144 0.1957720588235294 0.6613316261203586 0.18841911764705882 0.6498079385403329 0.18106617647058823 0.6370038412291933 0.18106617647058823 0.6216389244558259 0.21966911764705882 0.6331626120358514 0.23988970588235295 0.6498079385403329 0.23621323529411764 0.6626120358514724 0.21783088235294118 0.6664532650448144 0.1957720588235294
3 0.6971830985915493 0.1645220588235294 0.6971830985915493 0.15716911764705882 0.6715749039692702 0.15716911764705882 0.647247119078105 0.17555147058823528 0.6690140845070423 0.19025735294117646 0.6754161331626121 0.18658088235294118 0.6869398207426376 0.17555147058823528 0.6971830985915493 0.1645220588235294
8 0.6626120358514724 0.1792279411764706 0.6702944942381562 0.1792279411764706 0.6805377720870679 0.17371323529411764 0.6869398207426376 0.17738970588235295 0.7035851472471191 0.17371323529411764 0.7253521126760564 0.16819852941176472 0.7304737516005122 0.15900735294117646 0.7330345710627401 0.14981617647058823 0.6959026888604354 0.15716911764705882 0.6792573623559539 0.15716911764705882 0.6690140845070423 0.16084558823529413 0.6626120358514724 0.1792279411764706