8 0.6511299435028248 0.6212765957446809 0.634180790960452 0.6085106382978723 0.5918079096045198 0.5893617021276596 0.6002824858757062 0.6446808510638298 0.6285310734463276 0.6829787234042554 0.6454802259887006 0.6957446808510638 0.6751412429378532 0.7382978723404255 0.7076271186440678 0.7319148936170212 0.730225988700565 0.725531914893617 0.7457627118644068 0.6957446808510638 0.7344632768361582 0.6276595744680851 0.6892655367231638 0.6212765957446809 0.6694915254237288 0.6319148936170212 0.6511299435028248 0.6212765957446809
8 0.5098870056497176 0.5361702127659574 0.5028248587570622 0.5234042553191489 0.4971751412429379 0.5234042553191489 0.4929378531073446 0.5148936170212766 0.481638418079096 0.5085106382978724 0.4971751412429379 0.597872340425532 0.5098870056497176 0.6063829787234043 0.5070621468926554 0.5936170212765958 0.5042372881355932 0.574468085106383 0.5028248587570622 0.5595744680851064 0.5141242937853108 0.5617021276595745 0.5310734463276836 0.5787234042553191 0.5437853107344632 0.597872340425532 0.5522598870056498 0.6170212765957447 0.5621468926553672 0.6531914893617021 0.5720338983050848 0.6531914893617021 0.5805084745762712 0.6617021276595745 0.5790960451977402 0.6234042553191489 0.5833333333333334 0.6127659574468085 0.5861581920903954 0.6085106382978723 0.5790960451977402 0.5829787234042553 0.5437853107344632 0.5553191489361702 0.519774011299435 0.5340425531914894 0.5098870056497176 0.5361702127659574
8 0.4406779661016949 0.5191489361702127 0.4477401129943503 0.5127659574468085 0.4562146892655367 0.548936170212766 0.4590395480225989 0.548936170212766 0.4562146892655367 0.5234042553191489 0.4632768361581921 0.5191489361702127 0.4731638418079096 0.5276595744680851 0.4774011299435028 0.5340425531914894 0.480225988700565 0.5255319148936171 0.4759887005649718 0.5063829787234042 0.4661016949152542 0.48936170212765956 0.4632768361581921 0.48723404255319147 0.4562146892655367 0.4723404255319149 0.4477401129943503 0.474468085106383 0.4449152542372881 0.46808510638297873 0.4364406779661017 0.46808510638297873 0.4307909604519774 0.46595744680851064 0.423728813559322 0.4702127659574468 0.4194915254237288 0.4808510638297872 0.4336158192090395 0.5234042553191489 0.4406779661016949 0.5276595744680851 0.4406779661016949 0.5191489361702127
8 0.4180790960451977 0.502127659574468 0.4152542372881356 0.4765957446808511 0.4053672316384181 0.49361702127659574 0.4081920903954802 0.502127659574468 0.4180790960451977 0.502127659574468
8 0.5338983050847458 0.027659574468085105 0.5112994350282486 0.00425531914893617 0.4971751412429379 0.00851063829787234 0.5056497175141242 0.03404255319148936 0.5141242937853108 0.014893617021276596 0.5324858757062146 0.03404255319148936 0.5338983050847458 0.027659574468085105
8 0.538135593220339 0.07659574468085106 0.5621468926553672 0.07021276595744681 0.5536723163841808 0.06170212765957447 0.5225988700564972 0.07021276595744681 0.5141242937853108 0.0851063829787234 0.5211864406779662 0.08723404255319149 0.538135593220339 0.07659574468085106
8 0.4307909604519774 0.06170212765957447 0.423728813559322 0.03404255319148936 0.3771186440677966 0.03404255319148936 0.3290960451977401 0.03404255319148936 0.3319209039548023 0.04042553191489362 0.4011299435028249 0.04468085106382979 0.4081920903954802 0.06382978723404255 0.4307909604519774 0.06170212765957447
8 0.403954802259887 0.10851063829787234 0.3968926553672316 0.08936170212765958 0.3940677966101695 0.09361702127659574 0.3983050847457627 0.12340425531914893 0.4166666666666667 0.10851063829787234 0.4350282485875706 0.09361702127659574 0.4279661016949153 0.07659574468085106 0.4152542372881356 0.09148936170212765 0.4124293785310734 0.10212765957446808 0.403954802259887 0.10851063829787234
8 0.3742937853107345 0.19787234042553192 0.3785310734463277 0.1723404255319149 0.3912429378531073 0.13404255319148936 0.3898305084745763 0.12978723404255318 0.3799435028248588 0.15319148936170213 0.3728813559322034 0.14042553191489363 0.3672316384180791 0.14893617021276595 0.3728813559322034 0.1723404255319149 0.3714689265536723 0.1829787234042553 0.3615819209039548 0.14042553191489363 0.3644067796610169 0.12127659574468085 0.3587570621468927 0.08936170212765958 0.3502824858757062 0.06808510638297872 0.3418079096045198 0.07659574468085106 0.3686440677966102 0.20851063829787234 0.3700564971751412 0.225531914893617 0.3728813559322034 0.2276595744680851 0.3742937853107345 0.19787234042553192
8 0.4081920903954802 0.451063829787234 0.4053672316384181 0.4340425531914894 0.4025423728813559 0.4319148936170213 0.4011299435028249 0.4574468085106383 0.3983050847457627 0.46595744680851064 0.3757062146892655 0.42340425531914894 0.3587570621468927 0.3872340425531915 0.3446327683615819 0.35319148936170214 0.3502824858757062 0.35106382978723405 0.3601694915254237 0.34893617021276596 0.3714689265536723 0.3468085106382979 0.3644067796610169 0.32340425531914896 0.3516949152542373 0.2978723404255319 0.3290960451977401 0.3021276595744681 0.3248587570621469 0.28297872340425534 0.3220338983050847 0.25957446808510637 0.3234463276836158 0.24468085106382978 0.3290960451977401 0.24468085106382978 0.3389830508474576 0.24680851063829787 0.3375706214689266 0.23829787234042554 0.327683615819209 0.23191489361702128 0.3177966101694915 0.23191489361702128 0.3163841807909605 0.21063829787234042 0.3177966101694915 0.19574468085106383 0.3149717514124294 0.19148936170212766 0.3121468926553672 0.2148936170212766 0.3149717514124294 0.251063829787234 0.3192090395480226 0.2851063829787234 0.327683615819209 0.32340425531914896 0.3403954802259887 0.3574468085106383 0.3587570621468927 0.4021276595744681 0.3855932203389831 0.4553191489361702 0.4067796610169492 0.48936170212765956 0.4251412429378531 0.451063829787234 0.4209039548022599 0.451063829787234 0.4096045197740113 0.46595744680851064 0.4081920903954802 0.451063829787234
8 0.3757062146892655 0.2765957446808511 0.3700564971751412 0.2531914893617021 0.3601694915254237 0.225531914893617 0.3545197740112994 0.19361702127659575 0.3474576271186441 0.1723404255319149 0.346045197740113 0.17446808510638298 0.3403954802259887 0.15531914893617021 0.3375706214689266 0.15531914893617021 0.3446327683615819 0.19148936170212766 0.3545197740112994 0.2276595744680851 0.3559322033898305 0.2404255319148936 0.3516949152542373 0.23191489361702128 0.3474576271186441 0.2276595744680851 0.3502824858757062 0.24468085106382978 0.3573446327683616 0.2531914893617021 0.3601694915254237 0.27872340425531916 0.3587570621468927 0.2936170212765957 0.3728813559322034 0.3404255319148936 0.3954802259887006 0.37872340425531914 0.4053672316384181 0.3829787234042553 0.4096045197740113 0.3829787234042553 0.3912429378531073 0.3382978723404255 0.3827683615819209 0.30851063829787234 0.3757062146892655 0.2765957446808511
8 0.3163841807909605 0.1829787234042553 0.3206214689265537 0.20425531914893616 0.3220338983050847 0.19361702127659575 0.3206214689265537 0.16808510638297872 0.327683615819209 0.18723404255319148 0.3305084745762712 0.18723404255319148 0.3361581920903955 0.22127659574468084 0.3403954802259887 0.23404255319148937 0.3389830508474576 0.23829787234042554 0.3403954802259887 0.24680851063829787 0.3446327683615819 0.24468085106382978 0.3361581920903955 0.19148936170212766 0.3432203389830508 0.18723404255319148 0.3418079096045198 0.1829787234042553 0.3375706214689266 0.18085106382978725 0.3319209039548023 0.14042553191489363 0.3361581920903955 0.13191489361702127 0.3403954802259887 0.1425531914893617 0.3446327683615819 0.12127659574468085 0.3319209039548023 0.07234042553191489 0.3234463276836158 0.03404255319148936 0.3135593220338983 0.03404255319148936 0.3333333333333333 0.09574468085106383 0.3248587570621469 0.12127659574468085 0.3177966101694915 0.15319148936170213 0.3163841807909605 0.1829787234042553
8 0.3022598870056497 0.2872340425531915 0.3192090395480226 0.3574468085106383 0.3248587570621469 0.3553191489361702 0.307909604519774 0.28297872340425534 0.3022598870056497 0.2872340425531915
8 0.3827683615819209 0.02553191489361702 0.3149717514124294 0.023404255319148935 0.3121468926553672 0.031914893617021274 0.3827683615819209 0.031914893617021274 0.3827683615819209 0.02553191489361702
8 0.24858757062146894 0.4702127659574468 0.2401129943502825 0.4340425531914894 0.2344632768361582 0.43617021276595747 0.2443502824858757 0.4723404255319149 0.24858757062146894 0.4702127659574468
3 0.4505649717514124 0.08936170212765958 0.4463276836158192 0.06595744680851064 0.4209039548022599 0.036170212765957444 0.3771186440677966 0.031914893617021274 0.3135593220338983 0.03404255319148936 0.3757062146892655 0.10851063829787234 0.4067796610169492 0.1127659574468085 0.4293785310734463 0.09574468085106383 0.4505649717514124 0.08936170212765958
3 0.365819209039548 0.2553191489361702 0.3432203389830508 0.23829787234042554 0.3163841807909605 0.23829787234042554 0.3305084745762712 0.32127659574468087 0.3644067796610169 0.32553191489361705 0.3799435028248588 0.30425531914893617 0.365819209039548 0.2553191489361702
3 0.4096045197740113 0.3829787234042553 0.384180790960452 0.34893617021276596 0.3629943502824859 0.3404255319148936 0.3418079096045198 0.35319148936170214 0.3742937853107345 0.4297872340425532 0.4067796610169492 0.4851063829787234 0.4322033898305085 0.44042553191489364 0.4096045197740113 0.3829787234042553
3 0.17893714689265536 0 0.1765536723163842 0.006382978723404255 0.1765536723163842 0.04042553191489362 0.2189265536723164 0.03829787234042553 0.2387005649717514 0.02127659574468085 0.23218165960451978 0 0.17893714689265536 0