8 0.6758169934640523 0.9418837675350702 0.677124183006536 0.9198396793587175 0.6888888888888889 0.8817635270541082 0.6875816993464052 0.8517034068136272 0.6745098039215687 0.843687374749499 0.6562091503267974 0.8777555110220441 0.6457516339869281 0.9178356713426854 0.6535947712418301 0.9298597194388778 0.661437908496732 0.9458917835671342 0.6758169934640523 0.9418837675350702
8 0.6183006535947713 0.9038076152304609 0.6091503267973856 0.905811623246493 0.596078431372549 0.8997995991983968 0.6078431372549019 0.9178356713426854 0.6248366013071895 0.9138276553106213 0.6183006535947713 0.9038076152304609
8 0.6470588235294118 0.8677354709418837 0.6287581699346405 0.8697394789579158 0.6235294117647059 0.8837675350701403 0.6352941176470588 0.8857715430861723 0.6470588235294118 0.8677354709418837
6 0.7071895424836602 0.7955911823647295 0.6980392156862745 0.8016032064128257 0.6915032679738562 0.8136272545090181 0.7032679738562092 0.8156312625250501 0.7071895424836602 0.7955911823647295
6 0.7437908496732026 0.8797595190380761 0.738562091503268 0.8657314629258517 0.7176470588235294 0.8657314629258517 0.7098039215686275 0.8817635270541082 0.7437908496732026 0.8797595190380761
8 0.673202614379085 0.46893787575150303 0.6666666666666666 0.4529058116232465 0.6261437908496732 0.4308617234468938 0.6078431372549019 0.42685370741482964 0.6313725490196078 0.44488977955911824 0.6549019607843137 0.45691382765531063 0.6457516339869281 0.46092184368737477 0.6457516339869281 0.48697394789579157 0.6705882352941176 0.49298597194388777 0.673202614379085 0.46893787575150303
3 0.6705882352941176 0.9779559118236473 0.6784313725490196 0.9779559118236473 0.6928104575163399 0.9739478957915831 0.6967320261437908 0.9579158316633266 0.6901960784313725 0.9458917835671342 0.6836601307189543 0.9418837675350702 0.673202614379085 0.9458917835671342 0.665359477124183 0.9478957915831663 0.6627450980392157 0.9579158316633266 0.6627450980392157 0.9679358717434869 0.6705882352941176 0.9779559118236473
0 0.4117647058823529 0.31462925851703405 0.41568627450980394 0.3406813627254509 0.4300653594771242 0.38276553106212424 0.4418300653594771 0.42084168336673344 0.4562091503267974 0.4589178356713427 0.47320261437908495 0.49899799599198397 0.4915032679738562 0.5410821643286573 0.5071895424836601 0.5771543086172345 0.5294117647058824 0.6212424849699398 0.5464052287581699 0.6492985971943888 0.5555555555555556 0.7675350701402806 0.5620915032679739 0.9338677354709419 0.5673202614379085 0.9178356713426854 0.5673202614379085 0.7975951903807615 0.5686274509803921 0.7074148296593187 0.5673202614379085 0.6292585170340681 0.538562091503268 0.5731462925851704 0.4954248366013072 0.4709418837675351 0.4470588235294118 0.33266533066132264 0.4130718954248366 0.23446893787575152 0.39215686274509803 0.20841683366733466 0.4013071895424837 0.2545090180360721 0.4117647058823529 0.31462925851703405
0 0.7302373581699346 1 0.7450980392156863 0.9519038076152304 0.7045751633986929 0.9539078156312625 0.7163398692810458 0.8997995991983968 0.7202614379084967 0.8376753507014028 0.7202614379084967 0.7735470941883767 0.722875816993464 0.7274549098196392 0.7254901960784313 0.6913827655310621 0.7254901960784313 0.6533066132264529 0.7411764705882353 0.6452905811623246 0.7725490196078432 0.6172344689378757 0.8026143790849674 0.6092184368737475 0.796078431372549 0.5731462925851704 0.792156862745098 0.5430861723446894 0.7803921568627451 0.5090180360721442 0.7777777777777778 0.4909819639278557 0.7581699346405228 0.4969939879759519 0.722875816993464 0.48096192384769537 0.6718954248366014 0.45691382765531063 0.677124183006536 0.5571142284569138 0.6339869281045751 0.5430861723446894 0.6366013071895424 0.5751503006012024 0.6418300653594772 0.6112224448897795 0.6483660130718955 0.7114228456913828 0.6431372549019608 0.7454909819639278 0.6222222222222222 0.7975951903807615 0.6130718954248366 0.8677354709418837 0.6013071895424836 0.8977955911823647 0.5660130718954248 0.9138276553106213 0.5607843137254902 0.9418837675350702 0.5424515163398693 1 0.7302373581699346 1
3 0.5414438496732026 1 0.5607843137254902 0.9378757515030061 0.5607843137254902 0.8977955911823647 0.5450980392156862 0.8877755511022044 0.5215686274509804 0.9458917835671342 0.5030392156862745 1 0.5414438496732026 1
3 0.534640522875817 0.3587174348697395 0.5333333333333333 0.4168336673346693 0.5411764705882353 0.46693386773547096 0.5516339869281046 0.49298597194388777 0.5633986928104575 0.5370741482965932 0.5908496732026144 0.5671342685370742 0.611764705882353 0.5691382765531062 0.6287581699346405 0.5731462925851704 0.6366013071895424 0.5490981963927856 0.6745098039215687 0.5571142284569138 0.677124183006536 0.49298597194388777 0.6705882352941176 0.45490981963927857 0.6078431372549019 0.4188376753507014 0.5830065359477125 0.3907815631262525 0.5437908496732026 0.34468937875751504 0.534640522875817 0.3587174348697395