3 0.3805774278215223 0.650294695481336 0.410761154855643 0.6385068762278978 0.45013123359580054 0.6267190569744597 0.5485564304461942 0.6011787819253438 0.5695538057742782 0.6640471512770137 0.5971128608923885 0.68762278978389 0.6325459317585301 0.6836935166994106 0.678477690288714 0.6660117878192534 0.7283464566929134 0.6385068762278978 0.7519685039370079 0.6286836935166994 0.7598425196850394 0.7092337917485265 0.7388451443569554 0.8094302554027505 0.7125984251968503 0.8526522593320236 0.636482939632546 0.8978388998035364 0.5236220472440944 0.925343811394892 0.4199475065616798 0.899803536345776 0.3910761154855643 0.8487229862475442 0.37139107611548555 0.7917485265225933 0.37401574803149606 0.693516699410609
3 0.55249343832021 0.5952848722986247 0.5656167979002624 0.593320235756385 0.5866141732283464 0.5756385068762279 0.6023622047244095 0.5677799607072691 0.6115485564304461 0.5520628683693517 0.6482939632545932 0.47544204322200395 0.6601049868766404 0.4381139489194499 0.6692913385826772 0.4086444007858546 0.6837270341207349 0.4302554027504912 0.6719160104986877 0.44597249508840864 0.6758530183727034 0.481335952848723 0.699475065616798 0.581532416502947 0.7152230971128609 0.5913555992141454 0.7309711286089239 0.5893909626719057 0.7375328083989501 0.6051080550098232 0.699475065616798 0.6424361493123772 0.6469816272965879 0.6660117878192534 0.610236220472441 0.6777996070726916 0.583989501312336 0.6719056974459725 0.5708661417322834 0.6542239685658153
2 0.520997375328084 0.4106090373280943 0.583989501312336 0.4223968565815324 0.636482939632546 0.43222003929273084 0.65748031496063 0.4518664047151277 0.6338582677165354 0.49901768172888017 0.6036745406824147 0.5618860510805501 0.547244094488189 0.5952848722986247 0.484251968503937 0.6149312377210217 0.4330708661417323 0.6168958742632613 0.3661417322834646 0.5776031434184676 0.3661417322834646 0.5324165029469549 0.39501312335958005 0.4715127701375246 0.42913385826771655 0.4243614931237721 0.4645669291338583 0.4086444007858546
8 0.40288713910761154 0.724950884086444 0.4120734908136483 0.7190569744597249 0.42913385826771655 0.7072691552062869 0.44750656167979 0.7092337917485265 0.4776902887139108 0.7053045186640472 0.4776902887139108 0.7269155206286837 0.4816272965879265 0.7485265225933202 0.479002624671916 0.7583497053045186 0.4540682414698163 0.756385068762279 0.41863517060367456 0.7387033398821218
8 0.4068241469816273 0.7426326129666012 0.41338582677165353 0.7426326129666012 0.4238845144356955 0.75049115913556 0.4356955380577428 0.7583497053045186 0.4304461942257218 0.7662082514734774 0.4146981627296588 0.756385068762279 0.40551181102362205 0.7524557956777996
8 0.38713910761154857 0.75049115913556 0.40288713910761154 0.762278978388998 0.4225721784776903 0.7721021611001965 0.4356955380577428 0.7799607072691552 0.442257217847769 0.7897838899803536 0.43963254593175854 0.7996070726915521 0.4251968503937008 0.7858546168958742 0.4094488188976378 0.7858546168958742 0.3963254593175853 0.7721021611001965 0.38713910761154857 0.7603143418467584
8 0.47244094488188976 0.650294695481336 0.479002624671916 0.6463654223968566 0.49081364829396323 0.6483300589390962 0.49606299212598426 0.6601178781925344 0.484251968503937 0.6640471512770137 0.4816272965879265 0.6797642436149313 0.4763779527559055 0.6797642436149313 0.47244094488188976 0.6601178781925344
8 0.41863517060367456 0.8369351669941061 0.4304461942257218 0.8369351669941061 0.4409448818897638 0.8428290766208252 0.458005249343832 0.8428290766208252 0.4776902887139108 0.8487229862475442 0.4868766404199475 0.8546168958742633 0.48293963254593175 0.8664047151277013 0.46981627296587924 0.8664047151277013 0.4566929133858268 0.862475442043222 0.442257217847769 0.8605108055009824 0.4356955380577428 0.8526522593320236 0.4238845144356955 0.8467583497053045
8 0.5301837270341208 0.7819253438113949 0.5446194225721784 0.7819253438113949 0.55249343832021 0.768172888015717 0.568241469816273 0.7642436149312377 0.6036745406824147 0.7662082514734774 0.6299212598425197 0.762278978388998 0.6469816272965879 0.7819253438113949 0.6443569553805775 0.7897838899803536 0.6430446194225722 0.8153241650294696 0.6115485564304461 0.8271119842829077 0.5971128608923885 0.8388998035363457 0.5787401574803149 0.8447937131630648 0.5643044619422573 0.8487229862475442 0.5459317585301837 0.8565815324165029 0.5301837270341208 0.8487229862475442 0.5236220472440944 0.831041257367387 0.5183727034120735 0.8212180746561886 0.5249343832020997 0.8113948919449901 0.5301837270341208 0.7996070726915521
8 0.4658792650918635 0.793713163064833 0.47506561679790027 0.7897838899803536 0.4816272965879265 0.793713163064833 0.49343832020997375 0.793713163064833 0.49606299212598426 0.8035363457760314 0.4881889763779528 0.8035363457760314 0.479002624671916 0.8055009823182712
8 0.45013123359580054 0.8762278978388998 0.4658792650918635 0.8781925343811395 0.484251968503937 0.8821218074656189 0.4973753280839895 0.8919449901768173 0.489501312335958 0.899803536345776 0.479002624671916 0.899803536345776 0.46062992125984253 0.8919449901768173 0.44881889763779526 0.8840864440078585
8 0.49868766404199477 0.8781925343811395 0.5118110236220472 0.8605108055009824 0.5223097112860893 0.8565815324165029 0.5393700787401575 0.8526522593320236 0.5446194225721784 0.8703339882121808 0.5406824146981627 0.8840864440078585 0.520997375328084 0.8939096267190569 0.5039370078740157 0.888015717092338
8 0.49343832020997375 0.7170923379174853 0.5065616797900262 0.7170923379174853 0.5170603674540682 0.7053045186640472 0.5236220472440944 0.7170923379174853 0.5196850393700787 0.7288801571709234 0.5078740157480315 0.7347740667976425 0.5039370078740157 0.7347740667976425 0.49343832020997375 0.7288801571709234
8 0.49868766404199477 0.6385068762278978 0.510498687664042 0.6247544204322201 0.5301837270341208 0.6168958742632613 0.541994750656168 0.6208251473477406 0.5577427821522309 0.6365422396856582 0.5590551181102362 0.6463654223968566 0.5616797900262467 0.656188605108055 0.5603674540682415 0.6679764243614931 0.5538057742782152 0.6719056974459725 0.541994750656168 0.6777996070726916 0.536745406824147 0.6777996070726916 0.5118110236220472 0.6620825147347741 0.4973753280839895 0.6522593320235757 0.4921259842519685 0.6424361493123772
8 0.47112860892388453 0.8133595284872298 0.4881889763779528 0.8113948919449901 0.49606299212598426 0.8133595284872298 0.5013123359580053 0.8172888015717092 0.5039370078740157 0.8428290766208252 0.49868766404199477 0.8506876227897839 0.4868766404199475 0.8447937131630648 0.46981627296587924 0.8408644400785854 0.458005249343832 0.8349705304518664 0.458005249343832 0.8231827111984283
8 0.46062992125984253 0.7603143418467584 0.4816272965879265 0.756385068762279 0.5039370078740157 0.7544204322200393 0.5091863517060368 0.7603143418467584 0.510498687664042 0.7760314341846758 0.5065616797900262 0.7897838899803536 0.49081364829396323 0.7917485265225933 0.479002624671916 0.787819253438114 0.4645669291338583 0.7779960707269156 0.452755905511811 0.7701375245579568
0 0.7401574803149606 0.7013752455795678 0.6824146981627297 0.7111984282907662 0.636482939632546 0.7151277013752456 0.5931758530183727 0.7033398821218074 0.5538057742782152 0.7013752455795678 0.55249343832021 0.724950884086444 0.5748031496062992 0.7603143418467584 0.5971128608923885 0.762278978388998 0.652230971128609 0.7485265225933202 0.6850393700787402 0.7524557956777996 0.7165354330708661 0.7445972495088409
0 0.484251968503937 0.9155206286836935 0.5183727034120735 0.9017681728880157 0.541994750656168 0.8821218074656189 0.5564304461942258 0.8565815324165029 0.5774278215223098 0.8369351669941061 0.6036745406824147 0.8349705304518664 0.6233595800524935 0.8349705304518664 0.631233595800525 0.8487229862475442 0.6272965879265092 0.8762278978388998 0.5879265091863517 0.8919449901768173 0.541994750656168 0.9233791748526523 0.48556430446194226 0.9332023575638507