3 0.45213675213675214 0.47023809523809523 0.258974358974359 0.45357142857142857 0.24871794871794872 0.5345238095238095 0.28974358974358977 0.5297619047619048 0.3153846153846154 0.5345238095238095 0.34273504273504274 0.5416666666666666 0.3700854700854701 0.5583333333333333 0.4008547008547009 0.594047619047619 0.41965811965811967 0.6345238095238095 0.44358974358974357 0.7392857142857143 0.44358974358974357 0.8226190476190476 0.41965811965811967 0.9083333333333333 0.3905982905982906 0.9511904761904761 0.4008547008547009 0.9773809523809524 0.45213675213675214 0.9416666666666667 0.47606837606837604 0.8964285714285715 0.5 0.8226190476190476 0.5034188034188034 0.7535714285714286 0.5017094017094017 0.6392857142857142 0.5 0.5726190476190476 0.4948717948717949 0.5059523809523809 0.4675213675213675 0.4726190476190476 0.45213675213675214 0.47023809523809523
1 0.3735042735042735 0.46785714285714286 0.36666666666666664 0.46785714285714286 0.3598290598290598 0.4773809523809524 0.3598290598290598 0.4869047619047619 0.36495726495726494 0.49166666666666664 0.3769230769230769 0.48214285714285715 0.3837606837606838 0.4726190476190476 0.3735042735042735 0.46785714285714286
1 0.2863247863247863 0.8273809523809523 0.288034188034188 0.805952380952381 0.2811965811965812 0.8011904761904762 0.2726495726495726 0.8154761904761905 0.2658119658119658 0.8464285714285714 0.258974358974359 0.8726190476190476 0.258974358974359 0.8940476190476191 0.2709401709401709 0.8916666666666667 0.2794871794871795 0.8821428571428571 0.2863247863247863 0.8273809523809523
1 0.2623931623931624 0.7892857142857143 0.25726495726495724 0.794047619047619 0.2504273504273504 0.8011904761904762 0.2452991452991453 0.8083333333333333 0.2504273504273504 0.8154761904761905 0.25726495726495724 0.8154761904761905 0.2623931623931624 0.8083333333333333 0.2658119658119658 0.7964285714285714 0.2623931623931624 0.7892857142857143
1 0.23675213675213674 0.8345238095238096 0.23162393162393163 0.8345238095238096 0.21965811965811965 0.8416666666666667 0.2128205128205128 0.844047619047619 0.21794871794871795 0.8535714285714285 0.2230769230769231 0.8607142857142858 0.23162393162393163 0.8702380952380953 0.23675213675213674 0.8535714285714285 0.24358974358974358 0.8416666666666667 0.23675213675213674 0.8345238095238096
1 0.2128205128205128 0.8154761904761905 0.2076923076923077 0.805952380952381 0.20598290598290597 0.8130952380952381 0.2128205128205128 0.8321428571428572 0.21794871794871795 0.8345238095238096 0.2128205128205128 0.825 0.2128205128205128 0.8154761904761905
1 0.2282051282051282 0.7654761904761904 0.21623931623931625 0.763095238095238 0.21452991452991452 0.7726190476190476 0.2128205128205128 0.7821428571428571 0.2094017094017094 0.7773809523809524 0.20598290598290597 0.7678571428571429 0.20085470085470086 0.7702380952380953 0.20427350427350427 0.7821428571428571 0.2076923076923077 0.7892857142857143 0.2128205128205128 0.7892857142857143 0.21794871794871795 0.7892857142857143 0.2230769230769231 0.7892857142857143 0.2299145299145299 0.7869047619047619 0.23504273504273504 0.7773809523809524 0.23675213675213674 0.7702380952380953 0.2282051282051282 0.7654761904761904
1 0.2623931623931624 0.6988095238095238 0.2623931623931624 0.7130952380952381 0.2709401709401709 0.7107142857142857 0.2692307692307692 0.6988095238095238 0.2641025641025641 0.6845238095238095 0.2623931623931624 0.6988095238095238
1 0.3 0.6488095238095238 0.28974358974358977 0.6583333333333333 0.2965811965811966 0.655952380952381 0.3 0.6630952380952381 0.3034188034188034 0.6488095238095238 0.3 0.6488095238095238
1 0.2914529914529915 0.6964285714285714 0.288034188034188 0.7035714285714286 0.2914529914529915 0.7083333333333334 0.2948717948717949 0.7035714285714286 0.2914529914529915 0.6964285714285714
1 0.32393162393162395 0.7011904761904761 0.3170940170940171 0.7035714285714286 0.32735042735042735 0.7083333333333334 0.33247863247863246 0.7035714285714286 0.32393162393162395 0.7011904761904761
0 0.4094017094017094 0.9154761904761904 0.3871794871794872 0.9535714285714286 0.4076923076923077 0.9845238095238096 0.4094017094017094 0.9154761904761904
0 0.5615384615384615 0.3464285714285714 0.5820512820512821 0.3130952380952381 0.5888888888888889 0.2988095238095238 0.6042735042735042 0.275 0.6111111111111112 0.25357142857142856 0.6008547008547008 0.21785714285714286 0.5752136752136752 0.18452380952380953 0.5598290598290598 0.1869047619047619 0.5495726495726496 0.20357142857142857 0.5495726495726496 0.2726190476190476 0.5615384615384615 0.3464285714285714
0 0.5307692307692308 0.4226190476190476 0.4948717948717949 0.4369047619047619 0.45726495726495725 0.44166666666666665 0.4076923076923077 0.4511904761904762 0.3598290598290598 0.45357142857142857 0.3034188034188034 0.4488095238095238 0.2606837606837607 0.44642857142857145 0.2641025641025641 0.4583333333333333 0.2829059829059829 0.4607142857142857 0.3017094017094017 0.4654761904761905 0.32735042735042735 0.47023809523809523 0.34444444444444444 0.4726190476190476 0.36495726495726494 0.4726190476190476 0.3923076923076923 0.4726190476190476 0.41794871794871796 0.4726190476190476 0.44188034188034186 0.4654761904761905 0.4794871794871795 0.45595238095238094 0.5153846153846153 0.444047619047619 0.5290598290598291 0.4369047619047619 0.5307692307692308 0.4226190476190476