0 0.45606326889279436 0.5011792452830188 0.4507908611599297 0.5035377358490566 0.4507908611599297 0.5176886792452831 0.44551845342706503 0.5365566037735849 0.44200351493848855 0.5577830188679245 0.44200351493848855 0.5860849056603774 0.44551845342706503 0.6167452830188679 0.44551845342706503 0.6686320754716981 0.44200351493848855 0.6969339622641509 0.44024604569420034 0.7275943396226415 0.44024604569420034 0.7653301886792453 0.44551845342706503 0.7700471698113207 0.46836555360281196 0.7252358490566038 0.4859402460456942 0.6733490566037735 0.4912126537785589 0.6544811320754716 0.4912126537785589 0.6143867924528302 0.48945518453427067 0.5742924528301887 0.4876977152899824 0.527122641509434 0.47012302284710017 0.5176886792452831 0.45606326889279436 0.5011792452830188
3 0.3506151142355009 0.5766509433962265 0.36115992970123023 0.5884433962264151 0.36994727592267135 0.6073113207547169 0.37697715289982425 0.6261792452830188 0.38224956063268895 0.6403301886792453 0.38576449912126537 0.6544811320754716 0.39103690685413006 0.6639150943396226 0.39806678383128297 0.6733490566037735 0.40509666080843587 0.6780660377358491 0.4103690685413005 0.6875 0.413884007029877 0.6945754716981132 0.4209138840070299 0.6945754716981132 0.4226713532513181 0.6804245283018868 0.4209138840070299 0.6709905660377359 0.413884007029877 0.6615566037735849 0.4121265377855888 0.6474056603773585 0.4103690685413005 0.6379716981132075 0.413884007029877 0.6261792452830188 0.4086115992970123 0.6191037735849056 0.4068541300527241 0.6073113207547169 0.40509666080843587 0.5931603773584906 0.4033391915641476 0.5813679245283019 0.4068541300527241 0.5648584905660378 0.4121265377855888 0.5530660377358491 0.4121265377855888 0.5318396226415094 0.4121265377855888 0.5082547169811321 0.4121265377855888 0.4964622641509434 0.4086115992970123 0.49174528301886794 0.38576449912126537 0.5058962264150944 0.3664323374340949 0.5294811320754716 0.3523725834797891 0.5436320754716981 0.3506151142355009 0.5766509433962265
3 0.429701230228471 0.5813679245283019 0.4244288224956063 0.5719339622641509 0.4209138840070299 0.5554245283018868 0.4156414762741652 0.5601415094339622 0.4103690685413005 0.5742924528301887 0.4121265377855888 0.5908018867924528 0.4121265377855888 0.6049528301886793 0.413884007029877 0.6143867924528302 0.4209138840070299 0.6214622641509434 0.42618629173989453 0.6120283018867925 0.43321616871704743 0.6025943396226415 0.43321616871704743 0.5908018867924528 0.429701230228471 0.5813679245283019
3 0.5527240773286467 0.2983490566037736 0.5474516695957821 0.29127358490566035 0.5404217926186292 0.29127358490566035 0.531634446397188 0.2959905660377358 0.5263620386643234 0.2983490566037736 0.5193321616871704 0.3125 0.5140597539543058 0.32193396226415094 0.515817223198594 0.3313679245283019 0.5246045694200352 0.3384433962264151 0.5333919156414763 0.3266509433962264 0.5439367311072056 0.31957547169811323 0.5527240773286467 0.30778301886792453 0.5527240773286467 0.2983490566037736
3 0.5773286467486819 0.05306603773584906 0.5650263620386643 0.05306603773584906 0.5509666080843585 0.05306603773584906 0.538664323374341 0.05306603773584906 0.5298769771528998 0.05306603773584906 0.5140597539543058 0.055424528301886794 0.5052724077328646 0.05778301886792453 0.4964850615114236 0.060141509433962265 0.4806678383128295 0.060141509433962265 0.46660808435852374 0.0625 0.45957820738137084 0.0695754716981132 0.46836555360281196 0.08136792452830188 0.4789103690685413 0.08844339622641509 0.4929701230228471 0.09787735849056604 0.5070298769771528 0.10259433962264151 0.5228471001757469 0.10731132075471699 0.5351493848857645 0.10495283018867925 0.5492091388400703 0.10731132075471699 0.5632688927943761 0.10259433962264151 0.5755711775043937 0.10259433962264151 0.5896309314586995 0.09316037735849056 0.5966608084358523 0.08136792452830188 0.6001757469244289 0.06721698113207547 0.5949033391915641 0.05306603773584906 0.5773286467486819 0.05306603773584906
3 0.5949033391915641 0.036556603773584904 0.5896309314586995 0.036556603773584904 0.5826010544815465 0.036556603773584904 0.5826010544815465 0.041273584905660375 0.5861159929701231 0.045990566037735846 0.5896309314586995 0.04834905660377359 0.5949033391915641 0.05070754716981132 0.6001757469244289 0.05070754716981132 0.6072056239015817 0.04834905660377359 0.6054481546572935 0.041273584905660375 0.5984182776801406 0.036556603773584904 0.5949033391915641 0.036556603773584904
0 0.6124780316344464 0.27712264150943394 0.6230228471001757 0.2653301886792453 0.6124780316344464 0.22995283018867924 0.6001757469244289 0.2346698113207547 0.5949033391915641 0.2275943396226415 0.5808435852372583 0.20872641509433962 0.5720562390158173 0.20636792452830188 0.4859402460456942 0.20872641509433962 0.45254833040421794 0.20872641509433962 0.4226713532513181 0.21108490566037735 0.4033391915641476 0.2134433962264151 0.39630931458699475 0.22523584905660377 0.3927943760984183 0.23938679245283018 0.38400702987697716 0.25589622641509435 0.39103690685413006 0.2535377358490566 0.40509666080843587 0.2535377358490566 0.4173989455184534 0.2535377358490566 0.43321616871704743 0.2535377358490566 0.45254833040421794 0.25589622641509435 0.4718804920913884 0.25825471698113206 0.484182776801406 0.27240566037735847 0.4929701230228471 0.2865566037735849 0.4982425307557118 0.30542452830188677 0.4982425307557118 0.31957547169811323 0.4947275922671353 0.33608490566037735 0.48945518453427067 0.35259433962264153 0.48242530755711777 0.3714622641509434 0.4718804920913884 0.392688679245283 0.45606326889279436 0.41627358490566035 0.4226713532513181 0.43985849056603776 0.3804920913884007 0.43985849056603776 0.3927943760984183 0.4893867924528302 0.42618629173989453 0.5224056603773585 0.44200351493848855 0.5318396226415094 0.4384885764499121 0.5719339622641509 0.44024604569420034 0.6096698113207547 0.44551845342706503 0.6474056603773585 0.5052724077328646 0.5011792452830188 0.5 0.5601415094339622 0.4912126537785589 0.6096698113207547 0.4912126537785589 0.6308962264150944 0.4912126537785589 0.6544811320754716 0.5 0.6379716981132075 0.5105448154657294 0.5955188679245284 0.5404217926186292 0.5176886792452831 0.570298769771529 0.392688679245283 0.5755711775043937 0.3455188679245283 0.5808435852372583 0.3266509433962264 0.5843585237258347 0.31485849056603776 0.5913884007029877 0.30306603773584906 0.6001757469244289 0.2983490566037736 0.6089630931458699 0.2983490566037736 0.6072056239015817 0.29127358490566035 0.6089630931458699 0.2865566037735849 0.6124780316344464 0.27712264150943394
1 0.4982425307557118 0.3596698113207547 0.5 0.36910377358490565 0.5052724077328646 0.3596698113207547 0.5052724077328646 0.35023584905660377 0.5035149384885764 0.3408018867924528 0.5 0.33372641509433965 0.4947275922671353 0.33608490566037735 0.4964850615114236 0.34787735849056606 0.4982425307557118 0.3596698113207547
1 0.4806678383128295 0.38089622641509435 0.4789103690685413 0.38797169811320753 0.4876977152899824 0.38797169811320753 0.4929701230228471 0.38089622641509435 0.4929701230228471 0.3738207547169811 0.4929701230228471 0.357311320754717 0.4859402460456942 0.3596698113207547 0.484182776801406 0.36674528301886794 0.4806678383128295 0.38089622641509435
6 0.5070298769771528 0.3384433962264151 0.5123022847100176 0.35023584905660377 0.5140597539543058 0.357311320754717 0.5210896309314587 0.3714622641509434 0.5193321616871704 0.3785377358490566 0.515817223198594 0.3856132075471698 0.5105448154657294 0.3903301886792453 0.5035149384885764 0.392688679245283 0.4982425307557118 0.39740566037735847 0.4982425307557118 0.4044811320754717 0.5017574692442882 0.41391509433962265 0.5052724077328646 0.4209905660377358 0.5087873462214412 0.43042452830188677 0.5123022847100176 0.43514150943396224 0.5193321616871704 0.44221698113207547 0.5228471001757469 0.43985849056603776 0.5298769771528998 0.4209905660377358 0.5351493848857645 0.4115566037735849 0.5369068541300527 0.4044811320754717 0.5369068541300527 0.39504716981132076 0.5369068541300527 0.38325471698113206 0.5351493848857645 0.3738207547169811 0.5333919156414763 0.36202830188679247 0.5298769771528998 0.35259433962264153 0.5228471001757469 0.3455188679245283 0.5175746924428822 0.33372641509433965 0.5070298769771528 0.3290094339622642 0.5017574692442882 0.3266509433962264 0.5017574692442882 0.33372641509433965 0.5070298769771528 0.3384433962264151
3 0.515817223198594 0.44457547169811323 0.5140597539543058 0.43042452830188677 0.5087873462214412 0.4233490566037736 0.5035149384885764 0.4115566037735849 0.4947275922671353 0.4091981132075472 0.48945518453427067 0.4209905660377358 0.484182776801406 0.43985849056603776 0.4789103690685413 0.4516509433962264 0.4771528998242531 0.4681603773584906 0.4789103690685413 0.48702830188679247 0.48945518453427067 0.482311320754717 0.5017574692442882 0.4705188679245283 0.5175746924428822 0.45872641509433965 0.5175746924428822 0.4516509433962264 0.515817223198594 0.44457547169811323
5 0.38927943760984185 0.7676886792452831 0.37521968365553604 0.7606132075471698 0.36818980667838314 0.7724056603773585 0.37521968365553604 0.7818396226415094 0.38400702987697716 0.7818396226415094 0.39103690685413006 0.777122641509434 0.38927943760984185 0.7676886792452831