3 0.46519337016574586 0.41338582677165353 0.5160220994475138 0.3858267716535433 0.538121546961326 0.452755905511811 0.5093922651933702 0.5452755905511811 0.47955801104972373 0.5059055118110236 0.45966850828729283 0.45866141732283466
3 0.5281767955801105 0.515748031496063 0.5469613259668509 0.452755905511811 0.5988950276243094 0.36220472440944884 0.6397790055248619 0.3248031496062992 0.6895027624309392 0.3562992125984252 0.6386740331491713 0.41732283464566927 0.5834254143646409 0.4763779527559055
3 0.6906077348066298 0.2874015748031496 0.7480662983425415 0.2874015748031496 0.7138121546961326 0.41732283464566927 0.6895027624309392 0.4330708661417323
8 0.6265193370165746 0.7952755905511811 0.6342541436464089 0.7834645669291339 0.6375690607734806 0.7992125984251969 0.6287292817679558 0.8090551181102362
8 0.6265193370165746 0.7736220472440944 0.6331491712707182 0.781496062992126 0.6265193370165746 0.7933070866141733
8 0.4696132596685083 0.7480314960629921 0.487292817679558 0.7381889763779528 0.5082872928176796 0.7519685039370079 0.4861878453038674 0.7559055118110236
8 0.47513812154696133 0.7992125984251969 0.49281767955801103 0.8011811023622047 0.5171270718232044 0.8051181102362205 0.4994475138121547 0.8090551181102362 0.481767955801105 0.8051181102362205
6 0.56353591160221 0.610236220472441 0.5679558011049723 0.6240157480314961 0.5624309392265193 0.6496062992125984 0.554696132596685 0.6732283464566929 0.5502762430939226 0.6633858267716536 0.5535911602209945 0.6377952755905512
6 0.6088397790055249 0.4625984251968504 0.6209944751381216 0.4547244094488189 0.6298342541436464 0.4448818897637795 0.6464088397790055 0.4330708661417323 0.6552486187845303 0.43700787401574803 0.6441988950276243 0.4468503937007874 0.6276243093922652 0.4744094488188976 0.6220994475138122 0.4881889763779528 0.6099447513812155 0.49015748031496065
8 0.6033149171270719 0.531496062992126 0.6154696132596685 0.5275590551181102 0.611049723756906 0.5413385826771654 0.6044198895027625 0.5452755905511811
3 0.6574585635359116 0.4645669291338583 0.6441988950276243 0.47834645669291337 0.6375690607734806 0.4881889763779528 0.6287292817679558 0.47244094488188976 0.6430939226519337 0.4507874015748031 0.6541436464088398 0.4389763779527559
8 0.4419889502762431 0.6259842519685039 0.4408839779005525 0.610236220472441 0.43867403314917125 0.59251968503937 0.4353591160220994 0.5807086614173228 0.4298342541436464 0.5688976377952756 0.43425414364640885 0.5649606299212598 0.4430939226519337 0.5728346456692913 0.44640883977900553 0.5826771653543307 0.44419889502762433 0.5964566929133859
0 0.5016574585635359 0.33267716535433073 0.46519337016574586 0.3484251968503937 0.4298342541436464 0.3641732283464567 0.3878453038674033 0.37598425196850394 0.34917127071823206 0.38188976377952755 0.30718232044198895 0.38779527559055116 0.2740331491712707 0.38779527559055116 0.25303867403314917 0.38976377952755903 0.23646408839779007 0.38779527559055116 0.225414364640884 0.38779527559055116 0.2265193370165746 0.4074803149606299 0.26077348066298345 0.41338582677165353 0.3425414364640884 0.4074803149606299 0.39005524861878454 0.39763779527559057 0.4176795580110497 0.39173228346456695 0.44751381215469616 0.3838582677165354 0.48066298342541436 0.3700787401574803 0.4994475138121547 0.35826771653543305 0.5149171270718232 0.3425196850393701 0.5348066298342542 0.3188976377952756 0.523756906077348 0.30708661417322836
0 0.2839779005524862 0.25393700787401574 0.20883977900552486 0.24606299212598426 0.16243093922651933 0.2440944881889764 0.13259668508287292 0.2440944881889764 0.12486187845303867 0.2578740157480315 0.16132596685082873 0.25984251968503935 0.27624309392265195 0.2637795275590551