3 0.37170474516695956 0.39976415094339623 0.3506151142355009 0.4044811320754717 0.3383128295254833 0.41391509433962265 0.32073813708260107 0.4209905660377358 0.30492091388400705 0.43042452830188677 0.2961335676625659 0.44221698113207547 0.28910369068541303 0.4563679245283019 0.28031634446397186 0.47759433962264153 0.27152899824253074 0.49174528301886794 0.26449912126537783 0.5035377358490566 0.2592267135325132 0.5129716981132075 0.2557117750439367 0.5247641509433962 0.2592267135325132 0.5389150943396226 0.2592267135325132 0.5625 0.2539543057996485 0.5908018867924528 0.2557117750439367 0.6143867924528302 0.2662565905096661 0.6261792452830188 0.2750439367311072 0.6356132075471698 0.27680140597539543 0.6497641509433962 0.28383128295254834 0.6568396226415094 0.3101933216168717 0.6450471698113207 0.3295254833040422 0.6426886792452831 0.343585237258348 0.6214622641509434 0.35588752196836554 0.597877358490566 0.359402460456942 0.5695754716981132 0.36291739894551844 0.5389150943396226 0.37521968365553604 0.5082547169811321 0.3804920913884007 0.47523584905660377 0.3804920913884007 0.44693396226415094 0.37170474516695956 0.4233490566037736 0.37170474516695956 0.39976415094339623
8 0.4209138840070299 0.29127358490566035 0.4156414762741652 0.2983490566037736 0.4121265377855888 0.30306603773584906 0.4086115992970123 0.3125 0.40509666080843587 0.31957547169811323 0.4033391915641476 0.33372641509433965 0.4086115992970123 0.3290094339622642 0.413884007029877 0.31721698113207547 0.4209138840070299 0.31014150943396224 0.4244288224956063 0.2983490566037736 0.4209138840070299 0.29127358490566035
8 0.3804920913884007 0.392688679245283 0.37346221441124783 0.4115566037735849 0.37873462214411246 0.4091981132075472 0.38576449912126537 0.39740566037735847 0.38927943760984185 0.38325471698113206 0.3945518453427065 0.3738207547169811 0.39630931458699475 0.36202830188679247 0.39806678383128297 0.35259433962264153 0.3998242530755712 0.3384433962264151 0.3804920913884007 0.392688679245283
8 0.3875219683655536 0.3431603773584906 0.3804920913884007 0.3596698113207547 0.359402460456942 0.4044811320754717 0.36818980667838314 0.392688679245283 0.37873462214411246 0.3714622641509434 0.38927943760984185 0.35259433962264153 0.3927943760984183 0.3384433962264151 0.3875219683655536 0.3431603773584906
8 0.38224956063268895 0.3313679245283019 0.37873462214411246 0.3384433962264151 0.37521968365553604 0.35023584905660377 0.3804920913884007 0.3455188679245283 0.38400702987697716 0.3384433962264151 0.38576449912126537 0.3242924528301887 0.38224956063268895 0.3313679245283019
8 0.36994727592267135 0.33372641509433965 0.36818980667838314 0.3408018867924528 0.36467486818980666 0.34787735849056606 0.36115992970123023 0.35495283018867924 0.35764499121265375 0.36910377358490565 0.3541300527240773 0.3761792452830189 0.35588752196836554 0.38325471698113206 0.36115992970123023 0.3738207547169811 0.36467486818980666 0.3596698113207547 0.37170474516695956 0.3455188679245283 0.37521968365553604 0.33372641509433965 0.36994727592267135 0.33372641509433965
8 0.3224956063268893 0.3431603773584906 0.3172231985940246 0.36674528301886794 0.3242530755711775 0.35495283018867924 0.3295254833040422 0.33608490566037735 0.3224956063268893 0.3431603773584906
8 0.3471001757469244 0.392688679245283 0.3400702987697715 0.40212264150943394 0.3383128295254833 0.4115566037735849 0.343585237258348 0.4115566037735849 0.3506151142355009 0.40212264150943394 0.3471001757469244 0.392688679245283
8 0.3400702987697715 0.38797169811320753 0.3312829525483304 0.4091981132075472 0.3347978910369069 0.4115566037735849 0.343585237258348 0.39504716981132076 0.3400702987697715 0.38797169811320753
8 0.3312829525483304 0.392688679245283 0.3260105448154657 0.39740566037735847 0.32073813708260107 0.4068396226415094 0.3189806678383128 0.41391509433962265 0.3242530755711775 0.41391509433962265 0.327768014059754 0.4068396226415094 0.3312829525483304 0.39976415094339623 0.3312829525483304 0.392688679245283
8 0.3189806678383128 0.4091981132075472 0.31370826010544817 0.4115566037735849 0.30667838312829526 0.41627358490566035 0.29964850615114236 0.4209905660377358 0.28910369068541303 0.43278301886792453 0.2750439367311072 0.4540094339622642 0.2820738137082601 0.44693396226415094 0.29086115992970124 0.43985849056603776 0.29964850615114236 0.43042452830188677 0.31195079086115995 0.4233490566037736 0.32073813708260107 0.4186320754716981 0.3189806678383128 0.4091981132075472
8 0.1977152899824253 0.527122641509434 0.1977152899824253 0.5601415094339622 0.19947275922671354 0.5860849056603774 0.20650263620386644 0.5719339622641509 0.20826010544815465 0.5554245283018868 0.20826010544815465 0.5365566037735849 0.20826010544815465 0.527122641509434 0.20650263620386644 0.5106132075471698 0.1977152899824253 0.527122641509434
3 0.4507908611599297 0.33608490566037735 0.4384885764499121 0.3408018867924528 0.4244288224956063 0.34787735849056606 0.4156414762741652 0.3738207547169811 0.4103690685413005 0.38089622641509435 0.4086115992970123 0.39976415094339623 0.413884007029877 0.4115566037735849 0.4244288224956063 0.4068396226415094 0.4349736379613357 0.4044811320754717 0.4437609841827768 0.39504716981132076 0.45430579964850615 0.3856132075471698 0.45957820738137084 0.3596698113207547 0.4507908611599297 0.33608490566037735
8 0.27680140597539543 0.6450471698113207 0.273286467486819 0.6450471698113207 0.273286467486819 0.652122641509434 0.28031634446397186 0.652122641509434 0.27680140597539543 0.6450471698113207
8 0.359402460456942 0.47287735849056606 0.3541300527240773 0.4705188679245283 0.3541300527240773 0.47995283018867924 0.359402460456942 0.47995283018867924 0.359402460456942 0.47287735849056606