8 0.13361462728551335 0.8046218487394958 0.17862165963431786 0.7983193277310925 0.17862165963431786 0.792016806722689 0.12939521800281295 0.7962184873949579 0.13361462728551335 0.8046218487394958
8 0.17721518987341772 0.7983193277310925 0.14064697609001406 0.8214285714285714 0.1490857946554149 0.8235294117647058 0.18143459915611815 0.8067226890756303 0.17721518987341772 0.7983193277310925
8 0.10970464135021098 0.7478991596638656 0.11251758087201125 0.7626050420168067 0.12517580872011252 0.773109243697479 0.12517580872011252 0.7542016806722689 0.1111111111111111 0.7415966386554622 0.10970464135021098 0.7478991596638656
8 0.14627285513361463 0.8529411764705882 0.15471167369901548 0.8613445378151261 0.17440225035161744 0.8676470588235294 0.17158931082981715 0.8739495798319328 0.1828410689170183 0.8781512605042017 0.19690576652601968 0.884453781512605 0.1940928270042194 0.8907563025210085 0.2109704641350211 0.8949579831932774 0.22644163150492264 0.9012605042016807 0.22784810126582278 0.8970588235294118 0.21237693389592124 0.884453781512605 0.20956399437412096 0.8739495798319328 0.1490857946554149 0.8466386554621849 0.14627285513361463 0.8529411764705882
8 0.11673699015471167 0.8466386554621849 0.11673699015471167 0.8361344537815126 0.11251758087201125 0.8340336134453782 0.11251758087201125 0.8466386554621849 0.11673699015471167 0.8466386554621849
8 0.11954992967651196 0.8466386554621849 0.12939521800281295 0.8487394957983193 0.12939521800281295 0.8445378151260504 0.11954992967651196 0.842436974789916 0.11954992967651196 0.8466386554621849
8 0.1617440225035162 0.7584033613445378 0.1659634317862166 0.7584033613445378 0.16455696202531644 0.75 0.16033755274261605 0.75 0.1617440225035162 0.7584033613445378
3 0.12939521800281295 0.819327731092437 0.16455696202531644 0.8256302521008403 0.1589310829817159 0.8046218487394958 0.13924050632911392 0.773109243697479 0.13783403656821377 0.7373949579831933 0.11673699015471167 0.7310924369747899 0.09423347398030943 0.7331932773109243 0.09142053445850915 0.7794117647058824 0.09985935302390998 0.8004201680672269 0.12939521800281295 0.819327731092437
3 0.14627285513361463 0.8760504201680672 0.16033755274261605 0.8823529411764706 0.17158931082981715 0.8823529411764706 0.1589310829817159 0.8676470588235294 0.14064697609001406 0.842436974789916 0.12658227848101267 0.8403361344537815 0.1279887482419128 0.8613445378151261 0.14627285513361463 0.8760504201680672
3 0.09142053445850915 0.8277310924369747 0.09423347398030943 0.8214285714285714 0.09142053445850915 0.8067226890756303 0.07876230661040788 0.7815126050420168 0.07454289732770746 0.7752100840336135 0.07172995780590717 0.7899159663865546 0.07454289732770746 0.8088235294117647 0.09142053445850915 0.8277310924369747
3 0.06751054852320675 0.7794117647058824 0.06751054852320675 0.7626050420168067 0.06047819971870605 0.7521008403361344 0.06047819971870605 0.773109243697479 0.06751054852320675 0.7794117647058824
3 0.13220815752461323 0.6995798319327731 0.10829817158931083 0.6827731092436975 0.09845288326300984 0.7058823529411765 0.09845288326300984 0.7226890756302521 0.1111111111111111 0.7289915966386554 0.12517580872011252 0.7310924369747899 0.13220815752461323 0.6995798319327731
0 0.2222222222222222 0.5987394957983193 0.2517580872011252 0.5903361344537815 0.26582278481012656 0.6197478991596639 0.27848101265822783 0.657563025210084 0.28551336146272854 0.6785714285714286 0.3066104078762307 0.6869747899159664 0.369901547116737 0.6701680672268907 0.42334739803094235 0.6911764705882353 0.42756680731364277 0.6827731092436975 0.4289732770745429 0.6785714285714286 0.4078762306610408 0.6701680672268907 0.3755274261603376 0.6512605042016807 0.35724331926863573 0.6533613445378151 0.29957805907172996 0.6659663865546218 0.2939521800281294 0.6533613445378151 0.2869198312236287 0.6365546218487395 0.270042194092827 0.5861344537815126 0.2630098452883263 0.5735294117647058 0.23628691983122363 0.5798319327731093 0.19831223628691982 0.5840336134453782 0.1420534458509142 0.5882352941176471 0.11533052039381153 0.5840336134453782 0.10829817158931083 0.6050420168067226 0.17440225035161744 0.6071428571428571 0.2222222222222222 0.5987394957983193
0 0.2348804500703235 0.9012605042016807 0.2011251758087201 0.8886554621848739 0.1659634317862166 0.8802521008403361 0.14064697609001406 0.8634453781512605 0.12376933895921238 0.8571428571428571 0.10829817158931083 0.8550420168067226 0.11954992967651196 0.8760504201680672 0.1729957805907173 0.8991596638655462 0.2222222222222222 0.9138655462184874 0.2419127988748242 0.9243697478991597 0.3558368495077356 0.8928571428571429 0.3727144866385373 0.884453781512605 0.3670886075949367 0.8739495798319328 0.2672292545710267 0.8991596638655462 0.2348804500703235 0.9012605042016807