8 0.6666666666666666 0.676126878130217 0.6754716981132075 0.676126878130217 0.6880503144654088 0.667779632721202 0.6955974842767295 0.656093489148581 0.6830188679245283 0.66110183639399 0.670440251572327 0.666110183639399 0.6666666666666666 0.676126878130217
8 0.7358490566037735 0.48747913188647746 0.7433962264150943 0.4757929883138564 0.7496855345911949 0.46410684474123537 0.7635220125786164 0.44908180300500833 0.7748427672955975 0.4357262103505843 0.7723270440251573 0.4323873121869783 0.7584905660377359 0.44240400667779634 0.7509433962264151 0.44908180300500833 0.7371069182389937 0.4657762938230384 0.7333333333333333 0.48080133555926546 0.7358490566037735 0.48747913188647746
8 0.740880503144654 0.5041736227045075 0.7459119496855345 0.4958263772954925 0.7723270440251573 0.48080133555926546 0.7886792452830189 0.4674457429048414 0.820125786163522 0.44073455759599334 0.8037735849056604 0.44407345575959933 0.7949685534591195 0.4557595993322204 0.7811320754716982 0.4657762938230384 0.7660377358490567 0.4774624373956594 0.7496855345911949 0.48580968280467446 0.7333333333333333 0.5058430717863105 0.740880503144654 0.5041736227045075
8 0.740880503144654 0.5175292153589316 0.7471698113207547 0.5158597662771286 0.7509433962264151 0.5108514190317195 0.7534591194968554 0.5075125208681135 0.7610062893081762 0.5008347245409015 0.7723270440251573 0.4941569282136895 0.779874213836478 0.48914858096828046 0.7911949685534592 0.48247078464106846 0.8025157232704403 0.4691151919866444 0.7886792452830189 0.4791318864774624 0.7811320754716982 0.48080133555926546 0.7672955974842768 0.49081803005008345 0.7547169811320755 0.4991652754590985 0.7320754716981132 0.5225375626043406 0.740880503144654 0.5175292153589316
8 0.7459119496855345 0.5242070116861436 0.7534591194968554 0.5208681135225376 0.7610062893081762 0.5141903171953256 0.7685534591194969 0.5058430717863105 0.7773584905660378 0.4991652754590985 0.7886792452830189 0.48914858096828046 0.7811320754716982 0.49081803005008345 0.7761006289308177 0.4941569282136895 0.7685534591194969 0.4991652754590985 0.7635220125786164 0.5041736227045075 0.7547169811320755 0.5108514190317195 0.7496855345911949 0.5158597662771286 0.7421383647798742 0.5225375626043406 0.7459119496855345 0.5242070116861436
8 0.6490566037735849 0.5225375626043406 0.6641509433962264 0.5125208681135225 0.6754716981132075 0.4941569282136895 0.6792452830188679 0.48414023372287146 0.6742138364779874 0.48747913188647746 0.6628930817610063 0.4974958263772955 0.6490566037735849 0.5108514190317195 0.6415094339622641 0.5308848080133556 0.6490566037735849 0.5225375626043406
8 0.7396226415094339 0.5709515859766278 0.7509433962264151 0.5609348914858097 0.759748427672956 0.5475792988313857 0.7685534591194969 0.5325542570951586 0.7773584905660378 0.5158597662771286 0.7672955974842768 0.5258764607679466 0.7584905660377359 0.5409015025041736 0.7509433962264151 0.5475792988313857 0.7433962264150943 0.5626043405676127 0.7320754716981132 0.5709515859766278 0.7396226415094339 0.5709515859766278
8 0.7358490566037735 0.5492487479131887 0.7421383647798742 0.5475792988313857 0.7559748427672957 0.5392320534223706 0.7647798742138365 0.5275459098497496 0.7509433962264151 0.5342237061769616 0.7459119496855345 0.5375626043405676 0.7383647798742138 0.5442404006677797 0.7358490566037735 0.5492487479131887
8 0.7660377358490567 0.5575959933222037 0.7672955974842768 0.5509181969949917 0.7635220125786164 0.5509181969949917 0.7610062893081762 0.5575959933222037 0.7660377358490567 0.5575959933222037
8 0.6540880503144654 0.5358931552587646 0.6566037735849056 0.5292153589315526 0.660377358490566 0.5191986644407346 0.6515723270440251 0.5275459098497496 0.6440251572327044 0.5425709515859767 0.6540880503144654 0.5358931552587646
8 0.6490566037735849 0.5609348914858097 0.6515723270440251 0.5525876460767947 0.6553459119496855 0.5409015025041736 0.6477987421383647 0.5442404006677797 0.6440251572327044 0.5559265442404007 0.6490566037735849 0.5609348914858097
6 0.6163522012578616 0.5358931552587646 0.6289308176100629 0.5308848080133556 0.6339622641509434 0.5292153589315526 0.6213836477987421 0.5225375626043406 0.6150943396226415 0.5191986644407346 0.6088050314465409 0.5141903171953256 0.6113207547169811 0.5292153589315526 0.6163522012578616 0.5358931552587646
8 0.6830188679245283 0.48247078464106846 0.6880503144654088 0.4724540901502504 0.6930817610062893 0.4657762938230384 0.690566037735849 0.4540901502504174 0.6842767295597484 0.4674457429048414 0.6830188679245283 0.48247078464106846
8 0.6842767295597484 0.5308848080133556 0.6930817610062893 0.5242070116861436 0.6968553459119496 0.5041736227045075 0.690566037735849 0.5075125208681135 0.6830188679245283 0.5242070116861436 0.670440251572327 0.5358931552587646 0.6842767295597484 0.5308848080133556
8 0.6779874213836478 0.5559265442404007 0.6729559748427673 0.5609348914858097 0.6729559748427673 0.5676126878130217 0.6817610062893081 0.5609348914858097 0.690566037735849 0.5542570951585977 0.690566037735849 0.5459098497495827 0.6842767295597484 0.5492487479131887 0.6779874213836478 0.5559265442404007
8 0.6817610062893081 0.5325542570951586 0.6779874213836478 0.5409015025041736 0.6880503144654088 0.5392320534223706 0.6968553459119496 0.5325542570951586 0.7031446540880503 0.5191986644407346 0.690566037735849 0.5258764607679466 0.6817610062893081 0.5325542570951586
8 0.6981132075471698 0.5208681135225376 0.7044025157232704 0.5125208681135225 0.7081761006289308 0.5075125208681135 0.7069182389937106 0.4991652754590985 0.6981132075471698 0.5108514190317195 0.6981132075471698 0.5208681135225376
6 0.6716981132075471 0.5709515859766278 0.660377358490566 0.5792988313856428 0.6641509433962264 0.5843071786310517 0.6893081761006289 0.5776293823038398 0.70062893081761 0.5676126878130217 0.7069182389937106 0.5559265442404007 0.70062893081761 0.5475792988313857 0.6830188679245283 0.5626043405676127 0.6716981132075471 0.5709515859766278
8 0.6440251572327044 0.5926544240400667 0.6440251572327044 0.5993322203672788 0.6528301886792452 0.5959933222036727 0.660377358490566 0.5893155258764607 0.6591194968553459 0.5809682804674458 0.6490566037735849 0.5859766277128547 0.6440251572327044 0.5926544240400667
8 0.6616352201257861 0.6043405676126878 0.6578616352201258 0.6143572621035058 0.650314465408805 0.6210350584307178 0.6490566037735849 0.6310517529215359 0.6490566037735849 0.6410684474123539 0.6578616352201258 0.6227045075125208 0.6654088050314465 0.6143572621035058 0.6729559748427673 0.6060100166944908 0.6817610062893081 0.5926544240400667 0.670440251572327 0.5993322203672788 0.6616352201257861 0.6043405676126878
8 0.7270440251572327 0.43906510851419034 0.7220125786163522 0.44407345575959933 0.7257861635220125 0.4524207011686144 0.7220125786163522 0.4574290484140234 0.7232704402515723 0.46410684474123537 0.7257861635220125 0.4707846410684474 0.730817610062893 0.4707846410684474 0.7345911949685534 0.46410684474123537 0.7333333333333333 0.4574290484140234 0.7333333333333333 0.4524207011686144 0.7383647798742138 0.44240400667779634 0.7371069182389937 0.4340567612687813 0.7333333333333333 0.44407345575959933 0.730817610062893 0.43906510851419034 0.7270440251572327 0.43906510851419034
8 0.6691823899371069 0.6393989983305509 0.6792452830188679 0.6327212020033389 0.6880503144654088 0.6227045075125208 0.6981132075471698 0.6160267111853088 0.7094339622641509 0.6076794657762938 0.70062893081761 0.5993322203672788 0.6918238993710691 0.6093489148580968 0.6817610062893081 0.6210350584307178 0.6654088050314465 0.6327212020033389 0.6691823899371069 0.6393989983305509
6 0.70062893081761 0.5509181969949917 0.7069182389937106 0.5509181969949917 0.710691823899371 0.5492487479131887 0.7169811320754716 0.5475792988313857 0.7194968553459119 0.5442404006677797 0.7194968553459119 0.5375626043405676 0.7094339622641509 0.5392320534223706 0.7031446540880503 0.5442404006677797 0.70062893081761 0.5509181969949917
8 0.7232704402515723 0.5392320534223706 0.7245283018867924 0.5442404006677797 0.7270440251572327 0.5442404006677797 0.730817610062893 0.5425709515859767 0.7283018867924528 0.5392320534223706 0.7257861635220125 0.5375626043405676 0.7232704402515723 0.5392320534223706
0 0.6566037735849056 0.667779632721202 0.6566037735849056 0.679465776293823 0.6540880503144654 0.6978297161936561 0.6553459119496855 0.7111853088480802 0.660377358490566 0.7111853088480802 0.6654088050314465 0.7078464106844741 0.6742138364779874 0.7028380634390651 0.6842767295597484 0.6961602671118531 0.6930817610062893 0.6878130217028381 0.70062893081761 0.6844741235392321 0.7044025157232704 0.6961602671118531 0.7094339622641509 0.6928213689482471 0.7169811320754716 0.67779632721202 0.7194968553459119 0.662771285475793 0.7245283018867924 0.656093489148581 0.7358490566037735 0.6460767946577629 0.7509433962264151 0.6343906510851419 0.7685534591194969 0.6126878130217028 0.7924528301886793 0.5893155258764607 0.8176100628930818 0.5609348914858097 0.8465408805031447 0.5325542570951586 0.8641509433962264 0.5125208681135225 0.8591194968553459 0.5041736227045075 0.8515723270440252 0.4991652754590985 0.8264150943396227 0.5208681135225376 0.7962264150943397 0.5409015025041736 0.7685534591194969 0.5676126878130217 0.730817610062893 0.5959933222036727 0.6981132075471698 0.6227045075125208 0.6540880503144654 0.654424040066778 0.6566037735849056 0.667779632721202
8 0.5509433962264151 0.6227045075125208 0.5547169811320755 0.6243739565943238 0.559748427672956 0.6227045075125208 0.559748427672956 0.6193656093489148 0.5547169811320755 0.6143572621035058 0.5522012578616352 0.6176961602671118 0.5509433962264151 0.6227045075125208
3 0.7358490566037735 0.46410684474123537 0.7333333333333333 0.48914858096828046 0.7320754716981132 0.5158597662771286 0.7232704402515723 0.5442404006677797 0.7270440251572327 0.5676126878130217 0.7320754716981132 0.5976627712854758 0.7396226415094339 0.5876460767946577 0.759748427672956 0.5742904841402338 0.7685534591194969 0.5659432387312187 0.7786163522012579 0.5592654424040067 0.7823899371069183 0.5509181969949917 0.7836477987421384 0.5425709515859767 0.7962264150943397 0.5375626043405676 0.8012578616352202 0.5308848080133556 0.7987421383647799 0.5141903171953256 0.7987421383647799 0.4974958263772955 0.8050314465408805 0.4774624373956594 0.8113207547169812 0.46410684474123537 0.820125786163522 0.44574290484140233 0.8188679245283019 0.4340567612687813 0.7962264150943397 0.44741235392320533 0.7761006289308177 0.4590984974958264 0.7685534591194969 0.4507512520868113 0.7823899371069183 0.4323873121869783 0.7559748427672957 0.4323873121869783 0.7371069182389937 0.44407345575959933 0.7358490566037735 0.46410684474123537
3 0.7836477987421384 0.39398998330550916 0.7811320754716982 0.41903171953255425 0.7924528301886793 0.4240400667779633 0.8062893081761007 0.4023372287145242 0.8176100628930818 0.38564273789649417 0.8301886792452831 0.37061769616026713 0.8314465408805032 0.3589315525876461 0.8138364779874214 0.35225375626043404 0.8113207547169812 0.34390651085141904 0.7987421383647799 0.34390651085141904 0.7962264150943397 0.3606010016694491 0.7836477987421384 0.39398998330550916
5 0.5786163522012578 0.5959933222036727 0.6062893081761006 0.5642737896494157 0.6339622641509434 0.5642737896494157 0.6364779874213836 0.5976627712854758 0.6364779874213836 0.6243739565943238 0.6465408805031446 0.6243739565943238 0.6452830188679245 0.5659432387312187 0.6427672955974842 0.5475792988313857 0.6339622641509434 0.5358931552587646 0.6176100628930817 0.5308848080133556 0.6037735849056604 0.5325542570951586 0.5761006289308176 0.5559265442404007 0.5685534591194968 0.5609348914858097 0.559748427672956 0.5709515859766278 0.5446540880503145 0.5859766277128547 0.5371069182389937 0.6010016694490818 0.5283018867924528 0.6260434056761269 0.5132075471698113 0.6527545909849749 0.5056603773584906 0.669449081803005 0.5006289308176101 0.7095158597662772 0.529559748427673 0.7078464106844741 0.5786163522012578 0.5959933222036727
3 0.7220125786163522 0.41068447412353926 0.6993710691823899 0.42237061769616024 0.6779874213836478 0.44240400667779634 0.6654088050314465 0.46243739565943237 0.650314465408805 0.48580968280467446 0.6440251572327044 0.5075125208681135 0.6440251572327044 0.5258764607679466 0.6477987421383647 0.5409015025041736 0.6490566037735849 0.5575959933222037 0.6477987421383647 0.5726210350584308 0.6427672955974842 0.5909849749582637 0.6339622641509434 0.6110183639398998 0.6377358490566037 0.6277128547579299 0.6477987421383647 0.6510851419031719 0.6540880503144654 0.656093489148581 0.660377358490566 0.6494156928213689 0.6754716981132075 0.6410684474123539 0.6943396226415094 0.6243739565943238 0.7169811320754716 0.6043405676126878 0.7270440251572327 0.5993322203672788 0.7270440251572327 0.5726210350584308 0.7245283018867924 0.5509181969949917 0.720754716981132 0.5358931552587646 0.7257861635220125 0.5308848080133556 0.7320754716981132 0.5158597662771286 0.7333333333333333 0.48580968280467446 0.7345911949685534 0.4657762938230384 0.7371069182389937 0.44741235392320533 0.7358490566037735 0.41736227045075125 0.7383647798742138 0.39565943238731216 0.7371069182389937 0.3756260434056761 0.730817610062893 0.3672787979966611 0.7245283018867924 0.39065108514190316 0.7220125786163522 0.41068447412353926
0 0.7295597484276729 0.3989983305509182 0.7283018867924528 0.4273789649415693 0.7270440251572327 0.4507512520868113 0.7220125786163522 0.4941569282136895 0.7157232704402515 0.5191986644407346 0.6867924528301886 0.5392320534223706 0.660377358490566 0.5509181969949917 0.6427672955974842 0.5191986644407346 0.6176100628930817 0.5075125208681135 0.6062893081761006 0.5225375626043406 0.6138364779874214 0.5375626043405676 0.620125786163522 0.5459098497495827 0.6339622641509434 0.5575959933222037 0.6389937106918239 0.5726210350584308 0.6352201257861635 0.6026711185308848 0.6352201257861635 0.6260434056761269 0.650314465408805 0.6527545909849749 0.6679245283018868 0.6494156928213689 0.7358490566037735 0.5943238731218697 0.7320754716981132 0.5642737896494157 0.7333333333333333 0.5342237061769616 0.7383647798742138 0.4958263772954925 0.7371069182389937 0.4507512520868113 0.7396226415094339 0.41068447412353926 0.7371069182389937 0.36894824707846413 0.7295597484276729 0.3989983305509182
0 0.5660377358490566 0.662771285475793 0.5471698113207547 0.7078464106844741 0.5358490566037736 0.7595993322203672 0.5358490566037736 0.8297161936560935 0.5660377358490566 0.8764607679465777 0.6025157232704402 0.8647746243739566 0.6276729559748427 0.8380634390651085 0.6377358490566037 0.8063439065108514 0.6427672955974842 0.7562604340567612 0.6415094339622641 0.6811352253756261 0.6213836477987421 0.6444073455759599 0.5962264150943396 0.6377295492487479 0.5660377358490566 0.662771285475793