0 0.4446397188049209 0.5141509433962265 0.4147627416520211 0.5117924528301887 0.38488576449912126 0.5117924528301887 0.37082601054481545 0.5188679245283019 0.3321616871704745 0.5424528301886793 0.29876977152899825 0.5731132075471698 0.3022847100175747 0.5801886792452831 0.3304042179261863 0.5801886792452831 0.3532513181019332 0.5778301886792453 0.37434094903339193 0.5731132075471698 0.4130052724077329 0.5731132075471698 0.4358523725834798 0.5778301886792453 0.45694200351493847 0.5778301886792453 0.4727592267135325 0.5731132075471698 0.4868189806678383 0.5660377358490566 0.4973637961335677 0.5660377358490566 0.4991212653778559 0.5589622641509434 0.4868189806678383 0.5400943396226415 0.4797891036906854 0.5165094339622641
3 0.5061511423550088 0.6226415094339622 0.4956063268892794 0.6533018867924528 0.4780316344463972 0.6792452830188679 0.46748681898066785 0.6981132075471698 0.4428822495606327 0.7004716981132075 0.43409490333919154 0.6863207547169812 0.4200351493848858 0.6745283018867925 0.40597539543058 0.6650943396226415 0.3954305799648506 0.6580188679245284 0.38488576449912126 0.6533018867924528 0.37785588752196836 0.6462264150943396 0.37082601054481545 0.6367924528301887 0.36731107205623903 0.6273584905660378 0.3602811950790861 0.6202830188679245 0.35500878734622143 0.6155660377358491 0.35500878734622143 0.6061320754716981 0.3655536028119508 0.6037735849056604 0.37258347978910367 0.6061320754716981 0.37961335676625657 0.6155660377358491 0.39015817223198596 0.6179245283018868 0.39718804920913886 0.6202830188679245 0.40597539543058 0.6155660377358491 0.4112478031634446 0.6226415094339622 0.4200351493848858 0.625 0.4305799648506151 0.6273584905660378 0.43936731107205623 0.6297169811320755 0.45166959578207383 0.625 0.46045694200351495 0.6179245283018868 0.47627416520210897 0.6179245283018868 0.4938488576449912 0.6179245283018868 0.5026362038664324 0.6179245283018868
3 0.4094903339191564 0.6061320754716981 0.4165202108963093 0.5990566037735849 0.4235500878734622 0.589622641509434 0.43233743409490333 0.589622641509434 0.43936731107205623 0.5943396226415094 0.44639718804920914 0.6014150943396226 0.45869947275922673 0.6061320754716981 0.45518453427065025 0.6132075471698113 0.4446397188049209 0.6202830188679245 0.43233743409490333 0.6179245283018868 0.421792618629174 0.6179245283018868 0.4147627416520211 0.6155660377358491
3 0.6203866432337434 0.4669811320754717 0.6291739894551845 0.455188679245283 0.6344463971880492 0.4410377358490566 0.6432337434094904 0.42924528301886794 0.6502636203866432 0.42924528301886794 0.655536028119508 0.4363207547169811 0.655536028119508 0.44575471698113206 0.6520210896309314 0.45754716981132076 0.6502636203866432 0.46462264150943394 0.6397188049209139 0.4740566037735849 0.632688927943761 0.4811320754716981 0.6256590509666081 0.47877358490566035
3 0.81195079086116 0.37028301886792453 0.8031634446397188 0.37971698113207547 0.7961335676625659 0.39858490566037735 0.7961335676625659 0.41509433962264153 0.7926186291739895 0.4339622641509434 0.7943760984182777 0.4528301886792453 0.7926186291739895 0.4693396226415094 0.7961335676625659 0.49056603773584906 0.7996485061511424 0.5094339622641509 0.8066783831282952 0.5283018867924528 0.81195079086116 0.5424528301886793 0.820738137082601 0.5542452830188679 0.8260105448154658 0.5448113207547169 0.827768014059754 0.5259433962264151 0.827768014059754 0.5047169811320755 0.8295254833040422 0.49292452830188677 0.8312829525483304 0.4811320754716981 0.8330404217926186 0.45990566037735847 0.8330404217926186 0.4481132075471698 0.8330404217926186 0.43160377358490565 0.8330404217926186 0.41273584905660377 0.8330404217926186 0.39622641509433965 0.8330404217926186 0.37264150943396224 0.8224956063268892 0.36556603773584906
3 0.836555360281195 0.3561320754716981 0.8347978910369068 0.36556603773584906 0.8347978910369068 0.37264150943396224 0.836555360281195 0.37971698113207547 0.8383128295254832 0.38443396226415094 0.8418277680140598 0.3891509433962264 0.8453427065026362 0.3891509433962264 0.8453427065026362 0.37971698113207547 0.8453427065026362 0.37264150943396224 0.8453427065026362 0.36792452830188677 0.8418277680140598 0.3584905660377358
0 0.6502636203866432 0.35377358490566035 0.6502636203866432 0.36556603773584906 0.6467486818980668 0.37735849056603776 0.6379613356766256 0.3867924528301887 0.6291739894551845 0.3915094339622642 0.6151142355008787 0.39858490566037735 0.5799648506151143 0.4056603773584906 0.4868189806678383 0.44575471698113206 0.4288224956063269 0.4858490566037736 0.39718804920913886 0.5 0.38488576449912126 0.5117924528301887 0.4024604569420035 0.5117924528301887 0.4182776801405975 0.5117924528301887 0.45518453427065025 0.5 0.4991212653778559 0.49292452830188677 0.39015817223198596 0.5731132075471698 0.4182776801405975 0.5801886792452831 0.44639718804920914 0.5825471698113207 0.47627416520210897 0.5778301886792453 0.4833040421792619 0.5990566037735849 0.507908611599297 0.6438679245283019 0.5448154657293497 0.660377358490566 0.5448154657293497 0.6037735849056604 0.562390158172232 0.5589622641509434 0.5799648506151143 0.5377358490566038 0.5957820738137083 0.5235849056603774 0.6098418277680141 0.5141509433962265 0.6221441124780316 0.5070754716981132 0.6344463971880492 0.5023584905660378 0.6449912126537786 0.5023584905660378 0.6590509666080844 0.5094339622641509 0.6695957820738138 0.5212264150943396 0.680140597539543 0.5377358490566038 0.6818980667838312 0.5636792452830188 0.6836555360281195 0.589622641509434 0.6836555360281195 0.6108490566037735 0.6836555360281195 0.6273584905660378 0.6836555360281195 0.6462264150943396 0.6818980667838312 0.6556603773584906 0.6942003514938488 0.6438679245283019 0.7047451669595782 0.6391509433962265 0.7135325131810193 0.6297169811320755 0.7152899824253075 0.6037735849056604 0.7170474516695958 0.5636792452830188 0.7170474516695958 0.5188679245283019 0.718804920913884 0.4033018867924528 0.7170474516695958 0.3915094339622642 0.70298769771529 0.37264150943396224 0.6977152899824253 0.36556603773584906 0.7012302284710018 0.3490566037735849 0.6748681898066784 0.33490566037735847 0.6660808435852372 0.3490566037735849 0.6590509666080844 0.35377358490566035 0.655536028119508 0.3561320754716981
1 0.6239015817223199 0.5 0.6186291739894552 0.49528301886792453 0.6115992970123023 0.49292452830188677 0.6045694200351494 0.49292452830188677 0.5975395430579965 0.5 0.6045694200351494 0.5023584905660378 0.6133567662565905 0.5047169811320755 0.6221441124780316 0.5070754716981132
1 0.6063268892794376 0.5094339622641509 0.5940246045694201 0.5094339622641509 0.5887521968365553 0.5094339622641509 0.5834797891036907 0.5165094339622641 0.5834797891036907 0.5283018867924528 0.5887521968365553 0.5259433962264151 0.5992970123022847 0.5212264150943396 0.6045694200351494 0.5188679245283019
6 0.6274165202108963 0.49056603773584906 0.6239015817223199 0.47641509433962265 0.6151142355008787 0.4693396226415094 0.6098418277680141 0.45990566037735847 0.6028119507908611 0.455188679245283 0.5940246045694201 0.4528301886792453 0.5869947275922671 0.45047169811320753 0.5782073813708261 0.45047169811320753 0.5711775043936731 0.45047169811320753 0.5659050966608085 0.4528301886792453 0.5588752196836555 0.45990566037735847 0.5448154657293497 0.4693396226415094 0.5430579964850615 0.4740566037735849 0.5483304042179262 0.4834905660377358 0.5518453427065027 0.4882075471698113 0.5588752196836555 0.49292452830188677 0.5641476274165202 0.49764150943396224 0.5711775043936731 0.5023584905660378 0.5764499121265377 0.5023584905660378 0.5799648506151143 0.49528301886792453 0.5817223198594025 0.4858490566037736 0.5852372583479789 0.47877358490566035 0.5905096660808435 0.4740566037735849 0.5957820738137083 0.4716981132075472 0.6063268892794376 0.4811320754716981 0.6115992970123023 0.4834905660377358 0.6203866432337434 0.49056603773584906 0.6239015817223199 0.49764150943396224 0.6291739894551845 0.49764150943396224
3 0.5219683655536028 0.49764150943396224 0.5131810193321616 0.5141509433962265 0.5096660808435852 0.5283018867924528 0.523725834797891 0.5306603773584906 0.5360281195079086 0.5283018867924528 0.5448154657293497 0.5212264150943396 0.5588752196836555 0.5141509433962265 0.5676625659050967 0.5070754716981132 0.5659050966608085 0.49528301886792453 0.5571177504393673 0.4882075471698113 0.5518453427065027 0.4811320754716981 0.5413005272407733 0.47877358490566035 0.5360281195079086 0.47641509433962265 0.5307557117750439 0.47641509433962265
5 0.29701230228471004 0.6768867924528302 0.28998242530755713 0.6674528301886793 0.28998242530755713 0.6556603773584906 0.29349736379613356 0.6462264150943396 0.30052724077328646 0.6485849056603774 0.30579964850615116 0.6674528301886793