6 0.32547864506627394 0.39814814814814814 0.2974963181148748 0.4074074074074074 0.28718703976435933 0.42824074074074076 0.31075110456553756 0.4236111111111111 0.33578792341678937 0.41898148148148145 0.36671575846833576 0.4305555555555556 0.36082474226804123 0.4074074074074074
0 0.09131075110456553 0.44675925925925924 0.0780559646539028 0.45601851851851855 0.07363770250368189 0.47453703703703703 0.08689248895434462 0.4861111111111111 0.10751104565537556 0.47685185185185186 0.11045655375552282 0.46296296296296297 0.09572901325478646 0.44675925925925924
8 0.11782032400589101 0.48842592592592593 0.11045655375552282 0.49537037037037035 0.11487481590574374 0.5046296296296297 0.12371134020618557 0.5115740740740741 0.12076583210603829 0.5 0.12076583210603829 0.49074074074074076
6 0.5375552282768777 0.2962962962962963 0.5390279823269514 0.2824074074074074 0.5449189985272459 0.2777777777777778 0.5493372606774669 0.29398148148148145 0.5419734904270986 0.2986111111111111
6 0.6406480117820325 0.3541666666666667 0.6377025036818851 0.3541666666666667 0.6377025036818851 0.35648148148148145 0.6406480117820325 0.35648148148148145
6 0.6303387334315169 0.35648148148148145 0.6303387334315169 0.3587962962962963 0.6332842415316642 0.3587962962962963 0.6332842415316642 0.35648148148148145
6 0.4727540500736377 0.5787037037037037 0.47569955817378495 0.5787037037037037 0.47717231222385864 0.5763888888888888 0.4742268041237113 0.5740740740740741 0.4727540500736377 0.5717592592592593 0.4698085419734904 0.5787037037037037 0.46686303387334316 0.5787037037037037 0.4653902798232695 0.5810185185185185
6 0.4683357879234168 0.5671296296296297 0.46686303387334316 0.5717592592592593 0.46244477172312226 0.5717592592592593 0.4639175257731959 0.5671296296296297
6 0.46244477172312226 0.5787037037037037 0.45949926362297494 0.5810185185185185 0.4565537555228277 0.5787037037037037 0.4580265095729013 0.5740740740740741 0.46097201767304863 0.5740740740740741
0 0.8777614138438881 0.38425925925925924 0.8807069219440353 0.3912037037037037 0.9072164948453608 0.37962962962962965 0.9160530191458026 0.37037037037037035 0.9189985272459499 0.36574074074074076 0.9278350515463918 0.34953703703703703 0.9278350515463918 0.3425925925925926 0.9175257731958762 0.32407407407407407 0.8998527245949927 0.33796296296296297 0.8939617083946981 0.3472222222222222 0.8895434462444771 0.36574074074074076
0 0.25773195876288657 0.4722222222222222 0.22385861561119294 0.4722222222222222 0.20176730486008837 0.4699074074074074 0.18851251840942562 0.4513888888888889 0.1958762886597938 0.44212962962962965 0.20618556701030927 0.4537037037037037 0.21796759941089838 0.46064814814814814 0.2665684830633284 0.4583333333333333
6 0.8262150220913107 0.3773148148148148 0.812960235640648 0.3958333333333333 0.8055964653902798 0.4097222222222222 0.7967599410898379 0.42824074074074076 0.7938144329896907 0.43287037037037035 0.792341678939617 0.4375 0.7893961708394698 0.4444444444444444 0.7879234167893961 0.45601851851851855 0.7952871870397643 0.4444444444444444 0.7952871870397643 0.4444444444444444 0.7952871870397643 0.44675925925925924 0.812960235640648 0.4074074074074074 0.8276877761413843 0.38657407407407407
8 0.3696612665684831 0.41898148148148145 0.39322533136966126 0.44212962962962965 0.4050073637702504 0.4652777777777778 0.41237113402061853 0.4791666666666667 0.40795287187039764 0.45601851851851855 0.4005891016200295 0.4444444444444444 0.38438880706921946 0.4305555555555556 0.38291605301914583 0.42592592592592593 0.3799705449189985 0.4212962962962963 0.374079528718704 0.41898148148148145
8 0.37702503681885124 0.40046296296296297 0.37260677466863035 0.4027777777777778 0.38144329896907214 0.41435185185185186 0.38880706921944036 0.4212962962962963 0.3917525773195876 0.42592592592592593 0.39764359351988215 0.42824074074074076 0.3961708394698085 0.4236111111111111 0.3873343151693667 0.41203703703703703
6 0.22091310751104565 0.6574074074074074 0.21796759941089838 0.6504629629629629 0.2106038291605302 0.6435185185185185 0.20913107511045656 0.6481481481481481 0.21207658321060383 0.6527777777777778
8 0.12960235640648013 0.6342592592592593 0.1325478645066274 0.6319444444444444 0.13696612665684832 0.6319444444444444 0.14432989690721648 0.6342592592592593 0.1487481590574374 0.6388888888888888 0.15022091310751104 0.6435185185185185 0.14138438880706922 0.6435185185185185 0.13107511045655376 0.6388888888888888
8 0.15022091310751104 0.6018518518518519 0.15758468335787923 0.5995370370370371 0.16494845360824742 0.6041666666666666 0.16936671575846834 0.5995370370370371 0.1723122238586156 0.6064814814814815 0.16936671575846834 0.6134259259259259 0.16936671575846834 0.6203703703703703 0.16642120765832105 0.6087962962962963 0.15316642120765833 0.6041666666666666
8 0.13991163475699558 0.5810185185185185 0.15316642120765833 0.5787037037037037 0.15316642120765833 0.5833333333333334 0.15905743740795286 0.5856481481481481 0.15463917525773196 0.5879629629629629 0.14432989690721648 0.5902777777777778 0.15022091310751104 0.5833333333333334
8 0.16053019145802652 0.5763888888888888 0.20765832106038293 0.6481481481481481 0.20618556701030927 0.6412037037037037 0.17820324005891017 0.5925925925925926 0.17525773195876287 0.5856481481481481 0.17525773195876287 0.5949074074074074
3 0.20765832106038293 0.6412037037037037 0.16200294550810015 0.5648148148148148 0.14727540500736377 0.5300925925925926 0.14727540500736377 0.4930555555555556 0.1634756995581738 0.47453703703703703 0.187039764359352 0.4583333333333333 0.1958762886597938 0.47453703703703703 0.20913107511045656 0.5092592592592593 0.21649484536082475 0.5416666666666666 0.21796759941089838 0.5949074074074074 0.21796759941089838 0.6203703703703703
3 0.8910162002945509 0.36574074074074076 0.8969072164948454 0.3472222222222222 0.9057437407952872 0.33564814814814814 0.9175257731958762 0.3333333333333333 0.9234167893961709 0.3402777777777778 0.9204712812960235 0.3472222222222222 0.914580265095729 0.3611111111111111 0.9057437407952872 0.36574074074074076 0.8998527245949927 0.36574074074074076