0 0.726474278544542 0.5876460767946577 0.7252195734002509 0.6093489148580968 0.7302383939774153 0.6477462437395659 0.740276035131744 0.6894824707846411 0.7628607277289837 0.7378964941569283 0.7992471769134254 0.7863105175292153 0.821831869510665 0.7946577629382304 0.848180677540778 0.7879799666110183 0.8582183186951067 0.7579298831385642 0.8695106649937264 0.7128547579298832 0.877038895859473 0.662771285475793 0.8845671267252195 0.5976627712854758 0.8833124215809285 0.5676126878130217 0.8782936010037641 0.5492487479131887 0.863237139272271 0.5308848080133556 0.8469259723964868 0.5308848080133556 0.8331242158092849 0.5275459098497496 0.8243412797992472 0.5175292153589316 0.8105395232120451 0.4991652754590985 0.7979924717691342 0.48414023372287146 0.7716436637390214 0.48080133555926546 0.7415307402760352 0.4991652754590985 0.7252195734002509 0.4958263772954925 0.7076537013801757 0.48247078464106846 0.698870765370138 0.48747913188647746 0.6775407779171895 0.5125208681135225 0.6549560853199499 0.5392320534223706 0.5809284818067754 0.6093489148580968 0.5872020075282308 0.6477462437395659 0.7101631116687579 0.5726210350584308 0.726474278544542 0.5876460767946577
3 0.44416562107904645 0.6994991652754591 0.4065244667503137 0.7178631051752922 0.3575909661229611 0.7429048414023373 0.39397741530740277 0.7462437395659433 0.4316185696361355 0.7245409015025042 0.46925972396486826 0.7128547579298832 0.5056461731493099 0.6928213689482471 0.5357590966122961 0.667779632721202 0.5508155583437893 0.6377295492487479 0.5244667503136763 0.6494156928213689 0.4918444165621079 0.657762938230384 0.47051442910915936 0.679465776293823 0.44416562107904645 0.6994991652754591
8 0.4002509410288582 0.9065108514190318 0.37641154328732745 0.9432387312186978 0.41656210790464243 0.9031719532554258 0.44165621079046424 0.8914858096828047 0.46925972396486826 0.8764607679465777 0.4905897114178168 0.8681135225375626 0.5081555834378921 0.8530884808013356 0.48557089084065247 0.8564273789649416 0.4491844416562108 0.8781302170283807 0.4228356336260979 0.8881469115191987 0.4002509410288582 0.9065108514190318
8 0.2396486825595985 0.998330550918197 0.2534504391468005 0.998330550918197 0.2697616060225847 0.986644407345576 0.30363864491844417 0.9632721202003339 0.34127979924717694 0.9398998330550918 0.38143036386449186 0.9148580968280468 0.39523212045169387 0.9015025041736227 0.33751568381430364 0.9298831385642737 0.29109159347553326 0.9632721202003339 0.2396486825595985 0.998330550918197
8 0.4027603513174404 0.9248747913188647 0.38017565872020076 0.9449081803005008 0.3851944792973651 0.9549248747913188 0.4090338770388959 0.9332220367278798 0.4027603513174404 0.9248747913188647
8 0.5319949811794228 0.9098497495826378 0.5370138017565872 0.9115191986644408 0.5420326223337516 0.9131886477462438 0.5457967377666249 0.9115191986644408 0.5432873274780426 0.9081803005008348 0.5395232120451694 0.9048414023372288 0.534504391468005 0.9048414023372288 0.5319949811794228 0.9098497495826378
8 0.38017565872020076 0.9616026711185309 0.37641154328732745 0.9499165275459098 0.370138017565872 0.9532554257095158 0.3726474278544542 0.9666110183639399 0.38017565872020076 0.9616026711185309
8 0.4366373902132999 0.7262103505843072 0.42785445420326224 0.7312186978297162 0.41530740276035133 0.7312186978297162 0.4077791718946048 0.7395659432387313 0.410288582183187 0.7479131886477463 0.42534504391468003 0.7429048414023373 0.43914680050188204 0.7362270450751253 0.45545796737766625 0.7295492487479132 0.47051442910915936 0.7245409015025042 0.47176913425345046 0.7145242070116862 0.4642409033877039 0.7161936560934892 0.45420326223337515 0.7195325542570952 0.4454203262233375 0.7245409015025042 0.4366373902132999 0.7262103505843072
8 0.31493099121706397 0.9782971619365609 0.31493099121706397 0.9682804674457429 0.30112923462986196 0.9732888146911519 0.30238393977415307 0.9833055091819699 0.31493099121706397 0.9782971619365609
8 0.3099121706398996 0.998330550918197 0.3199498117942284 0.998330550918197 0.34880803011292344 0.9699499165275459 0.34002509410288584 0.9699499165275459 0.3099121706398996 0.998330550918197
2 0.5520702634880803 0.6126878130217028 0.5922208281053952 0.5242070116861436 0.6725219573400251 0.3105175292153589 0.7076537013801757 0.1986644407345576 0.6662484316185696 0.24040066777963273 0.6035131744040151 0.3005008347245409 0.5294855708908407 0.3756260434056761 0.44040150564617314 0.4707846410684474 0.3299874529485571 0.6043405676126878 0.12672521957340024 0.8480801335559266 0.4090338770388959 0.7045075125208681 0.5244667503136763 0.6377295492487479 0.5520702634880803 0.6126878130217028