4 0.5777777777777777 0.8662674650698603 0.6077777777777778 0.872255489021956 0.6333333333333333 0.874251497005988 0.6588888888888889 0.8782435129740519 0.67 0.8862275449101796 0.64 0.8882235528942116 0.6177777777777778 0.8862275449101796 0.5944444444444444 0.8802395209580839 0.58 0.8782435129740519
8 0.5522222222222222 0.6487025948103793 0.5644444444444444 0.654690618762475 0.5755555555555556 0.6586826347305389 0.5833333333333334 0.6806387225548902 0.5688888888888889 0.6686626746506986 0.5577777777777778 0.6646706586826348 0.5511111111111111 0.656686626746507
8 0.6088888888888889 0.6706586826347305 0.6211111111111111 0.6726546906187625 0.6311111111111111 0.6786427145708582 0.64 0.6866267465069861 0.6344444444444445 0.7025948103792415 0.6222222222222222 0.6846307385229541 0.6111111111111112 0.6826347305389222
8 0.47888888888888886 0.6666666666666666 0.4922222222222222 0.6666666666666666 0.48777777777777775 0.6746506986027944 0.4822222222222222 0.6786427145708582
8 0.5166666666666667 0.6866267465069861 0.5288888888888889 0.6966067864271457 0.5222222222222223 0.6986027944111777 0.5122222222222222 0.6926147704590818
0 0.37 0.48902195608782434 0.37777777777777777 0.5069860279441117 0.37333333333333335 0.5149700598802395 0.36666666666666664 0.5129740518962076
8 0.35333333333333333 0.5968063872255489 0.35444444444444445 0.6187624750499002 0.35888888888888887 0.6327345309381237 0.3622222222222222 0.6207584830339321 0.35444444444444445 0.6087824351297405
8 0.23777777777777778 0.41916167664670656 0.24666666666666667 0.437125748502994 0.25555555555555554 0.45109780439121755 0.23777777777777778 0.43313373253493015 0.2388888888888889 0.4530938123752495 0.23222222222222222 0.43912175648702595 0.23333333333333334 0.42115768463073855
8 0.2733333333333333 0.5289421157684631 0.2811111111111111 0.5389221556886228 0.28 0.5528942115768463 0.2877777777777778 0.5708582834331337 0.2722222222222222 0.5568862275449101 0.2588888888888889 0.5469061876247505 0.27 0.5409181636726547
8 0.32555555555555554 0.624750499001996 0.3333333333333333 0.6187624750499002 0.3277777777777778 0.6127744510978044
8 0.32666666666666666 0.6227544910179641 0.33666666666666667 0.6187624750499002 0.3188888888888889 0.6327345309381237
8 0.23777777777777778 0.48303393213572854 0.24555555555555555 0.49101796407185627 0.2577777777777778 0.5049900199600799 0.24444444444444444 0.5049900199600799
8 0.3288888888888889 0.5708582834331337 0.3388888888888889 0.5708582834331337 0.3233333333333333 0.5828343313373253
8 0.3111111111111111 0.5289421157684631 0.31666666666666665 0.5429141716566867 0.3088888888888889 0.5449101796407185
8 0.17777777777777778 0.41916167664670656 0.18888888888888888 0.4111776447105788 0.19444444444444445 0.4251497005988024 0.18666666666666668 0.42714570858283435
8 0.24333333333333335 0.5129740518962076 0.2511111111111111 0.5229540918163673 0.24 0.5249500998003992
8 0.65 0.7325349301397206 0.6566666666666666 0.7145708582834331 0.6488888888888888 0.6986027944111777 0.6666666666666666 0.6966067864271457 0.6844444444444444 0.6946107784431138 0.6811111111111111 0.7225548902195609 0.69 0.7245508982035929 0.67 0.7345309381237525 0.6611111111111111 0.7405189620758483
6 0.5466666666666666 0.8083832335329342 0.5566666666666666 0.7944111776447106 0.5655555555555556 0.782435129740519 0.5744444444444444 0.7764471057884231 0.5888888888888889 0.7744510978043913 0.5877777777777777 0.7684630738522954 0.5811111111111111 0.7684630738522954 0.5744444444444444 0.7664670658682635 0.5666666666666667 0.7684630738522954 0.5622222222222222 0.7724550898203593 0.5577777777777778 0.7784431137724551 0.5544444444444444 0.782435129740519 0.5511111111111111 0.7884231536926147 0.5488888888888889 0.7924151696606786 0.5466666666666666 0.7964071856287425
2 0.6755555555555556 0.5848303393213573 0.6644444444444444 0.562874251497006 0.6522222222222223 0.5528942115768463 0.6388888888888888 0.5429141716566867 0.6255555555555555 0.5349301397205589 0.6133333333333333 0.5289421157684631 0.5966666666666667 0.5209580838323353 0.5822222222222222 0.5129740518962076 0.5655555555555556 0.5069860279441117 0.5411111111111111 0.49101796407185627 0.5188888888888888 0.47904191616766467 0.5033333333333333 0.46706586826347307 0.49 0.4630738522954092 0.47888888888888886 0.46706586826347307 0.47333333333333333 0.4750499001996008 0.47444444444444445 0.499001996007984 0.47888888888888886 0.5189620758483033 0.4855555555555556 0.5369261477045908 0.49777777777777776 0.5528942115768463 0.5122222222222222 0.5788423153692615 0.5133333333333333 0.5868263473053892 0.5288888888888889 0.6007984031936128 0.5411111111111111 0.6147704590818364 0.5555555555555556 0.624750499001996 0.5777777777777777 0.6347305389221557 0.59 0.6367265469061876 0.5933333333333334 0.6287425149700598 0.59 0.6167664670658682 0.5877777777777777 0.6107784431137725 0.5911111111111111 0.6047904191616766 0.6033333333333334 0.6047904191616766 0.6155555555555555 0.6067864271457086 0.6333333333333333 0.6047904191616766 0.6566666666666666 0.6047904191616766 0.6711111111111111 0.6027944111776448 0.6766666666666666 0.6007984031936128 0.68 0.592814371257485
3 0.4011111111111111 0.5708582834331337 0.39555555555555555 0.5828343313373253 0.3888888888888889 0.592814371257485 0.38333333333333336 0.6027944111776448 0.3811111111111111 0.6167664670658682 0.38 0.6347305389221557 0.38 0.6487025948103793 0.37777777777777777 0.6626746506986028 0.3711111111111111 0.6726546906187625 0.36666666666666664 0.688622754491018 0.3655555555555556 0.7005988023952096 0.37 0.7105788423153693 0.37666666666666665 0.7225548902195609 0.36777777777777776 0.720558882235529 0.35888888888888887 0.7085828343313373 0.3522222222222222 0.7045908183632734 0.34555555555555556 0.6986027944111777 0.3377777777777778 0.6906187624750499 0.32555555555555554 0.6786427145708582 0.31777777777777777 0.6726546906187625 0.30666666666666664 0.6646706586826348 0.2922222222222222 0.6487025948103793 0.26222222222222225 0.6227544910179641 0.24555555555555555 0.6027944111776448 0.23 0.5868263473053892 0.2088888888888889 0.5608782435129741 0.18888888888888888 0.5069860279441117 0.17777777777777778 0.4530938123752495 0.1688888888888889 0.39520958083832336 0.16666666666666666 0.3532934131736527 0.16666666666666666 0.313373253493014 0.18222222222222223 0.31736526946107785 0.21222222222222223 0.35129740518962077 0.23333333333333334 0.36327345309381237 0.24888888888888888 0.37524950099800397 0.2611111111111111 0.3872255489021956 0.27 0.3932135728542914 0.28555555555555556 0.40718562874251496 0.3022222222222222 0.4171656686626746 0.31555555555555553 0.42714570858283435 0.33111111111111113 0.4311377245508982 0.33666666666666667 0.437125748502994 0.35888888888888887 0.4231536926147705 0.37 0.4231536926147705 0.37777777777777777 0.4231536926147705 0.3888888888888889 0.437125748502994 0.4022222222222222 0.4471057884231537 0.4166666666666667 0.4550898203592814 0.42444444444444446 0.46706586826347307 0.4388888888888889 0.469061876247505 0.45222222222222225 0.48303393213572854 0.46 0.4930139720558882 0.4688888888888889 0.5089820359281437 0.4711111111111111 0.5249500998003992 0.4711111111111111 0.5449101796407185 0.4711111111111111 0.5608782435129741 0.47 0.5748502994011976 0.4677777777777778 0.592814371257485 0.46111111111111114 0.6087824351297405 0.45666666666666667 0.6227544910179641 0.4477777777777778 0.6127744510978044 0.44222222222222224 0.6007984031936128 0.4388888888888889 0.590818363273453 0.4288888888888889 0.5788423153692615 0.4222222222222222 0.5748502994011976 0.4166666666666667 0.5708582834331337 0.4111111111111111 0.5688622754491018
0 0.25666666666666665 0.1596806387225549 0.2511111111111111 0.18962075848303392 0.24888888888888888 0.20958083832335328 0.2477777777777778 0.22355289421157684 0.24666666666666667 0.23552894211576847 0.24555555555555555 0.25948103792415167 0.24555555555555555 0.27345309381237526 0.24444444444444444 0.2954091816367265 0.24333333333333335 0.3093812375249501 0.24222222222222223 0.3253493013972056 0.2388888888888889 0.33532934131736525 0.23666666666666666 0.34530938123752497 0.23555555555555555 0.35528942115768464 0.23222222222222222 0.3652694610778443 0.23222222222222222 0.37924151696606784 0.2311111111111111 0.39520958083832336 0.2311111111111111 0.4151696606786427 0.2311111111111111 0.4351297405189621 0.2311111111111111 0.44510978043912175 0.23222222222222222 0.4630738522954092 0.23333333333333334 0.4810379241516966 0.23555555555555555 0.49500998003992014 0.23555555555555555 0.5029940119760479 0.23666666666666666 0.5129740518962076 0.23777777777777778 0.5229540918163673 0.2411111111111111 0.5329341317365269 0.24333333333333335 0.5429141716566867 0.24444444444444444 0.562874251497006 0.24444444444444444 0.5788423153692615 0.24444444444444444 0.592814371257485 0.24444444444444444 0.6047904191616766 0.24888888888888888 0.6127744510978044 0.27444444444444444 0.6327345309381237 0.2877777777777778 0.6447105788423154 0.3088888888888889 0.6626746506986028 0.32555555555555554 0.6766467065868264 0.33666666666666667 0.6906187624750499 0.36777777777777776 0.7125748502994012 0.36666666666666664 0.6866267465069861 0.3688888888888889 0.6626746506986028 0.3711111111111111 0.6487025948103793 0.37555555555555553 0.6347305389221557 0.37555555555555553 0.6167664670658682 0.3688888888888889 0.5988023952095808 0.3655555555555556 0.5808383233532934 0.3622222222222222 0.564870259481038 0.3611111111111111 0.5489021956087824 0.35888888888888887 0.530938123752495 0.35888888888888887 0.5189620758483033 0.35777777777777775 0.500998003992016 0.3566666666666667 0.48502994011976047 0.3566666666666667 0.47305389221556887 0.3566666666666667 0.46107784431137727 0.3566666666666667 0.4471057884231537 0.3566666666666667 0.42714570858283435 0.3611111111111111 0.4171656686626746 0.3655555555555556 0.405189620758483 0.3511111111111111 0.38323353293413176 0.3522222222222222 0.36926147704590817 0.35333333333333333 0.35129740518962077 0.3522222222222222 0.3333333333333333 0.3522222222222222 0.3093812375249501 0.3511111111111111 0.2934131736526946 0.3522222222222222 0.2774451097804391 0.3522222222222222 0.2634730538922156 0.35444444444444445 0.24750499001996007 0.35 0.22554890219560877 0.3433333333333333 0.20758483033932135 0.3322222222222222 0.18363273453093812 0.31666666666666665 0.16167664670658682 0.30444444444444446 0.1536926147704591 0.29 0.14570858283433133 0.27444444444444444 0.14171656686626746 0.26555555555555554 0.14171656686626746
8 0.5966666666666667 0.6087824351297405 0.6177777777777778 0.6087824351297405 0.6311111111111111 0.6087824351297405 0.6422222222222222 0.6127744510978044 0.6555555555555556 0.624750499001996 0.6711111111111111 0.6307385229540918 0.6788888888888889 0.6367265469061876 0.6744444444444444 0.6526946107784432 0.6666666666666666 0.6606786427145709 0.6544444444444445 0.656686626746507 0.6444444444444445 0.6526946107784432 0.6377777777777778 0.6506986027944112 0.6266666666666667 0.6447105788423154 0.6144444444444445 0.6407185628742516 0.6033333333333334 0.6287425149700598 0.5966666666666667 0.624750499001996
8 0.5177777777777778 0.5968063872255489 0.5233333333333333 0.6047904191616766 0.5333333333333333 0.624750499001996
8 0.5222222222222223 0.6007984031936128 0.53 0.6087824351297405 0.5355555555555556 0.6167664670658682 0.5466666666666666 0.626746506986028 0.5577777777777778 0.6327345309381237 0.5644444444444444 0.6367265469061876 0.5611111111111111 0.6467065868263473 0.5488888888888889 0.6467065868263473 0.5388888888888889 0.6447105788423154 0.5344444444444445 0.6347305389221557 0.5266666666666666 0.626746506986028
8 0.5055555555555555 0.6447105788423154 0.5166666666666667 0.6626746506986028 0.5255555555555556 0.6506986027944112 0.51 0.6387225548902196
8 0.5488888888888889 0.6826347305389222 0.5611111111111111 0.6946107784431138 0.58 0.6966067864271457 0.5811111111111111 0.6826347305389222 0.5677777777777778 0.6746506986027944
8 0.5177777777777778 0.7025948103792415 0.5244444444444445 0.7065868263473054 0.5322222222222223 0.718562874251497 0.5355555555555556 0.7285429141716567 0.5355555555555556 0.7385229540918163 0.5488888888888889 0.7564870259481038 0.5511111111111111 0.7644710578842315 0.5511111111111111 0.7744510978043913 0.5455555555555556 0.8023952095808383 0.5388888888888889 0.8163672654690619 0.53 0.7924151696606786 0.5222222222222223 0.7704590818363274 0.5111111111111111 0.7844311377245509 0.5133333333333333 0.7584830339321357 0.5144444444444445 0.7425149700598802 0.5122222222222222 0.7285429141716567 0.5111111111111111 0.718562874251497
8 0.6544444444444445 0.7065868263473054 0.6455555555555555 0.7085828343313373 0.6333333333333333 0.716566866267465 0.6344444444444445 0.7285429141716567 0.6422222222222222 0.7345309381237525 0.6555555555555556 0.7325349301397206
8 0.6566666666666666 0.7524950099800399 0.65 0.7445109780439122 0.6422222222222222 0.7485029940119761 0.6433333333333333 0.7604790419161677 0.65 0.7664670658682635 0.6566666666666666 0.7704590818363274 0.6611111111111111 0.7684630738522954 0.6611111111111111 0.7584830339321357
8 0.4777777777777778 0.7105788423153693 0.4822222222222222 0.7045908183632734 0.4888888888888889 0.7025948103792415 0.5011111111111111 0.7065868263473054 0.5055555555555555 0.7225548902195609 0.5066666666666667 0.7504990019960079 0.51 0.7604790419161677 0.5122222222222222 0.7784431137724551 0.5155555555555555 0.7844311377245509 0.5144444444444445 0.7924151696606786 0.5077777777777778 0.7944111776447106 0.5033333333333333 0.7964071856287425 0.4988888888888889 0.7964071856287425 0.49333333333333335 0.7944111776447106
6 0.68 0.6407185628742516 0.6788888888888889 0.6506986027944112 0.68 0.654690618762475 0.6811111111111111 0.6606786427145709 0.6811111111111111 0.6666666666666666 0.6777777777777778 0.6666666666666666 0.6755555555555556 0.6606786427145709 0.6744444444444444 0.654690618762475 0.6744444444444444 0.6467065868263473 0.6766666666666666 0.6407185628742516
6 0.6877777777777778 0.6806387225548902 0.6911111111111111 0.6866267465069861 0.6944444444444444 0.6946107784431138 0.6955555555555556 0.7005988023952096 0.6988888888888889 0.7065868263473054 0.7022222222222222 0.7085828343313373 0.7033333333333334 0.7125748502994012 0.6988888888888889 0.7145708582834331 0.6955555555555556 0.7065868263473054 0.6922222222222222 0.6986027944111777 0.69 0.6926147704590818 0.6877777777777778 0.6866267465069861
0 0.45 0.6187624750499002 0.5066666666666667 0.5728542914171657 0.5211111111111111 0.5888223552894212 0.5433333333333333 0.6127744510978044 0.5622222222222222 0.624750499001996 0.5855555555555556 0.6327345309381237 0.5911111111111111 0.6307385229540918 0.5855555555555556 0.6127744510978044 0.6433333333333333 0.6047904191616766 0.6677777777777778 0.6007984031936128 0.6788888888888889 0.592814371257485 0.6677777777777778 0.5688622754491018 0.6455555555555555 0.5528942115768463 0.6211111111111111 0.530938123752495 0.64 0.5209580838323353 0.6877777777777778 0.5129740518962076 0.7322222222222222 0.499001996007984 0.7711111111111111 0.48502994011976047 0.7955555555555556 0.4750499001996008 0.8144444444444444 0.4630738522954092 0.8266666666666667 0.4550898203592814 0.8344444444444444 0.4550898203592814 0.84 0.47105788423153694 0.8477777777777777 0.4930139720558882 0.8555555555555555 0.5049900199600799 0.86 0.49500998003992014 0.8677777777777778 0.5129740518962076 0.8811111111111111 0.5528942115768463 0.8811111111111111 0.6027944111776448 0.8766666666666667 0.6367265469061876 0.8744444444444445 0.6746506986027944 0.8711111111111111 0.6906187624750499 0.8711111111111111 0.716566866267465 0.8766666666666667 0.7385229540918163 0.8722222222222222 0.7584830339321357 0.8588888888888889 0.7944111776447106 0.8133333333333334 0.8343313373253493 0.75 0.8702594810379242 0.6855555555555556 0.8922155688622755 0.6555555555555556 0.9021956087824351 0.6344444444444445 0.9181636726546906 0.5922222222222222 0.9201596806387226 0.5288888888888889 0.9021956087824351 0.5088888888888888 0.874251497005988 0.49666666666666665 0.812375249500998 0.4777777777777778 0.7125748502994012
0 0.5233333333333333 0.5868263473053892 0.48444444444444446 0.48902195608782434 0.4777777777777778 0.46506986027944114 0.45666666666666667 0.45109780439121755 0.43666666666666665 0.42714570858283435 0.42777777777777776 0.40718562874251496 0.4222222222222222 0.37924151696606784 0.4266666666666667 0.3592814371257485 0.41888888888888887 0.35728542914171657 0.41444444444444445 0.37325349301397204 0.4122222222222222 0.40119760479041916 0.4177777777777778 0.42714570858283435 0.43333333333333335 0.4550898203592814 0.46111111111111114 0.48303393213572854 0.47 0.5209580838323353 0.48 0.5528942115768463 0.49333333333333335 0.5808383233532934 0.5066666666666667 0.592814371257485