2 0.3481182795698925 0.4585987261146497 0.3521505376344086 0.4416135881104034 0.36155913978494625 0.43312101910828027 0.37768817204301075 0.4309978768577495 0.39381720430107525 0.4267515923566879 0.41263440860215056 0.42462845010615713 0.4381720430107527 0.4267515923566879 0.45698924731182794 0.43736730360934184 0.4650537634408602 0.47983014861995754 0.46236559139784944 0.5201698513800425 0.46102150537634407 0.5392781316348195 0.4543010752688172 0.5477707006369427 0.43413978494623656 0.5498938428874734 0.41801075268817206 0.5520169851380042 0.40860215053763443 0.554140127388535 0.3978494623655914 0.5626326963906582 0.3817204301075269 0.5711252653927813 0.3655913978494624 0.5732484076433121 0.35080645161290325 0.5583864118895966 0.34408602150537637 0.5477707006369427 0.3346774193548387 0.535031847133758 0.3400537634408602 0.5031847133757962 0.3400537634408602 0.4840764331210191
6 0.4596774193548387 0.4267515923566879 0.46774193548387094 0.42038216560509556 0.47446236559139787 0.4140127388535032 0.48655913978494625 0.4033970276008493 0.5040322580645161 0.3991507430997877 0.5040322580645161 0.4118895966029724 0.5040322580645161 0.42250530785562634 0.49731182795698925 0.42250530785562634 0.4905913978494624 0.42038216560509556 0.4825268817204301 0.42462845010615713 0.4731182795698925 0.43736730360934184 0.46774193548387094 0.4437367303609342 0.4596774193548387 0.4394904458598726
6 0.6411290322580645 0.4840764331210191 0.6478494623655914 0.4819532908704883 0.6586021505376344 0.47770700636942676 0.6653225806451613 0.4819532908704883 0.6586021505376344 0.4883227176220807 0.6491935483870968 0.49469214437367304 0.6438172043010753 0.49469214437367304
6 0.5295698924731183 0.5859872611464968 0.5336021505376344 0.5817409766454352 0.5416666666666666 0.5753715498938429 0.5497311827956989 0.5732484076433121 0.5591397849462365 0.5732484076433121 0.5604838709677419 0.5817409766454352 0.5524193548387096 0.5859872611464968 0.5456989247311828 0.5859872611464968 0.5389784946236559 0.5881104033970276
6 0.592741935483871 0.5626326963906582 0.6008064516129032 0.5583864118895966 0.6088709677419355 0.5562632696390658 0.6182795698924731 0.5520169851380042 0.6223118279569892 0.5605095541401274 0.6169354838709677 0.564755838641189 0.6088709677419355 0.5668789808917197 0.6008064516129032 0.5690021231422505 0.5954301075268817 0.5690021231422505
6 0.5806451612903226 0.5774946921443737 0.581989247311828 0.5711252653927813 0.5873655913978495 0.5711252653927813 0.5913978494623656 0.5711252653927813 0.5954301075268817 0.5732484076433121 0.5981182795698925 0.5753715498938429 0.603494623655914 0.5753715498938429 0.603494623655914 0.5817409766454352 0.5994623655913979 0.583864118895966 0.5981182795698925 0.5859872611464968 0.5940860215053764 0.5923566878980892 0.5887096774193549 0.5923566878980892 0.5900537634408602 0.583864118895966 0.5913978494623656 0.5796178343949044 0.5873655913978495 0.5796178343949044 0.5846774193548387 0.5796178343949044
6 0.45564516129032256 0.6093418259023354 0.46102150537634407 0.6072186836518046 0.4650537634408602 0.6093418259023354 0.4637096774193548 0.6157112526539278 0.4596774193548387 0.6199575371549894 0.45564516129032256 0.6199575371549894 0.45564516129032256 0.6157112526539278
6 0.7137096774193549 0.5477707006369427 0.7150537634408602 0.5583864118895966 0.717741935483871 0.5626326963906582 0.7190860215053764 0.5711252653927813 0.7217741935483871 0.5796178343949044 0.7244623655913979 0.5732484076433121 0.7231182795698925 0.5668789808917197 0.7204301075268817 0.5605095541401274 0.7204301075268817 0.554140127388535 0.7204301075268817 0.5477707006369427 0.717741935483871 0.5456475583864119
3 0.4650537634408602 0.42250530785562634 0.4825268817204301 0.40764331210191085 0.5053763440860215 0.3970276008492569 0.5349462365591398 0.39490445859872614 0.5631720430107527 0.39490445859872614 0.5994623655913979 0.4033970276008493 0.6129032258064516 0.416135881104034 0.6209677419354839 0.42038216560509556 0.6209677419354839 0.39065817409766457 0.6276881720430108 0.36942675159235666 0.6384408602150538 0.3524416135881104 0.6599462365591398 0.34394904458598724 0.6720430107526881 0.3609341825902335 0.6827956989247311 0.38004246284501064 0.6908602150537635 0.40764331210191085 0.7016129032258065 0.45222929936305734 0.7083333333333334 0.4883227176220807 0.7163978494623656 0.5392781316348195 0.7258064516129032 0.5796178343949044 0.7217741935483871 0.5944798301486199 0.7110215053763441 0.564755838641189 0.696236559139785 0.5456475583864119 0.6706989247311828 0.5414012738853503 0.6559139784946236 0.5435244161358811 0.6478494623655914 0.5477707006369427 0.6209677419354839 0.5668789808917197 0.6075268817204301 0.5774946921443737 0.6008064516129032 0.583864118895966 0.5766129032258065 0.583864118895966 0.553763440860215 0.583864118895966 0.5255376344086021 0.5944798301486199 0.5053763440860215 0.5987261146496815 0.4879032258064516 0.6029723991507431 0.4637096774193548 0.613588110403397 0.45698924731182794 0.5859872611464968 0.46236559139784944 0.5392781316348195 0.46639784946236557 0.5031847133757962 0.46236559139784944 0.46284501061571126 0.4637096774193548 0.44798301486199577 0.4650537634408602 0.43312101910828027
8 0.41801075268817206 0.7813163481953291 0.41935483870967744 0.7622080679405521 0.42338709677419356 0.7409766454352441 0.43548387096774194 0.7494692144373672 0.45026881720430106 0.7537154989384289 0.4637096774193548 0.7430997876857749 0.4838709677419355 0.7346072186836518 0.4986559139784946 0.7176220806794055 0.5161290322580645 0.7282377919320594 0.49193548387096775 0.7430997876857749 0.47446236559139787 0.7622080679405521 0.45564516129032256 0.7749469214437368 0.44086021505376344 0.7898089171974523 0.42473118279569894 0.7961783439490446
3 0.5577956989247311 0.5966029723991507 0.5510752688172043 0.6157112526539278 0.5443548387096774 0.6348195329087049 0.5336021505376344 0.6496815286624203 0.532258064516129 0.6751592356687898 0.543010752688172 0.6857749469214437 0.553763440860215 0.7112526539278131 0.5618279569892473 0.7388535031847133 0.5698924731182796 0.7006369426751592 0.5793010752688172 0.6602972399150743 0.5954301075268817 0.6263269639065817 0.6061827956989247 0.6008492569002123 0.5900537634408602 0.5902335456475584 0.5739247311827957 0.5881104033970276
0 0.7311827956989247 0.6518046709129511 0.7271505376344086 0.6072186836518046 0.7217741935483871 0.5774946921443737 0.7190860215053764 0.5626326963906582 0.7137096774193549 0.5435244161358811 0.7110215053763441 0.5201698513800425 0.7083333333333334 0.4968152866242038 0.6989247311827957 0.4692144373673036 0.696236559139785 0.44798301486199577 0.6908602150537635 0.4288747346072187 0.6868279569892473 0.40764331210191085 0.6841397849462365 0.3842887473460722 0.678763440860215 0.3481953290870488 0.6841397849462365 0.346072186836518 0.6908602150537635 0.386411889596603 0.6948924731182796 0.4140127388535032 0.7016129032258065 0.43736730360934184 0.7083333333333334 0.46284501061571126 0.7150537634408602 0.4989384288747346 0.717741935483871 0.5222929936305732 0.7217741935483871 0.535031847133758 0.7258064516129032 0.5562632696390658 0.7325268817204301 0.5732484076433121 0.7352150537634409 0.6008492569002123 0.7352150537634409 0.6326963906581741 0.7365591397849462 0.6496815286624203
0 0.603494623655914 0.6029723991507431 0.5752688172043011 0.5966029723991507 0.5524193548387096 0.6008492569002123 0.5362903225806451 0.6093418259023354 0.4583333333333333 0.6411889596602972 0.4529569892473118 0.6348195329087049 0.45161290322580644 0.6220806794055201 0.45564516129032256 0.6093418259023354 0.47446236559139787 0.6050955414012739 0.5309139784946236 0.5859872611464968 0.5564516129032258 0.5796178343949044 0.5645161290322581 0.5753715498938429 0.5766129032258065 0.5732484076433121 0.5873655913978495 0.5732484076433121 0.5994623655913979 0.5774946921443737 0.6102150537634409 0.583864118895966