4 0.7105555555555556 0.3562874251497006 0.7116666666666667 0.33033932135728544 0.715 0.2884231536926148 0.7161111111111111 0.24850299401197604 0.715 0.19461077844311378 0.7105555555555556 0.21457085828343314 0.7083333333333334 0.26047904191616766 0.7072222222222222 0.3063872255489022 0.7038888888888889 0.3602794411177645 0.7105555555555556 0.3562874251497006
8 0.5872222222222222 0.40818363273453095 0.5916666666666667 0.3962075848303393 0.5938888888888889 0.37624750499001997 0.6005555555555555 0.3502994011976048 0.5883333333333334 0.36427145708582837 0.5861111111111111 0.3842315369261477 0.5827777777777777 0.406187624750499 0.5872222222222222 0.40818363273453095
8 0.6016666666666667 0.3003992015968064 0.6027777777777777 0.28043912175648705 0.6127777777777778 0.25848303393213573 0.6038888888888889 0.24850299401197604 0.5994444444444444 0.26447105788423153 0.5961111111111111 0.282435129740519 0.595 0.30439121756487025 0.6016666666666667 0.3003992015968064
8 0.5994444444444444 0.5319361277445109 0.5972222222222222 0.5219560878243513 0.5927777777777777 0.5139720558882236 0.5927777777777777 0.5379241516966068 0.5994444444444444 0.5319361277445109
8 0.6072222222222222 0.4780439121756487 0.6105555555555555 0.4600798403193613 0.6094444444444445 0.4481037924151697 0.6038888888888889 0.47005988023952094 0.6072222222222222 0.4780439121756487
0 0.5072222222222222 0.7395209580838323 0.5083333333333333 0.7275449101796407 0.5038888888888889 0.719560878243513 0.4938888888888889 0.7335329341317365 0.5072222222222222 0.7395209580838323
8 0.5738888888888889 0.7534930139720559 0.5672222222222222 0.7475049900199601 0.5605555555555556 0.7614770459081837 0.5538888888888889 0.7634730538922155 0.5661111111111111 0.7614770459081837 0.5738888888888889 0.7534930139720559
8 0.45611111111111113 0.9790419161676647 0.4661111111111111 0.9810379241516967 0.4738888888888889 0.969061876247505 0.4627777777777778 0.9710578842315369 0.4727777777777778 0.9391217564870259 0.465 0.9550898203592815 0.455 0.9710578842315369 0.45611111111111113 0.9790419161676647
8 0.5227777777777778 0.9131736526946108 0.5261111111111111 0.9331337325349301 0.5316666666666666 0.909181636726547 0.5394444444444444 0.8812375249500998 0.5294444444444445 0.8952095808383234 0.5216666666666666 0.8932135728542914 0.5161111111111111 0.907185628742515 0.5227777777777778 0.9131736526946108
8 0.5627777777777778 0.8093812375249501 0.5694444444444444 0.8133732534930139 0.5661111111111111 0.7994011976047904 0.5627777777777778 0.8093812375249501
8 0.5738888888888889 0.8253493013972056 0.5661111111111111 0.7934131736526946 0.5683333333333334 0.811377245508982 0.5738888888888889 0.8253493013972056
8 0.5027777777777778 0.9590818363273453 0.5027777777777778 0.935129740518962 0.495 0.9570858283433133 0.4905555555555556 0.9710578842315369 0.5027777777777778 0.9590818363273453
8 0.5461111111111111 0.8173652694610778 0.5394444444444444 0.7894211576846307 0.5394444444444444 0.8073852295409182 0.5461111111111111 0.8173652694610778
8 0.525 0.843313373253493 0.5238888888888888 0.8293413173652695 0.5161111111111111 0.8393213572854291 0.525 0.843313373253493
8 0.5138888888888888 0.9670658682634731 0.5127777777777778 0.9471057884231537 0.5072222222222222 0.9610778443113772 0.5138888888888888 0.9670658682634731
8 0.6338888888888888 0.21057884231536927 0.6305555555555555 0.19461077844311378 0.625 0.15868263473053892 0.6238888888888889 0.17465069860279442 0.6083333333333333 0.1686626746506986 0.6094444444444445 0.20059880239520958 0.6105555555555555 0.23253493013972057 0.6194444444444445 0.218562874251497 0.6294444444444445 0.23053892215568864 0.6338888888888888 0.21057884231536927
6 0.6572222222222223 0.38223552894211577 0.6538888888888889 0.3662674650698603 0.6527777777777778 0.3403193612774451 0.6494444444444445 0.34231536926147704 0.6494444444444445 0.35429141716566864 0.6483333333333333 0.3662674650698603 0.6494444444444445 0.38023952095808383 0.6516666666666666 0.38822355289421157 0.655 0.3962075848303393 0.6572222222222223 0.40219560878243515 0.6605555555555556 0.40818363273453095 0.6627777777777778 0.4121756487025948 0.665 0.4161676646706587 0.6716666666666666 0.4161676646706587 0.6638888888888889 0.39820359281437123 0.6572222222222223 0.38223552894211577
2 0.5294444444444445 0.22654690618762474 0.5238888888888888 0.250499001996008 0.5194444444444445 0.2744510978043912 0.5161111111111111 0.2964071856287425 0.5116666666666667 0.3263473053892216 0.5072222222222222 0.3522954091816367 0.5038888888888889 0.38223552894211577 0.495 0.42614770459081835 0.48833333333333334 0.4660678642714571 0.4816666666666667 0.4940119760479042 0.47944444444444445 0.5179640718562875 0.4816666666666667 0.5379241516966068 0.4861111111111111 0.5479041916167665 0.49944444444444447 0.5459081836327345 0.5105555555555555 0.5379241516966068 0.5205555555555555 0.5259481037924152 0.5294444444444445 0.5039920159680639 0.5438888888888889 0.4780439121756487 0.5483333333333333 0.47604790419161674 0.5561111111111111 0.4481037924151697 0.5638888888888889 0.42614770459081835 0.5694444444444444 0.4001996007984032 0.575 0.3602794411177645 0.5761111111111111 0.3383233532934132 0.5716666666666667 0.3323353293413174 0.565 0.3383233532934132 0.5616666666666666 0.34231536926147704 0.5583333333333333 0.33632734530938124 0.5583333333333333 0.3143712574850299 0.5594444444444444 0.29241516966067865 0.5583333333333333 0.26047904191616766 0.5583333333333333 0.218562874251497 0.5572222222222222 0.19261477045908185 0.5561111111111111 0.18263473053892215 0.5516666666666666 0.17664670658682635 0.5472222222222223 0.18463073852295409 0.535 0.20459081836327345 0.5294444444444445 0.22654690618762474
3 0.5426315788888889 1 0.5483333333333333 0.9850299401197605 0.5572222222222222 0.9570858283433133 0.5683333333333334 0.9271457085828343 0.5827777777777777 0.873253493013972 0.5916666666666667 0.8473053892215568 0.5961111111111111 0.8273453093812375 0.5994444444444444 0.8133732534930139 0.6061111111111112 0.7914171656686627 0.6105555555555555 0.7774451097804391 0.6138888888888889 0.7654690618762475 0.6161111111111112 0.7534930139720559 0.6227777777777778 0.7375249500998003 0.6238888888888889 0.7215568862275449 0.6172222222222222 0.7335329341317365 0.6116666666666667 0.7415169660678643 0.605 0.7395209580838323 0.5961111111111111 0.7315369261477046 0.5905555555555555 0.719560878243513 0.5827777777777777 0.7155688622754491 0.575 0.7155688622754491 0.565 0.7135728542914171 0.5572222222222222 0.7095808383233533 0.5516666666666666 0.6996007984031936 0.5461111111111111 0.687624750499002 0.5394444444444444 0.6776447105788423 0.5383333333333333 0.6596806387225549 0.5394444444444444 0.6497005988023952 0.5416666666666666 0.6397205588822356 0.5438888888888889 0.627744510978044 0.5505555555555556 0.6097804391217565 0.5561111111111111 0.6037924151696606 0.5627777777777778 0.593812375249501 0.5683333333333334 0.5778443113772455 0.5605555555555556 0.5698602794411177 0.5516666666666666 0.5578842315369261 0.5416666666666666 0.5538922155688623 0.5338888888888889 0.5518962075848304 0.525 0.5518962075848304 0.5138888888888888 0.5518962075848304 0.505 0.5558882235528942 0.4961111111111111 0.5718562874251497 0.4905555555555556 0.5858283433133733 0.48277777777777775 0.6097804391217565 0.4816666666666667 0.6357285429141717 0.475 0.6497005988023952 0.47055555555555556 0.6756487025948104 0.465 0.6996007984031936 0.4572222222222222 0.719560878243513 0.4572222222222222 0.7335329341317365 0.4572222222222222 0.7534930139720559 0.465 0.7934131736526946 0.46166666666666667 0.8033932135728543 0.45944444444444443 0.8313373253493014 0.4538888888888889 0.8552894211576846 0.4483333333333333 0.8852295409181636 0.44055555555555553 0.9131736526946108 0.43722222222222223 0.9291417165668663 0.4305555555555556 0.9510978043912176 0.42388888888888887 0.9790419161676647 0.4202046788888889 1 0.5426315788888889 1
0 0.3383333333333333 0.9510978043912176 0.3461111111111111 0.9530938123752495 0.3527777777777778 0.9550898203592815 0.3661111111111111 0.9570858283433133 0.3738888888888889 0.9570858283433133 0.3861111111111111 0.9590818363273453 0.3938888888888889 0.9610778443113772 0.4027777777777778 0.9630738522954092 0.4083333333333333 0.969061876247505 0.41388888888888886 0.9730538922155688 0.41944444444444445 0.9750499001996008 0.425 0.9810379241516967 0.43277777777777776 0.9810379241516967 0.44166666666666665 0.9830339321357285 0.4527777777777778 0.9830339321357285 0.4638888888888889 0.9830339321357285 0.46944444444444444 0.9830339321357285 0.47944444444444445 0.9810379241516967 0.48944444444444446 0.9790419161676647 0.49722222222222223 0.9750499001996008 0.5016666666666667 0.9750499001996008 0.5072222222222222 0.9730538922155688 0.5127777777777778 0.9710578842315369 0.5183333333333333 0.9650698602794411 0.5238888888888888 0.9610778443113772 0.535 0.9590818363273453 0.5438888888888889 0.9590818363273453 0.5516666666666666 0.9590818363273453 0.5583333333333333 0.9590818363273453 0.5627777777777778 0.9510978043912176 0.5738888888888889 0.9051896207584831 0.5805555555555556 0.8812375249500998 0.5905555555555555 0.843313373253493 0.5983333333333334 0.8133732534930139 0.6061111111111112 0.7934131736526946 0.6183333333333333 0.7375249500998003 0.6038888888888889 0.7395209580838323 0.5905555555555555 0.7355289421157685 0.5827777777777777 0.7315369261477046 0.575 0.7235528942115769 0.565 0.7235528942115769 0.555 0.7355289421157685 0.545 0.7415169660678643 0.5361111111111111 0.7475049900199601 0.5272222222222223 0.7495009980039921 0.5172222222222222 0.7534930139720559 0.5105555555555555 0.7534930139720559 0.5005555555555555 0.7554890219560878 0.49166666666666664 0.7574850299401198 0.485 0.7574850299401198 0.47833333333333333 0.7574850299401198 0.47055555555555556 0.7574850299401198 0.45944444444444443 0.7574850299401198 0.4538888888888889 0.7495009980039921 0.44722222222222224 0.7415169660678643 0.435 0.7674650698602794 0.4272222222222222 0.7654690618762475 0.4172222222222222 0.7634730538922155 0.4072222222222222 0.7654690618762475 0.3938888888888889 0.7654690618762475 0.385 0.7674650698602794 0.3761111111111111 0.7654690618762475 0.36833333333333335 0.7654690618762475 0.35944444444444446 0.7614770459081837 0.3472222222222222 0.7694610778443114 0.3372222222222222 0.781437125748503 0.3238888888888889 0.8013972055888223 0.31166666666666665 0.8293413173652695 0.30722222222222223 0.8512974051896207 0.30277777777777776 0.8772455089820359 0.3005555555555556 0.9051896207584831 0.3005555555555556 0.9211576846307385 0.31055555555555553 0.937125748502994 0.32722222222222225 0.9471057884231537 0.3383333333333333 0.9510978043912176
8 0.5694444444444444 0.3263473053892216 0.5716666666666667 0.3143712574850299 0.5783333333333334 0.2944111776447106 0.5805555555555556 0.27245508982035926 0.5838888888888889 0.25249500998003993 0.585 0.2405189620758483 0.5872222222222222 0.22255489021956087 0.5894444444444444 0.20059880239520958 0.585 0.18662674650698602 0.5761111111111111 0.17864271457085829 0.5727777777777778 0.19261477045908185 0.5694444444444444 0.22055888223552894 0.5627777777777778 0.24451097804391217 0.5605555555555556 0.26447105788423153 0.5605555555555556 0.2884231536926148 0.5605555555555556 0.3263473053892216 0.5694444444444444 0.3263473053892216
8 0.5694444444444444 0.44011976047904194 0.5583333333333333 0.45808383233532934 0.5538888888888889 0.468063872255489 0.5694444444444444 0.44011976047904194
8 0.5705555555555556 0.45209580838323354 0.575 0.43812375249500995 0.5805555555555556 0.4301397205588822 0.5816666666666667 0.4121756487025948 0.5816666666666667 0.3902195608782435 0.5761111111111111 0.3842315369261477 0.5738888888888889 0.3962075848303393 0.5705555555555556 0.4161676646706587 0.565 0.436127744510978 0.5605555555555556 0.44610778443113774 0.5561111111111111 0.4600798403193613 0.5705555555555556 0.45209580838323354
8 0.5838888888888889 0.4540918163672655 0.5772222222222222 0.4820359281437126 0.5805555555555556 0.49001996007984033 0.5905555555555555 0.47005988023952094 0.5838888888888889 0.4540918163672655
8 0.6094444444444445 0.3562874251497006 0.6016666666666667 0.35429141716566864 0.5972222222222222 0.3782435129740519 0.6016666666666667 0.4121756487025948 0.6083333333333333 0.3902195608782435 0.6094444444444445 0.3562874251497006
8 0.6216666666666667 0.48003992015968067 0.6272222222222222 0.4780439121756487 0.635 0.4740518962075848 0.6438888888888888 0.47604790419161674 0.6583333333333333 0.48003992015968067 0.6505555555555556 0.4600798403193613 0.6627777777777778 0.44610778443113774 0.6761111111111111 0.4301397205588822 0.6683333333333333 0.4181636726546906 0.6527777777777778 0.40818363273453095 0.6472222222222223 0.40818363273453095 0.6427777777777778 0.4121756487025948 0.6327777777777778 0.436127744510978 0.6272222222222222 0.436127744510978 0.6216666666666667 0.4421157684630739 0.615 0.4560878243512974 0.6127777777777778 0.468063872255489 0.6216666666666667 0.48003992015968067
8 0.6205555555555555 0.26047904191616766 0.6272222222222222 0.25848303393213573 0.6305555555555555 0.24451097804391217 0.6294444444444445 0.22055888223552894 0.615 0.22255489021956087 0.6161111111111112 0.23852295409181637 0.6205555555555555 0.26047904191616766
8 0.6383333333333333 0.24451097804391217 0.645 0.24251497005988024 0.6483333333333333 0.23053892215568864 0.6505555555555556 0.218562874251497 0.6494444444444445 0.21057884231536927 0.6438888888888888 0.21057884231536927 0.6405555555555555 0.218562874251497 0.6361111111111111 0.23053892215568864 0.6383333333333333 0.24451097804391217
8 0.6638888888888889 0.5119760479041916 0.665 0.501996007984032 0.665 0.4940119760479042 0.6638888888888889 0.48602794411177647 0.6627777777777778 0.4740518962075848 0.6583333333333333 0.4720558882235529 0.655 0.4780439121756487 0.645 0.4820359281437126 0.6394444444444445 0.4880239520958084 0.6238888888888889 0.49001996007984033 0.615 0.49800399201596807 0.6127777777777778 0.5199600798403193 0.6138888888888889 0.5319361277445109 0.6172222222222222 0.5399201596806387 0.6638888888888889 0.5119760479041916
6 0.5783333333333334 0.18263473053892215 0.5816666666666667 0.18662674650698602 0.5861111111111111 0.18662674650698602 0.5894444444444444 0.18463073852295409 0.5927777777777777 0.18063872255489022 0.5927777777777777 0.17465069860279442 0.5894444444444444 0.17465069860279442 0.5861111111111111 0.17664670658682635 0.5838888888888889 0.17864271457085829 0.5783333333333334 0.17664670658682635 0.5783333333333334 0.18263473053892215
6 0.6038888888888889 0.1626746506986028 0.6072222222222222 0.15868263473053892 0.6105555555555555 0.15469061876247506 0.615 0.14870259481037923 0.6194444444444445 0.14271457085828343 0.6183333333333333 0.1347305389221557 0.6161111111111112 0.13672654690618763 0.615 0.14271457085828343 0.6116666666666667 0.14870259481037923 0.6083333333333333 0.1506986027944112 0.6038888888888889 0.156686626746507 0.6005555555555555 0.1626746506986028 0.6038888888888889 0.1626746506986028
0 0.4900252522222222 0 0.49166666666666664 0.012974051896207584 0.49944444444444447 0.08283433133732535 0.5072222222222222 0.1626746506986028 0.5116666666666667 0.24850299401197604 0.5172222222222222 0.282435129740519 0.5294444444444445 0.23852295409181637 0.5383333333333333 0.19860279441117765 0.5516666666666666 0.17864271457085829 0.5561111111111111 0.19860279441117765 0.5583333333333333 0.24251497005988024 0.5627777777777778 0.3463073852295409 0.5727777777777778 0.33632734530938124 0.5738888888888889 0.3463073852295409 0.5694444444444444 0.38822355289421157 0.5627777777777778 0.4221556886227545 0.5494444444444444 0.4620758483033932 0.5405555555555556 0.4880239520958084 0.5661111111111111 0.5898203592814372 0.6183333333333333 0.5399201596806387 0.6738888888888889 0.5059880239520959 0.7083333333333334 0.48403193612774453 0.7238888888888889 0.4481037924151697 0.7338888888888889 0.3343313373253493 0.7327777777777778 0.25848303393213573 0.7238888888888889 0.22055888223552894 0.7183333333333334 0.16666666666666666 0.7061111111111111 0.05089820359281437 0.6971637422222222 0 0.4900252522222222 0
0 0.48055555555555557 0.5399201596806387 0.4727777777777778 0.5778443113772455 0.45944444444444443 0.6137724550898204 0.4483333333333333 0.6297405189620758 0.43277777777777776 0.6397205588822356 0.4216666666666667 0.6317365269461078 0.42055555555555557 0.6457085828343313 0.42944444444444446 0.653692614770459 0.445 0.6576846307385229 0.45944444444444443 0.6477045908183633 0.475 0.6197604790419161 0.4905555555555556 0.5698602794411177 0.5116666666666667 0.5538922155688623 0.5294444444444445 0.5359281437125748 0.545 0.5119760479041916 0.5516666666666666 0.4880239520958084 0.5483333333333333 0.45808383233532934 0.4938888888888889 0.5279441117764471 0.48055555555555557 0.5399201596806387