0 0.9248826291079812 0.37861915367483295 0.8967136150234741 0.36525612472160357 0.86697965571205 0.3518930957683742 0.8482003129890454 0.3429844097995546 0.8748043818466353 0.3674832962138085 0.8873239436619719 0.37639198218262804 0.9014084507042254 0.39420935412026725 0.9014084507042254 0.4142538975501114 0.8982785602503912 0.42316258351893093 0.9154929577464789 0.43875278396436523 0.9311424100156495 0.45434298440979953 0.945226917057903 0.4766146993318486 0.9530516431924883 0.49665924276169265 0.9546165884194053 0.46547884187082406 0.945226917057903 0.41870824053452116 0.9342723004694836 0.38752783964365256 0.9248826291079812 0.37861915367483295
8 0.8075117370892019 0.6770601336302895 0.812206572769953 0.6770601336302895 0.8309859154929577 0.6726057906458798 0.8482003129890454 0.6726057906458798 0.8841940532081377 0.6770601336302895 0.8951486697965572 0.6726057906458798 0.9029733959311425 0.6636971046770601 0.9045383411580594 0.6525612472160356 0.9014084507042254 0.6481069042316259 0.8967136150234741 0.643652561247216 0.892018779342723 0.643652561247216 0.8888888888888888 0.6391982182628062 0.8716744913928013 0.6369710467706013 0.8419405320813772 0.6391982182628062 0.8153364632237872 0.6369710467706013 0.7902973395931142 0.6458797327394209 0.7949921752738655 0.6525612472160356 0.7996870109546166 0.6614699331848553 0.8075117370892019 0.6770601336302895
8 0.8262910798122066 0.7104677060133631 0.8309859154929577 0.7238307349665924 0.8419405320813772 0.7171492204899778 0.8544600938967136 0.7171492204899778 0.8607198748043818 0.7126948775055679 0.8560250391236307 0.6993318485523385 0.8528951486697965 0.6837416481069042 0.812206572769953 0.6815144766146993 0.8184663536776213 0.6971046770601337 0.8262910798122066 0.7104677060133631
8 0.8419405320813772 0.7305122494432071 0.838810641627543 0.734966592427617 0.8419405320813772 0.7394209354120267 0.8466353677621283 0.734966592427617 0.8419405320813772 0.7305122494432071
8 0.865414710485133 0.7371937639198218 0.8622848200312989 0.7260579064587973 0.8575899843505478 0.7260579064587973 0.8591549295774648 0.732739420935412 0.8607198748043818 0.7438752783964365 0.865414710485133 0.7438752783964365 0.865414710485133 0.7371937639198218
8 0.8607198748043818 0.7505567928730512 0.8607198748043818 0.7594654788418709 0.8685446009389671 0.7594654788418709 0.865414710485133 0.7483296213808464 0.8607198748043818 0.7505567928730512
8 0.863849765258216 0.7706013363028953 0.863849765258216 0.7750556792873051 0.86697965571205 0.77728285077951 0.8685446009389671 0.7706013363028953 0.86697965571205 0.7661469933184856 0.863849765258216 0.7706013363028953
8 0.8513302034428795 0.7594654788418709 0.8482003129890454 0.755011135857461 0.8435054773082942 0.7527839643652561 0.8450704225352113 0.7616926503340757 0.8513302034428795 0.7594654788418709
8 0.7104851330203443 0.7416481069042317 0.7089201877934272 0.7505567928730512 0.7136150234741784 0.7572383073496659 0.7214397496087637 0.7594654788418709 0.7214397496087637 0.7461024498886414 0.7151799687010955 0.7416481069042317 0.7104851330203443 0.7416481069042317
8 0.6713615023474179 0.7104677060133631 0.6666666666666666 0.7082405345211581 0.6604068857589984 0.7082405345211581 0.6541471048513302 0.7082405345211581 0.651017214397496 0.7126948775055679 0.647887323943662 0.7171492204899778 0.6447574334898278 0.7282850779510023 0.647887323943662 0.732739420935412 0.6541471048513302 0.7305122494432071 0.6604068857589984 0.7282850779510023 0.6651017214397497 0.7282850779510023 0.6713615023474179 0.732739420935412 0.6744913928012519 0.7260579064587973 0.672926447574335 0.7104677060133631 0.6713615023474179 0.7104677060133631
8 0.729264475743349 0.821826280623608 0.7261345852895149 0.8195991091314031 0.7230046948356808 0.8195991091314031 0.7214397496087637 0.8262806236080178 0.7230046948356808 0.8285077951002228 0.7276995305164319 0.8262806236080178 0.729264475743349 0.821826280623608
8 0.5586854460093896 0.8017817371937639 0.5665101721439749 0.8106904231625836 0.5712050078247262 0.8062360801781737 0.5790297339593115 0.7973273942093542 0.5727699530516432 0.7906458797327395 0.5618153364632238 0.7928730512249443 0.5586854460093896 0.8017817371937639
8 0.702660406885759 0.888641425389755 0.702660406885759 0.8819599109131403 0.6995305164319249 0.8797327394209354 0.6948356807511737 0.8864142538975501 0.6854460093896714 0.8953229398663697 0.6823161189358372 0.8997772828507795 0.6870109546165885 0.9064587973273942 0.6901408450704225 0.9020044543429844 0.6964006259780907 0.8953229398663697 0.702660406885759 0.888641425389755
8 0.7214397496087637 0.7661469933184856 0.7245696400625978 0.7616926503340757 0.7198748043818466 0.7594654788418709 0.7183098591549296 0.7639198218262806 0.7214397496087637 0.7661469933184856
8 0.40688575899843504 0.5211581291759465 0.40688575899843504 0.5434298440979956 0.40688575899843504 0.5612472160356348 0.40688575899843504 0.5746102449888641 0.40688575899843504 0.5902004454342984 0.41158059467918623 0.5902004454342984 0.41158059467918623 0.49665924276169265 0.40688575899843504 0.49888641425389757 0.40688575899843504 0.5211581291759465
8 0.2895148669796557 0.31403118040089084 0.29577464788732394 0.311804008908686 0.29107981220657275 0.3028953229398664 0.28012519561815336 0.3028953229398664 0.26291079812206575 0.2984409799554566 0.2535211267605634 0.29175946547884185 0.23630672926447574 0.29175946547884185 0.2222222222222222 0.2828507795100223 0.22065727699530516 0.31403118040089084 0.2237871674491393 0.33407572383073497 0.24882629107981222 0.33853006681514475 0.27073552425665104 0.3363028953229399 0.27230046948356806 0.32516703786191536 0.27386541471048514 0.31403118040089084 0.2895148669796557 0.31403118040089084