3 0.5555555555555556 0.3813953488372093 0.4942528735632184 0.38372093023255816 0.4118773946360153 0.37906976744186044 0.43103448275862066 0.386046511627907 0.4578544061302682 0.3953488372093023 0.48084291187739464 0.4069767441860465 0.5057471264367817 0.40930232558139534 0.524904214559387 0.4069767441860465 0.553639846743295 0.39767441860465114 0.5766283524904214 0.39069767441860465 0.5555555555555556 0.3813953488372093
8 0.3524904214559387 0.8116279069767441 0.3563218390804598 0.8232558139534883 0.3218390804597701 0.8162790697674419 0.2950191570881226 0.813953488372093 0.3160919540229885 0.8209302325581396 0.3448275862068966 0.8302325581395349 0.38122605363984674 0.8325581395348837 0.4061302681992337 0.8255813953488372 0.39846743295019155 0.8162790697674419 0.3793103448275862 0.8069767441860465 0.3524904214559387 0.8116279069767441
8 0.3505747126436782 0.8674418604651163 0.3563218390804598 0.8883720930232558 0.36015325670498083 0.9093023255813953 0.3793103448275862 0.9162790697674419 0.3946360153256705 0.913953488372093 0.3888888888888889 0.9023255813953488 0.3831417624521073 0.8883720930232558 0.3888888888888889 0.8744186046511628 0.37547892720306514 0.8651162790697674 0.3505747126436782 0.8674418604651163
5 0.3371647509578544 0.772093023255814 0.34099616858237547 0.7837209302325582 0.3486590038314176 0.7906976744186046 0.3563218390804598 0.786046511627907 0.3563218390804598 0.7744186046511627 0.3505747126436782 0.7651162790697674 0.3448275862068966 0.7604651162790698 0.3371647509578544 0.772093023255814
5 0.4789272030651341 0.9069767441860465 0.4789272030651341 0.8976744186046511 0.46934865900383144 0.8976744186046511 0.46360153256704983 0.9046511627906977 0.45977011494252873 0.913953488372093 0.4578544061302682 0.9232558139534883 0.4616858237547893 0.9302325581395349 0.4674329501915709 0.9395348837209302 0.4789272030651341 0.9465116279069767 0.4904214559386973 0.9488372093023256 0.49808429118773945 0.9395348837209302 0.5 0.9279069767441861 0.49808429118773945 0.9162790697674419 0.4904214559386973 0.9093023255813953 0.4789272030651341 0.9069767441860465
3 0.49808429118773945 0.9372093023255814 0.4904214559386973 0.9488372093023256 0.5306513409961686 0.9279069767441861 0.5402298850574713 0.9186046511627907 0.5363984674329502 0.9023255813953488 0.524904214559387 0.9 0.5134099616858238 0.9093023255813953 0.5 0.9279069767441861 0.49808429118773945 0.9372093023255814
3 0.5191570881226054 0.8697674418604651 0.5134099616858238 0.8767441860465116 0.5134099616858238 0.8930232558139535 0.5019157088122606 0.9046511627906977 0.5038314176245211 0.9162790697674419 0.5095785440613027 0.9162790697674419 0.5134099616858238 0.9069767441860465 0.5191570881226054 0.8953488372093024 0.5268199233716475 0.8790697674418605 0.5268199233716475 0.8651162790697674 0.5191570881226054 0.8697674418604651
4 0.4540229885057471 0.49767441860465117 0.4482758620689655 0.513953488372093 0.4521072796934866 0.5302325581395348 0.45977011494252873 0.5372093023255814 0.4482758620689655 0.5441860465116279 0.46360153256704983 0.5511627906976744 0.45977011494252873 0.5627906976744186 0.46551724137931033 0.5697674418604651 0.4616858237547893 0.5813953488372093 0.4616858237547893 0.5976744186046512 0.48084291187739464 0.5720930232558139 0.47701149425287354 0.5511627906976744 0.4674329501915709 0.5186046511627908 0.45977011494252873 0.4906976744186046 0.4540229885057471 0.49767441860465117
4 0.4367816091954023 0.6372093023255814 0.43103448275862066 0.6441860465116279 0.42911877394636017 0.6372093023255814 0.421455938697318 0.641860465116279 0.42528735632183906 0.6511627906976745 0.4157088122605364 0.6488372093023256 0.4157088122605364 0.6534883720930232 0.42337164750957856 0.6627906976744186 0.4157088122605364 0.6674418604651163 0.42337164750957856 0.6837209302325581 0.43103448275862066 0.6837209302325581 0.4367816091954023 0.6604651162790698 0.4425287356321839 0.6372093023255814 0.4367816091954023 0.6372093023255814
3 0.578544061302682 0.44651162790697674 0.5440613026819924 0.4627906976744186 0.5172413793103449 0.4558139534883721 0.4904214559386973 0.46744186046511627 0.4789272030651341 0.4813953488372093 0.4904214559386973 0.4906976744186046 0.5172413793103449 0.49534883720930234 0.5287356321839081 0.5 0.553639846743295 0.49767441860465117 0.5478927203065134 0.4813953488372093 0.5670498084291188 0.46511627906976744 0.5823754789272031 0.4604651162790698 0.6015325670498084 0.4255813953488372 0.578544061302682 0.44651162790697674
4 0.5038314176245211 0.9813953488372092 0.5134099616858238 0.9767441860465116 0.5229885057471264 0.9697674418604652 0.5076628352490421 0.9604651162790697 0.49808429118773945 0.9674418604651163 0.5038314176245211 0.9813953488372092
0 0.4482758620689655 1 0.42337164750957856 0.9953488372093023 0.4003831417624521 0.9883720930232558 0.3888888888888889 0.9720930232558139 0.36973180076628354 0.9627906976744186 0.3563218390804598 0.9534883720930233 0.34674329501915707 0.9441860465116279 0.32950191570881227 0.9209302325581395 0.3218390804597701 0.9023255813953488 0.3103448275862069 0.8744186046511628 0.3007662835249042 0.8395348837209302 0.2950191570881226 0.8209302325581396 0.342911877394636 0.8325581395348837 0.37547892720306514 0.8325581395348837 0.4061302681992337 0.827906976744186 0.4425287356321839 0.8116279069767441 0.48084291187739464 0.786046511627907 0.5172413793103449 0.7558139534883721 0.5153256704980843 0.7162790697674418 0.5095785440613027 0.6906976744186046 0.4827586206896552 0.7046511627906977 0.4559386973180077 0.7209302325581395 0.4425287356321839 0.7255813953488373 0.43486590038314177 0.7232558139534884 0.42911877394636017 0.686046511627907 0.4425287356321839 0.6348837209302326 0.45977011494252873 0.5976744186046512 0.48659003831417624 0.5627906976744186 0.48084291187739464 0.5325581395348837 0.4731800766283525 0.5 0.46360153256704983 0.4744186046511628 0.46360153256704983 0.4604651162790698 0.4578544061302682 0.4441860465116279 0.4444444444444444 0.4697674418604651 0.421455938697318 0.4883720930232558 0.3831417624521073 0.5116279069767442 0.34099616858237547 0.5255813953488372 0.31226053639846746 0.5255813953488372 0.28544061302681994 0.5209302325581395 0.2739463601532567 0.5511627906976744 0.2624521072796935 0.6 0.2567049808429119 0.6511627906976745 0.2567049808429119 0.7162790697674418 0.25862068965517243 0.7465116279069768 0.2624521072796935 0.7976744186046512 0.2681992337164751 0.8232558139534883 0.2777777777777778 0.858139534883721 0.289272030651341 0.8930232558139535 0.3103448275862069 0.9279069767441861 0.3275862068965517 0.9558139534883721 0.3371647509578544 0.9697674418604652 0.3486590038314176 0.9767441860465116 0.3773946360153257 0.9906976744186047 0.3952745842911878 1 0.4482758620689655 1
5 0.38697318007662834 0.9093023255813953 0.38122605363984674 0.9325581395348838 0.39655172413793105 0.9534883720930233 0.4118773946360153 0.9674418604651163 0.40804597701149425 0.9488372093023256 0.39655172413793105 0.9069767441860465 0.38697318007662834 0.9093023255813953
0 0.5823754789272031 0.4906976744186046 0.5613026819923371 0.5255813953488372 0.5593869731800766 0.5674418604651162 0.5555555555555556 0.6162790697674418 0.5344827586206896 0.6581395348837209 0.5038314176245211 0.6883720930232559 0.5114942528735632 0.7465116279069768 0.5153256704980843 0.7837209302325582 0.5210727969348659 0.8348837209302326 0.5325670498084292 0.8906976744186047 0.5363984674329502 0.9279069767441861 0.5402298850574713 0.958139534883721 0.5421455938697318 0.9790697674418605 0.5651340996168582 0.9674418604651163 0.5727969348659003 0.9790697674418605 0.5900383141762452 0.9558139534883721 0.6091954022988506 0.9255813953488372 0.6226053639846744 0.9186046511627907 0.6379310344827587 0.858139534883721 0.6475095785440613 0.8465116279069768 0.6398467432950191 0.8395348837209302 0.6360153256704981 0.8186046511627907 0.6302681992337165 0.7813953488372093 0.6245210727969349 0.7302325581395349 0.6226053639846744 0.6651162790697674 0.6168582375478927 0.6 0.6111111111111112 0.5651162790697675 0.6111111111111112 0.5209302325581395 0.60727969348659 0.48372093023255813 0.5823754789272031 0.4906976744186046
0 0.5597701149425287 1 0.5747126436781609 0.9790697674418605 0.5574712643678161 0.9813953488372092 0.5325670498084292 0.986046511627907 0.5168930689655172 1 0.5597701149425287 1
3 0.42337164750957856 0.958139534883721 0.4329501915708812 0.9813953488372092 0.4444444444444444 1 0.4540229885057471 0.9790697674418605 0.4386973180076628 0.9674418604651163 0.42528735632183906 0.9465116279069767 0.42337164750957856 0.958139534883721