8 0.38015873015873014 0.3742138364779874 0.38333333333333336 0.40985324947589097 0.39285714285714285 0.4308176100628931 0.39444444444444443 0.45178197064989517 0.403968253968254 0.4727463312368973 0.41349206349206347 0.48951781970649894 0.41825396825396827 0.5041928721174004 0.42777777777777776 0.5440251572327044 0.43253968253968256 0.5440251572327044 0.41984126984126985 0.4832285115303983 0.40555555555555556 0.46016771488469604 0.39920634920634923 0.4350104821802935 0.39444444444444443 0.4077568134171908 0.3880952380952381 0.38469601677148846 0.3753968253968254 0.3532494758909853 0.3626984126984127 0.33438155136268344 0.35 0.3280922431865828 0.3277777777777778 0.33647798742138363 0.31825396825396823 0.34276729559748426 0.31825396825396823 0.3532494758909853 0.32936507936507936 0.3448637316561845 0.3484126984126984 0.3385744234800839 0.3611111111111111 0.3448637316561845 0.38015873015873014 0.3742138364779874
8 0.3325396825396825 0.46855345911949686 0.32301587301587303 0.47064989517819705 0.31666666666666665 0.4790356394129979 0.3119047619047619 0.48951781970649894 0.3055555555555556 0.5125786163522013 0.3055555555555556 0.5251572327044025 0.3055555555555556 0.5461215932914046 0.3515873015873016 0.560796645702306 0.3531746031746032 0.5524109014675053 0.3404761904761905 0.5461215932914046 0.31507936507936507 0.539832285115304 0.3119047619047619 0.5293501048218029 0.3134920634920635 0.5167714884696016 0.32301587301587303 0.49580712788259956 0.32936507936507936 0.4832285115303983 0.34206349206349207 0.4811320754716981 0.3484126984126984 0.4916142557651992 0.35634920634920636 0.5146750524109015 0.3468253968253968 0.4769392033542977 0.3388888888888889 0.4727463312368973 0.3325396825396825 0.46855345911949686
8 0.46904761904761905 0.5859538784067087 0.4595238095238095 0.5838574423480084 0.4626984126984127 0.5880503144654088 0.4753968253968254 0.60062893081761 0.4642857142857143 0.6174004192872118 0.46904761904761905 0.6215932914046122 0.4801587301587302 0.5985324947589099 0.46904761904761905 0.5859538784067087
8 0.5134920634920634 0.35115303983228513 0.4992063492063492 0.38469601677148846 0.5182539682539683 0.35744234800838576 0.5119047619047619 0.37631027253668764 0.5261904761904762 0.35744234800838576 0.5166666666666667 0.34276729559748426 0.5007936507936508 0.36163522012578614 0.503968253968254 0.3637316561844864 0.5134920634920634 0.35115303983228513
8 0.5182539682539683 0.39308176100628933 0.5055555555555555 0.40985324947589097 0.5214285714285715 0.3972746331236897 0.523015873015873 0.40356394129979034 0.5277777777777778 0.4056603773584906 0.5293650793650794 0.38469601677148846 0.5198412698412699 0.3721174004192872 0.5134920634920634 0.38259958071278827 0.503968253968254 0.40356394129979034 0.5182539682539683 0.39308176100628933
3 0.5261904761904762 0.5251572327044025 0.5214285714285715 0.4371069182389937 0.49603174603174605 0.4056603773584906 0.5023809523809524 0.5083857442348009 0.5261904761904762 0.5251572327044025
0 0.2865079365079365 0.5314465408805031 0.25793650793650796 0.5167714884696016 0.25952380952380955 0.5419287211740041 0.28015873015873016 0.5524109014675053 0.30238095238095236 0.5628930817610063 0.35634920634920636 0.5754716981132075 0.3817460317460317 0.5817610062893082 0.35634920634920636 0.560796645702306 0.2865079365079365 0.5314465408805031
8 0.5452380952380952 0.20649895178197064 0.5436507936507936 0.21278825995807127 0.5436507936507936 0.2190775681341719 0.5357142857142857 0.22536687631027252 0.5404761904761904 0.22955974842767296 0.5468253968253968 0.22117400419287211 0.5452380952380952 0.20649895178197064
8 0.42142857142857143 0.0660377358490566 0.4261904761904762 0.07232704402515723 0.42142857142857143 0.08280922431865828 0.42936507936507934 0.07651991614255765 0.4166666666666667 0.049266247379454925 0.4119047619047619 0.04507337526205451 0.4087301587301587 0.05345911949685535 0.41349206349206347 0.05555555555555555 0.42142857142857143 0.0660377358490566
8 0.3404761904761905 0.36792452830188677 0.3357142857142857 0.36792452830188677 0.3277777777777778 0.3721174004192872 0.32142857142857145 0.3742138364779874 0.31666666666666665 0.3742138364779874 0.3134920634920635 0.38469601677148846 0.3103174603174603 0.3972746331236897 0.3198412698412698 0.3951781970649895 0.3357142857142857 0.39308176100628933 0.34365079365079365 0.3951781970649895 0.35 0.3972746331236897 0.35793650793650794 0.39937106918238996 0.3484126984126984 0.37631027253668764 0.3404761904761905 0.36792452830188677
6 0.5674603174603174 0.6823899371069182 0.5642857142857143 0.6802935010482181 0.5595238095238095 0.6865828092243187 0.5547619047619048 0.6907756813417191 0.5484126984126985 0.7012578616352201 0.5452380952380952 0.709643605870021 0.5595238095238095 0.7117400419287212 0.5611111111111111 0.7033542976939203 0.5626984126984127 0.69916142557652 0.5674603174603174 0.69916142557652 0.569047619047619 0.7033542976939203 0.5674603174603174 0.7117400419287212 0.5738095238095238 0.7117400419287212 0.5801587301587302 0.709643605870021 0.5801587301587302 0.69916142557652 0.5722222222222222 0.6761006289308176 0.5706349206349206 0.6802935010482181 0.5674603174603174 0.6823899371069182
6 0.5515873015873016 0.6593291404612159 0.5515873015873016 0.6677148846960168 0.5436507936507936 0.6865828092243187 0.55 0.6865828092243187 0.557936507936508 0.6865828092243187 0.557936507936508 0.6781970649895178 0.5611111111111111 0.6781970649895178 0.5642857142857143 0.6740041928721174 0.5642857142857143 0.6551362683438156 0.5642857142857143 0.6488469601677149 0.557936507936508 0.6530398322851153 0.5515873015873016 0.6593291404612159
8 0.430952380952381 0.5922431865828093 0.43253968253968256 0.5943396226415094 0.430952380952381 0.590146750524109 0.42936507936507934 0.5985324947589099 0.4357142857142857 0.6153039832285115 0.44047619047619047 0.6174004192872118 0.430952380952381 0.5922431865828093
8 0.5246031746031746 0.3113207547169811 0.5261904761904762 0.3050314465408805 0.523015873015873 0.30712788259958074 0.5198412698412699 0.31551362683438156 0.5198412698412699 0.319706498951782 0.5103174603174603 0.3490566037735849 0.5166666666666667 0.3448637316561845 0.5182539682539683 0.33228511530398325 0.5246031746031746 0.3113207547169811
5 0.3753968253968254 0.15618448637316562 0.39444444444444443 0.07442348008385745 0.35 0.07442348008385745 0.32301587301587303 0.15618448637316562 0.3753968253968254 0.15618448637316562