0 0.5569782330345711 0.5055147058823529 0.559539052496799 0.49080882352941174 0.5620998719590269 0.4650735294117647 0.5685019206145967 0.45955882352941174 0.5736235595390525 0.44485294117647056 0.58898847631242 0.42463235294117646 0.6017925736235595 0.4264705882352941 0.6069142125480154 0.41911764705882354 0.6107554417413572 0.41360294117647056 0.6235595390524968 0.39338235294117646 0.6286811779769527 0.38786764705882354 0.6542893725992317 0.36213235294117646 0.674775928297055 0.34558823529411764 0.6939820742637645 0.3290441176470588 0.7131882202304738 0.31433823529411764 0.7259923175416133 0.30330882352941174 0.7387964148527529 0.3088235294117647 0.7503201024327785 0.31985294117647056 0.7580025608194623 0.33639705882352944 0.7669654289372599 0.35294117647058826 0.7708066581306018 0.3713235294117647 0.7708066581306018 0.39705882352941174 0.7720870678617158 0.43014705882352944 0.7708066581306018 0.43933823529411764 0.7695262483994878 0.4797794117647059 0.7695262483994878 0.5091911764705882 0.7682458386683739 0.5643382352941176 0.7631241997439181 0.5863970588235294 0.7695262483994878 0.5900735294117647 0.7695262483994878 0.6231617647058824 0.7554417413572343 0.6231617647058824 0.7426376440460948 0.6305147058823529 0.7554417413572343 0.5863970588235294 0.7618437900128041 0.5551470588235294 0.7631241997439181 0.53125 0.7618437900128041 0.4944852941176471 0.7567221510883483 0.47058823529411764 0.7439180537772087 0.4577205882352941 0.7285531370038413 0.4540441176470588 0.7183098591549296 0.46139705882352944 0.7003841229193342 0.4797794117647059 0.6862996158770807 0.4852941176470588 0.6875800256081946 0.5 0.6914212548015365 0.5147058823529411 0.6875800256081946 0.5257352941176471 0.6850192061459667 0.5422794117647058 0.6824583866837388 0.5569852941176471 0.6798975672215108 0.5661764705882353 0.6683738796414853 0.5661764705882353 0.646606914212548 0.5735294117647058 0.6248399487836107 0.5845588235294118 0.6056338028169014 0.59375 0.5915492957746479 0.5974264705882353 0.5953905249679897 0.5808823529411765 0.5992317541613317 0.5514705882352942 0.6043533930857875 0.5183823529411765 0.5953905249679897 0.5091911764705882 0.5838668373879642 0.5091911764705882 0.5646606914212549 0.5091911764705882
3 0.45838668373879643 0.5018382352941176 0.46350832266325226 0.47058823529411764 0.471190781049936 0.4540441176470588 0.4788732394366197 0.42830882352941174 0.4839948783610755 0.41360294117647056 0.49551856594110116 0.3915441176470588 0.5083226632522407 0.38235294117647056 0.5236875800256082 0.3860294117647059 0.5428937259923176 0.3897058823529412 0.5531370038412292 0.3897058823529412 0.5672215108834827 0.39705882352941174 0.5736235595390525 0.40808823529411764 0.5749039692701664 0.4209558823529412 0.5697823303457106 0.4338235294117647 0.5608194622279129 0.45036764705882354 0.5544174135723432 0.4650735294117647 0.5454545454545454 0.4724264705882353 0.528809218950064 0.4834558823529412 0.5134443021766966 0.49816176470588236 0.5070422535211268 0.5091911764705882 0.4839948783610755 0.5110294117647058 0.471190781049936 0.5073529411764706
5 0.352112676056338 0.7242647058823529 0.3700384122919334 0.7279411764705882 0.40717029449423814 0.7279411764705882 0.4468629961587708 0.7279411764705882 0.48655569782330343 0.7279411764705882 0.528809218950064 0.7279411764705882 0.5480153649167734 0.7316176470588235 0.558258642765685 0.7463235294117647 0.5659411011523687 0.7647058823529411 0.5710627400768246 0.7886029411764706 0.5710627400768246 0.8069852941176471 0.559539052496799 0.8143382352941176 0.5428937259923176 0.8216911764705882 0.5185659411011524 0.8290441176470589 0.4878361075544174 0.8327205882352942 0.44558258642765686 0.8363970588235294 0.41613316261203587 0.8363970588235294 0.382842509603073 0.8290441176470589 0.3674775928297055 0.8125 0.352112676056338 0.7849264705882353 0.34827144686299616 0.7683823529411765 0.3495518565941101 0.7444852941176471
8 0.618437900128041 0.6470588235294118 0.6414852752880922 0.6305147058823529 0.6606914212548015 0.625 0.6594110115236875 0.6341911764705882 0.6517285531370038 0.65625 0.6402048655569782 0.6948529411764706 0.6350832266325224 0.7242647058823529 0.6299615877080665 0.7518382352941176 0.6286811779769527 0.7702205882352942 0.6235595390524968 0.7794117647058824 0.6107554417413572 0.78125 0.6005121638924455 0.7830882352941176 0.5928297055057619 0.7775735294117647 0.5902688860435339 0.7628676470588235 0.587708066581306 0.7536764705882353 0.587708066581306 0.7444852941176471 0.587708066581306 0.7352941176470589 0.5902688860435339 0.7279411764705882 0.5928297055057619 0.71875 0.5928297055057619 0.7113970588235294 0.5941101152368758 0.7022058823529411 0.5953905249679897 0.6801470588235294 0.5928297055057619 0.6691176470588235 0.5966709346991037 0.6544117647058824
8 0.5953905249679897 0.8051470588235294 0.58898847631242 0.8125 0.58898847631242 0.8198529411764706 0.5992317541613317 0.8216911764705882
8 0.42765685019206146 0.7242647058823529 0.45454545454545453 0.7242647058823529 0.45966709346991036 0.7169117647058824
8 0.5646606914212549 0.44485294117647056 0.5851472471190781 0.4227941176470588 0.5761843790012804 0.42463235294117646 0.5697823303457106 0.43014705882352944
0 0.7144686299615877 0.25183823529411764 0.7247119078104993 0.28308823529411764 0.7311139564660691 0.30330882352941174 0.6862996158770807 0.34191176470588236 0.646606914212548 0.37316176470588236 0.6235595390524968 0.3952205882352941 0.618437900128041 0.40808823529411764 0.6030729833546735 0.43014705882352944 0.5902688860435339 0.43014705882352944 0.5851472471190781 0.43566176470588236 0.5825864276568502 0.4319852941176471 0.5800256081946222 0.4411764705882353 0.5736235595390525 0.4540441176470588 0.5697823303457106 0.4632352941176471 0.5659411011523687 0.4650735294117647 0.5633802816901409 0.4742647058823529 0.5620998719590269 0.49080882352941174 0.559539052496799 0.5 0.558258642765685 0.5073529411764706 0.5518565941101152 0.5128676470588235 0.5339308578745199 0.5165441176470589 0.5172855313700384 0.5147058823529411 0.5070422535211268 0.5165441176470589 0.47247119078104993 0.5202205882352942 0.42765685019206146 0.5238970588235294 0.41357234314980795 0.5569852941176471 0.3994878361075544 0.5863970588235294 0.3905249679897567 0.6102941176470589 0.44558258642765686 0.6139705882352942 0.4327784891165173 0.6213235294117647 0.39820742637644047 0.6268382352941176 0.3879641485275288 0.625 0.3725992317541613 0.6213235294117647 0.36619718309859156 0.6102941176470589 0.3725992317541613 0.5863970588235294 0.38028169014084506 0.5680147058823529 0.3866837387964149 0.5514705882352942 0.39436619718309857 0.5349264705882353 0.39308578745198464 0.5349264705882353 0.3495518565941101 0.5422794117647058 0.3495518565941101 0.53125 0.3444302176696543 0.5257352941176471 0.33674775928297057 0.5147058823529411 0.34827144686299616 0.5202205882352942 0.3725992317541613 0.5147058823529411 0.41229193341869397 0.5055147058823529 0.4263764404609475 0.5055147058823529 0.4519846350832266 0.5055147058823529 0.47247119078104993 0.5055147058823529 0.4980793854033291 0.5073529411764706 0.5096030729833547 0.4963235294117647 0.5185659411011524 0.4852941176470588 0.5249679897567221 0.4797794117647059 0.5352112676056338 0.4742647058823529 0.5416133162612036 0.46875 0.5531370038412292 0.4540441176470588 0.5608194622279129 0.4430147058823529 0.5646606914212549 0.43933823529411764 0.5928297055057619 0.40625 0.615877080665813 0.38419117647058826 0.6350832266325224 0.3694852941176471 0.6696542893725992 0.3327205882352941 0.678617157490397 0.32169117647058826 0.6875800256081946 0.3014705882352941 0.6939820742637645 0.2867647058823529 0.6965428937259923 0.28308823529411764 0.6991037131882202 0.2757352941176471 0.704225352112676 0.26286764705882354
8 0.7695262483994878 0.5753676470588235 0.7746478873239436 0.5625 0.7810499359795134 0.5625 0.7759282970550576 0.5698529411764706
8 0.8233034571062741 0.5055147058823529 0.8258642765685019 0.5036764705882353 0.8284250960307298 0.5018382352941176 0.8322663252240717 0.4944852941176471 0.8297055057618438 0.4944852941176471 0.8258642765685019 0.49816176470588236 0.8233034571062741 0.49816176470588236
8 0.8207426376440461 0.53125 0.8245838668373879 0.5257352941176471 0.8245838668373879 0.5238970588235294 0.8220230473751601 0.5238970588235294
8 0.8681177976952625 0.4650735294117647 0.8758002560819462 0.45588235294117646 0.8758002560819462 0.4522058823529412 0.8719590268886044 0.4540441176470588
8 0.8437900128040973 0.5 0.8476312419974392 0.4963235294117647 0.8489116517285531 0.49264705882352944 0.8489116517285531 0.49080882352941174 0.8476312419974392 0.49080882352941174 0.8463508322663252 0.49264705882352944 0.8450704225352113 0.4944852941176471
8 0.8297055057618438 0.5183823529411765 0.8399487836107554 0.5055147058823529 0.8412291933418694 0.5018382352941176 0.8386683738796414 0.5036764705882353 0.8361075544174136 0.5055147058823529
3 0.6952624839948783 0.32536764705882354 0.6811779769526248 0.3088235294117647 0.6837387964148528 0.2849264705882353 0.6965428937259923 0.2665441176470588 0.7119078104993598 0.2610294117647059 0.7170294494238156 0.26838235294117646 0.7221510883482715 0.2849264705882353 0.7221510883482715 0.30330882352941174
3 0.7259923175416133 0.28860294117647056 0.7157490396927016 0.25735294117647056 0.7183098591549296 0.24816176470588236 0.7259923175416133 0.23161764705882354 0.7336747759282971 0.21691176470588236 0.7387964148527529 0.21691176470588236 0.7387964148527529 0.2536764705882353
8 0.7439180537772087 0.16544117647058823 0.7387964148527529 0.21875 0.7387964148527529 0.2426470588235294 0.736235595390525 0.25735294117647056 0.7234314980793854 0.2665441176470588 0.7234314980793854 0.2555147058823529 0.7272727272727273 0.24080882352941177 0.7247119078104993 0.23161764705882354 0.7272727272727273 0.20772058823529413 0.7311139564660691 0.17647058823529413 0.737516005121639 0.16911764705882354