4 0.4738675958188153 0.37383177570093457 0.47909407665505227 0.3855140186915888 0.4843205574912892 0.3901869158878505 0.4843205574912892 0.37616822429906543 0.4878048780487805 0.352803738317757 0.47909407665505227 0.3574766355140187 0.4738675958188153 0.37383177570093457
4 0.5209059233449478 0.18925233644859812 0.5209059233449478 0.20327102803738317 0.5278745644599303 0.20093457943925233 0.5313588850174216 0.18457943925233644 0.5313588850174216 0.16822429906542055 0.5261324041811847 0.17757009345794392 0.5209059233449478 0.18925233644859812
4 0.5888501742160279 0.5490654205607477 0.5853658536585366 0.5373831775700935 0.5836236933797909 0.5467289719626168 0.5836236933797909 0.5630841121495327 0.5888501742160279 0.5490654205607477
4 0.4930313588850174 0.5467289719626168 0.4912891986062718 0.5350467289719626 0.4843205574912892 0.5350467289719626 0.4843205574912892 0.5490654205607477 0.4930313588850174 0.5467289719626168
4 0.3989547038327526 0.26635514018691586 0.4094076655052265 0.2733644859813084 0.4146341463414634 0.2616822429906542 0.40418118466898956 0.24766355140186916 0.3989547038327526 0.26635514018691586
0 0.3618715783972125 0 0.3588850174216028 0.002336448598130841 0.3362369337979094 0.016355140186915886 0.30662020905923343 0.0514018691588785 0.2735191637630662 0.10981308411214953 0.24390243902439024 0.16822429906542055 0.21602787456445993 0.24766355140186916 0.1951219512195122 0.34345794392523366 0.1951219512195122 0.4158878504672897 0.2073170731707317 0.5093457943925234 0.22996515679442509 0.5700934579439252 0.29442508710801396 0.6051401869158879 0.29965156794425085 0.5864485981308412 0.39198606271777003 0.6425233644859814 0.3797909407665505 0.5747663551401869 0.3710801393728223 0.5373831775700935 0.37282229965156793 0.5186915887850467 0.34668989547038326 0.4742990654205608 0.3362369337979094 0.42289719626168226 0.3344947735191638 0.37850467289719625 0.33797909407665505 0.32710280373831774 0.34668989547038326 0.29439252336448596 0.367595818815331 0.2757009345794392 0.38501742160278746 0.26869158878504673 0.397212543554007 0.22429906542056074 0.3693379790940767 0.21261682242990654 0.3501742160278746 0.205607476635514 0.3327526132404181 0.19626168224299065 0.3397212543554007 0.16355140186915887 0.35365853658536583 0.12383177570093458 0.37282229965156793 0.07242990654205607 0.3902439024390244 0.04205607476635514 0.4059233449477352 0.02102803738317757 0.4337979094076655 0.016355140186915886 0.45121951219512196 0.016355140186915886 0.4738675958188153 0.02336448598130841 0.4895470383275261 0.007009345794392523 0.48208063763066206 0 0.3618715783972125 0
3 0.5487804878048781 0.04672897196261682 0.5139372822299652 0.02336448598130841 0.48606271777003485 0.009345794392523364 0.47735191637630664 0.02102803738317757 0.4912891986062718 0.0514018691588785 0.5226480836236934 0.056074766355140186 0.5487804878048781 0.04672897196261682
1 0.27526132404181186 0.6799065420560748 0.2665505226480836 0.6705607476635514 0.25261324041811845 0.6682242990654206 0.27526132404181186 0.6939252336448598 0.2804878048780488 0.6869158878504673 0.27526132404181186 0.6799065420560748
1 0.24390243902439024 0.6355140186915887 0.24390243902439024 0.6495327102803738 0.24912891986062718 0.6542056074766355 0.2508710801393728 0.6401869158878505 0.24390243902439024 0.6355140186915887
1 0.23867595818815332 0.6565420560747663 0.2421602787456446 0.6682242990654206 0.24738675958188153 0.6635514018691588 0.24390243902439024 0.6565420560747663 0.23867595818815332 0.6565420560747663
1 0.34494773519163763 0.719626168224299 0.33797909407665505 0.7102803738317757 0.32752613240418116 0.7149532710280374 0.32926829268292684 0.7219626168224299 0.34494773519163763 0.719626168224299
0 0.44947735191637633 0.4439252336448598 0.4564459930313589 0.48130841121495327 0.4634146341463415 0.5093457943925234 0.45993031358885017 0.544392523364486 0.5017421602787456 0.6308411214953271 0.5400696864111498 0.7149532710280374 0.5522648083623694 0.7079439252336449 0.5174216027874564 0.6144859813084113 0.4808362369337979 0.5350467289719626 0.47909407665505227 0.4953271028037383 0.4721254355400697 0.4532710280373832 0.45818815331010454 0.397196261682243 0.4355400696864111 0.34345794392523366 0.4059233449477352 0.2967289719626168 0.41114982578397213 0.32009345794392524 0.44076655052264807 0.40654205607476634 0.44947735191637633 0.4439252336448598
4 0.4686411149825784 0.4135514018691589 0.4634146341463415 0.42289719626168226 0.4651567944250871 0.4369158878504673 0.47038327526132406 0.42289719626168226 0.4686411149825784 0.4135514018691589