1 0.45819397993311034 0.12524850894632206 0.463768115942029 0.13320079522862824 0.46488294314381273 0.1550695825049702 0.4593088071348941 0.16898608349900596 0.46711259754738016 0.18687872763419483 0.4760312151616499 0.1988071570576541 0.48717948717948717 0.19284294234592445 0.48272017837235226 0.16500994035785288 0.47491638795986624 0.11928429423459244 0.4693422519509476 0.09145129224652088 0.45819397993311034 0.09940357852882704 0.45261984392419174 0.1172962226640159 0.45819397993311034 0.12524850894632206
1 0.5094760312151616 0.27236580516898606 0.5027870680044593 0.2544731610337972 0.49498327759197325 0.268389662027833 0.5094760312151616 0.27236580516898606
1 0.4682274247491639 0.41749502982107356 0.47491638795986624 0.3797216699801193 0.47157190635451507 0.35785288270377735 0.4738015607580825 0.2803180914512923 0.47045707915273133 0.25646123260437376 0.47491638795986624 0.23658051689860835 0.47157190635451507 0.22465208747514911 0.4604236343366778 0.27037773359840955 0.46265328874024525 0.2922465208747515 0.45707915273132665 0.31610337972166996 0.4593088071348941 0.3379721669980119 0.463768115942029 0.3538767395626243 0.46488294314381273 0.37773359840954274 0.46488294314381273 0.3996023856858847 0.46265328874024525 0.4194831013916501 0.46153846153846156 0.43141153081510936 0.46488294314381273 0.44731610337972166 0.4682274247491639 0.41749502982107356
1 0.48940914158305465 0.584493041749503 0.48049052396878483 0.558648111332008 0.47714604236343366 0.5646123260437376 0.483835005574136 0.584493041749503 0.48940914158305465 0.584493041749503
1 0.5150501672240803 0.536779324055666 0.5206243032329989 0.5308151093439364 0.5183946488294314 0.5168986083499006 0.5105908584169454 0.5288270377733598 0.5150501672240803 0.536779324055666
1 0.5161649944258639 0.610337972166998 0.5206243032329989 0.6182902584493042 0.5261984392419174 0.6163021868787276 0.5284280936454849 0.6083499005964215 0.5261984392419174 0.5984095427435387 0.5183946488294314 0.5984095427435387 0.5128205128205128 0.5944333996023857 0.5105908584169454 0.6043737574552683 0.5161649944258639 0.610337972166998
1 0.5395763656633222 0.6202783300198808 0.5484949832775919 0.6063618290258449 0.5451505016722408 0.6003976143141153 0.5384615384615384 0.6083499005964215 0.5306577480490524 0.6202783300198808 0.5340022296544036 0.6302186878727635 0.5395763656633222 0.6202783300198808
3 0.5540691192865106 0.6123260437375746 0.5284280936454849 0.5745526838966203 0.5206243032329989 0.5288270377733598 0.5105908584169454 0.48111332007952284 0.5061315496098104 0.40357852882703776 0.5128205128205128 0.3260437375745527 0.5217391304347826 0.2922465208747515 0.5016722408026756 0.2524850894632207 0.49052396878483834 0.20278330019880716 0.4793756967670011 0.14512922465208747 0.47157190635451507 0.09542743538767395 0.45707915273132665 0.08151093439363817 0.42474916387959866 0.06958250497017893 0.4136008918617614 0.08548707753479125 0.3835005574136009 0.10536779324055666 0.3600891861761427 0.11928429423459244 0.3656633221850613 0.15705765407554673 0.3801560758082497 0.17892644135188868 0.3835005574136009 0.2047713717693837 0.39018952062430323 0.23260437375745527 0.3979933110367893 0.2584493041749503 0.3935340022296544 0.2783300198807157 0.4013377926421405 0.30019880715705766 0.4013377926421405 0.3240556660039761 0.3935340022296544 0.34592445328031807 0.3879598662207358 0.37773359840954274 0.39687848383500557 0.4115308151093439 0.4158305462653289 0.4274353876739563 0.431438127090301 0.43538767395626243 0.43812709030100333 0.44731610337972166 0.45819397993311034 0.4711729622266402 0.46711259754738016 0.49105367793240556 0.4793756967670011 0.5228628230616302 0.48717948717948717 0.5526838966202783 0.49498327759197325 0.5765407554671969 0.5039018952062431 0.5964214711729622 0.5161649944258639 0.6242544731610338 0.5239687848383501 0.6441351888667992 0.5395763656633222 0.6600397614314115 0.5585284280936454 0.6520874751491054 0.5785953177257525 0.6461232604373758 0.5540691192865106 0.6123260437375746
8 0.45707915273132665 0.5188866799204771 0.46488294314381273 0.5308151093439364 0.47157190635451507 0.5467196819085487 0.4816053511705686 0.5825049701789264 0.5027870680044593 0.6163021868787276 0.4882943143812709 0.5785288270377733 0.4760312151616499 0.5487077534791253 0.47268673355629875 0.5347912524850894 0.46488294314381273 0.5089463220675944 0.45484949832775917 0.4831013916500994 0.44704570791527315 0.4711729622266402 0.4414715719063545 0.4711729622266402 0.45484949832775917 0.4970178926441352 0.45707915273132665 0.5188866799204771
8 0.4983277591973244 0.5248508946322068 0.5094760312151616 0.5208747514910537 0.5061315496098104 0.5149105367793241 0.4983277591973244 0.5168986083499006 0.49052396878483834 0.5168986083499006 0.48494983277591974 0.5129224652087475 0.48494983277591974 0.5208747514910537 0.4927536231884058 0.5288270377733598 0.4983277591973244 0.5248508946322068
8 0.47714604236343366 0.6381709741550696 0.4782608695652174 0.5904572564612326 0.47491638795986624 0.5646123260437376 0.47491638795986624 0.6759443339960238 0.47714604236343366 0.6381709741550696
8 0.5484949832775919 0.19483101391650098 0.5484949832775919 0.1848906560636183 0.5473801560758083 0.16302186878727634 0.5429208472686734 0.1610337972166998 0.5440356744704571 0.1848906560636183 0.5484949832775919 0.19483101391650098
8 0.5730211817168339 0.15109343936381708 0.5741360089186176 0.14314115308151093 0.5641025641025641 0.13717693836978131 0.5641025641025641 0.15109343936381708 0.5730211817168339 0.15109343936381708
8 0.5072463768115942 0.24453280318091453 0.5050167224080268 0.2286282306163022 0.5016722408026756 0.22664015904572565 0.5050167224080268 0.2485089463220676 0.5072463768115942 0.24453280318091453
8 0.46153846153846156 0.16898608349900596 0.47157190635451507 0.19284294234592445 0.4816053511705686 0.19483101391650098 0.47045707915273133 0.1848906560636183 0.4659977703455964 0.16898608349900596 0.46711259754738016 0.13320079522862824 0.44816053511705684 0.09940357852882704 0.4459308807134894 0.10536779324055666 0.463768115942029 0.13320079522862824 0.46153846153846156 0.16898608349900596
8 0.46153846153846156 0.29025844930417494 0.4559643255295429 0.31610337972166996 0.46488294314381273 0.3558648111332008 0.463768115942029 0.37375745526838966 0.46488294314381273 0.38966202783300197 0.46153846153846156 0.44930417495029823 0.4659977703455964 0.4552683896620278 0.4682274247491639 0.3976143141153082 0.4682274247491639 0.36182902584493043 0.4604236343366778 0.3220675944333996 0.4659977703455964 0.294234592445328 0.46488294314381273 0.2664015904572565 0.47491638795986624 0.23260437375745527 0.47157190635451507 0.2286282306163022 0.4604236343366778 0.2624254473161034 0.46153846153846156 0.29025844930417494
8 0.443701226309922 0.3658051689860835 0.4414715719063545 0.3499005964214712 0.43701226309921964 0.3518886679920477 0.4403567447045708 0.3697813121272366 0.443701226309922 0.3658051689860835
8 0.451505016722408 0.3856858846918489 0.4503901895206243 0.36779324055666 0.44704570791527315 0.3658051689860835 0.44704570791527315 0.38966202783300197 0.451505016722408 0.3856858846918489
3 0.4659977703455964 0.6341948310139165 0.47491638795986624 0.6600397614314115 0.48494983277591974 0.6520874751491054 0.4927536231884058 0.6500994035785288 0.5027870680044593 0.6322067594433399 0.5050167224080268 0.6202783300198808 0.49944258639910816 0.5944333996023857 0.4882943143812709 0.5685884691848907 0.4816053511705686 0.5447316103379721 0.4738015607580825 0.5228628230616302 0.46265328874024525 0.4850894632206759 0.44704570791527315 0.4592445328031809 0.4414715719063545 0.4691848906560636 0.44258639910813824 0.49304174950298213 0.451505016722408 0.5228628230616302 0.463768115942029 0.5506958250497018 0.4693422519509476 0.5685884691848907 0.46711259754738016 0.6063618290258449 0.4659977703455964 0.6341948310139165
3 0.5172798216276477 0.18091451292246521 0.5161649944258639 0.1848906560636183 0.5183946488294314 0.18687872763419483 0.5195094760312151 0.18290258449304175 0.5172798216276477 0.18091451292246521
3 0.5161649944258639 0.11928429423459244 0.5139353400222966 0.12127236580516898 0.5161649944258639 0.1272365805168986 0.5172798216276477 0.12326043737574553 0.5161649944258639 0.11928429423459244
3 0.5395763656633222 0.12326043737574553 0.5406911928651059 0.11928429423459244 0.5395763656633222 0.11530815109343936 0.5373467112597548 0.11928429423459244 0.5395763656633222 0.12326043737574553
3 0.5050167224080268 0.18687872763419483 0.5061315496098104 0.1848906560636183 0.5050167224080268 0.18091451292246521 0.5027870680044593 0.1848906560636183 0.5050167224080268 0.18687872763419483
3 0.4916387959866221 0.017892644135188866 0.4938684503901895 0.015904572564612324 0.4927536231884058 0.009940357852882704 0.4882943143812709 0.013916500994035786 0.4916387959866221 0.017892644135188866
3 0.48272017837235226 0.04771371769383698 0.48272017837235226 0.0437375745526839 0.48049052396878483 0.0437375745526839 0.48049052396878483 0.04771371769383698 0.48272017837235226 0.04771371769383698
3 0.47714604236343366 0.039761431411530816 0.47714604236343366 0.03578528827037773 0.47491638795986624 0.03578528827037773 0.47491638795986624 0.039761431411530816 0.47714604236343366 0.039761431411530816
3 0.4682274247491639 0.033797216699801194 0.4682274247491639 0.02982107355864811 0.4659977703455964 0.02982107355864811 0.4659977703455964 0.033797216699801194 0.4682274247491639 0.033797216699801194
3 0.4537346711259755 0.02186878727634195 0.4537346711259755 0.019880715705765408 0.45261984392419174 0.019880715705765408 0.45261984392419174 0.02186878727634195 0.4537346711259755 0.02186878727634195
3 0.4682274247491639 0.04970178926441352 0.4682274247491639 0.04572564612326044 0.4659977703455964 0.04572564612326044 0.4659977703455964 0.04970178926441352 0.4682274247491639 0.04970178926441352
3 0.4659977703455964 0.061630218687872766 0.4659977703455964 0.0636182902584493 0.46711259754738016 0.0636182902584493 0.46711259754738016 0.061630218687872766 0.4659977703455964 0.061630218687872766
3 0.5005574136008919 0.07952286282306163 0.5005574136008919 0.073558648111332 0.4983277591973244 0.073558648111332 0.4983277591973244 0.07952286282306163 0.5005574136008919 0.07952286282306163
0 0.5250836120401338 0.27634194831013914 0.5061315496098104 0.23260437375745527 0.4972129319955407 0.1988071570576541 0.48049052396878483 0.09741550695825049 0.47268673355629875 0.07952286282306163 0.4537346711259755 0.06759443339960239 0.42920847268673357 0.061630218687872766 0.42028985507246375 0.08349900596421471 0.44704570791527315 0.0874751491053678 0.46265328874024525 0.10536779324055666 0.47045707915273133 0.13916500994035785 0.48049052396878483 0.19284294234592445 0.4882943143812709 0.23856858846918488 0.5005574136008919 0.268389662027833 0.5172798216276477 0.2922465208747515 0.5250836120401338 0.27634194831013914