3 0.5905096660808435 0.2505854800936768 0.5957820738137083 0.2388758782201405 0.5957820738137083 0.23185011709601874 0.5975395430579965 0.2224824355971897 0.6010544815465729 0.2107728337236534 0.6010544815465729 0.20140515222482436 0.5992970123022847 0.1920374707259953 0.5940246045694201 0.18032786885245902 0.5887521968365553 0.17096018735362997 0.5834797891036907 0.1522248243559719 0.5799648506151143 0.1405152224824356 0.5764499121265377 0.13114754098360656 0.5676625659050967 0.1405152224824356 0.5659050966608085 0.16393442622950818 0.5641476274165202 0.1756440281030445 0.5676625659050967 0.18969555035128804 0.5729349736379613 0.1990632318501171 0.5746924428822495 0.2107728337236534 0.5746924428822495 0.234192037470726 0.5729349736379613 0.24824355971896955 0.5782073813708261 0.2529274004683841 0.5852372583479789 0.25526932084309134 0.5905096660808435 0.2505854800936768
3 0.5764499121265377 0.4613583138173302 0.5782073813708261 0.41920374707259955 0.5782073813708261 0.36533957845433257 0.5782073813708261 0.33021077283372363 0.5817223198594025 0.30210772833723654 0.5817223198594025 0.2810304449648712 0.5764499121265377 0.27634660421545665 0.5641476274165202 0.2810304449648712 0.5641476274165202 0.297423887587822 0.562390158172232 0.32084309133489464 0.562390158172232 0.3442622950819672 0.562390158172232 0.36768149882903983 0.5588752196836555 0.3981264637002342 0.5571177504393673 0.41451990632318503 0.5553602811950791 0.44028103044496486 0.5536028119507909 0.4613583138173302 0.5500878734622144 0.48711943793911006 0.5483304042179262 0.5035128805620609 0.5553602811950791 0.531615925058548 0.562390158172232 0.5526932084309133 0.5746924428822495 0.5620608899297423 0.5764499121265377 0.531615925058548 0.5764499121265377 0.5128805620608899 0.5764499121265377 0.48711943793911006 0.5764499121265377 0.4613583138173302
3 0.6502636203866432 0.26229508196721313 0.6537785588752196 0.2388758782201405 0.655536028119508 0.21779859484777517 0.6590509666080844 0.20140515222482436 0.6608084358523726 0.1873536299765808 0.6660808435852372 0.1756440281030445 0.6625659050966608 0.16393442622950818 0.6608084358523726 0.14285714285714285 0.6572934973637962 0.12412177985948478 0.648506151142355 0.13348946135831383 0.6449912126537786 0.1451990632318501 0.6432337434094904 0.16159250585480095 0.6397188049209139 0.17798594847775176 0.6362038664323374 0.18969555035128804 0.632688927943761 0.1990632318501171 0.6309314586994728 0.2107728337236534 0.6291739894551845 0.2224824355971897 0.6221441124780316 0.22950819672131148 0.6186291739894552 0.2388758782201405 0.6221441124780316 0.2529274004683841 0.6291739894551845 0.26697892271662765 0.6344463971880492 0.2997658079625293 0.6432337434094904 0.297423887587822 0.648506151142355 0.28805620608899296 0.6502636203866432 0.26229508196721313
8 0.5676625659050967 0.5269320843091335 0.5676625659050967 0.5128805620608899 0.5694200351493849 0.5011709601873536 0.5694200351493849 0.4894613583138173 0.5676625659050967 0.48243559718969553 0.5553602811950791 0.47306791569086654 0.5536028119507909 0.48009367681498827 0.5606326889279437 0.48243559718969553 0.5641476274165202 0.4894613583138173 0.5641476274165202 0.5011709601873536 0.5606326889279437 0.5128805620608899 0.562390158172232 0.5245901639344263 0.562390158172232 0.5386416861826698 0.5659050966608085 0.550351288056206 0.5694200351493849 0.5597189695550351 0.5694200351493849 0.550351288056206 0.5676625659050967 0.5386416861826698 0.5676625659050967 0.5269320843091335
8 0.6731107205623902 0.47306791569086654 0.6731107205623902 0.46604215456674475 0.6678383128295254 0.4707259953161593 0.664323374340949 0.4847775175644028 0.6695957820738138 0.48711943793911006 0.671353251318102 0.48243559718969553 0.6731107205623902 0.47306791569086654
8 0.5782073813708261 0.22482435597189696 0.5782073813708261 0.21311475409836064 0.5764499121265377 0.20374707259953162 0.5782073813708261 0.19437939110070257 0.5746924428822495 0.1873536299765808 0.5711775043936731 0.18032786885245902 0.5694200351493849 0.16393442622950818 0.5711775043936731 0.15456674473067916 0.5746924428822495 0.14754098360655737 0.5764499121265377 0.13348946135831383 0.5676625659050967 0.1451990632318501 0.5641476274165202 0.15690866510538642 0.5641476274165202 0.17096018735362997 0.5659050966608085 0.17798594847775176 0.5694200351493849 0.18501170960187355 0.5711775043936731 0.19437939110070257 0.5711775043936731 0.20608899297423888 0.5729349736379613 0.21779859484777517 0.5729349736379613 0.22716627634660422 0.5711775043936731 0.24121779859484777 0.5711775043936731 0.2505854800936768 0.5764499121265377 0.2459016393442623 0.5782073813708261 0.23653395784543327 0.5782073813708261 0.22482435597189696
8 0.5940246045694201 0.2388758782201405 0.5922671353251318 0.22716627634660422 0.5940246045694201 0.2224824355971897 0.5922671353251318 0.21311475409836064 0.5869947275922671 0.20608899297423888 0.5869947275922671 0.22014051522248243 0.5852372583479789 0.23185011709601874 0.5834797891036907 0.24355971896955503 0.5817223198594025 0.2529274004683841 0.5887521968365553 0.25526932084309134 0.5905096660808435 0.24824355971896955 0.5940246045694201 0.2388758782201405
8 0.6590509666080844 0.12177985948477751 0.6590509666080844 0.117096018735363 0.6537785588752196 0.11943793911007025 0.648506151142355 0.12177985948477751 0.6432337434094904 0.12646370023419204 0.6414762741652021 0.13348946135831383 0.6432337434094904 0.13348946135831383 0.6467486818980668 0.13114754098360656 0.6537785588752196 0.1288056206088993 0.6590509666080844 0.12177985948477751
8 0.6537785588752196 0.07494145199063232 0.648506151142355 0.0585480093676815 0.6449912126537786 0.05152224824355972 0.6414762741652021 0.05152224824355972 0.6432337434094904 0.0585480093676815 0.648506151142355 0.06791569086651054 0.6520210896309314 0.07962529274004684 0.6537785588752196 0.07494145199063232
8 0.6256590509666081 0.234192037470726 0.6274165202108963 0.22950819672131148 0.6256590509666081 0.22482435597189696 0.6186291739894552 0.23185011709601874 0.6151142355008787 0.24355971896955503 0.6186291739894552 0.2459016393442623 0.6221441124780316 0.24121779859484777 0.6256590509666081 0.234192037470726
8 0.6432337434094904 0.22950819672131148 0.6432337434094904 0.22482435597189696 0.6432337434094904 0.21779859484777517 0.6449912126537786 0.20843091334894615 0.6432337434094904 0.20374707259953162 0.6449912126537786 0.19437939110070257 0.6449912126537786 0.18501170960187355 0.6449912126537786 0.1756440281030445 0.6449912126537786 0.1686182669789227 0.648506151142355 0.1592505854800937 0.648506151142355 0.1522248243559719 0.648506151142355 0.1451990632318501 0.6449912126537786 0.14988290398126464 0.6414762741652021 0.15690866510538642 0.6414762741652021 0.1686182669789227 0.6379613356766256 0.1873536299765808 0.6397188049209139 0.20140515222482436 0.6397188049209139 0.20843091334894615 0.6379613356766256 0.2154566744730679 0.6397188049209139 0.22482435597189696 0.6379613356766256 0.23185011709601874 0.6397188049209139 0.24355971896955503 0.6397188049209139 0.2529274004683841 0.6432337434094904 0.24824355971896955 0.6432337434094904 0.234192037470726 0.6432337434094904 0.22950819672131148
8 0.6344463971880492 0.25526932084309134 0.6344463971880492 0.24824355971896955 0.632688927943761 0.2529274004683841 0.6309314586994728 0.25995316159250587 0.6309314586994728 0.2693208430913349 0.6309314586994728 0.27634660421545665 0.632688927943761 0.2786885245901639 0.6344463971880492 0.2646370023419204 0.6344463971880492 0.25526932084309134
6 0.5905096660808435 0.468384074941452 0.5905096660808435 0.45901639344262296 0.5887521968365553 0.4519906323185012 0.5852372583479789 0.4566744730679157 0.5782073813708261 0.4519906323185012 0.5764499121265377 0.45901639344262296 0.5764499121265377 0.46604215456674475 0.5729349736379613 0.47540983606557374 0.5764499121265377 0.477751756440281 0.5834797891036907 0.47306791569086654 0.5905096660808435 0.468384074941452
6 0.6625659050966608 0.5245901639344263 0.664323374340949 0.5081967213114754 0.6590509666080844 0.5105386416861827 0.6537785588752196 0.5269320843091335 0.648506151142355 0.5409836065573771 0.655536028119508 0.5409836065573771 0.6608084358523726 0.5362997658079626 0.6625659050966608 0.5245901639344263
6 0.6045694200351494 0.20374707259953162 0.6045694200351494 0.19437939110070257 0.6028119507908611 0.18969555035128804 0.5992970123022847 0.18501170960187355 0.5992970123022847 0.18032786885245902 0.5992970123022847 0.1756440281030445 0.6010544815465729 0.16627634660421545 0.5975395430579965 0.1686182669789227 0.5940246045694201 0.16627634660421545 0.5905096660808435 0.16393442622950818 0.5869947275922671 0.1592505854800937 0.5817223198594025 0.14988290398126464 0.5799648506151143 0.14285714285714285 0.5764499121265377 0.1405152224824356 0.5764499121265377 0.14754098360655737 0.5782073813708261 0.1522248243559719 0.5799648506151143 0.16627634660421545 0.5852372583479789 0.1756440281030445 0.5887521968365553 0.18266978922716628 0.5940246045694201 0.1873536299765808 0.5975395430579965 0.19672131147540983 0.5975395430579965 0.20140515222482436 0.5975395430579965 0.2107728337236534 0.5992970123022847 0.21779859484777517 0.6028119507908611 0.22014051522248243 0.6045694200351494 0.21779859484777517 0.6045694200351494 0.20374707259953162
6 0.7012302284710018 0.1990632318501171 0.6977152899824253 0.1920374707259953 0.6924428822495606 0.19437939110070257 0.6959578207381371 0.20140515222482436 0.6977152899824253 0.20608899297423888 0.6959578207381371 0.21311475409836064 0.6942003514938488 0.2224824355971897 0.6977152899824253 0.22014051522248243 0.7012302284710018 0.2107728337236534 0.7012302284710018 0.1990632318501171
6 0.6731107205623902 0.20140515222482436 0.6766256590509666 0.19672131147540983 0.6783831282952548 0.1990632318501171 0.6783831282952548 0.20374707259953162 0.680140597539543 0.20374707259953162 0.680140597539543 0.20140515222482436 0.6818980667838312 0.1990632318501171 0.6818980667838312 0.19672131147540983 0.680140597539543 0.1920374707259953 0.6783831282952548 0.18969555035128804 0.6748681898066784 0.19437939110070257 0.671353251318102 0.19437939110070257 0.6678383128295254 0.1990632318501171 0.6678383128295254 0.20374707259953162 0.6678383128295254 0.20843091334894615 0.6695957820738138 0.2107728337236534 0.671353251318102 0.20843091334894615 0.6731107205623902 0.20140515222482436
6 0.664323374340949 0.27400468384074944 0.664323374340949 0.2786885245901639 0.6695957820738138 0.27634660421545665 0.6731107205623902 0.27400468384074944 0.6766256590509666 0.27400468384074944 0.6766256590509666 0.2716627634660422 0.6748681898066784 0.2693208430913349 0.6731107205623902 0.26697892271662765 0.6731107205623902 0.26229508196721313 0.6766256590509666 0.26229508196721313 0.6766256590509666 0.25995316159250587 0.6731107205623902 0.2576112412177986 0.6695957820738138 0.25995316159250587 0.664323374340949 0.25995316159250587 0.6608084358523726 0.26229508196721313 0.6625659050966608 0.2693208430913349 0.6678383128295254 0.26697892271662765 0.6678383128295254 0.2716627634660422 0.664323374340949 0.27400468384074944
6 0.6537785588752196 0.25526932084309134 0.655536028119508 0.24824355971896955 0.6537785588752196 0.24121779859484777 0.6502636203866432 0.24355971896955503 0.6502636203866432 0.2505854800936768 0.6502636203866432 0.25995316159250587 0.6502636203866432 0.26697892271662765 0.6537785588752196 0.2693208430913349 0.6537785588752196 0.26229508196721313 0.6537785588752196 0.25526932084309134
6 0.7065026362038664 0.2997658079625293 0.7065026362038664 0.2903981264637002 0.7065026362038664 0.2786885245901639 0.7065026362038664 0.2716627634660422 0.70298769771529 0.2716627634660422 0.6994727592267135 0.2716627634660422 0.6994727592267135 0.2786885245901639 0.6994727592267135 0.28337236533957844 0.70298769771529 0.28805620608899296 0.7012302284710018 0.29508196721311475 0.6994727592267135 0.2997658079625293 0.6994727592267135 0.3091334894613583 0.70298769771529 0.30679156908665106 0.7047451669595782 0.3044496487119438 0.7065026362038664 0.2997658079625293
6 0.6854130052724078 0.3793911007025761 0.6783831282952548 0.38173302107728335 0.6748681898066784 0.38173302107728335 0.6783831282952548 0.3864168618266979 0.6854130052724078 0.3864168618266979 0.6889279437609842 0.38173302107728335 0.6854130052724078 0.3793911007025761
6 0.7082601054481547 0.3957845433255269 0.7082601054481547 0.3864168618266979 0.7100175746924429 0.3793911007025761 0.7047451669595782 0.37236533957845436 0.7012302284710018 0.38173302107728335 0.7047451669595782 0.38875878220140514 0.70298769771529 0.3981264637002342 0.6977152899824253 0.4028103044496487 0.70298769771529 0.405152224824356 0.7047451669595782 0.405152224824356 0.7082601054481547 0.3957845433255269
0 0.42786387521968366 0 0.4182776801405975 0.01405152224824356 0.4270650263620387 0.0468384074941452 0.4288224956063269 0.0702576112412178 0.43409490333919154 0.09133489461358314 0.43409490333919154 0.11943793911007025 0.4358523725834798 0.1451990632318501 0.437609841827768 0.16627634660421545 0.44112478031634444 0.19672131147540983 0.4446397188049209 0.2107728337236534 0.44815465729349735 0.22716627634660422 0.45518453427065025 0.24121779859484777 0.46045694200351495 0.26229508196721313 0.46397188049209137 0.2857142857142857 0.4797891036906854 0.2997658079625293 0.4797891036906854 0.2716627634660422 0.4868189806678383 0.2459016393442623 0.4956063268892794 0.22716627634660422 0.5114235500878734 0.20374707259953162 0.5289982425307557 0.18969555035128804 0.5430579964850615 0.18032786885245902 0.5518453427065027 0.18266978922716628 0.5536028119507909 0.1920374707259953 0.5518453427065027 0.20843091334894615 0.5536028119507909 0.24121779859484777 0.5536028119507909 0.2716627634660422 0.5518453427065027 0.2997658079625293 0.5500878734622144 0.3442622950819672 0.5483304042179262 0.3747072599531616 0.5430579964850615 0.40046838407494145 0.5377855887521968 0.42857142857142855 0.5307557117750439 0.4449648711943794 0.5219683655536028 0.45433255269320844 0.5289982425307557 0.48711943793911006 0.539543057996485 0.5152224824355972 0.5483304042179262 0.5480093676814989 0.5571177504393673 0.5878220140515222 0.5764499121265377 0.5761124121779859 0.5922671353251318 0.5971896955503513 0.6344463971880492 0.5620608899297423 0.6678383128295254 0.5339578454332553 0.6942003514938488 0.5199063231850117 0.7240773286467487 0.5035128805620609 0.7363796133567663 0.49882903981264637 0.7398945518453427 0.4496487119437939 0.7381370826010545 0.36533957845433257 0.7363796133567663 0.3185011709601874 0.7311072056239016 0.2576112412177986 0.7293497363796133 0.18266978922716628 0.7311072056239016 0.1522248243559719 0.7416520210896309 0.10070257611241218 0.7275922671353251 0.053864168618266976 0.7047451669595782 0.02107728337236534 0.6923173479789103 0 0.42786387521968366 0
5 0.30052724077328646 0.8899297423887588 0.3145869947275923 0.9063231850117096 0.34973637961335674 0.9203747072599532 0.37258347978910367 0.9227166276346604 0.3866432337434095 0.9297423887587822 0.39191564147627417 0.8946135831381733 0.39718804920913886 0.8548009367681498 0.40421792618629176 0.8360655737704918 0.4094903339191564 0.8032786885245902 0.4130052724077329 0.7634660421545667 0.38488576449912126 0.775175644028103 0.3304042179261863 0.8009367681498829 0.29701230228471004 0.8384074941451991 0.29701230228471004 0.8735362997658079 0.30052724077328646 0.8899297423887588
0 0.4868189806678383 0.531615925058548 0.507908611599297 0.5199063231850117 0.5360281195079086 0.477751756440281 0.5219683655536028 0.44730679156908665 0.5061511423550088 0.46604215456674475 0.48857644991212656 0.4894613583138173 0.46572934973637964 0.5081967213114754 0.45694200351493847 0.5128805620608899 0.4797891036906854 0.28337236533957844 0.46572934973637964 0.28337236533957844 0.4112478031634446 0.6791569086651054 0.4270650263620387 0.6791569086651054 0.46045694200351495 0.5386416861826698 0.4868189806678383 0.531615925058548
5 0.671353251318102 0.19672131147540983 0.6537785588752196 0.22014051522248243 0.655536028119508 0.28337236533957844 0.6590509666080844 0.3114754098360656 0.6608084358523726 0.3629976580796253 0.671353251318102 0.3911007025761124 0.6924428822495606 0.40046838407494145 0.7065026362038664 0.39344262295081966 0.7082601054481547 0.30679156908665106 0.6994727592267135 0.22014051522248243 0.6959578207381371 0.18969555035128804 0.671353251318102 0.19672131147540983