8 0.34554973821989526 0.289002557544757 0.34904013961605584 0.28388746803069054 0.36300174520069806 0.29411764705882354 0.3612565445026178 0.30179028132992325
8 0.3682373472949389 0.30434782608695654 0.3717277486910995 0.2966751918158568 0.387434554973822 0.319693094629156 0.38394415357766143 0.3248081841432225
8 0.3612565445026178 0.3171355498721228 0.38045375218150085 0.3171355498721228 0.38219895287958117 0.3248081841432225 0.3612565445026178 0.3248081841432225
8 0.22338568935427575 0.2813299232736573 0.2286212914485166 0.2813299232736573 0.23909249563699825 0.2813299232736573 0.24607329842931938 0.2813299232736573 0.2547993019197208 0.28388746803069054 0.2670157068062827 0.28388746803069054 0.27399650959860383 0.2864450127877238 0.27399650959860383 0.2915601023017903 0.27225130890052357 0.29923273657289 0.26352530541012215 0.2966751918158568 0.2530541012216405 0.2966751918158568 0.24607329842931938 0.2915601023017903 0.23734729493891799 0.289002557544757 0.2268760907504363 0.289002557544757 0.22164048865619546 0.2864450127877238
8 0.2705061082024433 0.40153452685422 0.2757417102966841 0.3989769820971867 0.2792321116928447 0.40664961636828645 0.27225130890052357 0.4092071611253197
8 0.29842931937172773 0.4219948849104859 0.30715532286212915 0.4219948849104859 0.3054101221640489 0.4296675191815857 0.29842931937172773 0.4296675191815857
8 0.33158813263525305 0.39641943734015345 0.33856893542757416 0.39641943734015345 0.34205933682373474 0.4143222506393862 0.3333333333333333 0.4117647058823529 0.3298429319371728 0.4117647058823529
5 0.16055846422338568 0.20971867007672634 0.16579406631762653 0.17391304347826086 0.17277486910994763 0.1432225063938619 0.17975567190226877 0.12531969309462915 0.193717277486911 0.09974424552429667 0.20593368237347295 0.08695652173913043 0.2181500872600349 0.08184143222506395 0.2338568935427574 0.0741687979539642 0.24781849912739964 0.0741687979539642 0.26527050610820246 0.0741687979539642 0.28272251308900526 0.0741687979539642 0.2757417102966841 0.09974424552429667 0.268760907504363 0.12020460358056266 0.2617801047120419 0.1329923273657289 0.25654450261780104 0.15089514066496162 0.24956369982547993 0.16879795396419436 0.24607329842931938 0.1918158567774936 0.24083769633507854 0.20971867007672634 0.23909249563699825 0.21739130434782608 0.22338568935427575 0.21483375959079284 0.2094240837696335 0.21739130434782608 0.18848167539267016 0.21227621483375958 0.16928446771378708 0.20971867007672634
3 0.16230366492146597 0.21994884910485935 0.1849912739965096 0.21739130434782608 0.2024432809773124 0.21994884910485935 0.2181500872600349 0.22250639386189258 0.23211169284467714 0.22250639386189258 0.2425828970331588 0.22762148337595908 0.23211169284467714 0.24552429667519182 0.22164048865619546 0.2710997442455243 0.2164048865619546 0.2915601023017903 0.2094240837696335 0.3145780051150895 0.20767888307155322 0.3375959079283887 0.2094240837696335 0.36828644501278773 0.2094240837696335 0.3989769820971867 0.2111692844677138 0.4296675191815857 0.20767888307155322 0.45268542199488493 0.20593368237347295 0.4833759590792839 0.2006980802792321 0.4884910485933504 0.19197207678883071 0.47570332480818417 0.18324607329842932 0.4629156010230179 0.16928446771378708 0.4475703324808184 0.15706806282722513 0.43478260869565216 0.1518324607329843 0.4143222506393862 0.14485165794066318 0.391304347826087 0.13787085514834205 0.3631713554987212 0.13787085514834205 0.3248081841432225 0.1431064572425829 0.2864450127877238 0.14485165794066318 0.26342710997442453 0.14834205933682373 0.23529411764705882
8 0.23036649214659685 0.2531969309462916 0.2547993019197208 0.25831202046035806 0.27225130890052357 0.26854219948849106 0.29842931937172773 0.2813299232736573 0.3228621291448517 0.28388746803069054 0.33856893542757416 0.2966751918158568 0.3507853403141361 0.3171355498721228 0.34554973821989526 0.3375959079283887 0.3403141361256545 0.34782608695652173 0.32460732984293195 0.37084398976982097 0.3193717277486911 0.3887468030690537 0.31239092495637 0.4092071611253197 0.3089005235602094 0.42455242966751916 0.3036649214659686 0.44501278772378516 0.29842931937172773 0.4680306905370844 0.29668411867364747 0.4884910485933504 0.28097731239092494 0.5063938618925832 0.2757417102966841 0.5242966751918159 0.27399650959860383 0.5549872122762148 0.27399650959860383 0.5754475703324808 0.2617801047120419 0.5626598465473146 0.2530541012216405 0.5498721227621484 0.2443280977312391 0.5345268542199488 0.23211169284467714 0.5217391304347826 0.22338568935427575 0.5140664961636828 0.21465968586387435 0.49872122762148335 0.20593368237347295 0.49104859335038364 0.2094240837696335 0.45268542199488493 0.2111692844677138 0.4143222506393862 0.2111692844677138 0.37851662404092073 0.2111692844677138 0.35038363171355497 0.2111692844677138 0.32225063938618925 0.21465968586387435 0.30179028132992325 0.22164048865619546 0.2710997442455243 0.225130890052356 0.25831202046035806
8 0.3158813263525305 0.4731457800511509 0.3193717277486911 0.47570332480818417 0.32460732984293195 0.4782608695652174 0.3298429319371728 0.48081841432225064 0.3333333333333333 0.4833759590792839 0.33856893542757416 0.4859335038363171 0.34205933682373474 0.49104859335038364 0.34554973821989526 0.4936061381074169 0.343804537521815 0.4961636828644501 0.33856893542757416 0.4961636828644501 0.3368237347294939 0.49104859335038364 0.33158813263525305 0.4884910485933504 0.3263525305410122 0.4859335038363171 0.32111692844677137 0.4833759590792839 0.3193717277486911 0.48081841432225064 0.31413612565445026 0.48081841432225064
5 0.10645724258289703 0.1969309462915601 0.11518324607329843 0.1867007672634271 0.1273996509598604 0.18925831202046037 0.13089005235602094 0.19948849104859334 0.13089005235602094 0.21483375959079284 0.1273996509598604 0.22762148337595908 0.11518324607329843 0.22762148337595908 0.10645724258289703 0.21994884910485935 0.10645724258289703 0.2071611253196931
3 0.14485165794066318 0.17135549872122763 0.1273996509598604 0.17902813299232737 0.1169284467713787 0.18925831202046037 0.10645724258289703 0.21227621483375958 0.10296684118673648 0.22506393861892582 0.09947643979057591 0.23529411764705882 0.0924956369982548 0.25831202046035806 0.09424083769633508 0.27621483375959077 0.09424083769633508 0.2915601023017903 0.09947643979057591 0.29923273657289 0.1082024432809773 0.30179028132992325 0.11169284467713787 0.2966751918158568 0.11867364746945899 0.2966751918158568 0.12216404886561955 0.27877237851662406 0.1256544502617801 0.25831202046035806 0.13089005235602094 0.24296675191815856 0.13612565445026178 0.21994884910485935 0.13961605584642234 0.2071611253196931 0.1431064572425829 0.19437340153452684 0.1431064572425829 0.1815856777493606
3 0.3856893542757417 0.5524296675191815 0.4048865619546248 0.5242966751918159 0.42408376963350786 0.47058823529411764 0.4205933682373473 0.4194373401534527 0.4048865619546248 0.391304347826087 0.3403141361256545 0.3657289002557545 0.31762652705061084 0.43478260869565216 0.31413612565445026 0.48081841432225064
5 0.6858638743455497 0.3887468030690537 0.8202443280977313 0.35038363171355497 0.8272251308900523 0.4296675191815857 0.7085514834205934 0.48081841432225064
0 0.3036649214659686 0.03836317135549872 0.33856893542757416 0.043478260869565216 0.35602094240837695 0.04859335038363171 0.37347294938917974 0.05115089514066496 0.39092495636998253 0.061381074168797956 0.39790575916230364 0.07672634271099744 0.39965095986038396 0.1432225063938619 0.4048865619546248 0.1867007672634271 0.39790575916230364 0.21483375959079284 0.3944153577661431 0.23273657289002558 0.37521815008726006 0.29411764705882354 0.3525305410122164 0.3452685421994885 0.34205933682373474 0.3631713554987212 0.32809773123909247 0.42710997442455245 0.31413612565445026 0.4782608695652174 0.3089005235602094 0.5012787723785166 0.29668411867364747 0.5191815856777494 0.2914485165794066 0.5396419437340153 0.28970331588132636 0.5601023017902813 0.28970331588132636 0.5728900255754475 0.28970331588132636 0.5907928388746803 0.28970331588132636 0.6035805626598465 0.2914485165794066 0.6214833759590793 0.2931937172774869 0.6317135549872123 0.2949389179755672 0.6445012787723785 0.27225130890052357 0.6342710997442456 0.2094240837696335 0.5370843989769821 0.2024432809773124 0.47570332480818417 0.20767888307155322 0.4117647058823529 0.20593368237347295 0.35294117647058826 0.20418848167539266 0.309462915601023 0.2198952879581152 0.2531969309462916 0.23734729493891799 0.22506393861892582 0.24956369982547993 0.17135549872122763 0.2931937172774869 0.043478260869565216
3 0.44851657940663175 0.1483375959079284 0.450261780104712 0.2020460358056266 0.42757417102966844 0.19437340153452684 0.4083769633507853 0.17391304347826086 0.39790575916230364 0.1329923273657289 0.3961605584642234 0.09462915601023018 0.39790575916230364 0.07161125319693094 0.40663176265270506 0.06905370843989769 0.42408376963350786 0.08695652173913043
3 0.4397905759162304 0.10230179028132992 0.39790575916230364 0.07161125319693094 0.3647469458987784 0.056265984654731455 0.3368237347294939 0.04859335038363171 0.3263525305410122 0.03580562659846547 0.3472949389179756 0.01278772378516624 0.38219895287958117 0.01278772378516624 0.40663176265270506 0.017902813299232736 0.4293193717277487 0.030690537084398978 0.450261780104712 0.04603580562659847 0.45549738219895286 0.0639386189258312