6 0.6428571428571429 0.4757929883138564 0.6265664160401002 0.4607679465776294 0.5889724310776943 0.4524207011686144 0.568922305764411 0.4557595993322204 0.556390977443609 0.46410684474123537 0.525062656641604 0.4724540901502504 0.5050125313283208 0.48080133555926546 0.487468671679198 0.48414023372287146 0.4699248120300752 0.48747913188647746 0.462406015037594 0.49081803005008345 0.45614035087719296 0.5091819699499165 0.48120300751879697 0.5308848080133556 0.525062656641604 0.5325542570951586 0.5551378446115288 0.5242070116861436 0.6165413533834586 0.5242070116861436 0.6428571428571429 0.5242070116861436 0.6553884711779449 0.5125208681135225 0.6604010025062657 0.5008347245409015
6 0.3358395989974937 0.5242070116861436 0.3283208020050125 0.5125208681135225 0.3208020050125313 0.5175292153589316 0.32205513784461154 0.5275459098497496
6 0.33709273182957394 0.5158597662771286 0.3333333333333333 0.5108514190317195 0.3283208020050125 0.5108514190317195 0.3258145363408521 0.5125208681135225 0.32456140350877194 0.5175292153589316 0.32456140350877194 0.5208681135225376 0.3283208020050125 0.5242070116861436 0.3308270676691729 0.5242070116861436 0.3333333333333333 0.5275459098497496 0.3358395989974937 0.5275459098497496 0.3383458646616541 0.5275459098497496 0.3383458646616541 0.5225375626043406
6 0.34711779448621555 0.5258764607679466 0.3458646616541353 0.5225375626043406 0.34210526315789475 0.5242070116861436 0.3433583959899749 0.5275459098497496 0.3458646616541353 0.5308848080133556
6 0.35964912280701755 0.4657762938230384 0.35714285714285715 0.46410684474123537 0.35463659147869675 0.4674457429048414 0.35714285714285715 0.4724540901502504 0.35964912280701755 0.4707846410684474
6 0.36967418546365916 0.43906510851419034 0.37218045112781956 0.4373956594323873 0.37092731829573933 0.4340567612687813 0.36967418546365916 0.4307178631051753 0.36466165413533835 0.4340567612687813 0.36466165413533835 0.43906510851419034 0.36716791979949875 0.44240400667779634 0.36967418546365916 0.44240400667779634
6 0.3408521303258145 0.44908180300500833 0.33959899749373434 0.44574290484140233 0.33709273182957394 0.44574290484140233 0.3358395989974937 0.44908180300500833 0.33709273182957394 0.4507512520868113 0.3408521303258145 0.4524207011686144
6 0.49874686716791977 0.4240400667779633 0.5037593984962406 0.4240400667779633 0.5037593984962406 0.42070116861435725 0.5 0.41736227045075125 0.49624060150375937 0.41903171953255425
8 0.3659147869674185 0.5475792988313857 0.3684210526315789 0.5525876460767947 0.37343358395989973 0.5609348914858097 0.37719298245614036 0.5642737896494157 0.38847117794486213 0.5692821368948247 0.39598997493734334 0.5709515859766278 0.40476190476190477 0.5726210350584308 0.40726817042606517 0.5709515859766278 0.41102756892230574 0.5742904841402338 0.4298245614035088 0.5792988313856428 0.4398496240601504 0.5809682804674458 0.4548872180451128 0.5826377295492488 0.4724310776942356 0.5826377295492488 0.47869674185463656 0.5809682804674458 0.47619047619047616 0.5759599332220368 0.4674185463659148 0.5709515859766278 0.4548872180451128 0.5709515859766278 0.4398496240601504 0.5692821368948247 0.4273182957393484 0.5692821368948247 0.41228070175438597 0.5659432387312187 0.40350877192982454 0.5642737896494157 0.39223057644110276 0.5626043405676127 0.38847117794486213 0.5609348914858097
8 0.46616541353383456 0.5459098497495827 0.47619047619047616 0.5492487479131887 0.49122807017543857 0.5525876460767947 0.5037593984962406 0.5542570951585977 0.5137844611528822 0.5542570951585977 0.5238095238095238 0.5509181969949917 0.531328320802005 0.5442404006677797 0.5325814536340853 0.5375626043405676 0.5275689223057645 0.5325542570951586 0.5225563909774437 0.5325542570951586 0.5112781954887218 0.5325542570951586 0.5025062656641605 0.5325542570951586 0.4924812030075188 0.5308848080133556 0.48621553884711777 0.5325542570951586 0.47869674185463656 0.5325542570951586 0.4699248120300752 0.5342237061769616 0.4674185463659148 0.5358931552587646
8 0.550125313283208 0.6210350584307178 0.5551378446115288 0.6210350584307178 0.5639097744360902 0.6193656093489148 0.5639097744360902 0.6143572621035058 0.5588972431077694 0.6126878130217028 0.5551378446115288 0.6160267111853088
8 0.4649122807017544 0.4791318864774624 0.46115288220551376 0.4741235392320534 0.4448621553884712 0.4707846410684474 0.43734335839599 0.4674457429048414 0.42857142857142855 0.4607679465776294 0.4197994987468672 0.4590984974958264 0.42355889724310775 0.4657762938230384 0.4298245614035088 0.4707846410684474 0.43859649122807015 0.4757929883138564 0.4523809523809524 0.4791318864774624 0.46115288220551376 0.48080133555926546
8 0.4398496240601504 0.48247078464106846 0.43609022556390975 0.4791318864774624 0.4298245614035088 0.4741235392320534 0.42606516290726815 0.4741235392320534 0.4197994987468672 0.4707846410684474 0.4273182957393484 0.4791318864774624 0.4348370927318296 0.48247078464106846
8 0.4573934837092732 0.5175292153589316 0.45112781954887216 0.5158597662771286 0.43734335839599 0.5175292153589316 0.43107769423558895 0.5208681135225376 0.4197994987468672 0.5208681135225376 0.41478696741854637 0.5141903171953256 0.41102756892230574 0.5125208681135225 0.40977443609022557 0.5208681135225376 0.41729323308270677 0.5258764607679466 0.42857142857142855 0.5308848080133556 0.44110275689223055 0.5342237061769616 0.43358395989974935 0.5409015025041736 0.43107769423558895 0.5425709515859767 0.43107769423558895 0.5525876460767947 0.44360902255639095 0.5459098497495827 0.44611528822055135 0.5425709515859767 0.45112781954887216 0.5358931552587646 0.4523809523809524 0.5292153589315526 0.44110275689223055 0.5208681135225376
8 0.4197994987468672 0.48914858096828046 0.41102756892230574 0.48414023372287146 0.39473684210526316 0.4741235392320534 0.38596491228070173 0.4724540901502504 0.38220551378446116 0.4707846410684474 0.38095238095238093 0.4741235392320534 0.38972431077694236 0.48247078464106846 0.39598997493734334 0.48747913188647746 0.41228070175438597 0.49248747913188645 0.41729323308270677 0.4941569282136895 0.42355889724310775 0.4991652754590985 0.4298245614035088 0.5008347245409015
8 0.5112781954887218 0.4006677796327212 0.4974937343358396 0.4023372287145242 0.48872180451127817 0.4073455759599332 0.4849624060150376 0.41402337228714525 0.4774436090225564 0.41736227045075125 0.47619047619047616 0.4040066777963272 0.4824561403508772 0.39565943238731216 0.487468671679198 0.38731218697829717 0.4924812030075188 0.38731218697829717 0.49874686716791977 0.38898163606010017 0.5100250626566416 0.39232053422370616
8 0.7493734335839599 0.5843071786310517 0.7431077694235589 0.5943238731218697 0.7380952380952381 0.6043405676126878 0.731829573934837 0.6076794657762938 0.7230576441102757 0.5943238731218697 0.7218045112781954 0.5826377295492488 0.7268170426065163 0.5692821368948247 0.7355889724310777 0.5676126878130217 0.7406015037593985 0.5692821368948247 0.7493734335839599 0.5742904841402338
8 0.7017543859649122 0.6327212020033389 0.6979949874686717 0.6460767946577629 0.6954887218045113 0.6277128547579299 0.7005012531328321 0.6160267111853088
8 0.7330827067669173 0.43906510851419034 0.7343358395989975 0.44741235392320533 0.7468671679197995 0.4507512520868113 0.7506265664160401 0.44407345575959933 0.7468671679197995 0.43906510851419034 0.7393483709273183 0.4357262103505843
8 0.6077694235588973 0.38731218697829717 0.6190476190476191 0.38731218697829717 0.6403508771929824 0.3989983305509182 0.6553884711779449 0.4040066777963272 0.6704260651629073 0.41068447412353926 0.6791979949874687 0.4090150250417362 0.6804511278195489 0.4040066777963272 0.6679197994987469 0.3973288814691152 0.6516290726817042 0.39232053422370616 0.6416040100250626 0.38564273789649417 0.6265664160401002 0.3823038397328882 0.6140350877192983 0.3789649415692821
8 0.6177944862155389 0.7679465776293823 0.6328320802005013 0.7729549248747913 0.6403508771929824 0.7746243739565943 0.6491228070175439 0.7712854757929883 0.6591478696741855 0.7746243739565943 0.656641604010025 0.7662771285475793 0.6466165413533834 0.7662771285475793 0.6353383458646616 0.7646076794657763 0.6303258145363408 0.7662771285475793
3 0.33458646616541354 0.5258764607679466 0.33709273182957394 0.5475792988313857 0.34210526315789475 0.5642737896494157 0.34711779448621555 0.5792988313856428 0.34962406015037595 0.5993322203672788 0.3583959899749373 0.6043405676126878 0.3684210526315789 0.6060100166944908 0.38471177944862156 0.6176961602671118 0.39724310776942356 0.6277128547579299 0.40476190476190477 0.6327212020033389 0.41729323308270677 0.6377295492487479 0.424812030075188 0.6293823038397329 0.42857142857142855 0.6227045075125208 0.43107769423558895 0.6060100166944908 0.43107769423558895 0.5893155258764607 0.424812030075188 0.5676126878130217 0.41729323308270677 0.5575959933222037 0.39473684210526316 0.5459098497495827 0.37468671679197996 0.5375626043405676 0.3558897243107769 0.5308848080133556 0.34461152882205515 0.5275459098497496
0 0.48370927318295737 0.34223706176961605 0.506265664160401 0.3639398998330551 0.5350877192982456 0.38898163606010017 0.6240601503759399 0.43906510851419034 0.681704260651629 0.4707846410684474 0.7243107769423559 0.4958263772954925 0.7531328320802005 0.5175292153589316 0.8170426065162907 0.5525876460767947 0.8070175438596491 0.5692821368948247 0.6992481203007519 0.5025041736227045 0.6152882205513784 0.4557595993322204 0.5350877192982456 0.4090150250417362 0.5075187969924813 0.38898163606010017 0.4899749373433584 0.3772954924874791 0.4699248120300752 0.3589315525876461