5 0.6537456445993032 1 0.6855400696864111 0.914519906323185 0.6280487804878049 0.905152224824356 0.5947859634146342 1 0.6537456445993032 1
3 0.45034843205574915 0.17681498829039813 0.48693379790940766 0.20491803278688525 0.5165505226480837 0.17681498829039813 0.539198606271777 0.12060889929742388 0.5304878048780488 0.13700234192037472 0.5357142857142857 0.09484777517564402 0.5496515679442509 0.06440281030444965 0.4538327526132404 0.026932084309133488 0.42073170731707316 0.07611241217798595 0.4155052264808362 0.12295081967213115 0.45034843205574915 0.17681498829039813
8 0.5461672473867596 0.4203747072599532 0.5304878048780488 0.4016393442622951 0.5182926829268293 0.3946135831381733 0.5078397212543554 0.40398126463700235 0.5270034843205574 0.41569086651053866 0.539198606271777 0.44379391100702575 0.5583623693379791 0.4601873536299766 0.5461672473867596 0.4203747072599532
3 0.5060975609756098 0.4297423887587822 0.5287456445993032 0.45081967213114754 0.5618466898954704 0.4718969555035129 0.5757839721254355 0.5140515222482436 0.5897212543554007 0.5468384074941453 0.5966898954703833 0.49063231850117095 0.6106271777003485 0.44379391100702575 0.6123693379790941 0.40866510538641687 0.5496515679442509 0.3126463700234192 0.5235191637630662 0.31733021077283374 0.5078397212543554 0.3477751756440281 0.5182926829268293 0.37822014051522246 0.5060975609756098 0.4297423887587822
4 0.5200929146341464 1 0.5322299651567944 0.977751756440281 0.5479094076655052 0.9074941451990632 0.5252613240418118 0.8981264637002342 0.4921602787456446 0.9215456674473068 0.49564459930313587 0.968384074941452 0.5080231062717769 1 0.5200929146341464 1
0 0.5252613240418118 0.6358313817330211 0.5287456445993032 0.6545667447306791 0.5287456445993032 0.6733021077283372 0.5304878048780488 0.6990632318501171 0.5357142857142857 0.7271662763466042 0.5479094076655052 0.7622950819672131 0.563588850174216 0.788056206088993 0.5722996515679443 0.8091334894613583 0.5862369337979094 0.8231850117096019 0.5984320557491289 0.8231850117096019 0.6071428571428571 0.8138173302107728 0.6123693379790941 0.8021077283372365 0.6141114982578397 0.788056206088993 0.6141114982578397 0.7576112412177985 0.6106271777003485 0.7271662763466042 0.6088850174216028 0.6967213114754098 0.6088850174216028 0.6686182669789227 0.6054006968641115 0.6405152224824356 0.5949477351916377 0.607728337236534 0.5914634146341463 0.5843091334894613 0.587979094076655 0.572599531615925 0.5914634146341463 0.5655737704918032 0.6054006968641115 0.5702576112412178 0.6297909407665505 0.5702576112412178 0.6472125435540069 0.5702576112412178 0.6541811846689896 0.5608899297423887 0.6524390243902439 0.544496487119438 0.6524390243902439 0.5257611241217799 0.6472125435540069 0.5140515222482436 0.6385017421602788 0.5117096018735363 0.6367595818815331 0.5304449648711944 0.6367595818815331 0.544496487119438 0.6315331010452961 0.5562060889929742 0.6245644599303136 0.5608899297423887 0.6106271777003485 0.5608899297423887 0.5984320557491289 0.5608899297423887 0.5897212543554007 0.5562060889929742 0.5810104529616724 0.5374707259953162 0.5705574912891986 0.5117096018735363 0.563588850174216 0.4882903981264637 0.5496515679442509 0.4718969555035129 0.5357142857142857 0.45784543325526933 0.5200348432055749 0.45550351288056207 0.5060975609756098 0.45550351288056207 0.5060975609756098 0.5046838407494145 0.5130662020905923 0.544496487119438 0.5182926829268293 0.5913348946135831 0.5252613240418118 0.6358313817330211
1 0.5932055749128919 0.46252927400468385 0.6123693379790941 0.4672131147540984 0.622822299651568 0.4672131147540984 0.6297909407665505 0.45550351288056207 0.6332752613240418 0.446135831381733 0.6263066202090593 0.43911007025761123 0.617595818815331 0.43676814988290397 0.6088850174216028 0.43911007025761123 0.6001742160278746 0.43911007025761123 0.5914634146341463 0.44379391100702575 0.5932055749128919 0.46252927400468385
1 0.6506968641114983 0.3665105386416862 0.6489547038327527 0.3524590163934426 0.6402439024390244 0.3477751756440281 0.6263066202090593 0.373536299765808 0.6367595818815331 0.3875878220140515 0.64198606271777 0.3805620608899297 0.6506968641114983 0.3665105386416862
1 0.7081881533101045 0.3946135831381733 0.695993031358885 0.373536299765808 0.6803135888501742 0.3805620608899297 0.6942508710801394 0.39695550351288056 0.7081881533101045 0.3946135831381733
0 0.6977351916376306 0.6358313817330211 0.7047038327526133 0.6498829039812647 0.7134146341463414 0.6498829039812647 0.725609756097561 0.6451990632318502 0.7343205574912892 0.6358313817330211 0.7395470383275261 0.6241217798594848 0.7412891986062717 0.607728337236534 0.7343205574912892 0.5866510538641686 0.7238675958188153 0.5749414519906323 0.7116724738675958 0.5749414519906323 0.7029616724738676 0.5866510538641686 0.6994773519163763 0.6007025761124122 0.6942508710801394 0.6241217798594848 0.6977351916376306 0.6358313817330211
5 0.7134146341463414 0.6264637002341921 0.7273519163763066 0.6241217798594848 0.730836236933798 0.6124121779859485 0.7203832752613241 0.5960187353629977 0.7099303135888502 0.5983606557377049 0.7099303135888502 0.6124121779859485 0.7134146341463414 0.6264637002341921