8 0.7704697986577181 0.5097276264591439 0.7812080536912752 0.5 0.7986577181208053 0.490272373540856 0.8093959731543624 0.48443579766536965 0.8174496644295302 0.48443579766536965 0.8147651006711409 0.49416342412451364 0.8281879194630872 0.4961089494163424 0.8174496644295302 0.5058365758754864 0.7946308724832215 0.5116731517509727 0.7825503355704698 0.5155642023346303 0.7731543624161074 0.519455252918288
8 0.7610738255033557 0.5583657587548638 0.7624161073825504 0.546692607003891 0.7758389261744967 0.5408560311284046 0.7825503355704698 0.5389105058365758 0.7919463087248322 0.5350194552529183 0.8 0.5233463035019456 0.8174496644295302 0.5252918287937743 0.8093959731543624 0.5350194552529183 0.7973154362416107 0.5486381322957199 0.7946308724832215 0.5583657587548638 0.7785234899328859 0.5680933852140078 0.7691275167785235 0.5778210116731517 0.7570469798657719 0.5836575875486382 0.7570469798657719 0.566147859922179
8 0.6268456375838927 0.5836575875486382 0.6375838926174496 0.5836575875486382 0.6536912751677852 0.5778210116731517 0.6563758389261745 0.5953307392996109 0.6577181208053692 0.6186770428015564 0.6523489932885906 0.6342412451361867 0.636241610738255 0.642023346303502 0.6322147651006711 0.6517509727626459 0.6241610738255033 0.6400778210116731 0.625503355704698 0.6206225680933852 0.6241610738255033 0.5992217898832685
8 0.6241610738255033 0.5544747081712063 0.6335570469798658 0.546692607003891 0.6429530201342282 0.546692607003891 0.6523489932885906 0.5447470817120622 0.6563758389261745 0.556420233463035 0.6496644295302013 0.5680933852140078 0.6348993288590604 0.566147859922179 0.6268456375838927 0.566147859922179
8 0.6040268456375839 0.5914396887159533 0.614765100671141 0.5894941634241245 0.6228187919463087 0.5992217898832685 0.6134228187919463 0.603112840466926 0.6067114093959731 0.603112840466926
8 0.5932885906040268 0.6381322957198443 0.6053691275167785 0.6284046692607004 0.6174496644295302 0.6264591439688716 0.6187919463087248 0.6381322957198443 0.6134228187919463 0.6498054474708171 0.6187919463087248 0.6653696498054474 0.6134228187919463 0.6731517509727627 0.6040268456375839 0.6653696498054474 0.5973154362416108 0.6556420233463035
8 0.5946308724832214 0.546692607003891 0.6026845637583893 0.5428015564202334 0.6120805369127517 0.5447470817120622 0.6120805369127517 0.556420233463035 0.6026845637583893 0.5544747081712063 0.5946308724832214 0.5544747081712063
8 0.5302013422818792 0.5719844357976653 0.5422818791946309 0.5739299610894941 0.5570469798657718 0.566147859922179 0.5570469798657718 0.5758754863813229 0.5516778523489932 0.585603112840467 0.5422818791946309 0.585603112840467 0.5302013422818792 0.5817120622568094
8 0.3919463087248322 0.7373540856031129 0.40671140939597317 0.7373540856031129 0.425503355704698 0.7373540856031129 0.4228187919463087 0.7490272373540856 0.41879194630872485 0.7587548638132295 0.41073825503355704 0.7529182879377432 0.4 0.754863813229572 0.3946308724832215 0.7684824902723736 0.3932885906040268 0.7782101167315175 0.3906040268456376 0.7879377431906615 0.38791946308724834 0.7996108949416343 0.37986577181208053 0.7976653696498055 0.36644295302013424 0.7937743190661478 0.35838926174496644 0.7879377431906615 0.35838926174496644 0.7782101167315175 0.36778523489932885 0.7840466926070039 0.37583892617449666 0.7821011673151751 0.3838926174496644 0.7723735408560312 0.38791946308724834 0.7529182879377432
8 0.4147651006711409 0.7723735408560312 0.40671140939597317 0.7762645914396887 0.40671140939597317 0.791828793774319 0.4040268456375839 0.7996108949416343 0.40268456375838924 0.8073929961089494 0.38791946308724834 0.8093385214007782 0.38523489932885907 0.8190661478599222 0.3919463087248322 0.8210116731517509 0.4 0.8171206225680934 0.40671140939597317 0.8171206225680934
8 0.38523489932885907 0.8151750972762646 0.3865771812080537 0.8287937743190662 0.38523489932885907 0.8365758754863813 0.3825503355704698 0.8463035019455253 0.37718120805369126 0.8540856031128404 0.36644295302013424 0.8560311284046692 0.348993288590604 0.8501945525291829 0.33557046979865773 0.8443579766536965 0.3221476510067114 0.8385214007782101 0.33288590604026846 0.8268482490272373 0.3194630872483222 0.8229571984435797 0.3046979865771812 0.8151750972762646 0.2979865771812081 0.8073929961089494 0.3087248322147651 0.8035019455252919 0.3208053691275168 0.8073929961089494 0.33422818791946307 0.8054474708171206 0.3422818791946309 0.8054474708171206 0.348993288590604 0.8132295719844358 0.35570469798657717 0.8190661478599222 0.36644295302013424 0.8151750972762646 0.3718120805369127 0.8151750972762646 0.3785234899328859 0.8035019455252919
8 0.3503355704697987 0.7782101167315175 0.338255033557047 0.7859922178988327 0.3221476510067114 0.7898832684824902 0.3073825503355705 0.7879377431906615 0.2993288590604027 0.7879377431906615 0.30335570469798656 0.7996108949416343 0.31409395973154364 0.7996108949416343 0.3275167785234899 0.7976653696498055 0.3409395973154362 0.7976653696498055 0.3503355704697987 0.791828793774319
8 0.625503355704698 0.4669260700389105 0.6268456375838927 0.48443579766536965 0.6308724832214765 0.4980544747081712 0.6416107382550336 0.4883268482490272 0.6416107382550336 0.4727626459143969 0.6416107382550336 0.4571984435797665 0.6469798657718121 0.4455252918287938 0.6308724832214765 0.4474708171206226 0.6228187919463087 0.45330739299610895
8 0.7261744966442953 0.21011673151750973 0.7302013422818792 0.20233463035019456 0.7409395973154362 0.20038910505836577 0.7543624161073825 0.19649805447470817 0.7664429530201342 0.19844357976653695 0.7651006711409396 0.20622568093385213 0.7476510067114094 0.20817120622568094 0.7369127516778523 0.21011673151750973
8 0.7315436241610739 0.2237354085603113 0.7395973154362416 0.2198443579766537 0.748993288590604 0.2140077821011673 0.7530201342281879 0.22178988326848248 0.7463087248322148 0.22568093385214008 0.738255033557047 0.22762645914396887
8 0.8147651006711409 0.42217898832684825 0.8187919463087249 0.4143968871595331 0.8268456375838926 0.4163424124513619 0.8201342281879195 0.42412451361867703
3 0.4429530201342282 0.5330739299610895 0.4147651006711409 0.5447470817120622 0.3946308724832215 0.5544747081712063 0.38523489932885907 0.585603112840467 0.3731543624161074 0.6108949416342413 0.363758389261745 0.6400778210116731 0.3718120805369127 0.6536964980544747 0.3906040268456376 0.6789883268482491 0.39731543624161075 0.7120622568093385 0.40134228187919463 0.7315175097276264 0.42953020134228187 0.6614785992217899 0.4375838926174497 0.642023346303502 0.4563758389261745 0.622568093385214 0.4778523489932886 0.6011673151750972
3 0.41879194630872485 0.7431906614785992 0.3946308724832215 0.7412451361867705 0.3704697986577181 0.7684824902723736 0.35704697986577183 0.7840466926070039 0.33422818791946307 0.7821011673151751 0.29261744966442954 0.791828793774319 0.30335570469798656 0.8171206225680934 0.3302013422818792 0.8385214007782101 0.348993288590604 0.8521400778210116 0.36778523489932885 0.8501945525291829 0.3825503355704698 0.8482490272373541 0.4 0.8443579766536965 0.41073825503355704 0.7996108949416343 0.4174496644295302 0.7684824902723736
3 0.6187919463087248 0.49221789883268485 0.6026845637583893 0.4883268482490272 0.5798657718120805 0.46303501945525294 0.5516778523489932 0.4474708171206226 0.5328859060402684 0.4474708171206226 0.512751677852349 0.4571984435797665 0.4899328859060403 0.47470817120622566 0.4818791946308725 0.49221789883268485 0.45369127516778524 0.5019455252918288 0.44161073825503355 0.5155642023346303 0.4483221476510067 0.5311284046692607 0.46308724832214765 0.5622568093385214 0.47114093959731546 0.5914396887159533 0.5033557046979866 0.5817120622568094 0.5140939597315436 0.5875486381322957 0.512751677852349 0.603112840466926 0.5288590604026846 0.5933852140077821 0.5395973154362416 0.5933852140077821 0.553020134228188 0.5933852140077821 0.574496644295302 0.6089494163424124 0.5825503355704698 0.6303501945525292 0.5946308724832214 0.6575875486381323 0.6053691275167785 0.6926070038910506 0.6228187919463087 0.669260700389105 0.6228187919463087 0.6439688715953308 0.6201342281879194 0.603112840466926 0.6214765100671141 0.566147859922179 0.6201342281879194 0.5272373540856031 0.6187919463087248 0.5038910505836576
3 0.6281879194630873 0.6770428015564203 0.640268456375839 0.6614785992217899 0.6496644295302013 0.6245136186770428 0.6577181208053692 0.5875486381322957 0.6604026845637584 0.5428015564202334 0.6228187919463087 0.5486381322957199 0.6201342281879194 0.5933852140077821
0 0.6187919463087248 0.4455252918287938 0.6174496644295302 0.42023346303501946 0.6187919463087248 0.3968871595330739 0.6174496644295302 0.36964980544747084 0.6201342281879194 0.3521400778210117 0.6241610738255033 0.3326848249027237 0.6322147651006711 0.321011673151751 0.6442953020134228 0.3151750972762646 0.6510067114093959 0.29961089494163423 0.6510067114093959 0.28793774319066145 0.6590604026845638 0.27431906614785995 0.661744966442953 0.28793774319066145 0.661744966442953 0.29961089494163423 0.6590604026845638 0.3093385214007782 0.6577181208053692 0.3229571984435798 0.6563758389261745 0.33657587548638135 0.6563758389261745 0.3521400778210117 0.6496644295302013 0.3638132295719844 0.6456375838926175 0.3754863813229572 0.6442953020134228 0.38910505836575876 0.6456375838926175 0.40077821011673154 0.6456375838926175 0.4143968871595331 0.6469798657718121 0.4280155642023346 0.6577181208053692 0.4260700389105058 0.6630872483221476 0.4357976653696498 0.6536912751677852 0.44163424124513617 0.6429530201342282 0.44357976653696496 0.6335570469798658 0.4474708171206226