0 0.43859649122807015 0.43123543123543123 0.5105263157894737 0.38927738927738925 0.6368421052631579 0.337995337995338 0.6596491228070176 0.3333333333333333 0.6807017543859649 0.3123543123543124 0.6912280701754386 0.2937062937062937 0.7087719298245614 0.31002331002331 0.7 0.337995337995338 0.7228070175438597 0.3939393939393939 0.7105263157894737 0.44988344988344986 0.7105263157894737 0.48484848484848486 0.724561403508772 0.5501165501165501 0.7280701754385965 0.6573426573426573 0.7140350877192982 0.6503496503496503 0.7070175438596491 0.5664335664335665 0.6824561403508772 0.5361305361305362 0.6543859649122807 0.5198135198135199 0.6263157894736842 0.5314685314685315 0.5842105263157895 0.5897435897435898 0.5526315789473685 0.6899766899766899 0.49473684210526314 0.6899766899766899 0.5245614035087719 0.5477855477855478 0.5333333333333333 0.5151515151515151 0.5263157894736842 0.5011655011655012 0.5035087719298246 0.5034965034965035 0.47368421052631576 0.5104895104895105 0.4456140350877193 0.5151515151515151 0.4105263157894737 0.5244755244755245 0.3701754385964912 0.5291375291375291 0.3350877192982456 0.5221445221445221 0.3473684210526316 0.5011655011655012 0.37894736842105264 0.46853146853146854
0 0.6964912280701754 0.34265734265734266 0.7192982456140351 0.23776223776223776 0.7421052631578947 0.1794871794871795 0.7631578947368421 0.1561771561771562 0.7894736842105263 0.15384615384615385 0.8228070175438597 0.1561771561771562 0.8456140350877193 0.2937062937062937 0.8649122807017544 0.3822843822843823 0.8596491228070176 0.4755244755244755 0.8719298245614036 0.5477855477855478 0.7982456140350878 0.6083916083916084 0.7228070175438597 0.6573426573426573 0.7280701754385965 0.5804195804195804 0.7105263157894737 0.46853146853146854 0.7157894736842105 0.38927738927738925
5 0.8245614035087719 0.1655011655011655 0.8526315789473684 0.17715617715617715 0.8842105263157894 0.24475524475524477 0.8719298245614036 0.2680652680652681 0.843859649122807 0.27972027972027974 0.8245614035087719 0.19347319347319347
3 0.8789473684210526 0.29836829836829837 0.8929824561403509 0.2937062937062937 0.8947368421052632 0.32400932400932403 0.8982456140350877 0.3473193473193473 0.8894736842105263 0.3682983682983683 0.868421052631579 0.35664335664335667 0.8596491228070176 0.32400932400932403 0.8508771929824561 0.2937062937062937
8 0.787719298245614 0.4825174825174825 0.8017543859649123 0.49417249417249415 0.8140350877192982 0.48484848484848486 0.8192982456140351 0.4988344988344988 0.8017543859649123 0.5104895104895105 0.7894736842105263 0.4988344988344988
8 0.7894736842105263 0.32634032634032634 0.8035087719298246 0.31934731934731936 0.8035087719298246 0.35664335664335667 0.7894736842105263 0.35664335664335667
8 0.7719298245614035 0.3613053613053613 0.7894736842105263 0.40093240093240096 0.7929824561403509 0.44988344988344986 0.7982456140350878 0.4755244755244755 0.8087719298245614 0.47785547785547783 0.8105263157894737 0.4195804195804196 0.7964912280701755 0.3706293706293706 0.7789473684210526 0.34032634032634035
8 0.7596491228070176 0.4428904428904429 0.7736842105263158 0.4382284382284382 0.7736842105263158 0.49417249417249415 0.7719298245614035 0.5268065268065268 0.7578947368421053 0.5291375291375291
8 0.7684210526315789 0.4522144522144522 0.7807017543859649 0.4358974358974359 0.7842105263157895 0.46153846153846156
8 0.7210526315789474 0.4358974358974359 0.7315789473684211 0.44755244755244755 0.7385964912280701 0.4731934731934732 0.7210526315789474 0.5104895104895105 0.7105263157894737 0.4755244755244755
3 0.49473684210526314 0.5710955710955711 0.5298245614035088 0.5594405594405595 0.5649122807017544 0.6060606060606061 0.5614035087719298 0.6713286713286714 0.5157894736842106 0.703962703962704 0.45087719298245615 0.7016317016317016
8 0.5157894736842106 0.585081585081585 0.5263157894736842 0.5897435897435898 0.5228070175438596 0.6293706293706294 0.5175438596491229 0.6853146853146853 0.5035087719298246 0.6853146853146853 0.4982456140350877 0.62004662004662
8 0.35789473684210527 0.7342657342657343 0.37543859649122807 0.7342657342657343 0.3719298245614035 0.8041958041958042 0.356140350877193 0.8041958041958042 0.3473684210526316 0.752913752913753
8 0.2771929824561403 0.7272727272727273 0.3 0.7296037296037297 0.3140350877192982 0.717948717948718 0.3192982456140351 0.7435897435897436 0.28771929824561404 0.7645687645687645
8 0.3333333333333333 0.7319347319347319 0.3508771929824561 0.7202797202797203 0.3508771929824561 0.7482517482517482 0.3368421052631579 0.7622377622377622
8 0.24210526315789474 0.7062937062937062 0.2596491228070175 0.717948717948718 0.24736842105263157 0.7389277389277389 0.23157894736842105 0.7202797202797203
8 0.26666666666666666 0.6806526806526807 0.2894736842105263 0.6573426573426573 0.28771929824561404 0.6923076923076923 0.2578947368421053 0.710955710955711
8 0.2912280701754386 0.662004662004662 0.30701754385964913 0.6480186480186481 0.30701754385964913 0.6899766899766899 0.2964912280701754 0.696969696969697
5 0.8298245614035088 0.2913752913752914 0.7298245614035088 0.3333333333333333 0.7298245614035088 0.289044289044289 0.7368421052631579 0.2634032634032634 0.7508771929824561 0.23543123543123542 0.7631578947368421 0.21445221445221446 0.775438596491228 0.19347319347319347 0.7912280701754386 0.18181818181818182 0.8105263157894737 0.17715617715617715
0 0.34385964912280703 0.5128205128205128 0.2578947368421053 0.5104895104895105 0.20175438596491227 0.5104895104895105 0.17192982456140352 0.5151515151515151 0.156140350877193 0.5244755244755245 0.14035087719298245 0.5268065268065268 0.12631578947368421 0.5198135198135199 0.11578947368421053 0.5291375291375291 0.12105263157894737 0.5454545454545454 0.14210526315789473 0.5547785547785548 0.16140350877192983 0.5477855477855478 0.18421052631578946 0.5384615384615384 0.3 0.5337995337995338 0.3456140350877193 0.5314685314685315
5 0.07543859649122807 0.662004662004662 0.12982456140350876 0.6946386946386947 0.1368421052631579 0.7599067599067599 0.07894736842105263 0.7249417249417249