8 0.09281961471103327 0.4428904428904429 0.09807355516637478 0.4428904428904429 0.10332749562171628 0.4428904428904429 0.10683012259194395 0.4428904428904429 0.10332749562171628 0.44755244755244755 0.09982486865148861 0.44755244755244755 0.09457092819614711 0.44755244755244755
8 0.1436077057793345 0.5361305361305362 0.14886164623467601 0.5431235431235432 0.15411558669001751 0.5477855477855478 0.159369527145359 0.5524475524475524 0.1646234676007005 0.5594405594405595 0.1681260945709282 0.5641025641025641 0.1646234676007005 0.5641025641025641 0.15761821366024517 0.5617715617715617 0.15236427320490367 0.5571095571095571 0.15061295971978983 0.5524475524475524 0.14535901926444833 0.5454545454545454 0.1436077057793345 0.5431235431235432
8 0.2224168126094571 0.38461538461538464 0.2276707530647986 0.38461538461538464 0.2276707530647986 0.38927738927738925 0.2224168126094571 0.38927738927738925 0.22416812609457093 0.38927738927738925
8 0.2591943957968476 0.4358974358974359 0.2626970227670753 0.4428904428904429 0.266199649737303 0.44755244755244755 0.2679509632224168 0.4522144522144522 0.266199649737303 0.4568764568764569 0.2679509632224168 0.46153846153846156 0.2679509632224168 0.46386946386946387 0.266199649737303 0.46386946386946387 0.2679509632224168 0.46853146853146854 0.2679509632224168 0.4731934731934732 0.266199649737303 0.4755244755244755 0.2574430823117338 0.4662004662004662 0.2591943957968476 0.46853146853146854 0.2574430823117338 0.4662004662004662 0.2574430823117338 0.46153846153846156 0.2609457092819615 0.46386946386946387 0.2626970227670753 0.46386946386946387 0.2591943957968476 0.45454545454545453 0.2591943957968476 0.45454545454545453 0.2574430823117338 0.44988344988344986 0.25569176882662 0.4428904428904429 0.2574430823117338 0.4382284382284382
8 0.19964973730297722 0.3752913752913753 0.20490367775831875 0.3822843822843823 0.21015761821366025 0.38461538461538464 0.2119089316987741 0.38694638694638694 0.2084063047285464 0.38927738927738925 0.2031523642732049 0.38694638694638694 0.19964973730297722 0.3822843822843823
8 0.15236427320490367 0.46853146853146854 0.15761821366024517 0.46853146853146854 0.1646234676007005 0.4731934731934732 0.16637478108581435 0.4755244755244755 0.1646234676007005 0.4801864801864802 0.16112084063047286 0.4825174825174825 0.1646234676007005 0.4825174825174825 0.16637478108581435 0.48717948717948717 0.16637478108581435 0.48951048951048953 0.1628721541155867 0.49417249417249415 0.15761821366024517 0.48717948717948717 0.15411558669001751 0.4825174825174825 0.15061295971978983 0.47785547785547783 0.15061295971978983 0.4731934731934732
8 0.12084063047285463 0.46386946386946387 0.1190893169877408 0.4731934731934732 0.1190893169877408 0.4801864801864802 0.1243432574430823 0.48717948717948717 0.12784588441331 0.49184149184149184 0.1330998248686515 0.48951048951048953 0.13485113835376533 0.49417249417249415 0.1330998248686515 0.4988344988344988 0.13660245183887915 0.5034965034965035 0.1436077057793345 0.5011655011655012 0.14535901926444833 0.5034965034965035 0.14886164623467601 0.5081585081585082 0.15411558669001751 0.5058275058275058 0.159369527145359 0.5058275058275058 0.159369527145359 0.5104895104895105 0.1628721541155867 0.5151515151515151 0.15586690017513136 0.5174825174825175 0.14535901926444833 0.5174825174825175 0.13485113835376533 0.5151515151515151 0.12784588441331 0.5128205128205128 0.1243432574430823 0.5104895104895105 0.1190893169877408 0.5011655011655012 0.11733800350262696 0.4965034965034965 0.1138353765323993 0.48951048951048953 0.11208406304728546 0.4801864801864802 0.11558669001751314 0.47785547785547783
8 0.10507880910683012 0.46153846153846156 0.1085814360770578 0.4662004662004662 0.1138353765323993 0.46153846153846156 0.1138353765323993 0.46853146853146854 0.11033274956217162 0.4755244755244755 0.10683012259194395 0.4801864801864802 0.10157618213660245 0.4755244755244755 0.10157618213660245 0.47086247086247085 0.10157618213660245 0.46853146853146854
8 0.13660245183887915 0.4382284382284382 0.14535901926444833 0.4382284382284382 0.15236427320490367 0.4382284382284382 0.15586690017513136 0.4405594405594406 0.15586690017513136 0.44755244755244755 0.14886164623467601 0.44755244755244755 0.14185639229422067 0.44988344988344986 0.138353765323993 0.44988344988344986
8 0.1330998248686515 0.32634032634032634 0.138353765323993 0.3333333333333333 0.14535901926444833 0.3356643356643357 0.15061295971978983 0.337995337995338 0.15586690017513136 0.34265734265734266 0.1628721541155867 0.3473193473193473 0.16987740805604204 0.351981351981352 0.1733800350262697 0.35664335664335667 0.1681260945709282 0.358974358974359 0.16112084063047286 0.35664335664335667 0.15411558669001751 0.34965034965034963 0.14711033274956217 0.34265734265734266 0.14185639229422067 0.34032634032634035
8 0.08231173380035026 0.30536130536130535 0.08756567425569177 0.29603729603729606 0.09106830122591944 0.2867132867132867 0.09807355516637478 0.289044289044289 0.10332749562171628 0.2937062937062937 0.10683012259194395 0.29836829836829837 0.11033274956217162 0.29836829836829837 0.11208406304728546 0.30536130536130535 0.11033274956217162 0.3123543123543124 0.1085814360770578 0.31934731934731936 0.10683012259194395 0.32867132867132864 0.10683012259194395 0.337995337995338 0.10683012259194395 0.34498834498834496 0.10157618213660245 0.34265734265734266 0.09982486865148861 0.3333333333333333 0.09457092819614711 0.32634032634032634 0.0893169877408056 0.31934731934731936 0.0840630472854641 0.3146853146853147
3 0.20665499124343256 0.37995337995337997 0.2329246935201401 0.37995337995337997 0.2574430823117338 0.4172494172494173 0.28546409807355516 0.48717948717948717 0.27495621716287216 0.5104895104895105 0.2504378283712785 0.4662004662004662 0.2224168126094571 0.44755244755244755 0.20490367775831875 0.49184149184149184 0.19439579684763572 0.42657342657342656
3 0.06129597197898424 0.331002331002331 0.07705779334500876 0.289044289044289 0.1190893169877408 0.2913752913752914 0.10683012259194395 0.32867132867132864 0.11033274956217162 0.372960372960373 0.11558669001751314 0.4382284382284382 0.11208406304728546 0.49184149184149184 0.08581436077057793 0.4662004662004662 0.07355516637478109 0.3986013986013986
0 0.2119089316987741 0.3123543123543124 0.18388791593695272 0.30536130536130535 0.159369527145359 0.3006993006993007 0.12084063047285463 0.29836829836829837 0.1085814360770578 0.31002331002331 0.10332749562171628 0.34032634032634035 0.11208406304728546 0.3916083916083916 0.1138353765323993 0.4428904428904429 0.1138353765323993 0.47086247086247085 0.11208406304728546 0.4965034965034965 0.20140105078809106 0.6223776223776224 0.19439579684763572 0.5314685314685315 0.19264448336252188 0.46386946386946387 0.21015761821366025 0.3939393939393939 0.19964973730297722 0.3776223776223776
5 0.7162872154115587 0.6666666666666666 0.8283712784588442 0.6363636363636364 0.8283712784588442 0.6993006993006993 0.7215411558669002 0.745920745920746
3 0.12084063047285463 0.331002331002331 0.18213660245183888 0.372960372960373 0.18563922942206654 0.4219114219114219 0.18563922942206654 0.4568764568764569 0.18914185639229422 0.5081585081585082 0.19089316987740806 0.5687645687645687 0.1681260945709282 0.5664335664335665 0.13660245183887915 0.5268065268065268 0.12259194395796848 0.49417249417249415 0.1190893169877408 0.45454545454545453 0.11208406304728546 0.3939393939393939 0.1190893169877408 0.372960372960373