3 0.5748031496062992 0.7936842105263158 0.5748031496062992 0.7747368421052632 0.5637795275590551 0.7768421052631579 0.5590551181102362 0.7852631578947369 0.5464566929133858 0.8063157894736842 0.5448818897637795 0.8231578947368421 0.5543307086614173 0.8273684210526315 0.5653543307086614 0.8231578947368421 0.5716535433070866 0.8105263157894737 0.5748031496062992 0.7936842105263158
3 0.5165354330708661 0.6210526315789474 0.5244094488188976 0.6189473684210526 0.5385826771653544 0.6273684210526316 0.5338582677165354 0.6105263157894737 0.5322834645669291 0.5894736842105263 0.5275590551181102 0.5705263157894737 0.5307086614173229 0.5473684210526316 0.525984251968504 0.5284210526315789 0.5133858267716536 0.5010526315789474 0.5070866141732283 0.5052631578947369 0.49921259842519683 0.5284210526315789 0.48976377952755906 0.5431578947368421 0.4755905511811024 0.56 0.46771653543307085 0.5663157894736842 0.4645669291338583 0.5852631578947368 0.4645669291338583 0.6063157894736843 0.47874015748031495 0.608421052631579 0.49291338582677163 0.6189473684210526 0.5149606299212598 0.6421052631578947 0.5165354330708661 0.6210526315789474
6 0.3905511811023622 0.27789473684210525 0.3905511811023622 0.26526315789473687 0.3889763779527559 0.2673684210526316 0.3889763779527559 0.27789473684210525 0.3905511811023622 0.27789473684210525
6 0.35590551181102364 0.2905263157894737 0.3543307086614173 0.28842105263157897 0.34960629921259845 0.28842105263157897 0.3401574803149606 0.2863157894736842 0.3401574803149606 0.2905263157894737 0.3480314960629921 0.2926315789473684 0.35118110236220473 0.2968421052631579 0.352755905511811 0.30105263157894735 0.35590551181102364 0.30105263157894735 0.35590551181102364 0.29473684210526313 0.35748031496062993 0.29473684210526313 0.35748031496062993 0.2905263157894737 0.35590551181102364 0.2905263157894737
6 0.31338582677165355 0.3894736842105263 0.31496062992125984 0.3894736842105263 0.31496062992125984 0.39789473684210525 0.31811023622047246 0.4 0.31968503937007875 0.39789473684210525 0.31968503937007875 0.3894736842105263 0.31338582677165355 0.37894736842105264 0.31338582677165355 0.3894736842105263
6 0.41732283464566927 0.5831578947368421 0.41732283464566927 0.5789473684210527 0.4125984251968504 0.5789473684210527 0.4125984251968504 0.5873684210526315 0.4125984251968504 0.5936842105263158 0.41732283464566927 0.5957894736842105 0.41732283464566927 0.5873684210526315 0.4188976377952756 0.5873684210526315 0.4188976377952756 0.5831578947368421 0.41732283464566927 0.5831578947368421
6 0.4377952755905512 0.4568421052631579 0.4346456692913386 0.45263157894736844 0.4346456692913386 0.4463157894736842 0.4330708661417323 0.4463157894736842 0.4330708661417323 0.45473684210526316 0.431496062992126 0.4610526315789474 0.4330708661417323 0.4652631578947368 0.4346456692913386 0.4694736842105263 0.4346456692913386 0.47789473684210526 0.4377952755905512 0.47789473684210526 0.4393700787401575 0.4884210526315789 0.44251968503937006 0.4884210526315789 0.44251968503937006 0.47368421052631576 0.4409448818897638 0.47157894736842104 0.4377952755905512 0.4673684210526316 0.4377952755905512 0.4568421052631579
6 0.4141732283464567 0.35157894736842105 0.4141732283464567 0.33473684210526317 0.4125984251968504 0.33263157894736844 0.4125984251968504 0.3494736842105263 0.4141732283464567 0.35157894736842105
6 0.3291338582677165 0.037894736842105266 0.3291338582677165 0.03368421052631579 0.32125984251968503 0.03368421052631579 0.3228346456692913 0.037894736842105266 0.3291338582677165 0.037894736842105266
6 0.5086614173228347 0.3705263157894737 0.5086614173228347 0.37473684210526315 0.510236220472441 0.37473684210526315 0.510236220472441 0.37684210526315787 0.5118110236220472 0.37684210526315787 0.5133858267716536 0.37684210526315787 0.5133858267716536 0.3705263157894737 0.5086614173228347 0.3705263157894737
0 0.3763779527559055 0.31157894736842107 0.36850393700787404 0.30736842105263157 0.36220472440944884 0.3031578947368421 0.35590551181102364 0.3031578947368421 0.34488188976377954 0.3031578947368421 0.33700787401574805 0.30526315789473685 0.33385826771653543 0.3031578947368421 0.32598425196850395 0.3031578947368421 0.32125984251968503 0.2968421052631579 0.31811023622047246 0.2905263157894737 0.30866141732283464 0.28210526315789475 0.3102362204724409 0.29473684210526313 0.31338582677165355 0.29894736842105263 0.3165354330708661 0.30526315789473685 0.31811023622047246 0.3094736842105263 0.32440944881889766 0.3157894736842105 0.33228346456692914 0.3178947368421053 0.33700787401574805 0.3157894736842105 0.34330708661417325 0.3157894736842105 0.3480314960629921 0.3136842105263158 0.3637795275590551 0.3157894736842105 0.3700787401574803 0.32210526315789473 0.3763779527559055 0.32421052631578945 0.38740157480314963 0.3263157894736842 0.3952755905511811 0.3263157894736842 0.3984251968503937 0.3263157894736842 0.4015748031496063 0.32842105263157895 0.4141732283464567 0.32842105263157895 0.4110236220472441 0.32210526315789473 0.4015748031496063 0.32 0.3952755905511811 0.3178947368421053 0.38740157480314963 0.3136842105263158 0.3763779527559055 0.31157894736842107
0 0.27874015748031494 0.5410526315789473 0.2740157480314961 0.5326315789473685 0.27244094488188975 0.511578947368421 0.2740157480314961 0.4863157894736842 0.2692913385826772 0.45052631578947366 0.26456692913385826 0.42947368421052634 0.262992125984252 0.4063157894736842 0.25826771653543307 0.37684210526315787 0.25354330708661416 0.3410526315789474 0.25354330708661416 0.32 0.25354330708661416 0.3136842105263158 0.2503937007874016 0.33052631578947367 0.24881889763779527 0.33473684210526317 0.24881889763779527 0.3452631578947368 0.24881889763779527 0.36210526315789476 0.25196850393700787 0.3705263157894737 0.25826771653543307 0.42105263157894735 0.2614173228346457 0.4631578947368421 0.26456692913385826 0.48 0.2677165354330709 0.4884210526315789 0.2677165354330709 0.49473684210526314 0.26614173228346455 0.511578947368421 0.26456692913385826 0.5178947368421053 0.27086614173228346 0.5368421052631579 0.27086614173228346 0.5494736842105263 0.2803149606299213 0.56 0.28503937007874014 0.5663157894736842 0.28818897637795277 0.5726315789473684 0.29448818897637796 0.5789473684210527 0.29763779527559053 0.5831578947368421 0.30236220472440944 0.5915789473684211 0.30393700787401573 0.5705263157894737 0.29606299212598425 0.5621052631578948 0.2866141732283465 0.5494736842105263 0.27874015748031494 0.5410526315789473
3 0.5070866141732283 0.25894736842105265 0.5039370078740157 0.28 0.5070866141732283 0.3494736842105263 0.5070866141732283 0.43157894736842106 0.510236220472441 0.4378947368421053 0.5149606299212598 0.4378947368421053 0.5165354330708661 0.43157894736842106 0.5165354330708661 0.3684210526315789 0.5181102362204725 0.25684210526315787 0.5118110236220472 0.24 0.5070866141732283 0.25894736842105265
5 0.3543307086614173 0.4463157894736842 0.37480314960629924 0.4231578947368421 0.352755905511811 0.3452631578947368 0.30708661417322836 0.33473684210526317 0.3401574803149606 0.45473684210526316 0.3543307086614173 0.4463157894736842
5 0.3586785354330709 0 0.3417322834645669 0.06947368421052631 0.4031496062992126 0.056842105263157895 0.41581504409448816 0 0.3586785354330709 0
3 0.3795275590551181 0.3178947368421053 0.33858267716535434 0.3031578947368421 0.2929133858267717 0.29473684210526313 0.262992125984252 0.32421052631578945 0.25984251968503935 0.3705263157894737 0.26614173228346455 0.4421052631578947 0.2755905511811024 0.5073684210526316 0.2866141732283465 0.5305263157894737 0.32125984251968503 0.5515789473684211 0.3669291338582677 0.5663157894736842 0.3952755905511811 0.5663157894736842 0.4141732283464567 0.5747368421052632 0.43622047244094486 0.5747368421052632 0.4377952755905512 0.5536842105263158 0.4393700787401575 0.5157894736842106 0.4377952755905512 0.4673684210526316 0.415748031496063 0.4168421052631579 0.4062992125984252 0.3452631578947368 0.3984251968503937 0.33052631578947367 0.3795275590551181 0.3178947368421053
0 0.44881889763779526 0.5642105263157895 0.4440944881889764 0.6568421052631579 0.44724409448818897 0.7052631578947368 0.4519685039370079 0.7115789473684211 0.48503937007874015 0.6989473684210527 0.47244094488188976 0.6589473684210526 0.4582677165354331 0.5789473684210527 0.45511811023622045 0.5494736842105263 0.44881889763779526 0.5642105263157895
0 0.5302047244094489 0 0.5275590551181102 0.01263157894736842 0.5228346456692914 0.042105263157894736 0.521259842519685 0.07157894736842105 0.5133858267716536 0.15789473684210525 0.5039370078740157 0.24421052631578946 0.5007874015748032 0.30105263157894735 0.5086614173228347 0.29473684210526313 0.510236220472441 0.26105263157894737 0.5118110236220472 0.23789473684210527 0.521259842519685 0.16 0.5291338582677165 0.07368421052631578 0.5307086614173229 0.05052631578947368 0.5322834645669291 0.023157894736842106 0.5366141732283465 0 0.5302047244094489 0
0 0.5433070866141733 0.5031578947368421 0.5606299212598426 0.5452631578947369 0.5763779527559055 0.5810526315789474 0.5858267716535434 0.6126315789473684 0.5968503937007874 0.6463157894736842 0.6078740157480315 0.6757894736842105 0.6125984251968504 0.6863157894736842 0.6062992125984252 0.6547368421052632 0.6 0.6294736842105263 0.5889763779527559 0.6 0.5795275590551181 0.5684210526315789 0.5669291338582677 0.5347368421052632 0.552755905511811 0.49894736842105264 0.5385826771653544 0.47368421052631576 0.5307086614173229 0.4568421052631579 0.5244094488188976 0.4463157894736842 0.5181102362204725 0.4378947368421053 0.5055118110236221 0.43157894736842106 0.5007874015748032 0.44 0.5133858267716536 0.44842105263157894 0.5228346456692914 0.4652631578947368 0.5307086614173229 0.47789473684210526 0.5433070866141733 0.5031578947368421