8 0.41117092866756394 0.7225274725274725 0.41790040376850607 0.728021978021978 0.42732166890982504 0.7353479853479854 0.42732166890982504 0.7188644688644689 0.4353970390309556 0.717032967032967 0.42328398384925975 0.7078754578754579 0.4138627187079408 0.7097069597069597 0.41117092866756394 0.7225274725274725
8 0.3775235531628533 0.7005494505494505 0.3815612382234186 0.7097069597069597 0.38694481830417227 0.7115384615384616 0.3936742934051144 0.7042124542124543 0.3896366083445491 0.6968864468864469 0.3815612382234186 0.6932234432234432 0.3775235531628533 0.7005494505494505
8 0.2698519515477793 0.717032967032967 0.2765814266487214 0.728021978021978 0.2779273216689098 0.7445054945054945 0.2927321668909825 0.7463369963369964 0.29004037685060563 0.7298534798534798 0.2873485868102288 0.7152014652014652 0.28465679676985195 0.7023809523809523 0.2698519515477793 0.7042124542124543 0.2698519515477793 0.717032967032967
8 0.38021534320323014 0.6565934065934066 0.3855989232839839 0.6327838827838828 0.37617765814266485 0.6236263736263736 0.36406460296096904 0.6309523809523809 0.3492597577388964 0.6437728937728938 0.33176312247644685 0.6510989010989011 0.33714670255720053 0.6785714285714286 0.3532974427994616 0.6694139194139194 0.36810228802153433 0.6712454212454212 0.38021534320323014 0.6565934065934066
3 0.5471063257065949 0.42032967032967034 0.5215343203230148 0.3965201465201465 0.5053835800807537 0.3891941391941392 0.48115746971736206 0.3836996336996337 0.4676985195154778 0.39285714285714285 0.47442799461641993 0.41483516483516486 0.49327052489905787 0.42032967032967034 0.4946164199192463 0.43131868131868134 0.509421265141319 0.4478021978021978 0.5430686406460296 0.45879120879120877 0.5578734858681023 0.4642857142857143 0.5794078061911171 0.4478021978021978 0.5471063257065949 0.42032967032967034
3 0.4353970390309556 0.3360805860805861 0.4421265141318977 0.33974358974358976 0.4515477792732167 0.34523809523809523 0.4528936742934051 0.33791208791208793 0.4448183041722746 0.32875457875457875 0.4353970390309556 0.32875457875457875 0.4353970390309556 0.3360805860805861
3 0.4286675639300135 0.3342490842490842 0.4165545087483176 0.3232600732600733 0.40309555854643336 0.3141025641025641 0.392328398384926 0.3067765567765568 0.3775235531628533 0.29945054945054944 0.373485868102288 0.3031135531135531 0.3654104979811575 0.31959706959706957 0.3613728129205922 0.3342490842490842 0.37617765814266485 0.33791208791208793 0.3896366083445491 0.33974358974358976 0.3990578734858681 0.3415750915750916 0.41117092866756394 0.34523809523809523 0.42328398384925975 0.3525641025641026 0.43405114401076716 0.3598901098901099 0.446164199192463 0.36904761904761907 0.4569313593539704 0.37454212454212454 0.4690444145356662 0.37637362637362637 0.47039030955585465 0.36538461538461536 0.45962314939434723 0.3598901098901099 0.4515477792732167 0.3507326007326007 0.44347240915208613 0.34706959706959706 0.4286675639300135 0.3342490842490842
3 0.5363391655450875 0.5851648351648352 0.5605652759084792 0.6108058608058609 0.5672947510094213 0.5888278388278388 0.5699865410497981 0.5485347985347986 0.5686406460296097 0.5228937728937729 0.5632570659488559 0.48443223443223443 0.5471063257065949 0.47527472527472525 0.5269179004037685 0.48443223443223443 0.5242261103633916 0.5064102564102564 0.5215343203230148 0.5283882783882784 0.5161507402422612 0.5485347985347986 0.5121130551816958 0.5723443223443223 0.5363391655450875 0.5851648351648352
3 0.48115746971736206 0.4258241758241758 0.4730820995962315 0.42032967032967034 0.4690444145356662 0.4056776556776557 0.4636608344549125 0.391025641025641 0.45558546433378194 0.3891941391941392 0.45962314939434723 0.40384615384615385 0.46231493943472407 0.434981684981685 0.46500672947510097 0.45879120879120877 0.47442799461641993 0.4624542124542125 0.4892328398384926 0.4661172161172161 0.49057873485868103 0.44047619047619047 0.48115746971736206 0.4258241758241758
3 0.46500672947510097 0.4642857142857143 0.45827725437415884 0.47893772893772896 0.45423956931359355 0.5064102564102564 0.436742934051144 0.5375457875457875 0.41790040376850607 0.5686813186813187 0.42193808882907136 0.5815018315018315 0.4327052489905787 0.5906593406593407 0.4488559892328398 0.6016483516483516 0.4636608344549125 0.6071428571428571 0.4771197846567968 0.6236263736263736 0.4892328398384926 0.6108058608058609 0.4878869448183042 0.586996336996337 0.4771197846567968 0.5668498168498168 0.46635262449528936 0.5521978021978022 0.4730820995962315 0.5228937728937729 0.4784656796769852 0.4990842490842491 0.4798115746971736 0.4697802197802198 0.46500672947510097 0.4642857142857143
8 0.3990578734858681 0.32142857142857145 0.3842530282637954 0.3141025641025641 0.38694481830417227 0.3250915750915751 0.40174966352624497 0.3305860805860806 0.4152086137281292 0.3250915750915751 0.3990578734858681 0.32142857142857145
8 0.43405114401076716 0.32875457875457875 0.43943472409152085 0.33791208791208793 0.4488559892328398 0.3434065934065934 0.4569313593539704 0.3434065934065934 0.4475100942126514 0.3305860805860806 0.43405114401076716 0.32875457875457875
8 0.33310901749663524 0.6767399267399268 0.33580080753701214 0.6712454212454212 0.33310901749663524 0.6584249084249084 0.3250336473755047 0.6620879120879121 0.31292059219380886 0.674908424908425 0.33310901749663524 0.6767399267399268