1 0.3318233295583239 0.5366795366795367 0.3465458663646659 0.5752895752895753 0.36013590033975085 0.5945945945945946 0.3725934314835787 0.6254826254826255 0.3793884484711212 0.6602316602316602 0.3725934314835787 0.6544401544401545 0.3567383918459796 0.6312741312741312 0.34541336353340885 0.611969111969112 0.3352208380520951 0.584942084942085 0.3272933182332956 0.555984555984556
3 0.43714609286523215 0.17374517374517376 0.5096262740656852 0.1891891891891892 0.5141562853907135 0.2335907335907336 0.49263873159682897 0.26640926640926643 0.464326160815402 0.27606177606177607 0.45300113250283125 0.27606177606177607 0.44394110985277463 0.27606177606177607 0.43261608154020387 0.2548262548262548 0.42808607021517553 0.23745173745173745 0.4258210645526614 0.20656370656370657 0.43148357870894677 0.18532818532818532
3 0.40770101925254815 0.26640926640926643 0.4292185730464326 0.2606177606177606 0.43714609286523215 0.26833976833976836 0.44620611551528877 0.2799227799227799 0.4552661381653454 0.2722007722007722 0.46319365798414497 0.28185328185328185 0.46998867497168745 0.2953667953667954 0.46319365798414497 0.305019305019305 0.46319365798414497 0.32625482625482627 0.4575311438278596 0.33783783783783783 0.4405436013590034 0.33976833976833976 0.41676104190260477 0.3281853281853282 0.4043035107587769 0.31467181467181465 0.3929784824462061 0.3108108108108108 0.39071347678369195 0.2857142857142857 0.3952434881087203 0.277992277992278
8 0.4711211778029445 0.7297297297297297 0.4801812004530011 0.7239382239382239 0.4881087202718007 0.7104247104247104 0.49943374858437145 0.7027027027027027 0.5062287655719139 0.7123552123552124 0.5243488108720272 0.7123552123552124 0.5345413363533409 0.6988416988416989 0.5469988674971688 0.7027027027027027 0.549263873159683 0.7162162162162162 0.5322763306908267 0.7239382239382239 0.49377123442808607 0.7316602316602316 0.47904869762174407 0.7393822393822393 0.4665911664779162 0.7335907335907336 0.464326160815402 0.7239382239382239
3 0.47565118912797283 0.806949806949807 0.47451868629671573 0.8204633204633205 0.45186862967157415 0.7972972972972973 0.4258210645526614 0.7857142857142857 0.41676104190260477 0.7644787644787645 0.41676104190260477 0.7393822393822393 0.4269535673839185 0.7239382239382239 0.43261608154020387 0.693050193050193 0.44733861834654587 0.6833976833976834 0.46319365798414497 0.6872586872586872 0.47791619479048697 0.6891891891891891 0.4869762174405436 0.693050193050193 0.49037372593431483 0.7027027027027027 0.49150622876557193 0.6814671814671814 0.49943374858437145 0.6718146718146718 0.5084937712344281 0.6795366795366795 0.5164212910532276 0.6833976833976834 0.5254813137032842 0.693050193050193 0.5300113250283126 0.6833976833976834 0.5469988674971688 0.6988416988416989 0.5560588901472253 0.7046332046332047 0.5696489241223103 0.7007722007722008 0.6002265005662514 0.7123552123552124 0.6183465458663646 0.7239382239382239 0.6342015855039638 0.7413127413127413 0.6319365798414496 0.7644787644787645 0.6047565118912798 0.7683397683397684 0.5832389580973952 0.7567567567567568 0.5594563986409966 0.7335907335907336 0.5639864099660249 0.749034749034749 0.5537938844847112 0.7664092664092664 0.5300113250283126 0.7451737451737451 0.5277463193657984 0.7625482625482626 0.5322763306908267 0.8011583011583011 0.5300113250283126 0.8108108108108109 0.49943374858437145 0.805019305019305 0.4881087202718007 0.7992277992277992
3 0.4099660249150623 0.6833976833976834 0.42355605889014725 0.6833976833976834 0.434881087202718 0.7065637065637066 0.43035107587768967 0.7355212355212355 0.42355605889014725 0.7413127413127413 0.40770101925254815 0.7297297297297297 0.4043035107587769 0.6988416988416989
3 0.3635334088335221 0.584942084942085 0.3725934314835787 0.6351351351351351 0.38618346545866367 0.667953667953668 0.40203850509626277 0.6776061776061776 0.41562853907134767 0.6833976833976834 0.4144960362400906 0.667953667953668 0.40770101925254815 0.6235521235521235 0.3941109852774632 0.5965250965250966
3 0.45866364665911663 0.3436293436293436 0.4960362400906002 0.4015444015444015 0.5345413363533409 0.4575289575289575 0.5458663646659117 0.47876447876447875 0.6194790486976217 0.5019305019305019 0.6511891279728199 0.5115830115830116 0.6613816534541337 0.4671814671814672 0.6534541336353341 0.40733590733590735 0.6160815402038505 0.35714285714285715 0.5775764439411099 0.3359073359073359 0.535673839184598 0.31467181467181465 0.5028312570781427 0.27606177606177607 0.48357870894677235 0.27413127413127414 0.46206115515288787 0.27606177606177607
3 0.3669309173272933 0.4305019305019305 0.35334088335220837 0.5019305019305019 0.31370328425821065 0.5019305019305019 0.29898074745186864 0.4420849420849421 0.29105322763306907 0.3552123552123552 0.29784824462061155 0.33204633204633205 0.32842582106455265 0.34942084942084944 0.3556058890147225 0.3841698841698842 0.3646659116647792 0.3938223938223938
3 0.23895809739524349 0.3127413127413127 0.24009060022650056 0.2972972972972973 0.26727066817667045 0.2528957528957529 0.2853907134767837 0.2625482625482625 0.2865232163080408 0.2722007722007722 0.2944507361268403 0.3088803088803089 0.3001132502831257 0.37258687258687256 0.3012457531143828 0.43822393822393824 0.2887882219705549 0.4691119691119691 0.2718006795016987 0.49034749034749037 0.25934314835787087 0.5096525096525096 0.2536806342015855 0.5115830115830116 0.24462061155152887 0.4826254826254826 0.23556058890147225 0.4343629343629344 0.2276330690826727 0.3938223938223938 0.22989807474518686 0.34555984555984554
3 0.24575311438278596 0.23938223938223938 0.25254813137032844 0.2471042471042471 0.25028312570781425 0.28378378378378377 0.23782559456398641 0.30694980694980695 0.21630804077010193 0.2857142857142857 0.21630804077010193 0.25868725868725867 0.22989807474518686 0.23552123552123552
3 0.2740656851642129 0.24324324324324326 0.3057757644394111 0.2413127413127413 0.32276330690826727 0.2606177606177606 0.32163080407701017 0.28378378378378377 0.2944507361268403 0.28378378378378377 0.2842582106455266 0.27413127413127414 0.2650056625141563 0.25868725868725867 0.2650056625141563 0.25096525096525096
8 0.29331823329558326 0.47104247104247104 0.3023782559456399 0.4806949806949807 0.29898074745186864 0.4922779922779923 0.2887882219705549 0.4826254826254826 0.2853907134767837 0.47297297297297297
8 0.2842582106455266 0.48841698841698844 0.29331823329558326 0.4864864864864865 0.29898074745186864 0.4942084942084942 0.30804077010192527 0.5115830115830116 0.3114382785956965 0.527027027027027 0.3001132502831257 0.5173745173745173 0.29331823329558326 0.5193050193050193 0.2865232163080408 0.5231660231660231 0.28199320498301245 0.5173745173745173 0.289920724801812 0.5057915057915058 0.289920724801812 0.4980694980694981
8 0.31370328425821065 0.5212355212355212 0.318233295583239 0.5501930501930502 0.32163080407701017 0.5579150579150579 0.3272933182332956 0.5694980694980695 0.33408833522083803 0.584942084942085 0.3318233295583239 0.5637065637065637 0.32276330690826727 0.5386100386100386 0.318233295583239 0.527027027027027
8 0.34428086070215175 0.5347490347490348 0.3556058890147225 0.5501930501930502 0.36013590033975085 0.5714285714285714 0.3522083805209513 0.581081081081081 0.3420158550396376 0.5656370656370656 0.33861834654586637 0.555984555984556 0.33861834654586637 0.5482625482625483
8 0.5458663646659117 0.25675675675675674 0.5764439411098528 0.2644787644787645 0.6002265005662514 0.28378378378378377 0.6409966024915063 0.3127413127413127 0.6613816534541337 0.32625482625482627 0.681766704416761 0.32625482625482627 0.6942242355605889 0.3416988416988417 0.6828992072480181 0.361003861003861 0.6591166477916195 0.3590733590733591 0.6285390713476784 0.3281853281853282 0.6024915062287656 0.3166023166023166 0.5639864099660249 0.2857142857142857 0.5481313703284258 0.27606177606177607
3 0.3578708946772367 0.4247104247104247 0.38391845979614947 0.4613899613899614 0.40770101925254815 0.5212355212355212 0.41676104190260477 0.5714285714285714 0.4178935447338618 0.6312741312741312 0.3929784824462061 0.640926640926641 0.3725934314835787 0.611969111969112 0.35447338618346547 0.581081081081081 0.33975084937712347 0.5501930501930502 0.3171007927519819 0.5019305019305019 0.31483578708946774 0.4555984555984556 0.32276330690826727 0.4343629343629344
3 0.4088335220838052 0.3436293436293436 0.4552661381653454 0.33204633204633205 0.4881087202718007 0.35714285714285715 0.49150622876557193 0.3764478764478765 0.5039637599093998 0.44787644787644787 0.49943374858437145 0.4922779922779923 0.4813137032842582 0.528957528957529 0.44620611551528877 0.5154440154440154 0.41336353340883353 0.47104247104247104 0.39637599093997733 0.444015444015444 0.38505096262740657 0.39768339768339767 0.39977349943374857 0.3474903474903475
6 0.6693091732729332 0.581081081081081 0.6761041902604756 0.6003861003861004 0.6885617214043035 0.6061776061776062 0.6998867497168743 0.611969111969112 0.7225368063420159 0.6196911196911197 0.7123442808607021 0.6351351351351351 0.6930917327293318 0.6216216216216216 0.681766704416761 0.6216216216216216 0.6704416761041903 0.6138996138996139 0.6647791619479049 0.6061776061776062 0.6625141562853907 0.5907335907335908 0.6625141562853907 0.581081081081081
8 0.4722536806342016 0.6351351351351351 0.45300113250283125 0.6216216216216216 0.43714609286523215 0.6042471042471043 0.42242355605889015 0.5888030888030888 0.4269535673839185 0.6081081081081081 0.44394110985277463 0.6235521235521235 0.4609286523216308 0.6428571428571429 0.47451868629671573 0.6563706563706564
1 0.33069082672706684 0.555984555984556 0.34428086070215175 0.5752895752895753 0.36126840317100795 0.6003861003861004 0.37712344280860705 0.637065637065637 0.4031710079275198 0.7162162162162162 0.35447338618346547 0.6254826254826255 0.3408833522083805 0.5984555984555985
0 0.22650056625141562 0.527027027027027 0.2287655719139298 0.525096525096525 0.21857304643261607 0.4942084942084942 0.20951302378255945 0.44787644787644787 0.20611551528878821 0.40540540540540543 0.20385050962627407 0.3745173745173745 0.20271800679501698 0.38223938223938225 0.2015855039637599 0.4015444015444015 0.20271800679501698 0.42084942084942084 0.20385050962627407 0.4420849420849421 0.20611551528878821 0.46525096525096526 0.20838052095130238 0.48455598455598453 0.21177802944507362 0.5057915057915058 0.21517553793884484 0.525096525096525 0.22083805209513024 0.5386100386100386