8 0.6290726817042607 0.560200668896321 0.6278195488721805 0.5769230769230769 0.6228070175438597 0.5986622073578596 0.6378446115288221 0.5919732441471572 0.6378446115288221 0.5785953177257525 0.6365914786967418 0.5484949832775919 0.6290726817042607 0.560200668896321
8 0.6015037593984962 0.5618729096989966 0.5927318295739349 0.5702341137123745 0.5889724310776943 0.580267558528428 0.5802005012531328 0.5836120401337793 0.568922305764411 0.5869565217391305 0.5614035087719298 0.5903010033444817 0.5614035087719298 0.6036789297658863 0.5588972431077694 0.617056856187291 0.5601503759398496 0.6270903010033445 0.5664160401002506 0.6287625418060201 0.5764411027568922 0.6204013377926422 0.5927318295739349 0.6086956521739131 0.6090225563909775 0.6003344481605352 0.6077694235588973 0.5919732441471572 0.6102756892230576 0.5652173913043478 0.6015037593984962 0.5618729096989966
8 0.6215538847117794 0.4782608695652174 0.6177944862155389 0.4916387959866221 0.6177944862155389 0.5100334448160535 0.6228070175438597 0.5033444816053512 0.6240601503759399 0.48494983277591974 0.6215538847117794 0.4782608695652174
8 0.6127819548872181 0.4280936454849498 0.6077694235588973 0.42474916387959866 0.5977443609022557 0.431438127090301 0.5964912280701754 0.44481605351170567 0.6077694235588973 0.4431438127090301 0.6127819548872181 0.4280936454849498
8 0.6203007518796992 0.4096989966555184 0.6228070175438597 0.4013377926421405 0.6177944862155389 0.3979933110367893 0.6090225563909775 0.3979933110367893 0.5977443609022557 0.4013377926421405 0.5977443609022557 0.41304347826086957 0.6102756892230576 0.41471571906354515 0.6203007518796992 0.4096989966555184
8 0.6528822055137845 0.3963210702341137 0.6516290726817042 0.3862876254180602 0.6491228070175439 0.3779264214046823 0.6416040100250626 0.3879598662207358 0.6353383458646616 0.3996655518394649 0.6428571428571429 0.40301003344481606 0.6528822055137845 0.3963210702341137
8 0.6416040100250626 0.43645484949832775 0.6428571428571429 0.4280936454849498 0.6428571428571429 0.4180602006688963 0.6378446115288221 0.4280936454849498 0.6353383458646616 0.43812709030100333 0.6416040100250626 0.43645484949832775
8 0.5714285714285714 0.459866220735786 0.5714285714285714 0.4498327759197324 0.5664160401002506 0.4498327759197324 0.5576441102756893 0.47491638795986624 0.5551378446115288 0.49498327759197325 0.5551378446115288 0.5083612040133779 0.5614035087719298 0.5050167224080268 0.5614035087719298 0.4866220735785953 0.5714285714285714 0.459866220735786
8 0.5238095238095238 0.5836120401337793 0.5100250626566416 0.568561872909699 0.506265664160401 0.5752508361204013 0.5225563909774437 0.5936454849498328 0.5238095238095238 0.5836120401337793
8 0.5 0.5551839464882943 0.4899749373433584 0.5367892976588629 0.4849624060150376 0.5434782608695652 0.49624060150375937 0.5585284280936454 0.5 0.5551839464882943
3 0.4824561403508772 0.5301003344481605 0.4849624060150376 0.5418060200668896 0.48370927318295737 0.5635451505016722 0.4824561403508772 0.5819397993311036 0.487468671679198 0.6086956521739131 0.5037593984962406 0.6204013377926422 0.5238095238095238 0.6237458193979933 0.543859649122807 0.6137123745819398 0.5639097744360902 0.6187290969899666 0.5839598997493735 0.6120401337792643 0.606516290726817 0.6003344481605352 0.6290726817042607 0.5869565217391305 0.650375939849624 0.5769230769230769 0.6629072681704261 0.5618729096989966 0.6691729323308271 0.5384615384615384 0.6741854636591479 0.5167224080267558 0.6791979949874687 0.4866220735785953 0.6854636591478697 0.42642140468227424 0.6766917293233082 0.40635451505016723 0.6629072681704261 0.4013377926421405 0.6416040100250626 0.39464882943143814 0.6177944862155389 0.3996655518394649 0.5952380952380952 0.4096989966555184 0.5827067669172933 0.431438127090301 0.5802005012531328 0.44481605351170567 0.550125313283208 0.4498327759197324 0.5087719298245614 0.451505016722408 0.49373433583959897 0.46153846153846156 0.48120300751879697 0.4916387959866221 0.4774436090225564 0.5150501672240803 0.4824561403508772 0.5301003344481605
4 0.5827067669172933 0.3311036789297659 0.5864661654135338 0.3695652173913043 0.5839598997493735 0.41638795986622074 0.5902255639097744 0.4197324414715719 0.5989974937343359 0.4180602006688963 0.6040100250626567 0.40468227424749165 0.600250626566416 0.3729096989966555 0.5939849624060151 0.3311036789297659 0.581453634085213 0.31438127090301005 0.5827067669172933 0.3311036789297659