1 0.36736474694589877 0.18055555555555555 0.37085514834205935 0.18813131313131312 0.3900523560209424 0.1856060606060606 0.41273996509598604 0.1856060606060606 0.4354275741710297 0.19570707070707072 0.45462478184991273 0.2058080808080808 0.4668411867364747 0.20833333333333334 0.4825479930191972 0.2159090909090909 0.4930191972076789 0.20075757575757575 0.4860383944153578 0.1856060606060606 0.4668411867364747 0.17297979797979798 0.4476439790575916 0.16792929292929293 0.41972076788830714 0.16540404040404041 0.3900523560209424 0.17045454545454544 0.36910994764397903 0.17045454545454544 0.36736474694589877 0.18055555555555555
1 0.3010471204188482 0.3851010101010101 0.2905759162303665 0.39015151515151514 0.2766143106457243 0.39015151515151514 0.2766143106457243 0.4154040404040404 0.27137870855148344 0.43308080808080807 0.26788830715532286 0.44823232323232326 0.26788830715532286 0.4633838383838384 0.27835951134380454 0.4583333333333333 0.2801047120418848 0.4305555555555556 0.2905759162303665 0.41792929292929293 0.3080279232111693 0.41792929292929293 0.31151832460732987 0.38762626262626265 0.3010471204188482 0.3851010101010101
8 0.5226876090750436 0.003787878787878788 0.5174520069808028 0.013888888888888888 0.5139616055846422 0.023989898989898988 0.5174520069808028 0.03156565656565657 0.5279232111692844 0.02904040404040404 0.5366492146596858 0.026515151515151516 0.5331588132635253 0.016414141414141416 0.5261780104712042 0.008838383838383838 0.5226876090750436 0.003787878787878788
1 0.44589877835951136 0.06439393939393939 0.4424083769633508 0.07449494949494949 0.44415357766143104 0.08207070707070707 0.45287958115183247 0.08207070707070707 0.46335078534031415 0.07449494949494949 0.4598603839441536 0.06439393939393939 0.45287958115183247 0.059343434343434344 0.44589877835951136 0.06439393939393939
3 0.6308900523560209 0.039141414141414144 0.6099476439790575 0.02904040404040404 0.587260034904014 0.02904040404040404 0.5680628272251309 0.041666666666666664 0.5506108202443281 0.054292929292929296 0.5279232111692844 0.056818181818181816 0.5 0.06439393939393939 0.48778359511343805 0.054292929292929296 0.456369982547993 0.041666666666666664 0.44589877835951136 0.056818181818181816 0.4354275741710297 0.07954545454545454 0.4179755671902269 0.10479797979797979 0.4162303664921466 0.1275252525252525 0.43019197207678883 0.1351010101010101 0.45462478184991273 0.1452020202020202 0.49825479930191974 0.1527777777777778 0.5279232111692844 0.17297979797979798 0.5471204188481675 0.1830808080808081 0.5645724258289704 0.17803030303030304 0.5820244328097731 0.16792929292929293 0.5959860383944153 0.14267676767676768 0.6151832460732984 0.1275252525252525 0.6396160558464223 0.125 0.6465968586387435 0.10479797979797979 0.6483420593368238 0.07702020202020202 0.6448516579406631 0.04924242424242424 0.6308900523560209 0.039141414141414144
3 0.47453593542757416 0 0.4650959860383944 0.021464646464646464 0.4581151832460733 0.041666666666666664 0.4755671902268761 0.04924242424242424 0.4912739965095986 0.059343434343434344 0.5052356020942408 0.06439393939393939 0.5174520069808028 0.059343434343434344 0.5296684118673648 0.054292929292929296 0.5453752181500873 0.054292929292929296 0.5645724258289704 0.04419191919191919 0.575043630017452 0.03409090909090909 0.5942408376963351 0.03156565656565657 0.6099476439790575 0.02904040404040404 0.6291448516579407 0.036616161616161616 0.6465968586387435 0.04924242424242424 0.6465968586387435 0 0.47453593542757416 0
1 0.45771854624781844 0 0.4493891797556719 0.01893939393939394 0.43019197207678883 0.056818181818181816 0.40924956369982546 0.09722222222222222 0.3900523560209424 0.13257575757575757 0.37085514834205935 0.16792929292929293 0.38132635253054104 0.17045454545454544 0.393542757417103 0.1553030303030303 0.40575916230366493 0.1351010101010101 0.4144851657940663 0.10984848484848485 0.4319371727748691 0.08207070707070707 0.4476439790575916 0.054292929292929296 0.4581151832460733 0.039141414141414144 0.47314330017452005 0 0.45771854624781844 0
5 0.48778359511343805 0.9002525252525253 0.5069808027923212 0.9861111111111112 0.5523560209424084 0.976010101010101 0.5383944153577661 0.8876262626262627 0.48778359511343805 0.9002525252525253
1 0.3970331588132635 0.2058080808080808 0.3656195462478185 0.20833333333333334 0.34642233856893545 0.21338383838383837 0.33420593368237345 0.2159090909090909 0.3237347294938918 0.22095959595959597 0.30977312390924955 0.23106060606060605 0.29930191972076786 0.24368686868686867 0.2905759162303665 0.2537878787878788 0.2835951134380454 0.2638888888888889 0.2801047120418848 0.27904040404040403 0.27835951134380454 0.29419191919191917 0.2801047120418848 0.3068181818181818 0.2870855148342059 0.3143939393939394 0.29930191972076786 0.3194444444444444 0.31326352530541013 0.32196969696969696 0.3219895287958115 0.32196969696969696 0.33595113438045376 0.32196969696969696 0.35165794066317624 0.3194444444444444 0.3621291448516579 0.3143939393939394 0.3726003490401396 0.30934343434343436 0.3830715532286213 0.30934343434343436 0.39528795811518325 0.30176767676767674 0.40924956369982546 0.28914141414141414 0.4179755671902269 0.2765151515151515 0.42670157068062825 0.2638888888888889 0.4319371727748691 0.25126262626262624 0.4336823734729494 0.24621212121212122 0.4336823734729494 0.24368686868686867 0.4319371727748691 0.2335858585858586 0.4232111692844677 0.2159090909090909 0.3970331588132635 0.2058080808080808
4 0.5837696335078534 0.2058080808080808 0.5488656195462478 0.18055555555555555 0.543630017452007 0.18813131313131312 0.5820244328097731 0.2159090909090909 0.5837696335078534 0.2058080808080808
0 0.6692844677137871 0.27146464646464646 0.6343804537521816 0.23106060606060605 0.6082024432809773 0.22853535353535354 0.5366492146596858 0.16540404040404041 0.5 0.1452020202020202 0.44589877835951136 0.13257575757575757 0.41273996509598604 0.10479797979797979 0.40226876090750435 0.10479797979797979 0.4040139616055846 0.13005050505050506 0.4232111692844677 0.14772727272727273 0.4581151832460733 0.14772727272727273 0.5104712041884817 0.1755050505050505 0.5942408376963351 0.24116161616161616 0.6134380453752182 0.2563131313131313 0.6326352530541012 0.26136363636363635 0.6605584642233857 0.2866161616161616 0.6692844677137871 0.27146464646464646