3 0.4807692307692308 0.6261682242990654 0.5192307692307693 0.6425233644859814 0.5891608391608392 0.6401869158878505 0.5944055944055944 0.5373831775700935 0.5716783216783217 0.45794392523364486 0.5576923076923077 0.4252336448598131 0.5122377622377622 0.4883177570093458 0.49475524475524474 0.5537383177570093 0.4807692307692308 0.6261682242990654
8 0.5384615384615384 0.6799065420560748 0.5524475524475524 0.6799065420560748 0.5646853146853147 0.6682242990654206 0.5699300699300699 0.6448598130841121 0.5699300699300699 0.6261682242990654 0.5629370629370629 0.6261682242990654 0.5559440559440559 0.633177570093458 0.5472027972027972 0.6308411214953271 0.5384615384615384 0.633177570093458 0.5472027972027972 0.6448598130841121 0.5402097902097902 0.6588785046728972 0.5297202797202797 0.6752336448598131 0.5384615384615384 0.6799065420560748
8 0.6241258741258742 0.6191588785046729 0.6520979020979021 0.602803738317757 0.6678321678321678 0.5911214953271028 0.6695804195804196 0.5817757009345794 0.6328671328671329 0.6074766355140186 0.6083916083916084 0.6238317757009346 0.6241258741258742 0.6191588785046729
8 0.7045454545454546 0.5677570093457944 0.7202797202797203 0.5584112149532711 0.7325174825174825 0.5397196261682243 0.7202797202797203 0.5490654205607477 0.7097902097902098 0.5584112149532711 0.6940559440559441 0.5677570093457944 0.7045454545454546 0.5677570093457944
8 0.6048951048951049 0.411214953271028 0.6381118881118881 0.397196261682243 0.6678321678321678 0.3925233644859813 0.7097902097902098 0.3855140186915888 0.7534965034965035 0.3925233644859813 0.7727272727272727 0.3925233644859813 0.7797202797202797 0.37383177570093457 0.7744755244755245 0.35046728971962615 0.7604895104895105 0.3364485981308411 0.736013986013986 0.32242990654205606 0.7132867132867133 0.32242990654205606 0.6800699300699301 0.31542056074766356 0.6451048951048951 0.32009345794392524 0.6188811188811189 0.35514018691588783 0.5926573426573427 0.37616822429906543 0.5786713286713286 0.40420560747663553 0.5699300699300699 0.42990654205607476 0.6048951048951049 0.411214953271028
8 0.6678321678321678 0.5163551401869159 0.7325174825174825 0.5373831775700935 0.7674825174825175 0.4742990654205608 0.7797202797202797 0.39953271028037385 0.6748251748251748 0.39485981308411217 0.6118881118881119 0.45093457943925236 0.6118881118881119 0.4976635514018692 0.6678321678321678 0.5163551401869159
3 0.7482517482517482 0.3294392523364486 0.777972027972028 0.3014018691588785 0.7604895104895105 0.25 0.743006993006993 0.1985981308411215 0.708041958041958 0.09345794392523364 0.6468531468531469 0.09813084112149532 0.6538461538461539 0.12383177570093458 0.6695804195804196 0.1939252336448598 0.6748251748251748 0.25 0.6783216783216783 0.31542056074766356 0.7482517482517482 0.3294392523364486
3 0.6853146853146853 0.6004672897196262 0.7272727272727273 0.5584112149532711 0.7709790209790209 0.4953271028037383 0.777972027972028 0.4462616822429907 0.7762237762237763 0.3808411214953271 0.7587412587412588 0.3341121495327103 0.7342657342657343 0.32009345794392524 0.6783216783216783 0.31542056074766356 0.6468531468531469 0.3177570093457944 0.6171328671328671 0.35046728971962615 0.5856643356643356 0.39485981308411217 0.5681818181818182 0.4252336448598131 0.583916083916084 0.47897196261682246 0.5961538461538461 0.5210280373831776 0.6013986013986014 0.5771028037383178 0.5909090909090909 0.6658878504672897 0.6853146853146853 0.6004672897196262
3 0.6363636363636364 0.14485981308411214 0.6206293706293706 0.19626168224299065 0.6293706293706294 0.2102803738317757 0.6538461538461539 0.20327102803738317 0.6520979020979021 0.14485981308411214 0.6363636363636364 0.14485981308411214
0 0.46153846153846156 0.4462616822429907 0.4597902097902098 0.4953271028037383 0.46503496503496505 0.5420560747663551 0.5 0.4929906542056075 0.5384615384615384 0.441588785046729 0.5576923076923077 0.411214953271028 0.5646853146853147 0.35514018691588783 0.5681818181818182 0.3130841121495327 0.5646853146853147 0.2780373831775701 0.5157342657342657 0.2780373831775701 0.48951048951048953 0.2897196261682243 0.47027972027972026 0.3130841121495327 0.47027972027972026 0.37149532710280375 0.46153846153846156 0.4462616822429907
5 0.479020979020979 0 0.4982517482517482 0.09345794392523364 0.5576923076923077 0.08177570093457943 0.5325892062937063 0 0.479020979020979 0
4 0.7517482517482518 0.14018691588785046 0.7395104895104895 0.10514018691588785 0.7132867132867133 0.09579439252336448 0.7272727272727273 0.1425233644859813 0.7517482517482518 0.14018691588785046
0 0.5874125874125874 0.6705607476635514 0.5944055944055944 0.6588785046728972 0.5996503496503497 0.6261682242990654 0.6013986013986014 0.5794392523364486 0.6048951048951049 0.5514018691588785 0.5996503496503497 0.5163551401869159 0.5926573426573427 0.48364485981308414 0.5786713286713286 0.45093457943925236 0.5646853146853147 0.411214953271028 0.5699300699300699 0.3901869158878505 0.5629370629370629 0.36682242990654207 0.5524475524475524 0.3925233644859813 0.541958041958042 0.4158878504672897 0.534965034965035 0.4462616822429907 0.5506993006993007 0.4532710280373832 0.5559440559440559 0.4696261682242991 0.5681818181818182 0.5093457943925234 0.5699300699300699 0.5327102803738317 0.5664335664335665 0.5654205607476636 0.5611888111888111 0.6261682242990654 0.5594405594405595 0.6682242990654206 0.5874125874125874 0.6705607476635514