8 0.4236111111111111 0.18544600938967137 0.4166666666666667 0.17136150234741784 0.4305555555555556 0.22535211267605634 0.4270833333333333 0.20657276995305165 0.4236111111111111 0.18544600938967137
8 0.4947916666666667 0.19014084507042253 0.4774305555555556 0.19953051643192488 0.4618055555555556 0.20422535211267606 0.4444444444444444 0.215962441314554 0.4322916666666667 0.22769953051643194 0.4947916666666667 0.19014084507042253
1 0.5208333333333334 0.18544600938967137 0.5069444444444444 0.15492957746478872 0.5017361111111112 0.17370892018779344 0.5017361111111112 0.19953051643192488 0.5208333333333334 0.18544600938967137
3 0.4722222222222222 0.44835680751173707 0.4652777777777778 0.4014084507042254 0.4635416666666667 0.3615023474178404 0.4670138888888889 0.3075117370892019 0.4739583333333333 0.25586854460093894 0.4930555555555556 0.22535211267605634 0.5104166666666666 0.11032863849765258 0.4722222222222222 0.07746478873239436 0.4392361111111111 0.1267605633802817 0.4201388888888889 0.20422535211267606 0.4201388888888889 0.26291079812206575 0.4357638888888889 0.3403755868544601 0.4496527777777778 0.43661971830985913 0.4670138888888889 0.5234741784037559 0.4913194444444444 0.5258215962441315 0.4722222222222222 0.44835680751173707
3 0.5815972222222222 0.7863849765258216 0.6145833333333334 0.6643192488262911 0.5243055555555556 0.6525821596244131 0.5069444444444444 0.6549295774647887 0.4809027777777778 0.6572769953051644 0.4461805555555556 0.6643192488262911 0.4496527777777778 0.6924882629107981 0.4618055555555556 0.7089201877934272 0.4809027777777778 0.715962441314554 0.4947916666666667 0.7300469483568075 0.5052083333333334 0.7535211267605634 0.5121527777777778 0.7769953051643192 0.5416666666666666 0.8427230046948356 0.5815972222222222 0.7863849765258216
3 0.5503472222222222 0.6502347417840375 0.546875 0.6173708920187794 0.546875 0.5915492957746479 0.5243055555555556 0.5821596244131455 0.4982638888888889 0.5610328638497653 0.4965277777777778 0.6056338028169014 0.4982638888888889 0.6455399061032864 0.5503472222222222 0.6502347417840375
3 0.4097222222222222 0.5375586854460094 0.4131944444444444 0.5446009389671361 0.4184027777777778 0.5492957746478874 0.4375 0.5586854460093896 0.4618055555555556 0.5516431924882629 0.4652777777777778 0.528169014084507 0.4600694444444444 0.49061032863849763 0.4496527777777778 0.4647887323943662 0.4357638888888889 0.45774647887323944 0.4045138888888889 0.4694835680751174 0.4027777777777778 0.5211267605633803 0.4097222222222222 0.5375586854460094
0 0.5104921493055555 0 0.5086805555555556 0.028169014084507043 0.5034722222222222 0.1056338028169014 0.4947916666666667 0.19953051643192488 0.515625 0.19953051643192488 0.5520833333333334 0.1596244131455399 0.6041666666666666 0.13145539906103287 0.6440972222222222 0.11971830985915492 0.6857638888888888 0.11032863849765258 0.6875 0.06807511737089202 0.6836271371527778 0 0.5104921493055555 0
4 0.5651041666666666 1 0.5729166666666666 0.9788732394366197 0.5659722222222222 0.9389671361502347 0.5677083333333334 0.892018779342723 0.5538194444444444 0.8708920187793427 0.5347222222222222 0.8568075117370892 0.5277777777777778 0.9741784037558685 0.5264136909722222 1 0.5651041666666666 1
4 0.5 0.7253521126760564 0.4774305555555556 0.7089201877934272 0.4670138888888889 0.7347417840375586 0.4600694444444444 0.7676056338028169 0.4635416666666667 0.8075117370892019 0.4704861111111111 0.8427230046948356 0.4756944444444444 0.8732394366197183 0.4861111111111111 0.9084507042253521 0.5208333333333334 0.9812206572769953 0.5260416666666666 0.8145539906103286 0.5 0.7253521126760564
0 0.7638888888888888 0.34976525821596244 0.7638888888888888 0.3215962441314554 0.7604166666666666 0.2981220657276995 0.7569444444444444 0.2535211267605634 0.7534722222222222 0.22769953051643194 0.7395833333333334 0.20187793427230047 0.7239583333333334 0.18309859154929578 0.7048611111111112 0.17370892018779344 0.6857638888888888 0.1643192488262911 0.6666666666666666 0.15258215962441316 0.6545138888888888 0.14788732394366197 0.6388888888888888 0.14788732394366197 0.6145833333333334 0.15023474178403756 0.5954861111111112 0.1572769953051643 0.5798611111111112 0.17136150234741784 0.5625 0.1784037558685446 0.5416666666666666 0.19014084507042253 0.53125 0.20187793427230047 0.5243055555555556 0.2136150234741784 0.5173611111111112 0.22535211267605634 0.5069444444444444 0.24413145539906103 0.4965277777777778 0.2676056338028169 0.4913194444444444 0.2863849765258216 0.484375 0.3215962441314554 0.484375 0.3591549295774648 0.4913194444444444 0.4131455399061033 0.4965277777777778 0.45305164319248825 0.5086805555555556 0.4835680751173709 0.5364583333333334 0.5211267605633803 0.5694444444444444 0.5492957746478874 0.609375 0.5610328638497653 0.6336805555555556 0.5657276995305164 0.6649305555555556 0.5610328638497653 0.6979166666666666 0.5446009389671361 0.71875 0.5305164319248826 0.7326388888888888 0.5070422535211268 0.7534722222222222 0.44366197183098594 0.7604166666666666 0.3826291079812207 0.7638888888888888 0.34976525821596244
0 0.4079861111111111 0.6784037558685446 0.4652777777777778 0.6690140845070423 0.5208333333333334 0.6619718309859155 0.5694444444444444 0.6643192488262911 0.5885416666666666 0.6713615023474179 0.6284722222222222 0.6713615023474179 0.6423611111111112 0.676056338028169 0.6510416666666666 0.6995305164319249 0.6701388888888888 0.6924882629107981 0.6684027777777778 0.6737089201877934 0.65625 0.676056338028169 0.6475694444444444 0.6572769953051644 0.6284722222222222 0.6455399061032864 0.5434027777777778 0.6384976525821596 0.5069444444444444 0.6384976525821596 0.4947916666666667 0.6244131455399061 0.4635416666666667 0.6267605633802817 0.4322916666666667 0.6408450704225352 0.390625 0.6596244131455399 0.3559027777777778 0.676056338028169 0.3350694444444444 0.7018779342723005 0.3472222222222222 0.7112676056338029 0.3732638888888889 0.687793427230047 0.4079861111111111 0.6784037558685446