3 0.5369068541300527 0.8620283018867925 0.5509666080843585 0.8643867924528302 0.5650263620386643 0.8643867924528302 0.5738137082601055 0.8691037735849056 0.5808435852372583 0.8785377358490566 0.5861159929701231 0.8879716981132075 0.5896309314586995 0.9044811320754716 0.5878734622144113 0.9115566037735849 0.5755711775043937 0.9162735849056604 0.5650263620386643 0.9186320754716981 0.5579964850615114 0.9209905660377359 0.5474516695957821 0.9233490566037735 0.5439367311072056 0.9280660377358491 0.5527240773286467 0.9351415094339622 0.5650263620386643 0.9351415094339622 0.5738137082601055 0.9375 0.5808435852372583 0.9445754716981132 0.5878734622144113 0.9445754716981132 0.5949033391915641 0.9469339622641509 0.6001757469244289 0.9492924528301887 0.6054481546572935 0.9540094339622641 0.6107205623901582 0.9587264150943396 0.6177504393673111 0.9516509433962265 0.6230228471001757 0.9445754716981132 0.6282952548330404 0.9375 0.6282952548330404 0.9233490566037735 0.6265377855887522 0.9068396226415094 0.624780316344464 0.8926886792452831 0.6212653778558875 0.8808962264150944 0.6195079086115993 0.8667452830188679 0.6177504393673111 0.8525943396226415 0.6177504393673111 0.8408018867924528 0.6177504393673111 0.8337264150943396 0.6107205623901582 0.8290094339622641 0.5966608084358523 0.8290094339622641 0.5861159929701231 0.8242924528301887 0.5790861159929701 0.8266509433962265 0.5685413005272407 0.8290094339622641 0.5562390158172232 0.8384433962264151 0.5439367311072056 0.8455188679245284 0.5281195079086116 0.8525943396226415 0.5087873462214412 0.8620283018867925 0.5210896309314587 0.8620283018867925 0.5369068541300527 0.8620283018867925
3 0.5562390158172232 0.8054245283018868 0.5456942003514939 0.8125 0.554481546572935 0.8148584905660378 0.5632688927943761 0.8125 0.5685413005272407 0.8101415094339622 0.5755711775043937 0.8030660377358491 0.5667838312829525 0.8030660377358491 0.5562390158172232 0.8054245283018868
3 0.4156414762741652 0.8643867924528302 0.4173989455184534 0.8738207547169812 0.42618629173989453 0.8832547169811321 0.429701230228471 0.8903301886792453 0.4367311072056239 0.8997641509433962 0.44551845342706503 0.9091981132075472 0.45254833040421794 0.9209905660377359 0.46133567662565905 0.9327830188679245 0.4718804920913884 0.9398584905660378 0.48242530755711777 0.9398584905660378 0.4876977152899824 0.9375 0.4929701230228471 0.9304245283018868 0.4912126537785589 0.9209905660377359 0.4859402460456942 0.9162735849056604 0.4789103690685413 0.9091981132075472 0.47363796133567665 0.9044811320754716 0.46836555360281196 0.8950471698113207 0.46309314586994726 0.8879716981132075 0.45606326889279436 0.8832547169811321 0.44727592267135324 0.8785377358490566 0.44200351493848855 0.8785377358490566 0.4367311072056239 0.8761792452830188 0.429701230228471 0.8714622641509434 0.4209138840070299 0.8643867924528302 0.4156414762741652 0.8643867924528302
3 0.5597539543057997 0.9563679245283019 0.5509666080843585 0.9445754716981132 0.5421792618629174 0.9375 0.5369068541300527 0.9257075471698113 0.5263620386643234 0.9091981132075472 0.5140597539543058 0.8950471698113207 0.5105448154657294 0.8832547169811321 0.5035149384885764 0.8714622641509434 0.4964850615114236 0.8714622641509434 0.4912126537785589 0.8738207547169812 0.4789103690685413 0.8691037735849056 0.46660808435852374 0.8643867924528302 0.4507908611599297 0.8643867924528302 0.45254833040421794 0.8691037735849056 0.45957820738137084 0.8785377358490566 0.4648506151142355 0.8832547169811321 0.4718804920913884 0.8879716981132075 0.47363796133567665 0.8950471698113207 0.4789103690685413 0.902122641509434 0.4859402460456942 0.9139150943396226 0.4964850615114236 0.9209905660377359 0.5035149384885764 0.9304245283018868 0.5105448154657294 0.9398584905660378 0.5193321616871704 0.9469339622641509 0.5298769771528998 0.9516509433962265 0.5421792618629174 0.9587264150943396 0.5615114235500879 0.9658018867924528 0.5597539543057997 0.9563679245283019
6 0.5105448154657294 0.9398584905660378 0.5070298769771528 0.9327830188679245 0.5 0.9233490566037735 0.4929701230228471 0.9233490566037735 0.4929701230228471 0.9304245283018868 0.4947275922671353 0.9398584905660378 0.5017574692442882 0.9445754716981132 0.5105448154657294 0.9445754716981132 0.5105448154657294 0.9398584905660378
6 0.4718804920913884 0.8903301886792453 0.46836555360281196 0.8950471698113207 0.47539543057996486 0.902122641509434 0.4806678383128295 0.9091981132075472 0.4859402460456942 0.9115566037735849 0.4912126537785589 0.9139150943396226 0.4912126537785589 0.9068396226415094 0.4806678383128295 0.8974056603773585 0.4718804920913884 0.8903301886792453
3 0.4964850615114236 0.9610849056603774 0.4876977152899824 0.9563679245283019 0.48242530755711777 0.9587264150943396 0.48242530755711777 0.9658018867924528 0.4929701230228471 0.9775943396226415 0.4982425307557118 0.9846698113207547 0.5035149384885764 0.9846698113207547 0.5105448154657294 0.9823113207547169 0.5070298769771528 0.9752358490566038 0.5017574692442882 0.9658018867924528 0.4964850615114236 0.9610849056603774
1 0.45606326889279436 0.09551886792452831 0.4718804920913884 0.13089622641509435 0.484182776801406 0.09551886792452831 0.4876977152899824 0.031839622641509434 0.4718804920913884 0.02240566037735849 0.4648506151142355 0.05070754716981132 0.45606326889279436 0.09551886792452831
1 0.515817223198594 0.17099056603773585 0.5369068541300527 0.1804245283018868 0.5439367311072056 0.1403301886792453 0.5281195079086116 0.13561320754716982 0.5123022847100176 0.1474056603773585 0.515817223198594 0.17099056603773585
1 0.20826010544815465 0.44457547169811323 0.22056239015817222 0.4705188679245283 0.22759226713532513 0.5176886792452831 0.2469244288224956 0.6120283018867925 0.27152899824253074 0.6709905660377359 0.2820738137082601 0.6875 0.2820738137082601 0.6757075471698113 0.28910369068541303 0.6497641509433962 0.30492091388400705 0.6450471698113207 0.3330404217926186 0.6356132075471698 0.3541300527240773 0.6143867924528302 0.3506151142355009 0.5860849056603774 0.3365553602811951 0.5577830188679245 0.2961335676625659 0.5625 0.273286467486819 0.5530660377358491 0.27152899824253074 0.5389150943396226 0.27855887521968364 0.4681603773584906 0.2539543057996485 0.44457547169811323 0.20826010544815465 0.44457547169811323
5 0.554481546572935 0.012971698113207548 0.484182776801406 0.008254716981132075 0.46133567662565905 0.10495283018867925 0.5421792618629174 0.11674528301886793 0.554481546572935 0.012971698113207548
0 0.6089630931458699 0.9681603773584906 0.5861159929701231 0.9705188679245284 0.5632688927943761 0.9681603773584906 0.5456942003514939 0.9634433962264151 0.5210896309314587 0.9587264150943396 0.5052724077328646 0.9516509433962265 0.48945518453427067 0.9445754716981132 0.4771528998242531 0.9398584905660378 0.4648506151142355 0.9351415094339622 0.45430579964850615 0.9375 0.46309314586994726 0.9540094339622641 0.4912126537785589 0.9610849056603774 0.515817223198594 0.9705188679245284 0.5439367311072056 0.9752358490566038 0.5650263620386643 0.9846698113207547 0.5826010544815465 0.9846698113207547 0.6019332161687171 0.9846698113207547 0.6195079086115993 0.9775943396226415 0.6353251318101933 0.9681603773584906 0.6476274165202109 0.9610849056603774 0.6458699472759226 0.9516509433962265 0.6300527240773286 0.9610849056603774 0.6089630931458699 0.9681603773584906
0 0.5667838312829525 0.8077830188679245 0.5421792618629174 0.8195754716981132 0.5228471001757469 0.8337264150943396 0.5087873462214412 0.847877358490566 0.48945518453427067 0.8525943396226415 0.4718804920913884 0.8549528301886793 0.44903339191564146 0.8502358490566038 0.4314586994727592 0.8455188679245284 0.4173989455184534 0.8455188679245284 0.39806678383128297 0.847877358490566 0.4103690685413005 0.8643867924528302 0.4349736379613357 0.8667452830188679 0.46309314586994726 0.8714622641509434 0.4876977152899824 0.8714622641509434 0.5087873462214412 0.8667452830188679 0.5632688927943761 0.8266509433962265 0.5826010544815465 0.8148584905660378 0.5984182776801406 0.8077830188679245 0.6195079086115993 0.7889150943396226 0.6212653778558875 0.777122641509434 0.5966608084358523 0.7936320754716981 0.5667838312829525 0.8077830188679245