0 0.8033707865168539 0.7434944237918215 0.7808988764044944 0.7193308550185874 0.7443820224719101 0.6784386617100372 0.7148876404494382 0.6412639405204461 0.6952247191011236 0.6133828996282528 0.6853932584269663 0.5985130111524164 0.6643258426966292 0.5947955390334573 0.6306179775280899 0.6022304832713755 0.6362359550561798 0.6263940520446096 0.6292134831460674 0.6301115241635687 0.6264044943820225 0.6449814126394052 0.6264044943820225 0.6617100371747212 0.6432584269662921 0.6654275092936803 0.6573033707865169 0.6505576208178439 0.6882022471910112 0.6747211895910781 0.7682584269662921 0.7453531598513011 0.800561797752809 0.7843866171003717 0.8230337078651685 0.8178438661710037 0.8314606741573034 0.8494423791821561 0.8356741573033708 0.8698884758364313 0.8356741573033708 0.8866171003717472 0.8441011235955056 0.8717472118959108 0.8469101123595506 0.8550185873605948 0.848314606741573 0.8215613382899628 0.8314606741573034 0.7806691449814126 0.8033707865168539 0.7434944237918215
0 0.511123595505618 1 0.4957865168539326 0.9609665427509294 0.4747191011235955 0.9052044609665427 0.44803370786516855 0.8327137546468402 0.4241573033707865 0.7788104089219331 0.41292134831460675 0.7472118959107806 0.40308988764044945 0.7267657992565055 0.3960674157303371 0.7007434944237918 0.3637640449438202 0.6895910780669146 0.38342696629213485 0.7304832713754646 0.3890449438202247 0.7323420074349443 0.4887640449438202 0.9814126394052045 0.49157303370786515 1 0.511123595505618 1
3 0.5182584269662921 0.5836431226765799 0.5308988764044944 0.6059479553903345 0.5800561797752809 0.6301115241635687 0.6264044943820225 0.6171003717472119 0.6264044943820225 0.5836431226765799 0.6039325842696629 0.5148698884758365 0.5800561797752809 0.43308550185873607 0.5660112359550562 0.42936802973977695 0.5210674157303371 0.5427509293680297 0.5182584269662921 0.5836431226765799
3 0.6474719101123596 0.6914498141263941 0.6432584269662921 0.6672862453531598 0.6306179775280899 0.6654275092936803 0.6081460674157303 0.6728624535315985 0.6067415730337079 0.6802973977695167 0.6179775280898876 0.7044609665427509 0.6348314606741573 0.7007434944237918 0.6474719101123596 0.6914498141263941
3 0.6390449438202247 0.7602230483271375 0.6502808988764045 0.7639405204460966 0.6615168539325843 0.758364312267658 0.6544943820224719 0.7379182156133829 0.651685393258427 0.7100371747211895 0.6404494382022472 0.741635687732342 0.6390449438202247 0.7602230483271375
3 0.5294943820224719 0.6951672862453532 0.48174157303370785 0.70817843866171 0.4410112359550562 0.7193308550185874 0.44803370786516855 0.7211895910780669 0.4887640449438202 0.7174721189591078 0.5196629213483146 0.7137546468401487 0.550561797752809 0.7100371747211895 0.5912921348314607 0.7100371747211895 0.6095505617977528 0.7063197026022305 0.5884831460674157 0.6933085501858736 0.5294943820224719 0.6951672862453532
3 0.4747191011235955 0.4684014869888476 0.46629213483146065 0.5018587360594795 0.49157303370786515 0.5762081784386617 0.5084269662921348 0.5539033457249071 0.5154494382022472 0.5018587360594795 0.5154494382022472 0.38847583643122674 0.4747191011235955 0.4684014869888476
3 0.4311797752808989 0.38661710037174724 0.41853932584269665 0.4739776951672863 0.44803370786516855 0.4888475836431227 0.4747191011235955 0.46654275092936803 0.5182584269662921 0.379182156133829 0.4943820224719101 0.34944237918215615 0.4311797752808989 0.38661710037174724
5 0.46629213483146065 0.05947955390334572 0.45786516853932585 0.05390334572490706 0.44803370786516855 0.05204460966542751 0.43679775280898875 0.05204460966542751 0.42837078651685395 0.055762081784386616 0.42134831460674155 0.06319702602230483 0.41713483146067415 0.0724907063197026 0.41853932584269665 0.08178438661710037 0.4241573033707865 0.08736059479553904 0.43820224719101125 0.09293680297397769 0.45224719101123595 0.09107806691449814 0.4648876404494382 0.08364312267657993 0.4691011235955056 0.0687732342007435 0.46629213483146065 0.05947955390334572
8 0.49859550561797755 0.46654275092936803 0.49859550561797755 0.4962825278810409 0.4957865168539326 0.5130111524163569 0.49859550561797755 0.5130111524163569 0.5028089887640449 0.5 0.5028089887640449 0.4646840148698885 0.49859550561797755 0.46654275092936803
8 0.3890449438202247 0.39219330855018586 0.3890449438202247 0.4052044609665427 0.3960674157303371 0.4070631970260223 0.39747191011235955 0.3940520446096654 0.3890449438202247 0.39219330855018586
8 0.2907303370786517 0.3996282527881041 0.29634831460674155 0.3996282527881041 0.29634831460674155 0.3940520446096654 0.2907303370786517 0.3940520446096654 0.2907303370786517 0.3996282527881041
0 0.5944064480337079 0 0.5870786516853933 0.027881040892193308 0.5702247191011236 0.12453531598513011 0.5603932584269663 0.20074349442379183 0.5800561797752809 0.26394052044609667 0.6081460674157303 0.3550185873605948 0.6264044943820225 0.44052044609665425 0.6221910112359551 0.4758364312267658 0.6039325842696629 0.5130111524163569 0.6306179775280899 0.6022304832713755 0.6629213483146067 0.5966542750929368 0.7078651685393258 0.5985130111524164 0.7162921348314607 0.5817843866171004 0.7050561797752809 0.5092936802973977 0.702247191011236 0.4107806691449814 0.699438202247191 0.29182156133828996 0.6980337078651685 0.20446096654275092 0.7008426966292135 0.17472118959107807 0.6839887640449438 0.10966542750929369 0.6657303370786517 0.046468401486988845 0.6446629213483146 0 0.5944064480337079 0
5 0.5112359550561798 0.120817843866171 0.4957865168539326 0.14869888475836432 0.4957865168539326 0.20631970260223048 0.5014044943820225 0.26579925650557623 0.5042134831460674 0.3271375464684015 0.5112359550561798 0.34944237918215615 0.5280898876404494 0.3754646840148699 0.5575842696629213 0.4144981412639405 0.5814606741573034 0.43308550185873607 0.5955056179775281 0.4851301115241636 0.6053370786516854 0.5074349442379182 0.6193820224719101 0.4944237918215613 0.6278089887640449 0.47026022304832715 0.6221910112359551 0.42193308550185876 0.6053370786516854 0.3382899628252788 0.5814606741573034 0.26022304832713755 0.5547752808988764 0.17843866171003717 0.5280898876404494 0.11338289962825279 0.5112359550561798 0.120817843866171
0 0.574438202247191 0.7026022304832714 0.5098314606741573 0.7100371747211895 0.41151685393258425 0.7230483271375465 0.547752808988764 0.7267657992565055 0.6081460674157303 0.724907063197026 0.651685393258427 0.7063197026022305 0.6446629213483146 0.6933085501858736 0.574438202247191 0.7026022304832714