0 0.5185735512630015 0.9402061855670103 0.537890044576523 0.9463917525773196 0.5854383358098069 0.9278350515463918 0.6062407132243685 0.9134020618556701 0.6285289747399703 0.8927835051546392 0.600297176820208 0.8948453608247423 0.5527488855869243 0.8886597938144329 0.4947994056463596 0.8577319587628865 0.5066864784546805 0.9134020618556701 0.5185735512630015 0.9402061855670103
6 0.362555720653789 0.8927835051546392 0.35958395245170877 0.8907216494845361 0.35661218424962854 0.8907216494845361 0.3610698365527489 0.9237113402061856 0.3610698365527489 0.934020618556701 0.3640416047548291 0.9484536082474226 0.37592867756315007 0.9690721649484536 0.362555720653789 0.8927835051546392
6 0.35958395245170877 0.9402061855670103 0.35958395245170877 0.931958762886598 0.3476968796433878 0.934020618556701 0.3476968796433878 0.9360824742268041 0.3447251114413076 0.9381443298969072 0.35958395245170877 0.9402061855670103
6 0.35066864784546803 0.9525773195876288 0.35661218424962854 0.9505154639175257 0.3551263001485884 0.9484536082474226 0.35066864784546803 0.9484536082474226 0.35066864784546803 0.9525773195876288
6 0.4026745913818722 0.9257731958762887 0.4086181277860327 0.9402061855670103 0.413075780089153 0.9567010309278351 0.42199108469539376 0.9670103092783505 0.4264487369985141 0.9670103092783505 0.4234769687964339 0.9608247422680413 0.4145616641901932 0.9484536082474226 0.4145616641901932 0.9422680412371134 0.413075780089153 0.9360824742268041 0.4115898959881129 0.931958762886598 0.40713224368499257 0.9257731958762887 0.4026745913818722 0.9257731958762887
6 0.4145616641901932 0.9278350515463918 0.413075780089153 0.9237113402061856 0.3937592867756315 0.9237113402061856 0.3937592867756315 0.9278350515463918 0.4145616641901932 0.9278350515463918
6 0.4101040118870728 0.8948453608247423 0.4086181277860327 0.8886597938144329 0.40713224368499257 0.8804123711340206 0.40416047548291234 0.8762886597938144 0.4011887072808321 0.8824742268041237 0.399702823179792 0.8845360824742268 0.4026745913818722 0.8865979381443299 0.4101040118870728 0.8948453608247423
6 0.39821693907875183 0.8865979381443299 0.4011887072808321 0.8969072164948454 0.40416047548291234 0.8969072164948454 0.399702823179792 0.8865979381443299 0.39821693907875183 0.8865979381443299
6 0.4487369985141159 0.9195876288659793 0.4457652303120357 0.9154639175257732 0.4427934621099554 0.911340206185567 0.43684992570579495 0.9072164948453608 0.4323922734026746 0.9030927835051547 0.424962852897474 0.9010309278350516 0.42050520059435365 0.9010309278350516 0.4160475482912333 0.8989690721649485 0.4115898959881129 0.8969072164948454 0.4026745913818722 0.8989690721649485 0.40416047548291234 0.9010309278350516 0.4101040118870728 0.9030927835051547 0.4160475482912333 0.9030927835051547 0.4234769687964339 0.9051546391752577 0.4279346210995542 0.9051546391752577 0.4309063893016345 0.9072164948453608 0.43684992570579495 0.911340206185567 0.4413075780089153 0.9154639175257732 0.4487369985141159 0.9257731958762887 0.45468053491827637 0.9381443298969072 0.4576523031203566 0.9422680412371134 0.4561664190193165 0.9360824742268041 0.45319465081723626 0.9298969072164949 0.4487369985141159 0.9195876288659793
6 0.4413075780089153 0.9257731958762887 0.43833580980683506 0.9237113402061856 0.4398216939078752 0.9298969072164949 0.4442793462109955 0.934020618556701 0.4487369985141159 0.9402061855670103 0.4487369985141159 0.9360824742268041 0.4457652303120357 0.931958762886598 0.4413075780089153 0.9257731958762887
6 0.424962852897474 0.931958762886598 0.4175334323922734 0.9216494845360824 0.4160475482912333 0.9154639175257732 0.413075780089153 0.9072164948453608 0.4115898959881129 0.911340206185567 0.40713224368499257 0.9072164948453608 0.40564635958395245 0.911340206185567 0.4086181277860327 0.9175257731958762 0.4175334323922734 0.9257731958762887 0.4264487369985141 0.9381443298969072 0.4294205052005943 0.9422680412371134 0.43684992570579495 0.9484536082474226 0.4442793462109955 0.9525773195876288 0.4487369985141159 0.9567010309278351 0.4576523031203566 0.9628865979381444 0.4635958395245171 0.9628865979381444 0.4487369985141159 0.9505154639175257 0.4413075780089153 0.9443298969072165 0.4323922734026746 0.9402061855670103 0.424962852897474 0.931958762886598
6 0.4309063893016345 0.9711340206185567 0.4442793462109955 0.9649484536082474 0.4427934621099554 0.9608247422680413 0.43833580980683506 0.9587628865979382 0.4338781575037147 0.9608247422680413 0.4323922734026746 0.954639175257732 0.4279346210995542 0.9525773195876288 0.424962852897474 0.9587628865979382 0.4294205052005943 0.9670103092783505 0.4309063893016345 0.9711340206185567
6 0.4799405646359584 0.9505154639175257 0.46953937592867756 0.9484536082474226 0.4650817236255572 0.9443298969072165 0.4606240713224368 0.9463917525773196 0.4576523031203566 0.9422680412371134 0.45170876671619614 0.9402061855670103 0.4487369985141159 0.9381443298969072 0.43684992570579495 0.9298969072164949 0.43536404160475484 0.934020618556701 0.4487369985141159 0.9505154639175257 0.462109955423477 0.9628865979381444 0.46656760772659733 0.9628865979381444 0.4799405646359584 0.9587628865979382 0.4799405646359584 0.9505154639175257
6 0.4650817236255572 0.9298969072164949 0.4650817236255572 0.9360824742268041 0.46805349182763745 0.9402061855670103 0.46805349182763745 0.931958762886598 0.4650817236255572 0.9298969072164949
6 0.48588410104011887 0.934020618556701 0.4799405646359584 0.931958762886598 0.4784546805349183 0.931958762886598 0.4784546805349183 0.9381443298969072 0.4799405646359584 0.9381443298969072 0.48588410104011887 0.9402061855670103 0.48588410104011887 0.934020618556701
6 0.48588410104011887 0.9505154639175257 0.48291233283803864 0.9505154639175257 0.48439821693907875 0.954639175257732 0.487369985141159 0.954639175257732 0.48588410104011887 0.9505154639175257
6 0.4442793462109955 0.9525773195876288 0.43833580980683506 0.9505154639175257 0.4279346210995542 0.9484536082474226 0.424962852897474 0.9525773195876288 0.4442793462109955 0.9525773195876288
0 0.4323922734026746 0.8144329896907216 0.42050520059435365 0.7876288659793814 0.4160475482912333 0.7505154639175258 0.4175334323922734 0.2515463917525773 0.4264487369985141 0.21030927835051547 0.4487369985141159 0.18762886597938144 0.49777117384843983 0.15876288659793814 0.5066864784546805 0.12783505154639174 0.5141158989598811 0.10309278350515463 0.5274888558692422 0.07010309278350516 0.5468053491827637 0.04536082474226804 0.5274888558692422 0.032989690721649485 0.5022288261515602 0.024742268041237112 0.4784546805349183 0.018556701030927835 0.462109955423477 0.008247422680412371 0.4398216939078752 0.004123711340206186 0.4101040118870728 0.004123711340206186 0.37147102526002973 0.008247422680412371 0.3298662704309064 0.026804123711340205 0.300148588410104 0.03505154639175258 0.2763744427934621 0.061855670103092786 0.2659732540861813 0.09896907216494845 0.2674591381872214 0.11958762886597939 0.2823179791976226 0.1463917525773196 0.2971768202080238 0.1711340206185567 0.31203566121842496 0.21443298969072164 0.3135215453194651 0.2639175257731959 0.31203566121842496 0.7154639175257732 0.31054977711738485 0.7752577319587629 0.3060921248142645 0.8082474226804124 0.2897473997028232 0.8412371134020619 0.2585438335809807 0.8742268041237113 0.24814264487369986 0.8948453608247423 0.26300148588410105 0.9381443298969072 0.29420505200594355 0.9670103092783505 0.34026745913818723 0.9752577319587629 0.38781575037147104 0.9752577319587629 0.4457652303120357 0.9690721649484536 0.4888558692421991 0.9608247422680413 0.524517087667162 0.9587628865979382 0.5349182763744428 0.9463917525773196 0.5185735512630015 0.934020618556701 0.5022288261515602 0.9072164948453608 0.4962852897473997 0.8618556701030928 0.4323922734026746 0.8144329896907216