3 0.2937062937062937 0.34894613583138173 0.263986013986014 0.405152224824356 0.2692307692307692 0.5456674473067916 0.27797202797202797 0.5737704918032787 0.29545454545454547 0.5995316159250585 0.3129370629370629 0.6440281030444965 0.33916083916083917 0.6487119437939111 0.34615384615384615 0.6346604215456675 0.34965034965034963 0.5995316159250585 0.3548951048951049 0.5573770491803278 0.36538461538461536 0.5245901639344263 0.3811188811188811 0.522248243559719 0.40384615384615385 0.5573770491803278 0.4178321678321678 0.5573770491803278 0.4370629370629371 0.5339578454332553 0.4125874125874126 0.49414519906323184 0.38986013986013984 0.4613583138173302 0.3723776223776224 0.4496487119437939 0.36538461538461536 0.4215456674473068 0.3706293706293706 0.4028103044496487 0.3304195804195804 0.3559718969555035 0.30244755244755245 0.351288056206089 0.2937062937062937 0.34894613583138173
3 0.20279720279720279 0.48711943793911006 0.2062937062937063 0.5175644028103045 0.2395104895104895 0.5409836065573771 0.2692307692307692 0.550351288056206 0.27972027972027974 0.5152224824355972 0.26573426573426573 0.4707259953161593 0.26048951048951047 0.4098360655737705 0.2762237762237762 0.3770491803278688 0.2395104895104895 0.3583138173302108 0.19755244755244755 0.3395784543325527 0.20279720279720279 0.48711943793911006
0 0.20804195804195805 0.30679156908665106 0.20104895104895104 0.3793911007025761 0.1993006993006993 0.4519906323185012 0.20454545454545456 0.5128805620608899 0.2517482517482518 0.5620608899297423 0.28846153846153844 0.5925058548009368 0.3111888111888112 0.6088992974238876 0.31993006993006995 0.5878220140515222 0.3269230769230769 0.5456674473067916 0.3374125874125874 0.5058548009367682 0.32517482517482516 0.4637002341920375 0.3321678321678322 0.4238875878220141 0.3374125874125874 0.3911007025761124 0.3356643356643357 0.34894613583138173 0.30244755244755245 0.34894613583138173 0.20804195804195805 0.30679156908665106
3 0.1381118881118881 0.36065573770491804 0.1451048951048951 0.41217798594847777 0.1590909090909091 0.4496487119437939 0.20279720279720279 0.48711943793911006 0.19230769230769232 0.42857142857142855 0.1993006993006993 0.3372365339578454 0.1346153846153846 0.28805620608899296 0.14335664335664336 0.33489461358313816 0.1381118881118881 0.36065573770491804
5 0.8181818181818182 0.5667447306791569 0.8216783216783217 0.5362997658079626 0.8041958041958042 0.5292740046838408 0.7832167832167832 0.531615925058548 0.7709790209790209 0.550351288056206 0.7832167832167832 0.5737704918032787 0.8181818181818182 0.5667447306791569
8 0.7307692307692307 0.7962529274004684 0.715034965034965 0.7892271662763466 0.7032936206293706 0.8059386463700234 0.7307692307692307 0.7962529274004684
8 0.7032936206293706 0.8059386463700234 0.6975524475524476 0.8079625292740047 0.6870629370629371 0.8290398126463701 0.7032936206293706 0.8059386463700234
2 0.38986013986013984 0.3583138173302108 0.4318181818181818 0.3559718969555035 0.5244755244755245 0.3442622950819672 0.6381118881118881 0.32786885245901637 0.6870629370629371 0.3255269320843091 0.6713286713286714 0.30679156908665106 0.6451048951048951 0.2857142857142857 0.6188811188811189 0.2576112412177986 0.5909090909090909 0.22950819672131148 0.5611888111888111 0.20140515222482436 0.5367132867132867 0.18032786885245902 0.479020979020979 0.1756440281030445 0.32517482517482516 0.18501170960187355 0.2937062937062937 0.19672131147540983 0.36363636363636365 0.3583138173302108 0.38986013986013984 0.3583138173302108
5 0.32517482517482516 0.33021077283372363 0.31643356643356646 0.2997658079625293 0.29895104895104896 0.26229508196721313 0.27972027972027974 0.2224824355971897 0.2534965034965035 0.19437939110070257 0.229020979020979 0.17798594847775176 0.2202797202797203 0.17798594847775176 0.20454545454545456 0.30210772833723654 0.3129370629370629 0.36065573770491804 0.32517482517482516 0.33021077283372363
5 0.27972027972027974 0.30679156908665106 0.27972027972027974 0.3395784543325527 0.3076923076923077 0.36065573770491804 0.3304195804195804 0.36065573770491804 0.32517482517482516 0.33489461358313816 0.3076923076923077 0.297423887587822 0.27972027972027974 0.30679156908665106
5 0.6608391608391608 0.7283372365339579 0.6835664335664335 0.7236533957845434 0.6800699300699301 0.6978922716627635 0.6590909090909091 0.702576112412178 0.6608391608391608 0.7283372365339579
0 0.21153846153846154 0.24121779859484777 0.21153846153846154 0.3044496487119438 0.229020979020979 0.3091334894613583 0.229020979020979 0.2646370023419204 0.23601398601398602 0.18969555035128804 0.2202797202797203 0.17330210772833723 0.21153846153846154 0.24121779859484777
0 0.2202797202797203 0.1686182669789227 0.2202797202797203 0.18501170960187355 0.23251748251748253 0.1873536299765808 0.24475524475524477 0.1920374707259953 0.25874125874125875 0.20140515222482436 0.2744755244755245 0.22482435597189696 0.28846153846153844 0.2576112412177986 0.3041958041958042 0.2997658079625293 0.3146853146853147 0.34894613583138173 0.3321678321678322 0.34894613583138173 0.3304195804195804 0.33489461358313816 0.3111888111888112 0.2810304449648712 0.3006993006993007 0.2529274004683841 0.2867132867132867 0.22014051522248243 0.270979020979021 0.1920374707259953 0.25524475524475526 0.17798594847775176 0.22727272727272727 0.1686182669789227 0.2202797202797203 0.1686182669789227