0 0.6051181102362204 1 0.6110236220472441 0.9957894736842106 0.6299212598425197 0.9621052631578947 0.6535433070866141 0.9136842105263158 0.6866141732283465 0.8421052631578947 0.7149606299212599 0.7747368421052632 0.7354330708661417 0.7452631578947368 0.7622047244094489 0.6821052631578948 0.7700787401574803 0.6442105263157895 0.7682891905511811 0.6298564589473684 0.7700787401574803 0.5915789473684211 0.7763779527559055 0.5515789473684211 0.7763779527559055 0.5094736842105263 0.7732283464566929 0.4863157894736842 0.7622047244094489 0.4694736842105263 0.7385826771653543 0.45263157894736844 0.7291338582677165 0.4463157894736842 0.7354330708661417 0.4336842105263158 0.7196850393700788 0.4231578947368421 0.6929133858267716 0.40421052631578946 0.6677165354330709 0.37894736842105264 0.647244094488189 0.35368421052631577 0.6377952755905512 0.3368421052631579 0.6251968503937008 0.3136842105263158 0.5763779527559055 0.35789473684210527 0.5637795275590551 0.38105263157894737 0.5559055118110237 0.42736842105263156 0.5763779527559055 0.5031578947368421 0.5464566929133858 0.5094736842105263 0.5496062992125984 0.5326315789473685 0.5669291338582677 0.5578947368421052 0.5700787401574803 0.5894736842105263 0.5716535433070866 0.6147368421052631 0.5700787401574803 0.6505263157894737 0.5622047244094488 0.6905263157894737 0.573228346456693 0.7052631578947368 0.5905511811023622 0.728421052631579 0.5858267716535434 0.7621052631578947 0.5716535433070866 0.8336842105263158 0.5653543307086614 0.8547368421052631 0.5543307086614173 0.871578947368421 0.5354330708661418 0.9368421052631579 0.5307086614173229 0.96 0.5196850393700787 0.9873684210526316 0.5118110236220472 0.9978947368421053 0.5039370078740157 1 0.6051181102362204 1
0 0.5653543307086614 0.25473684210526315 0.5511811023622047 0.27157894736842103 0.5433070866141733 0.2905263157894737 0.5385826771653544 0.3031578947368421 0.537007874015748 0.31157894736842107 0.5464566929133858 0.32210526315789473 0.5622047244094488 0.33263157894736844 0.5716535433070866 0.3431578947368421 0.584251968503937 0.35578947368421054 0.5858267716535434 0.36210526315789476 0.5937007874015748 0.3642105263157895 0.6236220472440945 0.3157894736842105 0.6330708661417322 0.32842105263157895 0.6456692913385826 0.3494736842105263 0.662992125984252 0.3726315789473684 0.6866141732283465 0.3936842105263158 0.7007874015748031 0.40842105263157896 0.7244094488188977 0.42526315789473684 0.7354330708661417 0.4336842105263158 0.7307086614173228 0.4463157894736842 0.7543307086614173 0.4610526315789474 0.7590551181102362 0.4463157894736842 0.7637795275590551 0.42736842105263156 0.7669291338582677 0.40421052631578946 0.768503937007874 0.37894736842105264 0.7622047244094489 0.35789473684210527 0.7559055118110236 0.3368421052631579 0.752755905511811 0.3178947368421053 0.7480314960629921 0.3031578947368421 0.7433070866141732 0.2863157894736842 0.7417322834645669 0.27157894736842103 0.7338582677165354 0.25684210526315787 0.721259842519685 0.24421052631578946 0.7023622047244095 0.2336842105263158 0.6850393700787402 0.2231578947368421 0.6708661417322834 0.2168421052631579 0.6519685039370079 0.21263157894736842 0.6362204724409449 0.2168421052631579 0.6125984251968504 0.22105263157894736 0.6 0.2294736842105263 0.5811023622047244 0.24 0.5653543307086614 0.25473684210526315
3 0.4566929133858268 0.25263157894736843 0.4692913385826772 0.25473684210526315 0.47716535433070867 0.2505263157894737 0.48031496062992124 0.24210526315789474 0.48661417322834644 0.22736842105263158 0.47086614173228347 0.2294736842105263 0.46141732283464565 0.23157894736842105 0.4566929133858268 0.24421052631578946 0.4566929133858268 0.25263157894736843
3 0.47874015748031495 0.2968421052631579 0.4755905511811024 0.31157894736842107 0.4645669291338583 0.33263157894736844 0.4566929133858268 0.35789473684210527 0.45511811023622045 0.3726315789473684 0.45984251968503936 0.3873684210526316 0.4692913385826772 0.40842105263157896 0.47716535433070867 0.42736842105263156 0.48346456692913387 0.4463157894736842 0.494488188976378 0.4673684210526316 0.49921259842519683 0.47368421052631576 0.5055118110236221 0.4631578947368421 0.5118110236220472 0.4631578947368421 0.5228346456692914 0.47157894736842104 0.5354330708661418 0.48 0.5417322834645669 0.49473684210526314 0.5511811023622047 0.5031578947368421 0.5637795275590551 0.5052631578947369 0.5748031496062992 0.5052631578947369 0.5700787401574803 0.4863157894736842 0.5496062992125984 0.4694736842105263 0.5464566929133858 0.4568421052631579 0.5433070866141733 0.42736842105263156 0.5307086614173229 0.4168421052631579 0.5181102362204725 0.3936842105263158 0.510236220472441 0.3726315789473684 0.5055118110236221 0.36210526315789476 0.5055118110236221 0.3178947368421053 0.5086614173228347 0.29473684210526313 0.5055118110236221 0.28210526315789475 0.49763779527559054 0.28421052631578947 0.48661417322834644 0.28210526315789475 0.4818897637795276 0.2863157894736842 0.47874015748031495 0.2968421052631579
3 0.5779527559055118 0.5094736842105263 0.5905511811023622 0.5431578947368421 0.6 0.5263157894736842 0.6125984251968504 0.5389473684210526 0.6236220472440945 0.5368421052631579 0.6330708661417322 0.5389473684210526 0.6346456692913386 0.5684210526315789 0.6362204724409449 0.5978947368421053 0.6393700787401575 0.631578947368421 0.6488188976377953 0.6189473684210526 0.6488188976377953 0.5894736842105263 0.6614173228346457 0.5621052631578948 0.6834645669291338 0.5515789473684211 0.6976377952755906 0.56 0.7023622047244095 0.5431578947368421 0.7133858267716535 0.5221052631578947 0.7228346456692913 0.511578947368421 0.7401574803149606 0.5136842105263157 0.7433070866141732 0.4926315789473684 0.7433070866141732 0.48 0.7338582677165354 0.45263157894736844 0.7370078740157481 0.4357894736842105 0.7070866141732284 0.4168421052631579 0.6755905511811023 0.391578947368421 0.6488188976377953 0.35789473684210527 0.6346456692913386 0.33473684210526317 0.6267716535433071 0.3157894736842105 0.6062992125984252 0.3473684210526316 0.5858267716535434 0.38105263157894737 0.5795275590551181 0.40421052631578946 0.5779527559055118 0.4610526315789474 0.5779527559055118 0.5094736842105263
5 0.6755905511811023 0.5873684210526315 0.6692913385826772 0.5915789473684211 0.6645669291338583 0.5957894736842105 0.6598425196850394 0.6105263157894737 0.6566929133858268 0.6252631578947369 0.6566929133858268 0.6357894736842106 0.658267716535433 0.6442105263157895 0.6598425196850394 0.6526315789473685 0.6614173228346457 0.6589473684210526 0.6645669291338583 0.6610526315789473 0.6677165354330709 0.6652631578947369 0.6724409448818898 0.6673684210526316 0.6771653543307087 0.6694736842105263 0.6818897637795276 0.6673684210526316 0.6850393700787402 0.6652631578947369 0.6897637795275591 0.6610526315789473 0.6929133858267716 0.6589473684210526 0.6960629921259842 0.6547368421052632 0.6992125984251969 0.6505263157894737 0.7039370078740157 0.6442105263157895 0.7039370078740157 0.6378947368421053 0.705511811023622 0.631578947368421 0.705511811023622 0.6126315789473684 0.705511811023622 0.608421052631579 0.7023622047244095 0.5978947368421053 0.6992125984251969 0.5936842105263158 0.6976377952755906 0.5894736842105263 0.6929133858267716 0.5852631578947368 0.6897637795275591 0.5831578947368421 0.6834645669291338 0.5831578947368421 0.6803149606299213 0.5852631578947368 0.6755905511811023 0.5873684210526315
0 0.49291338582677163 0.2063157894736842 0.4519685039370079 0.20421052631578948 0.4204724409448819 0.20210526315789473 0.3984251968503937 0.20421052631578948 0.36850393700787404 0.2168421052631579 0.3606299212598425 0.23789473684210527 0.3779527559055118 0.2673684210526316 0.4047244094488189 0.35578947368421054 0.4188976377952756 0.40421052631578946 0.4393700787401575 0.4631578947368421 0.4519685039370079 0.49473684210526314 0.462992125984252 0.5178947368421053 0.47874015748031495 0.5347368421052632 0.49133858267716535 0.5494736842105263 0.5055118110236221 0.5242105263157895 0.5039370078740157 0.49894736842105264 0.5039370078740157 0.4673684210526316 0.5165354330708661 0.4652631578947368 0.5291338582677165 0.47789473684210526 0.537007874015748 0.48210526315789476 0.5417322834645669 0.4968421052631579 0.5496062992125984 0.5031578947368421 0.5606299212598426 0.5052631578947369 0.5700787401574803 0.5052631578947369 0.5779527559055118 0.4968421052631579 0.5779527559055118 0.4905263157894737 0.5763779527559055 0.48 0.5748031496062992 0.47368421052631576 0.5779527559055118 0.4631578947368421 0.5795275590551181 0.39789473684210525 0.5952755905511811 0.3642105263157895 0.5858267716535434 0.36210526315789476 0.584251968503937 0.35368421052631577 0.5763779527559055 0.3452631578947368 0.5653543307086614 0.33473684210526317 0.5590551181102362 0.33052631578947367 0.5543307086614173 0.32842105263157895 0.5464566929133858 0.32421052631578945 0.5401574803149606 0.3157894736842105 0.5338582677165354 0.31157894736842107 0.525984251968504 0.3031578947368421 0.5196850393700787 0.29473684210526313 0.510236220472441 0.2673684210526316 0.5086614173228347 0.25684210526315787 0.5149606299212598 0.2463157894736842 0.5244094488188976 0.23789473684210527 0.5338582677165354 0.23157894736842105 0.5433070866141733 0.22736842105263158 0.5968503937007874 0.2294736842105263 0.5968503937007874 0.22105263157894736 0.5779527559055118 0.2168421052631579 0.5448818897637795 0.21052631578947367 0.521259842519685 0.20842105263157895 0.49291338582677163 0.2063157894736842
8 0.47716535433070867 0.36210526315789476 0.47716535433070867 0.36 0.47874015748031495 0.36 0.4818897637795276 0.35578947368421054 0.48661417322834644 0.35578947368421054 0.48661417322834644 0.35789473684210527 0.4881889763779528 0.35789473684210527 0.4881889763779528 0.35157894736842105 0.49133858267716535 0.35157894736842105 0.49133858267716535 0.3494736842105263 0.49291338582677163 0.3431578947368421 0.48976377952755906 0.3431578947368421 0.48661417322834644 0.3389473684210526 0.48346456692913387 0.3389473684210526 0.48346456692913387 0.3431578947368421 0.48661417322834644 0.3452631578947368 0.4818897637795276 0.3494736842105263 0.47874015748031495 0.3494736842105263 0.47401574803149604 0.35157894736842105 0.47244094488188976 0.35578947368421054 0.47401574803149604 0.36 0.4755905511811024 0.36 0.4755905511811024 0.36210526315789476 0.47716535433070867 0.36210526315789476
8 0.510236220472441 0.38105263157894737 0.5007874015748032 0.3726315789473684 0.5023622047244094 0.38105263157894737 0.510236220472441 0.3894736842105263 0.510236220472441 0.38105263157894737
8 0.5070866141732283 0.391578947368421 0.5039370078740157 0.391578947368421 0.5055118110236221 0.4 0.5086614173228347 0.39789473684210525 0.5070866141732283 0.391578947368421
5 0.6299212598425197 0.8821052631578947 0.5779527559055118 0.8821052631578947 0.5464566929133858 0.9726315789473684 0.5952755905511811 0.9663157894736842 0.6299212598425197 0.8821052631578947