3 0.48242530755711777 0.22183098591549297 0.4876977152899824 0.2312206572769953 0.4876977152899824 0.24295774647887325 0.484182776801406 0.2546948356807512 0.47363796133567665 0.2664319248826291 0.47363796133567665 0.27582159624413144 0.48242530755711777 0.2805164319248826 0.48945518453427067 0.27816901408450706 0.4964850615114236 0.27816901408450706 0.5052724077328646 0.2828638497652582 0.5105448154657294 0.2828638497652582 0.5175746924428822 0.2828638497652582 0.5263620386643234 0.2828638497652582 0.5369068541300527 0.27816901408450706 0.5456942003514939 0.2687793427230047 0.5456942003514939 0.25938967136150237 0.5333919156414763 0.25234741784037557 0.5263620386643234 0.24295774647887325 0.5193321616871704 0.22887323943661972 0.5140597539543058 0.21244131455399062 0.5123022847100176 0.1983568075117371 0.5017574692442882 0.2007042253521127 0.4947275922671353 0.20774647887323944 0.4859402460456942 0.21244131455399062 0.48242530755711777 0.22183098591549297
3 0.47363796133567665 0.25938967136150237 0.4789103690685413 0.25 0.4771528998242531 0.23826291079812206 0.47539543057996486 0.22417840375586853 0.4806678383128295 0.21009389671361503 0.46836555360281196 0.21009389671361503 0.45606326889279436 0.21244131455399062 0.45606326889279436 0.22652582159624413 0.45957820738137084 0.23826291079812206 0.45254833040421794 0.24295774647887325 0.4507908611599297 0.26173708920187794 0.4507908611599297 0.27816901408450706 0.45957820738137084 0.2852112676056338 0.46660808435852374 0.2711267605633803 0.47363796133567665 0.25938967136150237
3 0.45254833040421794 0.20305164319248825 0.46133567662565905 0.19131455399061034 0.46660808435852374 0.19131455399061034 0.47539543057996486 0.19131455399061034 0.4876977152899824 0.1936619718309859 0.5035149384885764 0.1960093896713615 0.5210896309314587 0.1960093896713615 0.5298769771528998 0.18661971830985916 0.5579964850615114 0.1795774647887324 0.5421792618629174 0.17018779342723006 0.5421792618629174 0.15375586854460094 0.5228471001757469 0.15375586854460094 0.48242530755711777 0.1607981220657277 0.4507908611599297 0.16314553990610328 0.42618629173989453 0.16314553990610328 0.4156414762741652 0.16784037558685447 0.4121265377855888 0.18427230046948356 0.4226713532513181 0.2007042253521127 0.4314586994727592 0.20774647887323944 0.44200351493848855 0.21009389671361503 0.45254833040421794 0.20305164319248825
3 0.39630931458699475 0.142018779342723 0.4086115992970123 0.15375586854460094 0.4173989455184534 0.15610328638497653 0.429701230228471 0.15140845070422534 0.4507908611599297 0.14906103286384975 0.4789103690685413 0.1467136150234742 0.5175746924428822 0.1443661971830986 0.5404217926186292 0.14906103286384975 0.5597539543057997 0.14906103286384975 0.5808435852372583 0.15140845070422534 0.5984182776801406 0.15140845070422534 0.5931458699472759 0.1467136150234742 0.5861159929701231 0.13262910798122066 0.5755711775043937 0.12089201877934272 0.5650263620386643 0.11150234741784038 0.5597539543057997 0.10211267605633803 0.5509666080843585 0.09741784037558686 0.5404217926186292 0.09272300469483569 0.5298769771528998 0.08568075117370892 0.5210896309314587 0.0715962441314554 0.5123022847100176 0.06690140845070422 0.5 0.062206572769953054 0.4859402460456942 0.057511737089201875 0.4718804920913884 0.05516431924882629 0.45957820738137084 0.05516431924882629 0.4437609841827768 0.04812206572769953 0.42618629173989453 0.0528169014084507 0.4121265377855888 0.0528169014084507 0.39630931458699475 0.05985915492957746 0.38224956063268895 0.06690140845070422 0.38224956063268895 0.09741784037558686 0.38224956063268895 0.10915492957746478 0.3927943760984183 0.13262910798122066 0.39630931458699475 0.142018779342723
3 0.5931458699472759 0.1396713615023474 0.6089630931458699 0.15375586854460094 0.6072056239015817 0.1443661971830986 0.5896309314586995 0.12323943661971831 0.5685413005272407 0.09976525821596244 0.5527240773286467 0.08333333333333333 0.5456942003514939 0.08568075117370892 0.5562390158172232 0.09741784037558686 0.5632688927943761 0.10446009389671361 0.570298769771529 0.11150234741784038 0.5808435852372583 0.12089201877934272 0.5931458699472759 0.1396713615023474
0 0.4982425307557118 0.16549295774647887 0.5263620386643234 0.16314553990610328 0.5843585237258347 0.1607981220657277 0.6159929701230229 0.15375586854460094 0.5949033391915641 0.12793427230046947 0.5298769771528998 0.05985915492957746 0.48945518453427067 0.057511737089201875 0.45957820738137084 0.05046948356807512 0.4384885764499121 0.04812206572769953 0.413884007029877 0.05046948356807512 0.3998242530755712 0.05516431924882629 0.3875219683655536 0.057511737089201875 0.37346221441124783 0.07863849765258216 0.34885764499121263 0.09272300469483569 0.3875219683655536 0.18427230046948356 0.3998242530755712 0.18192488262910797 0.4191564147627416 0.17018779342723006 0.45782073813708263 0.17018779342723006 0.4982425307557118 0.16549295774647887
0 0.6847853374340949 1 0.6985940246045694 0.9870892018779343 0.726713532513181 0.9401408450704225 0.7372583479789103 0.9096244131455399 0.7548330404217927 0.8485915492957746 0.7671353251318102 0.7875586854460094 0.7794376098418277 0.6748826291079812 0.7899824253075571 0.5082159624413145 0.7917398945518453 0.4448356807511737 0.7882249560632689 0.3814553990610329 0.7724077328646749 0.31103286384976525 0.7231985940246046 0.30164319248826293 0.6353251318101933 0.2664319248826291 0.5878734622144113 0.25234741784037557 0.5667838312829525 0.23591549295774647 0.5439367311072056 0.23826291079812206 0.5421792618629174 0.25704225352112675 0.5579964850615114 0.35563380281690143 0.5773286467486819 0.40023474178403756 0.5896309314586995 0.4894366197183099 0.5966608084358523 0.67018779342723 0.5896309314586995 0.6725352112676056 0.531634446397188 0.5598591549295775 0.538664323374341 0.6654929577464789 0.5878734622144113 0.7382629107981221 0.6001757469244289 0.7664319248826291 0.6019332161687171 0.8368544600938967 0.5913884007029877 0.9002347417840375 0.5773286467486819 0.9448356807511737 0.5615114235500879 0.9706572769953051 0.5193321616871704 0.965962441314554 0.5 0.9589201877934272 0.484182776801406 0.9753521126760564 0.4648506151142355 0.9636150234741784 0.4771528998242531 0.9870892018779343 0.4904437609841828 1 0.6847853374340949 1
8 0.656414762741652 0.8532863849765259 0.6616871704745168 0.8415492957746479 0.672231985940246 0.8227699530516432 0.6757469244288224 0.8133802816901409 0.6652021089630932 0.82981220657277 0.6511423550087874 0.8532863849765259 0.640597539543058 0.8673708920187794 0.6441124780316344 0.8720657276995305 0.6493848857644992 0.8673708920187794 0.656414762741652 0.8532863849765259
8 0.6739894551845342 0.8767605633802817 0.6827768014059754 0.8603286384976526 0.6845342706502636 0.8532863849765259 0.6862917398945518 0.8415492957746479 0.6862917398945518 0.8368544600938967 0.6757469244288224 0.8603286384976526 0.672231985940246 0.8673708920187794 0.6652021089630932 0.8791079812206573 0.6599297012302284 0.8908450704225352 0.6616871704745168 0.897887323943662 0.6669595782073814 0.8908450704225352 0.6739894551845342 0.8767605633802817
6 0.6142355008787346 0.9424882629107981 0.6195079086115993 0.9401408450704225 0.6212653778558875 0.9330985915492958 0.6230228471001757 0.9213615023474179 0.6265377855887522 0.9119718309859155 0.624780316344464 0.8931924882629108 0.6177504393673111 0.9096244131455399 0.6089630931458699 0.9166666666666666 0.6036906854130053 0.926056338028169 0.6001757469244289 0.9471830985915493 0.6072056239015817 0.9471830985915493 0.6107205623901582 0.9471830985915493 0.6142355008787346 0.9424882629107981
6 0.6353251318101933 0.9025821596244131 0.6370826010544816 0.8931924882629108 0.6353251318101933 0.886150234741784 0.6318101933216169 0.897887323943662 0.6300527240773286 0.9119718309859155 0.6282952548330404 0.9307511737089202 0.6282952548330404 0.9448356807511737 0.6318101933216169 0.954225352112676 0.6370826010544816 0.9518779342723005 0.6441124780316344 0.9471830985915493 0.6458699472759226 0.9424882629107981 0.6493848857644992 0.9307511737089202 0.6476274165202109 0.9166666666666666 0.6441124780316344 0.9213615023474179 0.6441124780316344 0.9284037558685446 0.6423550087873462 0.9354460093896714 0.640597539543058 0.9401408450704225 0.6335676625659051 0.9471830985915493 0.6318101933216169 0.9354460093896714 0.6335676625659051 0.9237089201877934 0.6335676625659051 0.9143192488262911 0.6353251318101933 0.9025821596244131
6 0.6476274165202109 0.8415492957746479 0.640597539543058 0.8392018779342723 0.6441124780316344 0.8509389671361502 0.6511423550087874 0.8485915492957746 0.6476274165202109 0.8415492957746479
6 0.6845342706502636 0.7030516431924883 0.6915641476274165 0.710093896713615 0.6985940246045694 0.7147887323943662 0.7021089630931459 0.721830985915493 0.7038664323374341 0.7124413145539906 0.6985940246045694 0.7030516431924883 0.6933216168717048 0.7007042253521126 0.68804920913884 0.6960093896713615 0.6775043936731108 0.6960093896713615 0.6704745166959578 0.6960093896713615 0.663444639718805 0.6960093896713615 0.6546572934973638 0.6913145539906104 0.6476274165202109 0.6936619718309859 0.6599297012302284 0.7007042253521126 0.6669595782073814 0.7030516431924883 0.6739894551845342 0.7053990610328639 0.6845342706502636 0.7030516431924883
6 0.7091388400702988 0.5927230046948356 0.7161687170474517 0.5880281690140845 0.7091388400702988 0.5833333333333334 0.7056239015817223 0.5762910798122066 0.6985940246045694 0.5786384976525821 0.6810193321616872 0.5856807511737089 0.6915641476274165 0.5903755868544601 0.7003514938488576 0.5903755868544601 0.7091388400702988 0.5927230046948356
6 0.4349736379613357 0.12793427230046947 0.44551845342706503 0.12793427230046947 0.46133567662565905 0.1255868544600939 0.4789103690685413 0.11854460093896714 0.48242530755711777 0.11619718309859155 0.47539543057996486 0.11384976525821597 0.46660808435852374 0.11854460093896714 0.45606326889279436 0.12089201877934272 0.44727592267135324 0.12323943661971831 0.4367311072056239 0.12323943661971831 0.42618629173989453 0.12323943661971831 0.4191564147627416 0.12323943661971831 0.4156414762741652 0.12793427230046947 0.4226713532513181 0.12793427230046947 0.4349736379613357 0.12793427230046947
0 0.4209138840070299 0.30164319248826293 0.45606326889279436 0.42370892018779344 0.4806678383128295 0.47300469483568075 0.484182776801406 0.49413145539906106 0.4912126537785589 0.5223004694835681 0.5017574692442882 0.5528169014084507 0.5070298769771528 0.6208920187793427 0.5070298769771528 0.681924882629108 0.5070298769771528 0.7335680751173709 0.5052724077328646 0.8110328638497653 0.5 0.886150234741784 0.4876977152899824 0.954225352112676 0.4876977152899824 0.9753521126760564 0.5123022847100176 0.954225352112676 0.5228471001757469 0.8931924882629108 0.531634446397188 0.8368544600938967 0.5404217926186292 0.7570422535211268 0.5404217926186292 0.681924882629108 0.538664323374341 0.6279342723004695 0.5333919156414763 0.5645539906103286 0.5263620386643234 0.5316901408450704 0.5140597539543058 0.49413145539906106 0.5035149384885764 0.4518779342723005 0.4859402460456942 0.41431924882629106 0.4648506151142355 0.36032863849765256 0.4349736379613357 0.2687793427230047 0.4191564147627416 0.22417840375586853 0.3875219683655536 0.2312206572769953 0.37697715289982425 0.24061032863849766 0.4086115992970123 0.23826291079812206 0.4209138840070299 0.30164319248826293
5 0.3875219683655536 0.13732394366197184 0.39806678383128297 0.15375586854460094 0.42618629173989453 0.15140845070422534 0.4191564147627416 0.11619718309859155 0.4015817223198594 0.1068075117370892 0.3875219683655536 0.11619718309859155 0.3875219683655536 0.13732394366197184