3 0.5347826086956522 0.32209302325581396 0.5 0.32906976744186045 0.47739130434782606 0.3267441860465116 0.4547826086956522 0.3244186046511628 0.4217391304347826 0.32209302325581396 0.4026086956521739 0.3569767441860465 0.4356521739130435 0.3569767441860465 0.4582608695652174 0.363953488372093 0.47391304347826085 0.3872093023255814 0.4930434782608696 0.4104651162790698 0.5191304347826087 0.4104651162790698 0.5347826086956522 0.3988372093023256 0.5469565217391305 0.37093023255813956 0.5591304347826087 0.3267441860465116 0.5347826086956522 0.32209302325581396
8 0.4791304347826087 0.21744186046511627 0.49478260869565216 0.21744186046511627 0.5069565217391304 0.2127906976744186 0.5173913043478261 0.20813953488372092 0.5 0.2058139534883721 0.4791304347826087 0.21744186046511627
8 0.4791304347826087 0.22209302325581395 0.48782608695652174 0.2313953488372093 0.5017391304347826 0.22906976744186047 0.5104347826086957 0.21976744186046512 0.4965217391304348 0.22209302325581395 0.4791304347826087 0.22209302325581395
8 0.46695652173913044 0.2686046511627907 0.46 0.2779069767441861 0.44782608695652176 0.2941860465116279 0.46 0.2941860465116279 0.47391304347826085 0.26395348837209304 0.46695652173913044 0.2686046511627907
8 0.4617391304347826 0.26627906976744187 0.4582608695652174 0.2779069767441861 0.4617391304347826 0.28255813953488373 0.4652173913043478 0.27325581395348836 0.46695652173913044 0.2616279069767442 0.4617391304347826 0.26627906976744187
8 0.5278260869565218 0.22674418604651161 0.54 0.23837209302325582 0.5573913043478261 0.23372093023255813 0.5452173913043479 0.22906976744186047 0.5278260869565218 0.22674418604651161
8 0.49826086956521737 0.2802325581395349 0.49478260869565216 0.2895348837209302 0.48782608695652174 0.31046511627906975 0.49826086956521737 0.3081395348837209 0.5052173913043478 0.2941860465116279 0.5069565217391304 0.27325581395348836 0.49826086956521737 0.2802325581395349
8 0.5121739130434783 0.25 0.5173913043478261 0.26395348837209304 0.5243478260869565 0.25 0.5191304347826087 0.23604651162790696 0.5121739130434783 0.25
8 0.5643478260869565 0.20348837209302326 0.5660869565217391 0.2127906976744186 0.5747826086956521 0.22209302325581395 0.5678260869565217 0.19186046511627908 0.5643478260869565 0.20348837209302326
8 0.5608695652173913 0.23604651162790696 0.5591304347826087 0.25465116279069766 0.5660869565217391 0.24302325581395348 0.5678260869565217 0.22441860465116278 0.5608695652173913 0.23604651162790696
8 0.5365217391304348 0.3081395348837209 0.5208695652173913 0.3127906976744186 0.5295652173913044 0.31511627906976747 0.5452173913043479 0.3127906976744186 0.5521739130434783 0.3127906976744186 0.5608695652173913 0.3081395348837209 0.5469565217391305 0.30348837209302326 0.5365217391304348 0.3081395348837209
5 0.5991304347826087 0.31976744186046513 0.5991304347826087 0.3313953488372093 0.611304347826087 0.32906976744186045 0.628695652173913 0.3127906976744186 0.66 0.2941860465116279 0.6878260869565217 0.2686046511627907 0.7069565217391305 0.2453488372093023 0.7156521739130435 0.22906976744186047 0.717391304347826 0.21511627906976744 0.7191304347826087 0.20116279069767443 0.7139130434782609 0.1941860465116279 0.6878260869565217 0.1872093023255814 0.6634782608695652 0.18255813953488373 0.6408695652173914 0.17790697674418604 0.6234782608695653 0.25 0.5991304347826087 0.31976744186046513
5 0.5991304347826087 0.29186046511627906 0.5904347826086956 0.29651162790697677 0.5817391304347826 0.30116279069767443 0.5765217391304348 0.3081395348837209 0.571304347826087 0.31511627906976747 0.5695652173913044 0.3453488372093023 0.5817391304347826 0.3453488372093023 0.5921739130434782 0.34069767441860466 0.6026086956521739 0.336046511627907 0.611304347826087 0.3313953488372093 0.6182608695652174 0.3244186046511628 0.6234782608695653 0.3174418604651163 0.6304347826086957 0.3127906976744186 0.6339130434782608 0.29651162790697677 0.6147826086956522 0.2895348837209302 0.5991304347826087 0.29186046511627906
3 0.628695652173913 0.1686046511627907 0.6234782608695653 0.16627906976744186 0.6147826086956522 0.16627906976744186 0.6078260869565217 0.16162790697674417 0.6026086956521739 0.15930232558139534 0.5973913043478261 0.15930232558139534 0.5869565217391305 0.15930232558139534 0.58 0.15930232558139534 0.571304347826087 0.16162790697674417 0.5660869565217391 0.16395348837209303 0.5591304347826087 0.16627906976744186 0.5504347826086956 0.17093023255813952 0.5330434782608696 0.1755813953488372 0.5260869565217391 0.1755813953488372 0.5156521739130435 0.17790697674418604 0.5052173913043478 0.18023255813953487 0.4965217391304348 0.18023255813953487 0.4617391304347826 0.24069767441860465 0.4217391304347826 0.31976744186046513 0.42695652173913046 0.31976744186046513 0.4356521739130435 0.31976744186046513 0.4443478260869565 0.3174418604651163 0.44956521739130434 0.3174418604651163 0.4582608695652174 0.31976744186046513 0.4652173913043478 0.32209302325581396 0.4721739130434783 0.3244186046511628 0.47739130434782606 0.3244186046511628 0.4860869565217391 0.32906976744186045 0.4930434782608696 0.32906976744186045 0.49826086956521737 0.32906976744186045 0.5052173913043478 0.3267441860465116 0.508695652173913 0.3267441860465116 0.5139130434782608 0.3244186046511628 0.5191304347826087 0.32209302325581396 0.5243478260869565 0.32209302325581396 0.5295652173913044 0.32209302325581396 0.5330434782608696 0.32209302325581396 0.5417391304347826 0.32209302325581396 0.5452173913043479 0.32209302325581396 0.5504347826086956 0.32209302325581396 0.5556521739130434 0.3244186046511628 0.5626086956521739 0.3267441860465116 0.5747826086956521 0.3313953488372093 0.58 0.32906976744186045 0.5869565217391305 0.32209302325581396 0.5886956521739131 0.3174418604651163 0.5939130434782609 0.3081395348837209 0.5991304347826087 0.29186046511627906 0.6060869565217392 0.2779069767441861 0.6356521739130435 0.1755813953488372 0.628695652173913 0.1686046511627907
0 0.5834782608695652 0.3313953488372093 0.5782608695652174 0.32906976744186045 0.5678260869565217 0.3244186046511628 0.5591304347826087 0.31976744186046513 0.5504347826086956 0.3174418604651163 0.5434782608695652 0.31511627906976747 0.5365217391304348 0.31511627906976747 0.5278260869565218 0.31511627906976747 0.5208695652173913 0.31511627906976747 0.5156521739130435 0.31511627906976747 0.5104347826086957 0.31511627906976747 0.5052173913043478 0.3174418604651163 0.5 0.31976744186046513 0.49478260869565216 0.3244186046511628 0.4895652173913044 0.3244186046511628 0.4826086956521739 0.32209302325581396 0.47739130434782606 0.32209302325581396 0.46695652173913044 0.31976744186046513 0.4617391304347826 0.3174418604651163 0.45652173913043476 0.31511627906976747 0.44956521739130434 0.3174418604651163 0.4373913043478261 0.3174418604651163 0.42869565217391303 0.31976744186046513 0.4252173913043478 0.32209302325581396 0.4339130434782609 0.32209302325581396 0.4373913043478261 0.3244186046511628 0.44608695652173913 0.3267441860465116 0.45304347826086955 0.32906976744186045 0.4617391304347826 0.3313953488372093 0.46869565217391307 0.33372093023255817 0.47391304347826085 0.336046511627907 0.4791304347826087 0.336046511627907 0.48782608695652174 0.336046511627907 0.49130434782608695 0.336046511627907 0.49826086956521737 0.33372093023255817 0.5034782608695653 0.3313953488372093 0.508695652173913 0.32906976744186045 0.5139130434782608 0.3267441860465116 0.5173913043478261 0.3244186046511628 0.5260869565217391 0.3244186046511628 0.5330434782608696 0.3244186046511628 0.5382608695652173 0.3244186046511628 0.5469565217391305 0.3267441860465116 0.5539130434782609 0.3267441860465116 0.5591304347826087 0.32906976744186045 0.5765217391304348 0.33372093023255817 0.5834782608695652 0.3313953488372093
1 0.4078260869565217 0.3546511627906977 0.4234782608695652 0.32906976744186045 0.47043478260869565 0.23604651162790696 0.48434782608695653 0.19883720930232557 0.4026086956521739 0.3569767441860465 0.4078260869565217 0.3546511627906977
8 0.6095652173913043 0.3313953488372093 0.6026086956521739 0.33372093023255817 0.5991304347826087 0.336046511627907 0.5939130434782609 0.336046511627907 0.5869565217391305 0.34069767441860466 0.5817391304347826 0.3430232558139535 0.5765217391304348 0.3430232558139535 0.5782608695652174 0.34767441860465115 0.5834782608695652 0.34767441860465115 0.5869565217391305 0.34767441860465115 0.5904347826086956 0.3453488372093023 0.5991304347826087 0.3430232558139535 0.6060869565217392 0.3383720930232558 0.6095652173913043 0.336046511627907 0.6147826086956522 0.33372093023255817 0.6095652173913043 0.3313953488372093
8 0.5452173913043479 0.37093023255813956 0.5452173913043479 0.38953488372093026 0.548695652173913 0.38953488372093026 0.5521739130434783 0.3872093023255814 0.5539130434782609 0.3802325581395349 0.5539130434782609 0.3732558139534884 0.5539130434782609 0.35930232558139535 0.5521739130434783 0.34767441860465115 0.5434782608695652 0.3430232558139535 0.5452173913043479 0.35930232558139535 0.5452173913043479 0.37093023255813956
0 0.49391304347826087 1 0.4965217391304348 0.9988372093023256 0.5 0.9965116279069768 0.45304347826086955 0.8546511627906976 0.44782608695652176 0.8383720930232558 0.4443478260869565 0.8313953488372093 0.4373913043478261 0.8244186046511628 0.43043478260869567 0.8151162790697675 0.41130434782608694 0.8244186046511628 0.4043478260869565 0.8383720930232558 0.4043478260869565 0.8453488372093023 0.4043478260869565 0.85 0.4078260869565217 0.8616279069767442 0.40956521739130436 0.8709302325581395 0.4147826086956522 0.8848837209302326 0.4165217391304348 0.891860465116279 0.4182608695652174 0.8988372093023256 0.4217391304347826 0.9081395348837209 0.4234782608695652 0.9151162790697674 0.42695652173913046 0.9290697674418604 0.43217391304347824 0.9430232558139535 0.4373913043478261 0.9523255813953488 0.4426086956521739 0.9662790697674418 0.44608695652173913 0.9732558139534884 0.45304347826086955 0.9825581395348837 0.45652173913043476 0.9848837209302326 0.46347826086956523 0.9895348837209302 0.4721739130434783 0.9988372093023256 0.4756521739130435 1 0.49391304347826087 1