6 0.5464098073555166 0.3629976580796253 0.542907180385289 0.4309133489461358 0.5499124343257443 0.4379391100702576 0.5604203152364273 0.4332552693208431 0.5674255691768827 0.39344262295081966 0.5796847635726795 0.3700234192037471 0.6094570928196147 0.3747072599531616 0.6059544658493871 0.36065573770491804 0.5814360770577933 0.34192037470725994 0.5621716287215411 0.33021077283372363 0.5569176882661997 0.33489461358313816 0.542907180385289 0.3395784543325527 0.532399299474606 0.3372365339578454 0.5288966725043783 0.3583138173302108 0.5464098073555166 0.3629976580796253
6 0.4343257443082312 0.9227166276346604 0.4308231173380035 0.9133489461358314 0.4238178633975482 0.9110070257611241 0.4238178633975482 0.9250585480093677 0.4308231173380035 0.9320843091334895 0.4343257443082312 0.927400468384075 0.4343257443082312 0.9227166276346604
8 0.7443082311733801 0.4847775175644028 0.7302977232924693 0.44028103044496486 0.7180385288966725 0.41217798594847777 0.7040280210157618 0.40749414519906324 0.7145359019264448 0.4309133489461358 0.7460595446584939 0.5175644028103045 0.7513134851138353 0.5175644028103045 0.7443082311733801 0.4847775175644028
6 0.5954465849387041 0.4262295081967213 0.5971978984238179 0.4379391100702576 0.6024518388791593 0.4379391100702576 0.6042031523642732 0.42857142857142855 0.5954465849387041 0.4262295081967213
6 0.5779334500875657 0.49414519906323184 0.5831873905429071 0.5011709601873536 0.5884413309982487 0.4964871194379391 0.5866900175131349 0.4847775175644028 0.5796847635726795 0.48711943793911006 0.5779334500875657 0.49414519906323184
8 0.5796847635726795 0.4449648711943794 0.574430823117338 0.48243559718969553 0.5726795096322241 0.48243559718969553 0.5831873905429071 0.5081967213114754 0.5919439579684763 0.49882903981264637 0.5919439579684763 0.4449648711943794 0.5796847635726795 0.4449648711943794
8 0.5709281961471103 0.38875878220140514 0.563922942206655 0.40046838407494145 0.5621716287215411 0.44730679156908665 0.5709281961471103 0.44028103044496486 0.574430823117338 0.4168618266978923 0.5709281961471103 0.38875878220140514
3 0.4938704028021016 0.24355971896955503 0.51138353765324 0.2693208430913349 0.5166374781085814 0.24121779859484777 0.5288966725043783 0.2224824355971897 0.5481611208406305 0.21779859484777517 0.5971978984238179 0.2107728337236534 0.5726795096322241 0.20140515222482436 0.5394045534150613 0.19437939110070257 0.4886164623467601 0.22716627634660422 0.4938704028021016 0.24355971896955503
3 0.436077057793345 0.30679156908665106 0.4658493870402802 0.32084309133489464 0.4938704028021016 0.3325526932084309 0.5253940455341506 0.3372365339578454 0.5464098073555166 0.34192037470725994 0.5604203152364273 0.3372365339578454 0.5341506129597198 0.3161592505854801 0.5166374781085814 0.2810304449648712 0.5061295971978984 0.2646370023419204 0.4816112084063047 0.24355971896955503 0.4500875656742557 0.2529274004683841 0.43782837127845886 0.2810304449648712 0.436077057793345 0.30679156908665106
5 0.4658493870402802 1 0.4308231173380035 0.9836065573770492 0.4273204903677758 0.9929742388758782 0.4316987740805604 1 0.4658493870402802 1
5 0.6359161260945709 1 0.6619964973730298 0.9320843091334895 0.6059544658493871 0.9250585480093677 0.5779334500875657 1 0.6359161260945709 1