2 0.5288966725043783 0.7142857142857143 0.5271453590192644 0.6838407494145199 0.5288966725043783 0.6463700234192038 0.5288966725043783 0.6112412177985949 0.5271453590192644 0.5878220140515222 0.521891418563923 0.5784543325526932 0.5166374781085814 0.5667447306791569 0.5096322241681261 0.5550351288056206 0.500875656742557 0.5761124121779859 0.4973730297723292 0.594847775175644 0.4886164623467601 0.6252927400468384 0.4868651488616462 0.6346604215456675 0.4851138353765324 0.6487119437939111 0.48336252189141854 0.6721311475409836 0.4816112084063047 0.7002341920374707 0.4798598949211909 0.7213114754098361 0.4798598949211909 0.7353629976580797 0.4798598949211909 0.7494145199063232 0.4816112084063047 0.765807962529274 0.4851138353765324 0.7681498829039812 0.4956217162872154 0.7681498829039812 0.5061295971978984 0.7681498829039812 0.5148861646234676 0.7681498829039812 0.521891418563923 0.765807962529274 0.5306479859894921 0.7587822014051522 0.5288966725043783 0.7494145199063232 0.5288966725043783 0.7306791569086651 0.5288966725043783 0.7142857142857143
2 0.5376532399299475 0.8641686182669789 0.5376532399299475 0.8501170960187353 0.5359019264448336 0.8290398126463701 0.532399299474606 0.8079625292740047 0.5306479859894921 0.7845433255269321 0.5288966725043783 0.7728337236533958 0.5183887915936952 0.7798594847775175 0.5043782837127846 0.7822014051522248 0.4903677758318739 0.7822014051522248 0.47810858143607704 0.7822014051522248 0.47810858143607704 0.7915690866510539 0.48336252189141854 0.810304449648712 0.4868651488616462 0.8266978922716628 0.4956217162872154 0.8430913348946136 0.5043782837127846 0.8594847775175644 0.5148861646234676 0.8735362997658079 0.5271453590192644 0.8899297423887588 0.532399299474606 0.8875878220140515 0.5376532399299475 0.8782201405152225 0.5376532399299475 0.8641686182669789
8 0.44833625218914186 0.2903981264637002 0.4448336252189142 0.2927400468384075 0.4395796847635727 0.2903981264637002 0.4343257443082312 0.2903981264637002 0.4273204903677758 0.28805620608899296 0.4185639229422067 0.2857142857142857 0.4115586690017513 0.28805620608899296 0.4115586690017513 0.2927400468384075 0.4203152364273205 0.29508196721311475 0.425569176882662 0.29508196721311475 0.4343257443082312 0.297423887587822 0.4395796847635727 0.2997658079625293 0.44658493870402804 0.297423887587822 0.45183887915936954 0.297423887587822 0.45709281961471104 0.30210772833723654 0.46234676007005254 0.30210772833723654 0.45884413309982486 0.29508196721311475 0.4553415061295972 0.2927400468384075 0.44833625218914186 0.2903981264637002
3 0.36952714535901926 0.8524590163934426 0.3607705779334501 0.8454332552693209 0.3467600700525394 0.8477751756440282 0.3397548161120841 0.8477751756440282 0.3309982486865149 0.8407494145199064 0.3309982486865149 0.8548009367681498 0.3309982486865149 0.8665105386416861 0.3380035026269702 0.8805620608899297 0.3467600700525394 0.8946135831381733 0.3572679509632224 0.8992974238875878 0.36252189141856395 0.8992974238875878 0.36952714535901926 0.9016393442622951 0.37828371278458844 0.892271662763466 0.38353765323992994 0.8782201405152225 0.38178633975481613 0.8641686182669789 0.36952714535901926 0.8524590163934426
3 0.4063047285464098 0.8220140515222483 0.4080560420315236 0.8056206088992974 0.4063047285464098 0.7868852459016393 0.3905429071803853 0.7845433255269321 0.38178633975481613 0.7892271662763466 0.37302977232924694 0.8056206088992974 0.37478108581436076 0.8173302107728337 0.37478108581436076 0.8266978922716628 0.37828371278458844 0.8430913348946136 0.38178633975481613 0.8594847775175644 0.3957968476357268 0.8641686182669789 0.4098073555166375 0.8571428571428571 0.4098073555166375 0.8501170960187353 0.404553415061296 0.8384074941451991 0.4063047285464098 0.8220140515222483
3 0.3415061295971979 0.7423887587822015 0.3397548161120841 0.7259953161592506 0.3380035026269702 0.7096018735362998 0.3362521891418564 0.6978922716627635 0.3274956217162872 0.6861826697892272 0.3169877408056042 0.6768149882903981 0.30998248686514884 0.6744730679156908 0.30297723292469353 0.6838407494145199 0.29422066549912435 0.6932084309133489 0.28896672504378285 0.7096018735362998 0.29422066549912435 0.7306791569086651 0.29246935201401053 0.7423887587822015 0.28896672504378285 0.7540983606557377 0.29772329246935203 0.7681498829039812 0.30297723292469353 0.7822014051522248 0.31523642732049034 0.7915690866510539 0.3309982486865149 0.7985948477751756 0.3415061295971979 0.8032786885245902 0.34851138353765326 0.7985948477751756 0.3607705779334501 0.7962529274004684 0.3520140105078809 0.7798594847775175 0.3502626970227671 0.7634660421545667 0.3450087565674256 0.7517564402810304 0.3415061295971979 0.7423887587822015
3 0.44658493870402804 0.6346604215456675 0.4553415061295972 0.639344262295082 0.4658493870402802 0.6487119437939111 0.46935201401050786 0.6346604215456675 0.47285464098073554 0.6182669789227166 0.4746059544658494 0.5925058548009368 0.47810858143607704 0.5714285714285714 0.4956217162872154 0.5456674473067916 0.4903677758318739 0.5269320843091335 0.48336252189141854 0.5128805620608899 0.46935201401050786 0.4964871194379391 0.45359019264448336 0.4847775175644028 0.43782837127845886 0.477751756440281 0.425569176882662 0.48711943793911006 0.4115586690017513 0.5105386416861827 0.4010507880910683 0.5339578454332553 0.3905429071803853 0.550351288056206 0.37653239929947463 0.5644028103044496 0.36252189141856395 0.5761124121779859 0.3502626970227671 0.5807962529274004 0.3380035026269702 0.5878220140515222 0.3222416812609457 0.5995316159250585 0.30823117338003503 0.6088992974238876 0.3117338003502627 0.6370023419203747 0.3204903677758319 0.6463700234192038 0.329246935201401 0.6487119437939111 0.3397548161120841 0.6533957845433255 0.3520140105078809 0.65807962529274 0.36777583187390545 0.6510538641686182 0.38003502626970226 0.6440281030444965 0.39404553415061294 0.6346604215456675 0.4133099824868651 0.6159250585480094 0.4290718038528897 0.6276346604215457 0.436077057793345 0.6323185011709602 0.44658493870402804 0.6346604215456675
3 0.415061295971979 0.7306791569086651 0.4185639229422067 0.7096018735362998 0.4185639229422067 0.6861826697892272 0.4220665499124343 0.6721311475409836 0.4203152364273205 0.6604215456674473 0.4098073555166375 0.6463700234192038 0.39404553415061294 0.6440281030444965 0.38353765323992994 0.6487119437939111 0.36952714535901926 0.6533957845433255 0.35901926444833626 0.6604215456674473 0.34851138353765326 0.667447306791569 0.3450087565674256 0.6838407494145199 0.3467600700525394 0.6978922716627635 0.34851138353765326 0.711943793911007 0.35376532399299476 0.7213114754098361 0.35376532399299476 0.7330210772833724 0.3555166374781086 0.7447306791569087 0.36252189141856395 0.7564402810304449 0.37478108581436076 0.7634660421545667 0.38704028021015763 0.7611241217798594 0.39929947460595444 0.7634660421545667 0.4080560420315236 0.7681498829039812 0.4133099824868651 0.7587822014051522 0.4133099824868651 0.747072599531616 0.415061295971979 0.7306791569086651
8 0.46760070052539404 0.8899297423887588 0.46234676007005254 0.8875878220140515 0.4553415061295972 0.8875878220140515 0.4500875656742557 0.8946135831381733 0.44308231173380036 0.8946135831381733 0.4413309982486865 0.8946135831381733 0.4500875656742557 0.9016393442622951 0.4553415061295972 0.9016393442622951 0.46059544658493873 0.9016393442622951 0.46409807355516636 0.9039812646370023 0.46935201401050786 0.9063231850117096 0.46409807355516636 0.9110070257611241 0.46059544658493873 0.9156908665105387 0.46935201401050786 0.9156908665105387 0.4746059544658494 0.9110070257611241 0.47810858143607704 0.9086651053864169 0.4816112084063047 0.9063231850117096 0.4886164623467601 0.9016393442622951 0.4816112084063047 0.8969555035128806 0.47810858143607704 0.8946135831381733 0.4763572679509632 0.8899297423887588 0.46760070052539404 0.8899297423887588
8 0.4168126094570928 0.9718969555035128 0.4220665499124343 0.9695550351288056 0.4238178633975482 0.9648711943793911 0.4185639229422067 0.9601873536299765 0.415061295971979 0.9648711943793911 0.4115586690017513 0.9718969555035128 0.4168126094570928 0.9718969555035128
8 0.38704028021015763 0.9672131147540983 0.3905429071803853 0.9695550351288056 0.38704028021015763 0.9625292740046838 0.38003502626970226 0.9601873536299765 0.37478108581436076 0.9484777517564403 0.3712784588441331 0.9437939110070258 0.3660245183887916 0.9461358313817331 0.3660245183887916 0.9484777517564403 0.36952714535901926 0.9508196721311475 0.37478108581436076 0.955503512880562 0.37478108581436076 0.9578454332552693 0.37653239929947463 0.9601873536299765 0.38003502626970226 0.9648711943793911 0.38353765323992994 0.9648711943793911 0.38704028021015763 0.9672131147540983
8 0.3239929947460595 0.629976580796253 0.3239929947460595 0.6252927400468384 0.3239929947460595 0.6182669789227166 0.318739054290718 0.6112412177985949 0.3169877408056042 0.6042154566744731 0.31523642732049034 0.6018735362997658 0.3204903677758319 0.5995316159250585 0.3274956217162872 0.5971896955503513 0.3309982486865149 0.5971896955503513 0.3362521891418564 0.5925058548009368 0.3415061295971979 0.5901639344262295 0.3467600700525394 0.5878220140515222 0.3520140105078809 0.5831381733021077 0.35901926444833626 0.5784543325526932 0.3555166374781086 0.5761124121779859 0.3432574430823117 0.5831381733021077 0.3345008756567426 0.585480093676815 0.3274956217162872 0.5901639344262295 0.3204903677758319 0.5925058548009368 0.3117338003502627 0.594847775175644 0.30297723292469353 0.594847775175644 0.29422066549912435 0.5971896955503513 0.287215411558669 0.5995316159250585 0.28546409807355516 0.6042154566744731 0.287215411558669 0.6112412177985949 0.29071803852889666 0.6159250585480094 0.29597197898423816 0.6135831381733021 0.30122591943957966 0.6159250585480094 0.3064798598949212 0.6182669789227166 0.30823117338003503 0.6252927400468384 0.30823117338003503 0.6323185011709602 0.3064798598949212 0.6370023419203747 0.3064798598949212 0.6440281030444965 0.3134851138353765 0.6510538641686182 0.3204903677758319 0.6440281030444965 0.3204903677758319 0.639344262295082 0.3169877408056042 0.6346604215456675 0.3239929947460595 0.629976580796253
3 0.47285464098073554 0.48711943793911006 0.4816112084063047 0.4964871194379391 0.4921190893169877 0.5011709601873536 0.500875656742557 0.49882903981264637 0.5131348511383538 0.49414519906323184 0.521891418563923 0.48009367681498827 0.5288966725043783 0.47306791569086654 0.5341506129597198 0.46604215456674475 0.5394045534150613 0.45433255269320844 0.542907180385289 0.44730679156908665 0.5499124343257443 0.4426229508196721 0.5586690017513135 0.42857142857142855 0.5621716287215411 0.41217798594847777 0.563922942206655 0.38173302107728335 0.5691768826619965 0.37236533957845436 0.5709281961471103 0.3583138173302108 0.563922942206655 0.3559718969555035 0.5516637478108581 0.3583138173302108 0.5376532399299475 0.36533957845433257 0.5288966725043783 0.3700234192037471 0.5166374781085814 0.3747072599531616 0.5061295971978984 0.3864168618266979 0.4938704028021016 0.38875878220140514 0.4886164623467601 0.39344262295081966 0.48336252189141854 0.405152224824356 0.46935201401050786 0.41920374707259955 0.45709281961471104 0.4426229508196721 0.45359019264448336 0.46604215456674475 0.4553415061295972 0.47540983606557374 0.46234676007005254 0.48009367681498827 0.47285464098073554 0.48711943793911006
8 0.5709281961471103 0.6814988290398126 0.5726795096322241 0.6744730679156908 0.5726795096322241 0.6697892271662763 0.5709281961471103 0.667447306791569 0.5674255691768827 0.667447306791569 0.5656742556917689 0.6651053864168618 0.5656742556917689 0.65807962529274 0.563922942206655 0.6533957845433255 0.563922942206655 0.6487119437939111 0.5621716287215411 0.6463700234192038 0.5569176882661997 0.6416861826697893 0.553415061295972 0.639344262295082 0.5464098073555166 0.6416861826697893 0.5411558669001751 0.639344262295082 0.5376532399299475 0.639344262295082 0.5376532399299475 0.6463700234192038 0.542907180385289 0.6487119437939111 0.5481611208406305 0.6487119437939111 0.553415061295972 0.6533957845433255 0.5586690017513135 0.6604215456674473 0.553415061295972 0.6604215456674473 0.5481611208406305 0.65807962529274 0.542907180385289 0.6604215456674473 0.5359019264448336 0.6604215456674473 0.5359019264448336 0.667447306791569 0.5376532399299475 0.6744730679156908 0.5359019264448336 0.6814988290398126 0.5341506129597198 0.6861826697892272 0.5341506129597198 0.6978922716627635 0.5341506129597198 0.711943793911007 0.5359019264448336 0.711943793911007 0.5376532399299475 0.7189695550351288 0.542907180385289 0.7189695550351288 0.5505215866900175 0.7332247236533957 0.5569176882661997 0.7353629976580797 0.5604203152364273 0.7283372365339579 0.5621716287215411 0.7166276346604216 0.563922942206655 0.7072599531615925 0.5674255691768827 0.6978922716627635 0.5691768826619965 0.6885245901639344 0.5709281961471103 0.6814988290398126
8 0.5814360770577933 0.639344262295082 0.5814360770577933 0.6487119437939111 0.5849387040280211 0.6370023419203747 0.5831873905429071 0.6276346604215457 0.5814360770577933 0.6206088992974239 0.5796847635726795 0.6088992974238876 0.5796847635726795 0.6018735362997658 0.574430823117338 0.594847775175644 0.5726795096322241 0.5901639344262295 0.5691768826619965 0.5878220140515222 0.5656742556917689 0.5831381733021077 0.5656742556917689 0.5761124121779859 0.5621716287215411 0.5737704918032787 0.5586690017513135 0.5784543325526932 0.5586690017513135 0.5737704918032787 0.5586690017513135 0.5690866510538641 0.5586690017513135 0.5644028103044496 0.5586690017513135 0.5573770491803278 0.5569176882661997 0.5573770491803278 0.5551663747810858 0.5620608899297423 0.553415061295972 0.5667447306791569 0.5499124343257443 0.5644028103044496 0.5446584938704028 0.5597189695550351 0.542907180385289 0.5644028103044496 0.5446584938704028 0.5737704918032787 0.5464098073555166 0.5784543325526932 0.5464098073555166 0.5878220140515222 0.5464098073555166 0.5971896955503513 0.5446584938704028 0.6088992974238876 0.5411558669001751 0.6135831381733021 0.5411558669001751 0.6065573770491803 0.5394045534150613 0.5971896955503513 0.5394045534150613 0.5901639344262295 0.5376532399299475 0.5831381733021077 0.5376532399299475 0.5761124121779859 0.5376532399299475 0.5714285714285714 0.5359019264448336 0.5690866510538641 0.532399299474606 0.5737704918032787 0.532399299474606 0.5831381733021077 0.5359019264448336 0.5901639344262295 0.5376532399299475 0.6018735362997658 0.5376532399299475 0.6065573770491803 0.5376532399299475 0.6135831381733021 0.5394045534150613 0.6276346604215457 0.542907180385289 0.6276346604215457 0.5499124343257443 0.6346604215456675 0.5656742556917689 0.6440281030444965 0.5674255691768827 0.6510538641686182 0.5691768826619965 0.6604215456674473 0.5726795096322241 0.6697892271662763 0.5761821366024519 0.6627634660421545 0.574430823117338 0.6510538641686182 0.5761821366024519 0.639344262295082 0.5761821366024519 0.629976580796253 0.5814360770577933 0.639344262295082
8 0.425569176882662 0.44028103044496486 0.4238178633975482 0.4449648711943794 0.4238178633975482 0.4496487119437939 0.4290718038528897 0.4496487119437939 0.4343257443082312 0.4426229508196721 0.436077057793345 0.4379391100702576 0.43257443082311736 0.43559718969555034 0.4308231173380035 0.43559718969555034 0.425569176882662 0.44028103044496486
8 0.4168126094570928 0.468384074941452 0.4133099824868651 0.47306791569086654 0.4080560420315236 0.477751756440281 0.4028021015761821 0.48243559718969553 0.39929947460595444 0.48711943793911006 0.39404553415061294 0.4918032786885246 0.38704028021015763 0.4964871194379391 0.37828371278458844 0.5011709601873536 0.37302977232924694 0.5081967213114754 0.37302977232924694 0.5105386416861827 0.38003502626970226 0.5081967213114754 0.38879159369527144 0.5058548009367682 0.39404553415061294 0.5011709601873536 0.4028021015761821 0.4918032786885246 0.4080560420315236 0.48711943793911006 0.4133099824868651 0.48243559718969553 0.4203152364273205 0.47540983606557374 0.4220665499124343 0.4707259953161593 0.4203152364273205 0.46604215456674475 0.4168126094570928 0.468384074941452
8 0.39929947460595444 0.775175644028103 0.4010507880910683 0.7798594847775175 0.4063047285464098 0.7798594847775175 0.4063047285464098 0.7728337236533958 0.404553415061296 0.7704918032786885 0.4010507880910683 0.7728337236533958 0.39929947460595444 0.775175644028103
8 0.4098073555166375 0.7704918032786885 0.4080560420315236 0.7704918032786885 0.4080560420315236 0.775175644028103 0.4115586690017513 0.7775175644028103 0.4133099824868651 0.7775175644028103 0.4115586690017513 0.7728337236533958 0.4098073555166375 0.7704918032786885
8 0.329246935201401 0.8290398126463701 0.3257443082311734 0.8266978922716628 0.3222416812609457 0.8220140515222483 0.3204903677758319 0.8173302107728337 0.3169877408056042 0.810304449648712 0.3169877408056042 0.8032786885245902 0.31523642732049034 0.7962529274004684 0.31523642732049034 0.7915690866510539 0.31523642732049034 0.7822014051522248 0.3117338003502627 0.7822014051522248 0.30823117338003503 0.7822014051522248 0.30472854640980734 0.7798594847775175 0.30472854640980734 0.7728337236533958 0.30122591943957966 0.7728337236533958 0.29772329246935203 0.7728337236533958 0.29947460595446584 0.775175644028103 0.29947460595446584 0.7798594847775175 0.29597197898423816 0.7798594847775175 0.29422066549912435 0.7798594847775175 0.29071803852889666 0.775175644028103 0.28546409807355516 0.7704918032786885 0.2819614711033275 0.765807962529274 0.2819614711033275 0.7704918032786885 0.28546409807355516 0.775175644028103 0.28896672504378285 0.7798594847775175 0.28896672504378285 0.7845433255269321 0.28546409807355516 0.7822014051522248 0.2819614711033275 0.7775175644028103 0.27845884413309985 0.7728337236533958 0.27495621716287216 0.7704918032786885 0.2679509632224168 0.7634660421545667 0.266199649737303 0.765807962529274 0.2679509632224168 0.7681498829039812 0.2679509632224168 0.7704918032786885 0.26970227670753066 0.7704918032786885 0.26970227670753066 0.775175644028103 0.2714535901926445 0.7775175644028103 0.2732049036777583 0.7822014051522248 0.27495621716287216 0.7892271662763466 0.27845884413309985 0.7985948477751756 0.2819614711033275 0.8032786885245902 0.28896672504378285 0.8126463700234192 0.29071803852889666 0.8149882903981265 0.29246935201401053 0.8243559718969555 0.29597197898423816 0.8337236533957846 0.29947460595446584 0.8430913348946136 0.30472854640980734 0.8524590163934426 0.30998248686514884 0.8548009367681498 0.31523642732049034 0.8594847775175644 0.3204903677758319 0.8641686182669789 0.3222416812609457 0.8665105386416861 0.3257443082311734 0.8688524590163934 0.3274956217162872 0.8641686182669789 0.329246935201401 0.8665105386416861 0.3327495621716287 0.8665105386416861 0.3327495621716287 0.8618266978922716 0.3327495621716287 0.8571428571428571 0.3362521891418564 0.8571428571428571 0.3380035026269702 0.8618266978922716 0.3397548161120841 0.8641686182669789 0.3450087565674256 0.8688524590163934 0.3467600700525394 0.8711943793911007 0.3450087565674256 0.8665105386416861 0.3432574430823117 0.8618266978922716 0.3450087565674256 0.8548009367681498 0.3415061295971979 0.8501170960187353 0.3380035026269702 0.8501170960187353 0.3309982486865149 0.8430913348946136 0.3274956217162872 0.8407494145199064 0.329246935201401 0.8290398126463701
8 0.29071803852889666 0.7166276346604216 0.29071803852889666 0.711943793911007 0.28896672504378285 0.7096018735362998 0.287215411558669 0.7096018735362998 0.287215411558669 0.7049180327868853 0.28546409807355516 0.7049180327868853 0.28371278458844135 0.7096018735362998 0.28371278458844135 0.7142857142857143 0.28371278458844135 0.7213114754098361 0.287215411558669 0.7236533957845434 0.28896672504378285 0.7259953161592506 0.29071803852889666 0.7283372365339579 0.29422066549912435 0.7283372365339579 0.29772329246935203 0.7236533957845434 0.29597197898423816 0.7189695550351288 0.29246935201401053 0.7189695550351288 0.29071803852889666 0.7166276346604216
8 0.30297723292469353 0.7634660421545667 0.30297723292469353 0.7587822014051522 0.3064798598949212 0.7587822014051522 0.30823117338003503 0.7587822014051522 0.3134851138353765 0.7540983606557377 0.3117338003502627 0.747072599531616 0.3064798598949212 0.7423887587822015 0.30297723292469353 0.7353629976580797 0.30122591943957966 0.7283372365339579 0.30472854640980734 0.7259953161592506 0.30297723292469353 0.711943793911007 0.29947460595446584 0.7072599531615925 0.29772329246935203 0.711943793911007 0.29772329246935203 0.7189695550351288 0.29772329246935203 0.7236533957845434 0.29772329246935203 0.7306791569086651 0.29947460595446584 0.7377049180327869 0.29772329246935203 0.7400468384074942 0.29246935201401053 0.7353629976580797 0.28896672504378285 0.7330210772833724 0.28546409807355516 0.7306791569086651 0.28371278458844135 0.7283372365339579 0.2819614711033275 0.7259953161592506 0.28021015761821366 0.7236533957845434 0.27845884413309985 0.7213114754098361 0.27495621716287216 0.7213114754098361 0.2732049036777583 0.7213114754098361 0.2714535901926445 0.7213114754098361 0.26970227670753066 0.7189695550351288 0.2679509632224168 0.7166276346604216 0.26444833625218916 0.7142857142857143 0.2609457092819615 0.7142857142857143 0.25569176882662 0.7166276346604216 0.2574430823117338 0.7236533957845434 0.266199649737303 0.7259953161592506 0.2714535901926445 0.7353629976580797 0.2714535901926445 0.7330210772833724 0.27495621716287216 0.7353629976580797 0.28371278458844135 0.7377049180327869 0.287215411558669 0.7423887587822015 0.28896672504378285 0.7447306791569087 0.29071803852889666 0.7494145199063232 0.28896672504378285 0.7517564402810304 0.287215411558669 0.7540983606557377 0.28546409807355516 0.7540983606557377 0.28371278458844135 0.7494145199063232 0.28371278458844135 0.747072599531616 0.2819614711033275 0.7447306791569087 0.276707530647986 0.7423887587822015 0.276707530647986 0.747072599531616 0.27495621716287216 0.7494145199063232 0.2732049036777583 0.7494145199063232 0.2732049036777583 0.7447306791569087 0.2714535901926445 0.7400468384074942 0.2679509632224168 0.7423887587822015 0.2679509632224168 0.747072599531616 0.2714535901926445 0.7564402810304449 0.2732049036777583 0.7611241217798594 0.27845884413309985 0.765807962529274 0.2819614711033275 0.7611241217798594 0.28371278458844135 0.7611241217798594 0.29071803852889666 0.765807962529274 0.287215411558669 0.765807962529274 0.29422066549912435 0.7681498829039812 0.29772329246935203 0.7681498829039812 0.30297723292469353 0.7704918032786885 0.30297723292469353 0.7634660421545667
8 0.29772329246935203 0.6721311475409836 0.29071803852889666 0.667447306791569 0.287215411558669 0.667447306791569 0.27845884413309985 0.6651053864168618 0.28021015761821366 0.667447306791569 0.28371278458844135 0.6721311475409836 0.28896672504378285 0.6768149882903981 0.29422066549912435 0.6791569086651054 0.29947460595446584 0.6814988290398126 0.3064798598949212 0.6814988290398126 0.30297723292469353 0.6768149882903981 0.29947460595446584 0.6744730679156908 0.29772329246935203 0.6721311475409836
8 0.3309982486865149 0.6978922716627635 0.329246935201401 0.6978922716627635 0.3257443082311734 0.6955503512880562 0.3222416812609457 0.6955503512880562 0.318739054290718 0.6932084309133489 0.31523642732049034 0.6908665105386417 0.3117338003502627 0.6885245901639344 0.30823117338003503 0.6861826697892272 0.30472854640980734 0.6861826697892272 0.30122591943957966 0.6885245901639344 0.29947460595446584 0.6908665105386417 0.30297723292469353 0.6932084309133489 0.30823117338003503 0.6932084309133489 0.3117338003502627 0.6955503512880562 0.31523642732049034 0.6955503512880562 0.318739054290718 0.7002341920374707 0.3274956217162872 0.7096018735362998 0.3345008756567426 0.7166276346604216 0.3309982486865149 0.7072599531615925 0.329246935201401 0.702576112412178 0.3309982486865149 0.6978922716627635
8 0.3169877408056042 0.7540983606557377 0.318739054290718 0.7611241217798594 0.3222416812609457 0.7634660421545667 0.3239929947460595 0.7540983606557377 0.3222416812609457 0.7494145199063232 0.318739054290718 0.747072599531616 0.3169877408056042 0.7540983606557377
8 0.3309982486865149 0.765807962529274 0.329246935201401 0.765807962529274 0.3257443082311734 0.765807962529274 0.3309982486865149 0.7704918032786885 0.329246935201401 0.7704918032786885 0.3345008756567426 0.7728337236533958 0.3415061295971979 0.7728337236533958 0.3397548161120841 0.7681498829039812 0.3380035026269702 0.7634660421545667 0.3345008756567426 0.765807962529274 0.3309982486865149 0.765807962529274
8 0.4115586690017513 0.7822014051522248 0.4080560420315236 0.775175644028103 0.4080560420315236 0.7775175644028103 0.4063047285464098 0.7822014051522248 0.4063047285464098 0.7915690866510539 0.4063047285464098 0.7985948477751756 0.4080560420315236 0.8056206088992974 0.4098073555166375 0.810304449648712 0.4115586690017513 0.8009367681498829 0.4133099824868651 0.7939110070257611 0.4115586690017513 0.7822014051522248
8 0.4203152364273205 0.6510538641686182 0.4185639229422067 0.6440281030444965 0.4185639229422067 0.6370023419203747 0.415061295971979 0.6370023419203747 0.4098073555166375 0.6370023419203747 0.4063047285464098 0.6370023419203747 0.4010507880910683 0.639344262295082 0.3975481611208406 0.6416861826697893 0.3957968476357268 0.639344262295082 0.39929947460595444 0.6346604215456675 0.4010507880910683 0.629976580796253 0.4028021015761821 0.6276346604215457 0.4063047285464098 0.6229508196721312 0.4098073555166375 0.6206088992974239 0.4080560420315236 0.6182669789227166 0.4028021015761821 0.6229508196721312 0.3975481611208406 0.6276346604215457 0.3922942206654991 0.6323185011709602 0.38879159369527144 0.6370023419203747 0.38528896672504376 0.639344262295082 0.38178633975481613 0.6440281030444965 0.37828371278458844 0.6463700234192038 0.37478108581436076 0.6510538641686182 0.3712784588441331 0.6533957845433255 0.36777583187390545 0.6557377049180327 0.36427320490367776 0.6557377049180327 0.36252189141856395 0.6557377049180327 0.35901926444833626 0.6557377049180327 0.3555166374781086 0.65807962529274 0.3520140105078809 0.65807962529274 0.3467600700525394 0.65807962529274 0.3415061295971979 0.65807962529274 0.3380035026269702 0.6604215456674473 0.3345008756567426 0.6604215456674473 0.329246935201401 0.6604215456674473 0.3257443082311734 0.65807962529274 0.3204903677758319 0.6557377049180327 0.31523642732049034 0.6533957845433255 0.30998248686514884 0.6510538641686182 0.3064798598949212 0.6510538641686182 0.30122591943957966 0.6487119437939111 0.29947460595446584 0.6487119437939111 0.29422066549912435 0.6487119437939111 0.29071803852889666 0.6463700234192038 0.28546409807355516 0.6440281030444965 0.28371278458844135 0.6416861826697893 0.28021015761821366 0.639344262295082 0.27845884413309985 0.6370023419203747 0.27845884413309985 0.6440281030444965 0.2819614711033275 0.6510538641686182 0.287215411558669 0.6533957845433255 0.29246935201401053 0.65807962529274 0.29597197898423816 0.6604215456674473 0.29947460595446584 0.6627634660421545 0.30297723292469353 0.6651053864168618 0.30122591943957966 0.6697892271662763 0.3064798598949212 0.6744730679156908 0.30998248686514884 0.6768149882903981 0.31523642732049034 0.6791569086651054 0.3239929947460595 0.6814988290398126 0.329246935201401 0.6861826697892272 0.3327495621716287 0.6885245901639344 0.3345008756567426 0.6932084309133489 0.3362521891418564 0.6978922716627635 0.3380035026269702 0.7072599531615925 0.3362521891418564 0.7259953161592506 0.3397548161120841 0.7400468384074942 0.3415061295971979 0.747072599531616 0.3432574430823117 0.7587822014051522 0.3415061295971979 0.7681498829039812 0.3415061295971979 0.7775175644028103 0.3415061295971979 0.7868852459016393 0.34851138353765326 0.7845433255269321 0.3555166374781086 0.7868852459016393 0.35901926444833626 0.7939110070257611 0.35376532399299476 0.7939110070257611 0.34851138353765326 0.7939110070257611 0.3415061295971979 0.7985948477751756 0.3380035026269702 0.7962529274004684 0.3345008756567426 0.7915690866510539 0.329246935201401 0.7892271662763466 0.3257443082311734 0.7868852459016393 0.3222416812609457 0.7845433255269321 0.3169877408056042 0.7822014051522248 0.3169877408056042 0.7962529274004684 0.3169877408056042 0.8056206088992974 0.318739054290718 0.8149882903981265 0.3204903677758319 0.819672131147541 0.329246935201401 0.8266978922716628 0.329246935201401 0.8313817330210773 0.3309982486865149 0.8384074941451991 0.3362521891418564 0.8454332552693209 0.3415061295971979 0.8454332552693209 0.34851138353765326 0.8454332552693209 0.3502626970227671 0.8501170960187353 0.3467600700525394 0.8548009367681498 0.3502626970227671 0.8618266978922716 0.35376532399299476 0.8665105386416861 0.3572679509632224 0.8688524590163934 0.3607705779334501 0.8688524590163934 0.36252189141856395 0.8641686182669789 0.3607705779334501 0.8594847775175644 0.36252189141856395 0.8571428571428571 0.3660245183887916 0.8641686182669789 0.3660245183887916 0.8735362997658079 0.36777583187390545 0.8782201405152225 0.36777583187390545 0.8875878220140515 0.36427320490367776 0.8852459016393442 0.36252189141856395 0.8782201405152225 0.3607705779334501 0.8758782201405152 0.3572679509632224 0.8735362997658079 0.35376532399299476 0.8758782201405152 0.3555166374781086 0.8805620608899297 0.35901926444833626 0.8852459016393442 0.36252189141856395 0.892271662763466 0.36952714535901926 0.8969555035128806 0.37478108581436076 0.8899297423887588 0.38178633975481613 0.8875878220140515 0.38879159369527144 0.8899297423887588 0.3905429071803853 0.8969555035128806 0.39929947460595444 0.8992974238875878 0.404553415061296 0.8992974238875878 0.4098073555166375 0.9016393442622951 0.415061295971979 0.9016393442622951 0.4203152364273205 0.9039812646370023 0.4168126094570928 0.8992974238875878 0.4133099824868651 0.8969555035128806 0.4080560420315236 0.8946135831381733 0.404553415061296 0.8946135831381733 0.4063047285464098 0.8899297423887588 0.4115586690017513 0.8899297423887588 0.4185639229422067 0.8969555035128806 0.4238178633975482 0.9133489461358314 0.4273204903677758 0.9203747072599532 0.4308231173380035 0.9250585480093677 0.43257443082311736 0.9250585480093677 0.43257443082311736 0.9180327868852459 0.4290718038528897 0.9063231850117096 0.4290718038528897 0.9016393442622951 0.4273204903677758 0.8946135831381733 0.4238178633975482 0.8875878220140515 0.4220665499124343 0.882903981264637 0.4220665499124343 0.8758782201405152 0.4203152364273205 0.8688524590163934 0.4203152364273205 0.8618266978922716 0.4203152364273205 0.8571428571428571 0.4203152364273205 0.8548009367681498 0.4185639229422067 0.8501170960187353 0.4185639229422067 0.8477751756440282 0.4185639229422067 0.8430913348946136 0.4168126094570928 0.8360655737704918 0.4168126094570928 0.8313817330210773 0.415061295971979 0.8266978922716628 0.4133099824868651 0.8243559718969555 0.4098073555166375 0.8266978922716628 0.4080560420315236 0.8266978922716628 0.4115586690017513 0.819672131147541 0.4168126094570928 0.8149882903981265 0.415061295971979 0.8079625292740047 0.4168126094570928 0.8032786885245902 0.4168126094570928 0.8009367681498829 0.4185639229422067 0.7962529274004684 0.4203152364273205 0.8079625292740047 0.4220665499124343 0.8126463700234192 0.425569176882662 0.8079625292740047 0.4273204903677758 0.8032786885245902 0.4273204903677758 0.7962529274004684 0.4273204903677758 0.7915690866510539 0.4273204903677758 0.7868852459016393 0.425569176882662 0.7868852459016393 0.4220665499124343 0.7892271662763466 0.4203152364273205 0.7915690866510539 0.4203152364273205 0.7892271662763466 0.4220665499124343 0.7845433255269321 0.4238178633975482 0.7822014051522248 0.425569176882662 0.7798594847775175 0.4273204903677758 0.7775175644028103 0.4273204903677758 0.775175644028103 0.425569176882662 0.7704918032786885 0.4238178633975482 0.7634660421545667 0.4220665499124343 0.7587822014051522 0.4185639229422067 0.7564402810304449 0.4168126094570928 0.7611241217798594 0.415061295971979 0.7611241217798594 0.4115586690017513 0.7611241217798594 0.4098073555166375 0.7611241217798594 0.4080560420315236 0.7681498829039812 0.4133099824868651 0.7704918032786885 0.4220665499124343 0.7728337236533958 0.425569176882662 0.7728337236533958 0.4115586690017513 0.775175644028103 0.4133099824868651 0.7822014051522248 0.4133099824868651 0.7939110070257611 0.4133099824868651 0.8009367681498829 0.4098073555166375 0.8079625292740047 0.4098073555166375 0.8149882903981265 0.4080560420315236 0.8173302107728337 0.404553415061296 0.8173302107728337 0.4028021015761821 0.819672131147541 0.39929947460595444 0.8220140515222483 0.3957968476357268 0.8290398126463701 0.3975481611208406 0.8360655737704918 0.404553415061296 0.8430913348946136 0.4098073555166375 0.8524590163934426 0.4063047285464098 0.8571428571428571 0.404553415061296 0.8594847775175644 0.39929947460595444 0.8594847775175644 0.3957968476357268 0.8548009367681498 0.3922942206654991 0.8548009367681498 0.38704028021015763 0.8571428571428571 0.38528896672504376 0.8524590163934426 0.38353765323992994 0.8477751756440282 0.38178633975481613 0.8407494145199064 0.38178633975481613 0.8360655737704918 0.38528896672504376 0.8290398126463701 0.38528896672504376 0.8243559718969555 0.38879159369527144 0.8173302107728337 0.39404553415061294 0.810304449648712 0.3975481611208406 0.8056206088992974 0.3957968476357268 0.8009367681498829 0.39404553415061294 0.8009367681498829 0.39929947460595444 0.7939110070257611 0.4010507880910683 0.7892271662763466 0.4028021015761821 0.7822014051522248 0.4028021015761821 0.7798594847775175 0.39929947460595444 0.7775175644028103 0.3957968476357268 0.7868852459016393 0.39404553415061294 0.7915690866510539 0.3922942206654991 0.7892271662763466 0.3975481611208406 0.7728337236533958 0.39929947460595444 0.7681498829039812 0.39929947460595444 0.765807962529274 0.4010507880910683 0.7611241217798594 0.3975481611208406 0.7611241217798594 0.3957968476357268 0.7611241217798594 0.3922942206654991 0.7634660421545667 0.38879159369527144 0.765807962529274 0.38528896672504376 0.765807962529274 0.38353765323992994 0.765807962529274 0.38178633975481613 0.7634660421545667 0.38003502626970226 0.7634660421545667 0.37828371278458844 0.765807962529274 0.37478108581436076 0.7681498829039812 0.37302977232924694 0.765807962529274 0.36952714535901926 0.7634660421545667 0.3660245183887916 0.7611241217798594 0.36427320490367776 0.7611241217798594 0.36252189141856395 0.7564402810304449 0.3607705779334501 0.7540983606557377 0.3607705779334501 0.7517564402810304 0.35901926444833626 0.7494145199063232 0.3607705779334501 0.747072599531616 0.36777583187390545 0.7494145199063232 0.37828371278458844 0.7494145199063232 0.38178633975481613 0.747072599531616 0.38704028021015763 0.7447306791569087 0.39404553415061294 0.7447306791569087 0.39929947460595444 0.7423887587822015 0.3975481611208406 0.7377049180327869 0.4010507880910683 0.7353629976580797 0.404553415061296 0.7353629976580797 0.4080560420315236 0.7306791569086651 0.4080560420315236 0.7189695550351288 0.4080560420315236 0.7142857142857143 0.4080560420315236 0.7096018735362998 0.4080560420315236 0.702576112412178 0.4098073555166375 0.6978922716627635 0.4115586690017513 0.6908665105386417 0.4133099824868651 0.6838407494145199 0.4133099824868651 0.6791569086651054 0.4115586690017513 0.6768149882903981 0.4098073555166375 0.6768149882903981 0.4080560420315236 0.6768149882903981 0.4063047285464098 0.6721311475409836 0.4063047285464098 0.6697892271662763 0.4063047285464098 0.667447306791569 0.39929947460595444 0.6791569086651054 0.39404553415061294 0.6838407494145199 0.38879159369527144 0.6838407494145199 0.38528896672504376 0.6838407494145199 0.38003502626970226 0.6814988290398126 0.37478108581436076 0.6814988290398126 0.3712784588441331 0.6768149882903981 0.36952714535901926 0.6697892271662763 0.36952714535901926 0.667447306791569 0.37302977232924694 0.6651053864168618 0.38003502626970226 0.6651053864168618 0.38528896672504376 0.667447306791569 0.38879159369527144 0.6651053864168618 0.39404553415061294 0.6627634660421545 0.39929947460595444 0.6627634660421545 0.4063047285464098 0.6627634660421545 0.4098073555166375 0.6627634660421545 0.415061295971979 0.6604215456674473 0.4185639229422067 0.6604215456674473 0.4203152364273205 0.6510538641686182
8 0.38353765323992994 0.5901639344262295 0.38353765323992994 0.5925058548009368 0.38178633975481613 0.5971896955503513 0.38003502626970226 0.5995316159250585 0.37828371278458844 0.6042154566744731 0.37478108581436076 0.6088992974238876 0.37302977232924694 0.6182669789227166 0.3712784588441331 0.6112412177985949 0.36952714535901926 0.6088992974238876 0.37302977232924694 0.5971896955503513 0.3660245183887916 0.6112412177985949 0.3607705779334501 0.6112412177985949 0.3607705779334501 0.6135831381733021 0.3572679509632224 0.6159250585480094 0.35376532399299476 0.6229508196721312 0.35376532399299476 0.629976580796253 0.3502626970227671 0.639344262295082 0.3502626970227671 0.6440281030444965 0.3502626970227671 0.6463700234192038 0.3467600700525394 0.6533957845433255 0.34851138353765326 0.6533957845433255 0.3520140105078809 0.6533957845433255 0.35376532399299476 0.6557377049180327 0.35376532399299476 0.6627634660421545 0.3572679509632224 0.6557377049180327 0.35901926444833626 0.6510538641686182 0.35901926444833626 0.6463700234192038 0.36252189141856395 0.639344262295082 0.36427320490367776 0.629976580796253 0.36777583187390545 0.6276346604215457 0.3712784588441331 0.6252927400468384 0.37302977232924694 0.6252927400468384 0.37478108581436076 0.6252927400468384 0.37828371278458844 0.6229508196721312 0.38003502626970226 0.6229508196721312 0.38003502626970226 0.6252927400468384 0.38003502626970226 0.629976580796253 0.38178633975481613 0.6323185011709602 0.38353765323992994 0.629976580796253 0.38704028021015763 0.6182669789227166 0.38879159369527144 0.6159250585480094 0.3922942206654991 0.6135831381733021 0.3922942206654991 0.6112412177985949 0.3905429071803853 0.6088992974238876 0.38544817688266203 0.6037896533957845 0.38528896672504376 0.6042154566744731 0.3853811418563923 0.6037224215456675 0.38353765323992994 0.6018735362997658 0.38603952889667253 0.6002007353629977 0.38879159369527144 0.585480093676815 0.38528896672504376 0.585480093676815 0.38353765323992994 0.5901639344262295
8 0.35376532399299476 0.5878220140515222 0.3520140105078809 0.5878220140515222 0.34851138353765326 0.5925058548009368 0.3450087565674256 0.594847775175644 0.3467600700525394 0.6018735362997658 0.34851138353765326 0.5995316159250585 0.3502626970227671 0.5971896955503513 0.3520140105078809 0.594847775175644 0.3555166374781086 0.5925058548009368 0.3555166374781086 0.5971896955503513 0.3607705779334501 0.5971896955503513 0.3607705779334501 0.5878220140515222 0.3607705779334501 0.585480093676815 0.3572679509632224 0.585480093676815 0.35376532399299476 0.5878220140515222
8 0.5551663747810858 0.45433255269320844 0.5516637478108581 0.4519906323185012 0.5481611208406305 0.4566744730679157 0.5446584938704028 0.4637002341920375 0.5481611208406305 0.468384074941452 0.5516637478108581 0.4637002341920375 0.5551663747810858 0.45433255269320844
8 0.5166374781085814 0.5152224824355972 0.5183887915936952 0.5175644028103045 0.521891418563923 0.5128805620608899 0.5236427320490368 0.5105386416861827 0.5201401050788091 0.5081967213114754 0.5183887915936952 0.5105386416861827 0.5166374781085814 0.5152224824355972
8 0.4763572679509632 0.7822014051522248 0.47810858143607704 0.7798594847775175 0.47810858143607704 0.7775175644028103 0.47810858143607704 0.775175644028103 0.4798598949211909 0.775175644028103 0.4798598949211909 0.7728337236533958 0.4816112084063047 0.7704918032786885 0.4798598949211909 0.7681498829039812 0.47810858143607704 0.7681498829039812 0.47810858143607704 0.765807962529274 0.47810858143607704 0.7634660421545667 0.47810858143607704 0.7611241217798594 0.4763572679509632 0.7611241217798594 0.4746059544658494 0.7611241217798594 0.4746059544658494 0.7587822014051522 0.4746059544658494 0.7564402810304449 0.47285464098073554 0.7540983606557377 0.47285464098073554 0.7517564402810304 0.47285464098073554 0.7494145199063232 0.47285464098073554 0.747072599531616 0.4711033274956217 0.747072599531616 0.4711033274956217 0.7494145199063232 0.46935201401050786 0.7540983606557377 0.4711033274956217 0.7587822014051522 0.4711033274956217 0.765807962529274 0.4711033274956217 0.7704918032786885 0.47285464098073554 0.7728337236533958 0.47285464098073554 0.7775175644028103 0.47285464098073554 0.7798594847775175 0.4746059544658494 0.7822014051522248 0.4763572679509632 0.7822014051522248
8 0.4711033274956217 0.7072599531615925 0.4711033274956217 0.7049180327868853 0.46935201401050786 0.7049180327868853 0.46935201401050786 0.702576112412178 0.46935201401050786 0.7002341920374707 0.46760070052539404 0.7002341920374707 0.46409807355516636 0.7049180327868853 0.46409807355516636 0.7072599531615925 0.46409807355516636 0.711943793911007 0.46409807355516636 0.7142857142857143 0.46234676007005254 0.7166276346604216 0.46234676007005254 0.7189695550351288 0.46234676007005254 0.7236533957845434 0.46234676007005254 0.7259953161592506 0.46409807355516636 0.7306791569086651 0.46059544658493873 0.7283372365339579 0.46059544658493873 0.7330210772833724 0.46059544658493873 0.7377049180327869 0.46409807355516636 0.7447306791569087 0.4658493870402802 0.7517564402810304 0.46760070052539404 0.747072599531616 0.46760070052539404 0.7447306791569087 0.46760070052539404 0.7400468384074942 0.46760070052539404 0.7377049180327869 0.46760070052539404 0.7353629976580797 0.46760070052539404 0.7330210772833724 0.46760070052539404 0.7306791569086651 0.46935201401050786 0.7283372365339579 0.46935201401050786 0.7259953161592506 0.46935201401050786 0.7236533957845434 0.4711033274956217 0.7236533957845434 0.47285464098073554 0.7236533957845434 0.47285464098073554 0.7189695550351288 0.47285464098073554 0.7166276346604216 0.47285464098073554 0.711943793911007 0.4711033274956217 0.7072599531615925
8 0.5271453590192644 0.5667447306791569 0.5411558669001751 0.5573770491803278 0.5376532399299475 0.5339578454332553 0.5236427320490368 0.5175644028103045 0.5131348511383538 0.5386416861826698 0.5166374781085814 0.5480093676814989 0.5236427320490368 0.5573770491803278 0.5271453590192644 0.5667447306791569
6 0.5569176882661997 0.7423887587822015 0.5341506129597198 0.7587822014051522 0.5394045534150613 0.7798594847775175 0.5621716287215411 0.7611241217798594 0.5761821366024519 0.711943793911007 0.5726795096322241 0.702576112412178 0.5569176882661997 0.7423887587822015
3 0.49224418388791596 0.8771328196721311 0.4956217162872154 0.8477751756440282 0.4711033274956217 0.7822014051522248 0.4185639229422067 0.8243559718969555 0.4220665499124343 0.8618266978922716 0.47285464098073554 0.8641686182669789 0.49224418388791596 0.8771328196721311
3 0.553415061295972 0.8477751756440282 0.5621716287215411 0.882903981264637 0.5726795096322241 0.8735362997658079 0.5901926444833625 0.819672131147541 0.5796847635726795 0.6861826697892272 0.5359019264448336 0.7798594847775175 0.553415061295972 0.8477751756440282
3 0.5954465849387041 0.522248243559719 0.563922942206655 0.5620608899297423 0.563922942206655 0.5292740046838408 0.553415061295972 0.5152224824355972 0.5341506129597198 0.5644028103044496 0.532399299474606 0.6791569086651054 0.5341506129597198 0.7564402810304449 0.5446584938704028 0.7611241217798594 0.563922942206655 0.7166276346604216 0.5989492119089317 0.5971896955503513 0.6147110332749562 0.531615925058548 0.5954465849387041 0.522248243559719
8 0.4903677758318739 0.5245901639344263 0.4903677758318739 0.5199063231850117 0.4868651488616462 0.531615925058548 0.4851138353765324 0.5339578454332553 0.4798598949211909 0.5362997658079626 0.4746059544658494 0.5339578454332553 0.4746059544658494 0.5292740046838408 0.47285464098073554 0.5245901639344263 0.46935201401050786 0.5292740046838408 0.46760070052539404 0.5339578454332553 0.4658493870402802 0.5292740046838408 0.46409807355516636 0.5245901639344263 0.46059544658493873 0.5292740046838408 0.46234676007005254 0.5339578454332553 0.46234676007005254 0.5386416861826698 0.46234676007005254 0.5433255269320844 0.46234676007005254 0.5480093676814989 0.46234676007005254 0.5573770491803278 0.46234676007005254 0.5620608899297423 0.4658493870402802 0.5573770491803278 0.4658493870402802 0.5526932084309133 0.4658493870402802 0.5480093676814989 0.46760070052539404 0.5456674473067916 0.46935201401050786 0.550351288056206 0.46935201401050786 0.5573770491803278 0.4711033274956217 0.550351288056206 0.4746059544658494 0.5433255269320844 0.47285464098073554 0.5550351288056206 0.4763572679509632 0.5526932084309133 0.47810858143607704 0.5480093676814989 0.47810858143607704 0.5526932084309133 0.4816112084063047 0.5456674473067916 0.48336252189141854 0.5409836065573771 0.48336252189141854 0.5526932084309133 0.4851138353765324 0.5550351288056206 0.4868651488616462 0.5644028103044496 0.4886164623467601 0.5550351288056206 0.4903677758318739 0.5480093676814989 0.4921190893169877 0.5386416861826698 0.4921190893169877 0.5292740046838408 0.4903677758318739 0.5245901639344263
8 0.5043782837127846 0.550351288056206 0.500875656742557 0.5550351288056206 0.4991243432574431 0.5597189695550351 0.4973730297723292 0.5644028103044496 0.4973730297723292 0.5737704918032787 0.4938704028021016 0.5784543325526932 0.4903677758318739 0.585480093676815 0.4868651488616462 0.594847775175644 0.4868651488616462 0.5995316159250585 0.4851138353765324 0.6065573770491803 0.4816112084063047 0.6135831381733021 0.4816112084063047 0.6206088992974239 0.4798598949211909 0.6276346604215457 0.47810858143607704 0.639344262295082 0.4763572679509632 0.6487119437939111 0.4746059544658494 0.6533957845433255 0.47285464098073554 0.6627634660421545 0.47285464098073554 0.667447306791569 0.47285464098073554 0.6721311475409836 0.4763572679509632 0.6697892271662763 0.47810858143607704 0.6651053864168618 0.4798598949211909 0.6463700234192038 0.4816112084063047 0.6416861826697893 0.4851138353765324 0.6346604215456675 0.4851138353765324 0.6276346604215457 0.4868651488616462 0.6206088992974239 0.4903677758318739 0.6065573770491803 0.4938704028021016 0.594847775175644 0.4956217162872154 0.5901639344262295 0.4973730297723292 0.585480093676815 0.4991243432574431 0.5807962529274004 0.500875656742557 0.5737704918032787 0.5026269702276708 0.5690866510538641 0.5026269702276708 0.5644028103044496 0.5043782837127846 0.5550351288056206 0.5096322241681261 0.5386416861826698 0.5061295971978984 0.5386416861826698 0.5061295971978984 0.5433255269320844 0.5061295971978984 0.5456674473067916 0.5043782837127846 0.550351288056206
8 0.44833625218914186 0.65807962529274 0.44833625218914186 0.6557377049180327 0.44833625218914186 0.6533957845433255 0.4500875656742557 0.6533957845433255 0.4500875656742557 0.6487119437939111 0.4500875656742557 0.639344262295082 0.44833625218914186 0.6416861826697893 0.44658493870402804 0.6416861826697893 0.4448336252189142 0.6440281030444965 0.4448336252189142 0.6463700234192038 0.44308231173380036 0.6463700234192038 0.44308231173380036 0.6440281030444965 0.44308231173380036 0.6416861826697893 0.44308231173380036 0.6370023419203747 0.44308231173380036 0.6346604215456675 0.4413309982486865 0.6346604215456675 0.4413309982486865 0.639344262295082 0.4395796847635727 0.6416861826697893 0.4395796847635727 0.6440281030444965 0.4395796847635727 0.6463700234192038 0.4395796847635727 0.6487119437939111 0.43782837127845886 0.6510538641686182 0.436077057793345 0.6510538641686182 0.43257443082311736 0.6533957845433255 0.4290718038528897 0.6557377049180327 0.4290718038528897 0.65807962529274 0.4308231173380035 0.6604215456674473 0.43257443082311736 0.6604215456674473 0.43257443082311736 0.6627634660421545 0.4308231173380035 0.667447306791569 0.43257443082311736 0.6697892271662763 0.43257443082311736 0.6721311475409836 0.43257443082311736 0.6744730679156908 0.4343257443082312 0.6744730679156908 0.4343257443082312 0.6697892271662763 0.436077057793345 0.667447306791569 0.436077057793345 0.6627634660421545 0.436077057793345 0.65807962529274 0.43782837127845886 0.65807962529274 0.43782837127845886 0.6627634660421545 0.43782837127845886 0.6651053864168618 0.43782837127845886 0.667447306791569 0.436077057793345 0.6697892271662763 0.436077057793345 0.6744730679156908 0.43782837127845886 0.6744730679156908 0.4395796847635727 0.6768149882903981 0.4413309982486865 0.6791569086651054 0.44308231173380036 0.6768149882903981 0.4448336252189142 0.6744730679156908 0.44658493870402804 0.6697892271662763 0.44833625218914186 0.667447306791569 0.44833625218914186 0.6627634660421545 0.44833625218914186 0.65807962529274
8 0.4553415061295972 0.5081967213114754 0.45359019264448336 0.5081967213114754 0.45183887915936954 0.5105386416861827 0.45183887915936954 0.5035128805620609 0.44833625218914186 0.5011709601873536 0.44833625218914186 0.5081967213114754 0.44833625218914186 0.5128805620608899 0.44658493870402804 0.5128805620608899 0.4448336252189142 0.5128805620608899 0.4448336252189142 0.5105386416861827 0.44308231173380036 0.5105386416861827 0.4413309982486865 0.5105386416861827 0.4413309982486865 0.5128805620608899 0.4413309982486865 0.5152224824355972 0.44308231173380036 0.5152224824355972 0.44308231173380036 0.5175644028103045 0.4448336252189142 0.5199063231850117 0.44658493870402804 0.522248243559719 0.44833625218914186 0.522248243559719 0.44833625218914186 0.5245901639344263 0.44833625218914186 0.5269320843091335 0.44833625218914186 0.5292740046838408 0.44833625218914186 0.531615925058548 0.44833625218914186 0.5339578454332553 0.4500875656742557 0.5362997658079626 0.4500875656742557 0.5339578454332553 0.4500875656742557 0.531615925058548 0.45183887915936954 0.5292740046838408 0.45183887915936954 0.531615925058548 0.45359019264448336 0.531615925058548 0.45359019264448336 0.5292740046838408 0.45359019264448336 0.5269320843091335 0.4553415061295972 0.5292740046838408 0.45709281961471104 0.522248243559719 0.45359019264448336 0.5199063231850117 0.45359019264448336 0.5128805620608899 0.4553415061295972 0.5081967213114754
8 0.4413309982486865 0.5058548009367682 0.4395796847635727 0.5035128805620609 0.436077057793345 0.5058548009367682 0.436077057793345 0.5011709601873536 0.436077057793345 0.4964871194379391 0.43257443082311736 0.49414519906323184 0.4308231173380035 0.4918032786885246 0.4290718038528897 0.49414519906323184 0.4290718038528897 0.4918032786885246 0.4290718038528897 0.48711943793911006 0.4308231173380035 0.4847775175644028 0.4308231173380035 0.48243559718969553 0.4343257443082312 0.48711943793911006 0.4343257443082312 0.477751756440281 0.436077057793345 0.47540983606557374 0.436077057793345 0.47306791569086654 0.43782837127845886 0.47306791569086654 0.43782837127845886 0.477751756440281 0.4395796847635727 0.477751756440281 0.4395796847635727 0.47540983606557374 0.4413309982486865 0.4707259953161593 0.4413309982486865 0.46604215456674475 0.4413309982486865 0.4637002341920375 0.4413309982486865 0.45901639344262296 0.4395796847635727 0.4566744730679157 0.436077057793345 0.45433255269320844 0.4343257443082312 0.4519906323185012 0.43257443082311736 0.4519906323185012 0.4308231173380035 0.4519906323185012 0.4290718038528897 0.45433255269320844 0.4273204903677758 0.4566744730679157 0.425569176882662 0.45901639344262296 0.425569176882662 0.4613583138173302 0.4220665499124343 0.4637002341920375 0.4203152364273205 0.468384074941452 0.4203152364273205 0.4707259953161593 0.4203152364273205 0.47306791569086654 0.4168126094570928 0.48009367681498827 0.4168126094570928 0.48243559718969553 0.4168126094570928 0.4847775175644028 0.4168126094570928 0.4894613583138173 0.4133099824868651 0.4918032786885246 0.4115586690017513 0.49414519906323184 0.4098073555166375 0.4964871194379391 0.4115586690017513 0.49882903981264637 0.4098073555166375 0.5035128805620609 0.4080560420315236 0.5058548009367682 0.4063047285464098 0.5035128805620609 0.4028021015761821 0.5035128805620609 0.39929947460595444 0.5058548009367682 0.3975481611208406 0.5058548009367682 0.3957968476357268 0.5105386416861827 0.39404553415061294 0.5128805620608899 0.39404553415061294 0.5152224824355972 0.3922942206654991 0.5199063231850117 0.3922942206654991 0.5245901639344263 0.3905429071803853 0.5292740046838408 0.38879159369527144 0.5292740046838408 0.38704028021015763 0.531615925058548 0.38528896672504376 0.5339578454332553 0.38353765323992994 0.5386416861826698 0.38178633975481613 0.5433255269320844 0.38003502626970226 0.5456674473067916 0.38003502626970226 0.5480093676814989 0.37828371278458844 0.550351288056206 0.37828371278458844 0.5526932084309133 0.37828371278458844 0.5550351288056206 0.37828371278458844 0.5573770491803278 0.37828371278458844 0.5597189695550351 0.37302977232924694 0.5644028103044496 0.3712784588441331 0.5667447306791569 0.36777583187390545 0.5690866510538641 0.36777583187390545 0.5737704918032787 0.3660245183887916 0.5761124121779859 0.3660245183887916 0.5784543325526932 0.36427320490367776 0.5784543325526932 0.36252189141856395 0.5807962529274004 0.36252189141856395 0.5831381733021077 0.3607705779334501 0.585480093676815 0.36252189141856395 0.5878220140515222 0.36252189141856395 0.5901639344262295 0.36427320490367776 0.5925058548009368 0.3660245183887916 0.5925058548009368 0.36952714535901926 0.5925058548009368 0.3712784588441331 0.5925058548009368 0.37302977232924694 0.5925058548009368 0.37478108581436076 0.594847775175644 0.37653239929947463 0.5925058548009368 0.38003502626970226 0.5901639344262295 0.38178633975481613 0.5878220140515222 0.38353765323992994 0.585480093676815 0.38704028021015763 0.585480093676815 0.38879159369527144 0.5807962529274004 0.38879159369527144 0.5737704918032787 0.38879159369527144 0.5714285714285714 0.38879159369527144 0.5690866510538641 0.38879159369527144 0.5644028103044496 0.38704028021015763 0.5620608899297423 0.38879159369527144 0.5597189695550351 0.3905429071803853 0.5573770491803278 0.3922942206654991 0.5550351288056206 0.39404553415061294 0.5550351288056206 0.3975481611208406 0.550351288056206 0.39929947460595444 0.550351288056206 0.4010507880910683 0.550351288056206 0.4010507880910683 0.5480093676814989 0.4028021015761821 0.5456674473067916 0.404553415061296 0.5433255269320844 0.4063047285464098 0.5433255269320844 0.4063047285464098 0.5409836065573771 0.4080560420315236 0.5409836065573771 0.4133099824868651 0.5456674473067916 0.4133099824868651 0.5433255269320844 0.4115586690017513 0.5433255269320844 0.4098073555166375 0.5409836065573771 0.4098073555166375 0.5386416861826698 0.4098073555166375 0.5362997658079626 0.4098073555166375 0.5339578454332553 0.4098073555166375 0.531615925058548 0.4098073555166375 0.5292740046838408 0.4115586690017513 0.5292740046838408 0.4115586690017513 0.5269320843091335 0.4115586690017513 0.5245901639344263 0.4115586690017513 0.522248243559719 0.4133099824868651 0.522248243559719 0.415061295971979 0.522248243559719 0.415061295971979 0.5245901639344263 0.4168126094570928 0.5269320843091335 0.4185639229422067 0.5269320843091335 0.4203152364273205 0.5269320843091335 0.4203152364273205 0.5292740046838408 0.4203152364273205 0.531615925058548 0.4220665499124343 0.5339578454332553 0.4220665499124343 0.5362997658079626 0.4220665499124343 0.5386416861826698 0.4220665499124343 0.5409836065573771 0.4220665499124343 0.5433255269320844 0.4220665499124343 0.5456674473067916 0.4220665499124343 0.5480093676814989 0.4220665499124343 0.550351288056206 0.4238178633975482 0.550351288056206 0.4238178633975482 0.5480093676814989 0.4238178633975482 0.5456674473067916 0.4238178633975482 0.5409836065573771 0.425569176882662 0.5409836065573771 0.425569176882662 0.5362997658079626 0.425569176882662 0.5339578454332553 0.4273204903677758 0.5339578454332553 0.4290718038528897 0.5339578454332553 0.4290718038528897 0.5362997658079626 0.4308231173380035 0.5362997658079626 0.4308231173380035 0.5386416861826698 0.43257443082311736 0.5409836065573771 0.43257443082311736 0.5386416861826698 0.4343257443082312 0.5386416861826698 0.436077057793345 0.5409836065573771 0.436077057793345 0.5433255269320844 0.436077057793345 0.5456674473067916 0.43782837127845886 0.5456674473067916 0.43782837127845886 0.5433255269320844 0.43782837127845886 0.5409836065573771 0.43782837127845886 0.5386416861826698 0.4395796847635727 0.5362997658079626 0.4395796847635727 0.5339578454332553 0.4395796847635727 0.531615925058548 0.4395796847635727 0.5292740046838408 0.4413309982486865 0.5292740046838408 0.4413309982486865 0.5269320843091335 0.4413309982486865 0.5152224824355972 0.4413309982486865 0.5105386416861827 0.4413309982486865 0.5058548009367682
8 0.4448336252189142 0.4847775175644028 0.4448336252189142 0.48243559718969553 0.44308231173380036 0.48243559718969553 0.44308231173380036 0.48009367681498827 0.4413309982486865 0.477751756440281 0.4413309982486865 0.48243559718969553 0.4413309982486865 0.48711943793911006 0.4413309982486865 0.4894613583138173 0.4395796847635727 0.49414519906323184 0.4395796847635727 0.4964871194379391 0.4395796847635727 0.49882903981264637 0.4413309982486865 0.5011709601873536 0.44308231173380036 0.49882903981264637 0.44308231173380036 0.49414519906323184 0.44308231173380036 0.4918032786885246 0.4448336252189142 0.4894613583138173 0.4448336252189142 0.4847775175644028
8 0.43782837127845886 0.6088992974238876 0.43782837127845886 0.6065573770491803 0.436077057793345 0.6042154566744731 0.436077057793345 0.5995316159250585 0.436077057793345 0.5971896955503513 0.4343257443082312 0.5971896955503513 0.4343257443082312 0.6018735362997658 0.43257443082311736 0.6018735362997658 0.43257443082311736 0.6042154566744731 0.43257443082311736 0.6065573770491803 0.4308231173380035 0.6088992974238876 0.4290718038528897 0.6088992974238876 0.4273204903677758 0.6088992974238876 0.425569176882662 0.6065573770491803 0.425569176882662 0.6042154566744731 0.425569176882662 0.6018735362997658 0.4238178633975482 0.6018735362997658 0.4220665499124343 0.6018735362997658 0.4203152364273205 0.6042154566744731 0.4185639229422067 0.6065573770491803 0.4185639229422067 0.6088992974238876 0.4168126094570928 0.6112412177985949 0.4203152364273205 0.6112412177985949 0.4220665499124343 0.6135831381733021 0.4238178633975482 0.6135831381733021 0.4238178633975482 0.6159250585480094 0.425569176882662 0.6135831381733021 0.4273204903677758 0.6135831381733021 0.4273204903677758 0.6159250585480094 0.4273204903677758 0.6182669789227166 0.4290718038528897 0.6182669789227166 0.4290718038528897 0.6159250585480094 0.4290718038528897 0.6135831381733021 0.4308231173380035 0.6159250585480094 0.43257443082311736 0.6159250585480094 0.4343257443082312 0.6229508196721312 0.436077057793345 0.6229508196721312 0.43782837127845886 0.6229508196721312 0.43782837127845886 0.6206088992974239 0.43782837127845886 0.6159250585480094 0.43782837127845886 0.6135831381733021 0.43782837127845886 0.6088992974238876
0 0.47528388266199645 1 0.45359019264448336 0.9625292740046838 0.4273204903677758 0.882903981264637 0.4168126094570928 0.819672131147541 0.48336252189141854 0.775175644028103 0.4816112084063047 0.7096018735362998 0.4868651488616462 0.6229508196721312 0.5183887915936952 0.5269320843091335 0.44658493870402804 0.4379391100702576 0.4098073555166375 0.477751756440281 0.39404553415061294 0.4894613583138173 0.37828371278458844 0.5011709601873536 0.3660245183887916 0.5058548009367682 0.3467600700525394 0.5105386416861827 0.30823117338003503 0.5199063231850117 0.29772329246935203 0.5245901639344263 0.28896672504378285 0.5339578454332553 0.28371278458844135 0.5409836065573771 0.28021015761821366 0.550351288056206 0.26970227670753066 0.639344262295082 0.2626970227670753 0.702576112412178 0.2539404553415061 0.7166276346604216 0.2521891418563923 0.7259953161592506 0.2521891418563923 0.7353629976580797 0.26444833625218916 0.7728337236533958 0.28021015761821366 0.8079625292740047 0.29071803852889666 0.8501170960187353 0.29597197898423816 0.8758782201405152 0.329246935201401 0.9414519906323185 0.35901926444833626 0.990632318501171 0.366436591943958 1 0.47528388266199645 1
5 0.36252189141856395 0.45433255269320844 0.38704028021015763 0.4426229508196721 0.404553415061296 0.4238875878220141 0.415061295971979 0.4028103044496487 0.4203152364273205 0.3840749414519906 0.4203152364273205 0.36533957845433257 0.4080560420315236 0.351288056206089 0.37653239929947463 0.34660421545667447 0.3467600700525394 0.35362997658079626 0.30122591943957966 0.4028103044496487 0.29772329246935203 0.4379391100702576 0.3117338003502627 0.4566744730679157 0.3380035026269702 0.4637002341920375 0.36252189141856395 0.45433255269320844
3 0.4308231173380035 0.27634660421545665 0.4010507880910683 0.27400468384074944 0.37653239929947463 0.27634660421545665 0.36427320490367776 0.29508196721311475 0.36777583187390545 0.3091334894613583 0.37828371278458844 0.3091334894613583 0.39929947460595444 0.2997658079625293 0.4220665499124343 0.2997658079625293 0.4448336252189142 0.2997658079625293 0.4658493870402802 0.3091334894613583 0.4746059544658494 0.30679156908665106 0.46059544658493873 0.28805620608899296 0.4308231173380035 0.27634660421545665