3 0.44155053470437017 0 0.43444730077120824 0.014112903225806451 0.4241645244215938 0.04233870967741935 0.42287917737789205 0.07056451612903226 0.4241645244215938 0.09475806451612903 0.4254498714652956 0.12298387096774194 0.42930591259640105 0.13911290322580644 0.43316195372750643 0.1592741935483871 0.4370179948586118 0.1875 0.4498714652956298 0.1975806451612903 0.4601542416452442 0.1774193548387097 0.46786632390745503 0.20362903225806453 0.4781491002570694 0.22782258064516128 0.4974293059125964 0.22580645161290322 0.5102827763496144 0.22580645161290322 0.4665809768637532 0.02620967741935484 0.4598971722365039 0 0.44155053470437017 0
8 0.38431876606683807 0.24798387096774194 0.38817480719794345 0.2318548387096774 0.39203084832904883 0.21370967741935484 0.397172236503856 0.19153225806451613 0.40359897172236503 0.1693548387096774 0.41002570694087404 0.14516129032258066 0.4138817480719794 0.1310483870967742 0.41773778920308485 0.12096774193548387 0.41773778920308485 0.10483870967741936 0.4203084832904884 0.0907258064516129 0.4203084832904884 0.07459677419354839 0.42287917737789205 0.05846774193548387 0.4241645244215938 0.04435483870967742 0.4267352185089974 0.03225806451612903 0.42802056555269924 0.024193548387096774 0.4254498714652956 0.024193548387096774 0.42287917737789205 0.03225806451612903 0.4190231362467866 0.04435483870967742 0.41645244215938304 0.0625 0.4138817480719794 0.08669354838709678 0.41002570694087404 0.11088709677419355 0.40359897172236503 0.1310483870967742 0.39845758354755784 0.1592741935483871 0.39203084832904883 0.1814516129032258 0.38431876606683807 0.2056451612903226 0.3791773778920309 0.2318548387096774 0.37532133676092544 0.25201612903225806 0.37275064267352187 0.2600806451612903 0.3740359897172236 0.2701612903225806 0.37789203084832906 0.2701612903225806 0.38174807197943444 0.25806451612903225 0.38431876606683807 0.24798387096774194
8 0.4360539845758355 0 0.4370179948586118 0.006048387096774193 0.4370179948586118 0.016129032258064516 0.4370179948586118 0.020161290322580645 0.44087403598971725 0.024193548387096774 0.4434447300771208 0.020161290322580645 0.4434447300771208 0.010080645161290322 0.4434447300771208 0.0020161290322580645 0.4434447300771208 0 0.4360539845758355 0
8 0.4370179948586118 0.09274193548387097 0.43958868894601544 0.0967741935483871 0.4434447300771208 0.0907258064516129 0.44601542416452444 0.08064516129032258 0.4498714652956298 0.07459677419354839 0.4498714652956298 0.06653225806451613 0.4473007712082262 0.06451612903225806 0.442159383033419 0.06653225806451613 0.43958868894601544 0.07258064516129033 0.4370179948586118 0.07862903225806452 0.4370179948586118 0.0846774193548387 0.4370179948586118 0.09274193548387097
8 0.4473007712082262 0.06048387096774194 0.45115681233933164 0.06048387096774194 0.4498714652956298 0.04838709677419355 0.44473007712082263 0.04233870967741935 0.442159383033419 0.036290322580645164 0.43958868894601544 0.028225806451612902 0.43444730077120824 0.02620967741935484 0.4370179948586118 0.034274193548387094 0.44087403598971725 0.04233870967741935 0.4434447300771208 0.05040322580645161 0.4473007712082262 0.06048387096774194
8 0.42095115681233936 0 0.4203084832904884 0.0020161290322580645 0.42159383033419023 0.004032258064516129 0.4241645244215938 0.004032258064516129 0.4241645244215938 0.0020161290322580645 0.4241645244215938 0 0.42095115681233936 0
6 0.4717223650385604 0.05846774193548387 0.4730077120822622 0.05443548387096774 0.4717223650385604 0.046370967741935484 0.4691516709511568 0.04032258064516129 0.4691516709511568 0.036290322580645164 0.4665809768637532 0.038306451612903226 0.4665809768637532 0.046370967741935484 0.4665809768637532 0.05443548387096774 0.46786632390745503 0.05846774193548387 0.4717223650385604 0.05846774193548387
6 0.4717223650385604 0.09274193548387097 0.4730077120822622 0.1028225806451613 0.47429305912596403 0.11088709677419355 0.4781491002570694 0.11895161290322581 0.480719794344473 0.11491935483870967 0.480719794344473 0.11088709677419355 0.4781491002570694 0.10685483870967742 0.4768637532133676 0.09879032258064516 0.4755784061696658 0.09475806451612903 0.47429305912596403 0.08870967741935484 0.4730077120822622 0.08266129032258064 0.4704370179948586 0.07862903225806452 0.4704370179948586 0.07056451612903226 0.4665809768637532 0.07258064516129033 0.4640102827763496 0.07459677419354839 0.461439588688946 0.07862903225806452 0.4588688946015424 0.08266129032258064 0.461439588688946 0.08266129032258064 0.4640102827763496 0.08266129032258064 0.4665809768637532 0.08064516129032258 0.4691516709511568 0.08266129032258064 0.4704370179948586 0.08669354838709678 0.4717223650385604 0.09274193548387097
4 0.4318766066838046 0.1774193548387097 0.4318766066838046 0.1693548387096774 0.4305912596401028 0.16532258064516128 0.4267352185089974 0.16733870967741934 0.4241645244215938 0.17338709677419356 0.4241645244215938 0.1814516129032258 0.4254498714652956 0.18548387096774194 0.42930591259640105 0.18548387096774194 0.4318766066838046 0.1774193548387097
4 0.42930591259640105 0.2439516129032258 0.43316195372750643 0.23588709677419356 0.43444730077120824 0.2318548387096774 0.4370179948586118 0.22379032258064516 0.4383033419023136 0.21975806451612903 0.4383033419023136 0.20967741935483872 0.43444730077120824 0.20766129032258066 0.42802056555269924 0.21169354838709678 0.42802056555269924 0.2217741935483871 0.4267352185089974 0.22782258064516128 0.4241645244215938 0.2318548387096774 0.4203084832904884 0.2318548387096774 0.41773778920308485 0.2318548387096774 0.41773778920308485 0.24193548387096775 0.42287917737789205 0.24596774193548387 0.4267352185089974 0.24798387096774194 0.42930591259640105 0.2439516129032258
4 0.4434447300771208 0.26411290322580644 0.44473007712082263 0.2600806451612903 0.44601542416452444 0.2560483870967742 0.44473007712082263 0.24798387096774194 0.44601542416452444 0.2439516129032258 0.44473007712082263 0.2399193548387097 0.442159383033419 0.2399193548387097 0.4383033419023136 0.24193548387096775 0.4383033419023136 0.25 0.4383033419023136 0.2540322580645161 0.44087403598971725 0.2600806451612903 0.4434447300771208 0.26411290322580644
4 0.4138817480719794 0.2439516129032258 0.41002570694087404 0.24193548387096775 0.4087403598971722 0.25 0.41131105398457585 0.25201612903225806 0.41516709511568123 0.25 0.4138817480719794 0.2439516129032258
4 0.455012853470437 0.28830645161290325 0.45115681233933164 0.2862903225806452 0.4498714652956298 0.2903225806451613 0.45115681233933164 0.2963709677419355 0.4537275064267352 0.29435483870967744 0.455012853470437 0.28830645161290325
0 0.45115681233933164 0.7459677419354839 0.461439588688946 0.7237903225806451 0.4755784061696658 0.6754032258064516 0.493573264781491 0.6129032258064516 0.5038560411311054 0.5806451612903226 0.5077120822622108 0.5564516129032258 0.506426735218509 0.5342741935483871 0.5089974293059126 0.5141129032258065 0.5089974293059126 0.4899193548387097 0.5115681233933161 0.4838709677419355 0.5141388174807198 0.4596774193548387 0.5205655526992288 0.42338709677419356 0.5269922879177378 0.37701612903225806 0.532133676092545 0.3467741935483871 0.5359897172236504 0.3286290322580645 0.538560411311054 0.3185483870967742 0.5424164524421594 0.3125 0.538560411311054 0.3064516129032258 0.5372750642673522 0.2923387096774194 0.538560411311054 0.28024193548387094 0.5424164524421594 0.27419354838709675 0.538560411311054 0.25201612903225806 0.532133676092545 0.22580645161290322 0.5282776349614395 0.1774193548387097 0.5167095115681234 0.125 0.5102827763496144 0.12903225806451613 0.5179948586118251 0.17338709677419356 0.5231362467866324 0.21169354838709678 0.525706940874036 0.2862903225806452 0.5141388174807198 0.3326612903225806 0.5051413881748072 0.3709677419354839 0.4948586118251928 0.42338709677419356 0.4832904884318766 0.5040322580645161 0.4832904884318766 0.5483870967741935 0.480719794344473 0.5705645161290323 0.47429305912596403 0.594758064516129 0.46786632390745503 0.6270161290322581 0.4601542416452442 0.655241935483871 0.4524421593830334 0.6995967741935484 0.44473007712082263 0.7298387096774194 0.43958868894601544 0.7459677419354839 0.4370179948586118 0.7560483870967742 0.4305912596401028 0.7701612903225806 0.42159383033419023 0.7842741935483871 0.4267352185089974 0.780241935483871 0.43573264781491 0.7741935483870968 0.44473007712082263 0.7620967741935484 0.45115681233933164 0.7459677419354839