8 0.6246648793565683 0.46875 0.6554959785522788 0.4583333333333333 0.6970509383378016 0.43125 0.7117962466487936 0.4375 0.7493297587131368 0.4166666666666667 0.7667560321715817 0.4 0.7707774798927614 0.3770833333333333 0.7855227882037533 0.36041666666666666 0.806970509383378 0.35208333333333336 0.8150134048257373 0.36666666666666664 0.8364611260053619 0.36875 0.8337801608579088 0.3854166666666667 0.8150134048257373 0.3958333333333333 0.7949061662198391 0.4041666666666667 0.7613941018766756 0.42291666666666666 0.7319034852546917 0.44166666666666665 0.707774798927614 0.4625 0.675603217158177 0.48125 0.6554959785522788 0.49583333333333335 0.631367292225201 0.5104166666666666
8 0.8431635388739946 0.3625 0.853887399463807 0.35 0.8646112600536193 0.33958333333333335 0.8739946380697051 0.3375 0.8672922252010724 0.35625 0.8579088471849866 0.36041666666666666 0.8512064343163539 0.37083333333333335
8 0.4343163538873995 0.9020833333333333 0.43967828418230565 0.8895833333333333 0.450402144772118 0.8916666666666667 0.4597855227882037 0.8979166666666667 0.4517426273458445 0.90625 0.4436997319034853 0.9020833333333333
8 0.5 0.9479166666666666 0.5093833780160858 0.9375 0.5227882037533512 0.9333333333333333 0.532171581769437 0.93125 0.532171581769437 0.9458333333333333 0.5254691689008043 0.9458333333333333 0.514745308310992 0.95 0.5080428954423593 0.9520833333333333
3 0.6206434316353887 0.325 0.6501340482573726 0.3104166666666667 0.6849865951742627 0.29791666666666666 0.7144772117962467 0.28958333333333336 0.7493297587131368 0.2875 0.7667560321715817 0.3145833333333333 0.7788203753351206 0.35208333333333336 0.7788203753351206 0.4166666666666667 0.7734584450402144 0.46458333333333335 0.7613941018766756 0.5041666666666667 0.7439678284182306 0.5375 0.7144772117962467 0.5625 0.6809651474530831 0.5958333333333333 0.6407506702412868 0.6270833333333333 0.6394101876675603 0.5875 0.6394101876675603 0.51875 0.628686327077748 0.5041666666666667 0.6273458445040214 0.46458333333333335 0.628686327077748 0.4166666666666667 0.628686327077748 0.3770833333333333 0.6246648793565683 0.35208333333333336
3 0.8364611260053619 0.32916666666666666 0.8378016085790885 0.34791666666666665 0.8404825737265416 0.3645833333333333 0.8498659517426274 0.38333333333333336 0.853887399463807 0.4041666666666667 0.8565683646112601 0.43125 0.8471849865951743 0.42916666666666664 0.8364611260053619 0.43333333333333335 0.8297587131367292 0.4041666666666667 0.8297587131367292 0.375 0.8257372654155496 0.3541666666666667 0.824396782841823 0.32916666666666666 0.8297587131367292 0.30416666666666664
3 0.8431635388739946 0.3333333333333333 0.853887399463807 0.31875 0.8780160857908847 0.32083333333333336 0.8873994638069705 0.3375 0.8780160857908847 0.35 0.8672922252010724 0.36666666666666664 0.8565683646112601 0.38125 0.8471849865951743 0.375 0.8431635388739946 0.3541666666666667
8 0.6219839142091153 0.74375 0.6353887399463807 0.7333333333333333 0.6394101876675603 0.7145833333333333 0.6474530831099196 0.70625 0.6621983914209115 0.7020833333333333 0.6514745308310992 0.7208333333333333 0.6300268096514745 0.75
2 0.4075067024128686 0.55625 0.40884718498659517 0.5208333333333334 0.4155495978552279 0.47291666666666665 0.42359249329758714 0.43125 0.4262734584450402 0.3770833333333333 0.4410187667560322 0.3229166666666667 0.4544235924932976 0.275 0.46648793565683644 0.24166666666666667 0.4839142091152815 0.23333333333333334 0.5053619302949062 0.23333333333333334 0.546916890080429 0.25416666666666665 0.5898123324396782 0.28125 0.6152815013404825 0.32916666666666666 0.6246648793565683 0.37916666666666665 0.6193029490616622 0.41875 0.6206434316353887 0.4708333333333333 0.6206434316353887 0.5104166666666666 0.6327077747989276 0.5375 0.6246648793565683 0.55625 0.6152815013404825 0.5708333333333333 0.5857908847184986 0.5770833333333333 0.5482573726541555 0.5791666666666667 0.5107238605898123 0.5729166666666666 0.4745308310991957 0.575 0.4410187667560322 0.5666666666666667
8 0.646112600536193 0.6791666666666667 0.6541554959785523 0.6729166666666667 0.6595174262734584 0.6770833333333334 0.6581769436997319 0.6854166666666667 0.6528150134048257 0.6916666666666667 0.6474530831099196 0.7 0.6447721179624665 0.6875
0 0.82171581769437 0.2520833333333333 0.8270777479892761 0.27291666666666664 0.8297587131367292 0.28541666666666665 0.8351206434316354 0.3020833333333333 0.8378016085790885 0.3145833333333333 0.8431635388739946 0.3333333333333333 0.8431635388739946 0.3458333333333333 0.8445040214477212 0.35833333333333334 0.8445040214477212 0.36666666666666664 0.8512064343163539 0.375 0.853887399463807 0.3958333333333333 0.8592493297587132 0.45208333333333334 0.8565683646112601 0.45208333333333334 0.8485254691689008 0.3854166666666667 0.8445040214477212 0.375 0.8404825737265416 0.36666666666666664 0.8378016085790885 0.35 0.8364611260053619 0.33541666666666664 0.8337801608579088 0.325 0.8310991957104558 0.30833333333333335 0.82171581769437 0.2708333333333333 0.8083109919571045 0.23125 0.8150134048257373 0.2375
0 0.8310991957104558 0.38125 0.8458445040214477 0.38125 0.8418230563002681 0.36666666666666664 0.8364611260053619 0.35625