0 0.5226480836236934 0.7762237762237763 0.4564459930313589 0.752913752913753 0.45818815331010454 0.703962703962704 0.4564459930313589 0.6573426573426573 0.4547038327526132 0.6153846153846154 0.4442508710801394 0.5687645687645687 0.4337979094076655 0.5361305361305362 0.4181184668989547 0.49184149184149184 0.42160278745644597 0.47785547785547783 0.47909407665505227 0.4522144522144522 0.48606271777003485 0.46386946386946387 0.5313588850174216 0.48484848484848486 0.6097560975609756 0.5081585081585082 0.6742160278745645 0.5221445221445221 0.7386759581881533 0.5314685314685315 0.7665505226480837 0.5571095571095571 0.7926829268292683 0.5827505827505828 0.7926829268292683 0.5990675990675991 0.7195121951219512 0.7482517482517482 0.7491289198606271 0.7505827505827506 0.7439024390243902 0.7762237762237763 0.7003484320557491 0.7948717948717948 0.6498257839721254 0.7995337995337995 0.6045296167247387 0.7972027972027972 0.5505226480836237 0.7925407925407926
6 0.45818815331010454 0.44755244755244755 0.4547038327526132 0.45454545454545453 0.4616724738675958 0.4592074592074592 0.46689895470383275 0.46386946386946387 0.4634146341463415 0.4522144522144522
6 0.4616724738675958 0.47785547785547783 0.45993031358885017 0.48717948717948717 0.4634146341463415 0.4965034965034965 0.46689895470383275 0.48951048951048953 0.46689895470383275 0.48484848484848486 0.4738675958188153 0.47785547785547783 0.4686411149825784 0.4731934731934732
6 0.5087108013937283 0.5268065268065268 0.5104529616724739 0.5337995337995338 0.5156794425087108 0.5337995337995338 0.5174216027874564 0.5268065268065268 0.5121951219512195 0.5244755244755245
6 0.5174216027874564 0.48717948717948717 0.5174216027874564 0.49184149184149184 0.519163763066202 0.4965034965034965 0.5226480836236934 0.49417249417249415 0.5209059233449478 0.48717948717948717
6 0.5104529616724739 0.5407925407925408 0.5174216027874564 0.5407925407925408 0.524390243902439 0.5407925407925408 0.5296167247386759 0.5407925407925408 0.5331010452961672 0.5501165501165501 0.5331010452961672 0.5571095571095571 0.5261324041811847 0.5524475524475524 0.5226480836236934 0.5524475524475524 0.5156794425087108 0.5524475524475524 0.5139372822299652 0.5477855477855478
6 0.5261324041811847 0.5804195804195804 0.5226480836236934 0.5920745920745921 0.5261324041811847 0.5990675990675991 0.5313588850174216 0.6060606060606061 0.5331010452961672 0.6037296037296037 0.5348432055749129 0.5897435897435898 0.5348432055749129 0.585081585081585 0.5296167247386759 0.578088578088578
6 0.554006968641115 0.5291375291375291 0.5435540069686411 0.5361305361305362 0.5365853658536586 0.5431235431235432 0.5400696864111498 0.5571095571095571 0.5435540069686411 0.5641025641025641 0.5505226480836237 0.5641025641025641 0.5557491289198606 0.5617715617715617 0.5557491289198606 0.5734265734265734 0.5644599303135889 0.5757575757575758 0.5662020905923345 0.5710955710955711 0.5662020905923345 0.5477855477855478 0.5714285714285714 0.5431235431235432 0.5609756097560976 0.5361305361305362 0.5592334494773519 0.5291375291375291
6 0.5313588850174216 0.5081585081585082 0.5226480836236934 0.5128205128205128 0.5296167247386759 0.5198135198135199 0.5418118466898955 0.5268065268065268 0.5470383275261324 0.5291375291375291 0.5522648083623694 0.5221445221445221 0.5400696864111498 0.5151515151515151 0.5365853658536586 0.5104895104895105
6 0.5940766550522648 0.5477855477855478 0.5905923344947736 0.5571095571095571 0.5923344947735192 0.5664335664335665 0.5975609756097561 0.5687645687645687 0.6027874564459931 0.5664335664335665 0.6010452961672473 0.5571095571095571 0.6010452961672473 0.5547785547785548 0.6149825783972126 0.5547785547785548 0.6184668989547039 0.5594405594405595 0.6132404181184669 0.5641025641025641 0.6097560975609756 0.5734265734265734 0.6202090592334495 0.5687645687645687 0.6254355400696864 0.5664335664335665 0.627177700348432 0.5617715617715617 0.6428571428571429 0.5594405594405595 0.6567944250871081 0.5594405594405595 0.6637630662020906 0.5617715617715617 0.6689895470383276 0.5641025641025641 0.6724738675958188 0.5617715617715617 0.6724738675958188 0.5594405594405595 0.6655052264808362 0.5571095571095571 0.6567944250871081 0.5547785547785548 0.6463414634146342 0.5547785547785548 0.627177700348432 0.5524475524475524 0.6045296167247387 0.5501165501165501 0.5975609756097561 0.5477855477855478
6 0.5487804878048781 0.5034965034965035 0.5470383275261324 0.5034965034965035 0.5435540069686411 0.5058275058275058 0.5435540069686411 0.5081585081585082 0.5452961672473867 0.5104895104895105 0.5470383275261324 0.5128205128205128 0.5505226480836237 0.5128205128205128 0.5522648083623694 0.5128205128205128 0.5522648083623694 0.5081585081585082 0.5522648083623694 0.5058275058275058
6 0.6097560975609756 0.578088578088578 0.6114982578397212 0.5874125874125874 0.6132404181184669 0.5944055944055944 0.6184668989547039 0.6037296037296037 0.6236933797909407 0.6060606060606061 0.6289198606271778 0.6060606060606061 0.6306620209059234 0.6013986013986014 0.6306620209059234 0.5944055944055944 0.632404181184669 0.5874125874125874 0.6341463414634146 0.585081585081585 0.6376306620209059 0.585081585081585 0.6445993031358885 0.5897435897435898 0.6498257839721254 0.5944055944055944 0.6533101045296167 0.5967365967365967 0.6550522648083623 0.5990675990675991 0.6463414634146342 0.6013986013986014 0.6428571428571429 0.6037296037296037 0.6411149825783972 0.6037296037296037 0.6358885017421603 0.6037296037296037 0.6254355400696864 0.6107226107226107 0.6202090592334495 0.6107226107226107 0.6149825783972126 0.6153846153846154 0.60801393728223 0.6177156177156177 0.6027874564459931 0.6223776223776224 0.5975609756097561 0.6247086247086248 0.5958188153310104 0.6293706293706294 0.627177700348432 0.6153846153846154 0.6306620209059234 0.6130536130536131 0.6341463414634146 0.6107226107226107 0.6376306620209059 0.6083916083916084 0.6428571428571429 0.6083916083916084 0.6463414634146342 0.6083916083916084 0.6498257839721254 0.6083916083916084 0.6515679442508711 0.6107226107226107 0.662020905923345 0.6107226107226107 0.6672473867595818 0.6083916083916084 0.6707317073170732 0.6060606060606061 0.6759581881533101 0.6037296037296037 0.681184668989547 0.6037296037296037 0.6881533101045296 0.6037296037296037 0.6933797909407665 0.6013986013986014 0.7003484320557491 0.6013986013986014 0.7020905923344948 0.5990675990675991 0.705574912891986 0.5990675990675991 0.705574912891986 0.5967365967365967 0.7038327526132404 0.5920745920745921 0.7003484320557491 0.5897435897435898 0.6986062717770035 0.585081585081585 0.6951219512195121 0.5804195804195804 0.6916376306620209 0.5757575757575758 0.6881533101045296 0.5734265734265734 0.6846689895470384 0.5710955710955711 0.6829268292682927 0.5710955710955711 0.6794425087108014 0.5710955710955711 0.6777003484320557 0.5757575757575758 0.6829268292682927 0.578088578088578 0.686411149825784 0.5804195804195804 0.6881533101045296 0.5827505827505828 0.6881533101045296 0.585081585081585 0.6881533101045296 0.5897435897435898 0.686411149825784 0.5920745920745921 0.6846689895470384 0.5920745920745921 0.6829268292682927 0.5874125874125874 0.681184668989547 0.5827505827505828 0.6724738675958188 0.5827505827505828 0.6689895470383276 0.5804195804195804 0.662020905923345 0.578088578088578 0.6567944250871081 0.5757575757575758 0.6498257839721254 0.5734265734265734 0.6428571428571429 0.5734265734265734 0.6393728222996515 0.5710955710955711 0.632404181184669 0.5710955710955711 0.627177700348432 0.5734265734265734 0.6202090592334495 0.5734265734265734 0.6167247386759582 0.5734265734265734 0.6132404181184669 0.5734265734265734
6 0.6027874564459931 0.5734265734265734 0.6027874564459931 0.5734265734265734 0.5993031358885017 0.5734265734265734 0.5993031358885017 0.5734265734265734 0.5975609756097561 0.5757575757575758 0.5958188153310104 0.5757575757575758 0.5958188153310104 0.578088578088578 0.5958188153310104 0.5804195804195804 0.5975609756097561 0.585081585081585 0.5993031358885017 0.585081585081585 0.6010452961672473 0.585081585081585 0.6045296167247387 0.5874125874125874 0.6062717770034843 0.585081585081585 0.6062717770034843 0.5804195804195804 0.6062717770034843 0.578088578088578 0.6045296167247387 0.5757575757575758
6 0.5905923344947736 0.5920745920745921 0.5888501742160279 0.5897435897435898 0.5853658536585366 0.5897435897435898 0.5836236933797909 0.5897435897435898 0.5818815331010453 0.5874125874125874 0.578397212543554 0.5874125874125874 0.5766550522648084 0.5874125874125874 0.573170731707317 0.5920745920745921 0.5714285714285714 0.5920745920745921 0.5696864111498258 0.5920745920745921 0.5679442508710801 0.5944055944055944 0.5662020905923345 0.5967365967365967 0.5644599303135889 0.5967365967365967 0.5644599303135889 0.6013986013986014 0.5662020905923345 0.6013986013986014 0.5679442508710801 0.6037296037296037 0.5714285714285714 0.6037296037296037 0.5766550522648084 0.6037296037296037 0.578397212543554 0.6013986013986014 0.5818815331010453 0.5990675990675991 0.5818815331010453 0.5944055944055944 0.5871080139372822 0.5944055944055944 0.5888501742160279 0.5944055944055944 0.5905923344947736 0.5944055944055944
6 0.5418118466898955 0.6993006993006993 0.5435540069686411 0.6993006993006993 0.5452961672473867 0.696969696969697 0.5470383275261324 0.6923076923076923 0.5505226480836237 0.6899766899766899 0.5522648083623694 0.6853146853146853 0.5522648083623694 0.682983682983683 0.554006968641115 0.6806526806526807 0.5522648083623694 0.6783216783216783 0.5505226480836237 0.6806526806526807 0.5487804878048781 0.682983682983683 0.5470383275261324 0.6853146853146853 0.5452961672473867 0.6899766899766899 0.5435540069686411 0.6946386946386947 0.5418118466898955 0.6946386946386947
6 0.5592334494773519 0.6643356643356644 0.5609756097560976 0.6596736596736597 0.5609756097560976 0.6573426573426573 0.5627177700348432 0.655011655011655 0.5627177700348432 0.6526806526806527 0.5662020905923345 0.6456876456876457 0.5662020905923345 0.6456876456876457 0.5696864111498258 0.6386946386946387 0.573170731707317 0.6363636363636364 0.5749128919860628 0.634032634032634 0.5766550522648084 0.634032634032634 0.578397212543554 0.6363636363636364 0.5766550522648084 0.6386946386946387 0.5749128919860628 0.6410256410256411 0.5714285714285714 0.6456876456876457 0.5696864111498258 0.6503496503496503 0.5662020905923345 0.655011655011655 0.5644599303135889 0.6596736596736597 0.5627177700348432 0.6643356643356644
6 0.6010452961672473 0.6153846153846154 0.5975609756097561 0.6177156177156177 0.5940766550522648 0.6177156177156177 0.5905923344947736 0.62004662004662 0.5888501742160279 0.6223776223776224 0.5888501742160279 0.6247086247086248 0.5888501742160279 0.627039627039627 0.5905923344947736 0.627039627039627 0.5923344947735192 0.627039627039627 0.5940766550522648 0.6247086247086248 0.5975609756097561 0.6223776223776224 0.5993031358885017 0.62004662004662 0.6010452961672473 0.62004662004662 0.6027874564459931 0.62004662004662 0.6045296167247387 0.6177156177156177 0.6027874564459931 0.6153846153846154
6 0.524390243902439 0.6083916083916084 0.5209059233449478 0.6130536130536131 0.519163763066202 0.6153846153846154 0.5174216027874564 0.6177156177156177 0.5156794425087108 0.6247086247086248 0.5174216027874564 0.6293706293706294 0.5209059233449478 0.6363636363636364 0.5313588850174216 0.6433566433566433 0.5383275261324042 0.6456876456876457 0.5452961672473867 0.6433566433566433 0.5470383275261324 0.6386946386946387 0.554006968641115 0.6317016317016317 0.5557491289198606 0.6293706293706294 0.5557491289198606 0.6223776223776224 0.5522648083623694 0.6177156177156177 0.5435540069686411 0.6223776223776224 0.5365853658536586 0.6247086247086248 0.5313588850174216 0.6247086247086248 0.5296167247386759 0.6223776223776224 0.5296167247386759 0.6153846153846154 0.5296167247386759 0.6107226107226107 0.5296167247386759 0.6083916083916084
6 0.5226480836236934 0.717948717948718 0.5174216027874564 0.7226107226107226 0.5156794425087108 0.7226107226107226 0.5104529616724739 0.7202797202797203 0.5087108013937283 0.717948717948718 0.5052264808362369 0.7156177156177156 0.5034843205574913 0.710955710955711 0.5 0.710955710955711 0.4965156794425087 0.7132867132867133 0.4965156794425087 0.717948717948718 0.49825783972125437 0.7226107226107226 0.5017421602787456 0.7272727272727273 0.5034843205574913 0.7296037296037297 0.5087108013937283 0.7365967365967366 0.5104529616724739 0.7389277389277389 0.5121951219512195 0.7435897435897436 0.5156794425087108 0.745920745920746 0.519163763066202 0.7435897435897436 0.5209059233449478 0.7389277389277389 0.5209059233449478 0.7342657342657343 0.5226480836236934 0.7319347319347319 0.524390243902439 0.7249417249417249 0.5261324041811847 0.7226107226107226 0.5261324041811847 0.717948717948718 0.524390243902439 0.7156177156177156
6 0.5871080139372822 0.5128205128205128 0.5888501742160279 0.5174825174825175 0.5923344947735192 0.5198135198135199 0.5923344947735192 0.5221445221445221 0.5923344947735192 0.5244755244755245 0.5905923344947736 0.5268065268065268 0.5853658536585366 0.5221445221445221 0.5836236933797909 0.5198135198135199 0.5818815331010453 0.5151515151515151 0.578397212543554 0.5151515151515151 0.578397212543554 0.5128205128205128 0.5749128919860628 0.5104895104895105 0.573170731707317 0.5104895104895105 0.573170731707317 0.5104895104895105 0.5714285714285714 0.5128205128205128 0.5714285714285714 0.5174825174825175 0.5714285714285714 0.5221445221445221 0.5696864111498258 0.5268065268065268 0.5679442508710801 0.5314685314685315 0.5662020905923345 0.5337995337995338 0.5644599303135889 0.5361305361305362 0.5627177700348432 0.5361305361305362 0.5609756097560976 0.5361305361305362 0.5627177700348432 0.5314685314685315 0.5662020905923345 0.5291375291375291 0.5662020905923345 0.5268065268065268 0.5662020905923345 0.5221445221445221 0.5662020905923345 0.5198135198135199 0.5679442508710801 0.5174825174825175 0.5662020905923345 0.5128205128205128 0.5644599303135889 0.5104895104895105 0.5627177700348432 0.5104895104895105 0.5609756097560976 0.5104895104895105 0.5592334494773519 0.5081585081585082 0.5592334494773519 0.5058275058275058 0.5592334494773519 0.5034965034965035 0.5609756097560976 0.5011655011655012 0.5627177700348432 0.5011655011655012 0.5696864111498258 0.5011655011655012 0.5714285714285714 0.5034965034965035 0.5766550522648084 0.5058275058275058 0.5818815331010453 0.5081585081585082 0.5818815331010453 0.5104895104895105
2 0.4616724738675958 0.4125874125874126 0.4651567944250871 0.41025641025641024 0.4843205574912892 0.4172494172494173 0.5017421602787456 0.42424242424242425 0.5296167247386759 0.43123543123543123 0.5505226480836237 0.4428904428904429 0.5766550522648084 0.44755244755244755 0.60801393728223 0.44988344988344986 0.6393728222996515 0.44988344988344986 0.6602787456445993 0.44988344988344986 0.6707317073170732 0.4592074592074592 0.7003484320557491 0.48717948717948717 0.7195121951219512 0.5058275058275058 0.7317073170731707 0.5174825174825175 0.7386759581881533 0.5268065268065268 0.740418118466899 0.5384615384615384 0.735191637630662 0.5431235431235432 0.7195121951219512 0.5407925407925408 0.6898954703832753 0.5291375291375291 0.662020905923345 0.5244755244755245 0.6393728222996515 0.5198135198135199 0.60801393728223 0.5128205128205128 0.5662020905923345 0.4965034965034965 0.5278745644599303 0.48717948717948717 0.5121951219512195 0.47785547785547783 0.4930313588850174 0.47086247086247085 0.47909407665505227 0.46386946386946387 0.47560975609756095 0.4428904428904429 0.45993031358885017 0.42424242424242425
8 0.5331010452961672 0.3706293706293706 0.5226480836236934 0.3706293706293706 0.5121951219512195 0.3706293706293706 0.5087108013937283 0.372960372960373 0.5156794425087108 0.38694638694638694 0.5226480836236934 0.3962703962703963 0.5278745644599303 0.40792540792540793 0.5331010452961672 0.4219114219114219 0.5365853658536586 0.43123543123543123 0.5505226480836237 0.4358974358974359 0.5662020905923345 0.4358974358974359 0.5662020905923345 0.43123543123543123 0.5557491289198606 0.43123543123543123 0.5452961672473867 0.4289044289044289 0.5400696864111498 0.42424242424242425 0.5365853658536586 0.4195804195804196 0.5331010452961672 0.40559440559440557 0.5313588850174216 0.3986013986013986 0.5331010452961672 0.3962703962703963 0.5435540069686411 0.40093240093240096 0.5522648083623694 0.40792540792540793 0.5627177700348432 0.41025641025641024 0.5714285714285714 0.41025641025641024 0.5714285714285714 0.40326340326340326 0.5609756097560976 0.3986013986013986 0.5487804878048781 0.3962703962703963 0.5435540069686411 0.3939393939393939 0.5383275261324042 0.3916083916083916 0.5348432055749129 0.38927738927738925 0.5278745644599303 0.38927738927738925 0.5261324041811847 0.38927738927738925 0.5209059233449478 0.38461538461538464 0.519163763066202 0.37995337995337997 0.524390243902439 0.3776223776223776 0.5313588850174216 0.3822843822843823 0.5331010452961672 0.37995337995337997 0.5348432055749129 0.3776223776223776
6 0.4912891986062718 0.6153846153846154 0.4878048780487805 0.6153846153846154 0.48606271777003485 0.6153846153846154 0.4843205574912892 0.62004662004662 0.4878048780487805 0.6223776223776224 0.4895470383275261 0.6223776223776224 0.4912891986062718 0.6223776223776224 0.4930313588850174 0.6223776223776224 0.4930313588850174 0.6177156177156177
6 0.47909407665505227 0.5920745920745921 0.47735191637630664 0.5920745920745921 0.47560975609756095 0.5920745920745921 0.4738675958188153 0.5967365967365967 0.47560975609756095 0.6013986013986014 0.47735191637630664 0.6037296037296037 0.47909407665505227 0.6013986013986014 0.4808362369337979 0.5990675990675991 0.4808362369337979 0.5967365967365967
6 0.4808362369337979 0.578088578088578 0.47909407665505227 0.5734265734265734 0.47735191637630664 0.5710955710955711 0.4721254355400697 0.5734265734265734 0.4738675958188153 0.578088578088578 0.47560975609756095 0.5804195804195804 0.47909407665505227 0.5827505827505828 0.4808362369337979 0.5804195804195804
6 0.4442508710801394 0.4988344988344988 0.4425087108013937 0.4965034965034965 0.44076655052264807 0.4988344988344988 0.44076655052264807 0.5034965034965035 0.4425087108013937 0.5104895104895105 0.4425087108013937 0.5128205128205128 0.445993031358885 0.5174825174825175 0.445993031358885 0.5198135198135199 0.44773519163763065 0.5221445221445221 0.44947735191637633 0.5244755244755245 0.44947735191637633 0.5198135198135199 0.44947735191637633 0.5128205128205128 0.44773519163763065 0.5081585081585082 0.445993031358885 0.5034965034965035
6 0.4721254355400697 0.6247086247086248 0.4721254355400697 0.6177156177156177 0.47038327526132406 0.6107226107226107 0.4686411149825784 0.6060606060606061 0.4686411149825784 0.5990675990675991 0.46689895470383275 0.5944055944055944 0.46689895470383275 0.5897435897435898 0.46689895470383275 0.5874125874125874 0.4651567944250871 0.5804195804195804 0.4634146341463415 0.5757575757575758 0.4616724738675958 0.5710955710955711 0.45993031358885017 0.5734265734265734 0.45993031358885017 0.578088578088578 0.4616724738675958 0.5827505827505828 0.4616724738675958 0.5874125874125874 0.4634146341463415 0.5920745920745921 0.4651567944250871 0.5990675990675991 0.46689895470383275 0.6083916083916084 0.46689895470383275 0.6130536130536131 0.4686411149825784 0.6153846153846154 0.47038327526132406 0.62004662004662 0.47038327526132406 0.6247086247086248
6 0.45993031358885017 0.5944055944055944 0.4547038327526132 0.5874125874125874 0.4547038327526132 0.5827505827505828 0.4547038327526132 0.5757575757575758 0.4529616724738676 0.5734265734265734 0.45121951219512196 0.5710955710955711 0.44947735191637633 0.5710955710955711 0.44773519163763065 0.5734265734265734 0.44947735191637633 0.5804195804195804 0.44947735191637633 0.5897435897435898 0.44947735191637633 0.5967365967365967 0.45121951219512196 0.6013986013986014 0.4529616724738676 0.6037296037296037 0.45818815331010454 0.6060606060606061 0.4616724738675958 0.6060606060606061 0.4616724738675958 0.6013986013986014
6 0.5801393728222997 0.6153846153846154 0.573170731707317 0.6083916083916084 0.5696864111498258 0.6060606060606061 0.5644599303135889 0.6060606060606061 0.5609756097560976 0.6060606060606061 0.5557491289198606 0.6083916083916084 0.5574912891986062 0.6130536130536131 0.5627177700348432 0.6153846153846154 0.5696864111498258 0.6177156177156177 0.5749128919860628 0.62004662004662 0.5766550522648084 0.6223776223776224 0.5818815331010453 0.6223776223776224 0.5818815331010453 0.62004662004662
6 0.7090592334494773 0.5407925407925408 0.7073170731707317 0.5454545454545454 0.7003484320557491 0.5431235431235432 0.6968641114982579 0.5384615384615384 0.6951219512195121 0.5314685314685315 0.7038327526132404 0.5337995337995338 0.710801393728223 0.5361305361305362
6 0.6045296167247387 0.5361305361305362 0.6062717770034843 0.5361305361305362 0.6097560975609756 0.5407925407925408 0.60801393728223 0.5431235431235432 0.6062717770034843 0.5454545454545454 0.6027874564459931 0.5454545454545454 0.5993031358885017 0.5454545454545454 0.5923344947735192 0.5454545454545454 0.5905923344947736 0.5431235431235432 0.5940766550522648 0.5431235431235432 0.5993031358885017 0.5431235431235432 0.6045296167247387 0.5431235431235432
6 0.5993031358885017 0.5291375291375291 0.5975609756097561 0.5291375291375291 0.5958188153310104 0.5361305361305362 0.5958188153310104 0.5384615384615384 0.6010452961672473 0.5407925407925408 0.6027874564459931 0.5361305361305362 0.6027874564459931 0.5337995337995338 0.6027874564459931 0.5291375291375291 0.6027874564459931 0.5291375291375291
6 0.4686411149825784 0.7249417249417249 0.4616724738675958 0.7226107226107226 0.45993031358885017 0.7202797202797203 0.45818815331010454 0.7226107226107226 0.4564459930313589 0.7319347319347319 0.45993031358885017 0.7319347319347319 0.4651567944250871 0.7342657342657343 0.4686411149825784 0.7342657342657343 0.47038327526132406 0.7342657342657343 0.4721254355400697 0.7342657342657343 0.47038327526132406 0.7272727272727273
6 0.4721254355400697 0.745920745920746 0.4686411149825784 0.7435897435897436 0.4651567944250871 0.7435897435897436 0.4616724738675958 0.7412587412587412 0.45818815331010454 0.7389277389277389 0.45818815331010454 0.7435897435897436 0.4634146341463415 0.7482517482517482 0.4686411149825784 0.7505827505827506 0.4721254355400697 0.7505827505827506 0.4738675958188153 0.7482517482517482
6 0.5278745644599303 0.6853146853146853 0.5261324041811847 0.682983682983683 0.524390243902439 0.682983682983683 0.524390243902439 0.6876456876456877 0.524390243902439 0.6899766899766899 0.5278745644599303 0.6899766899766899
3 0.6114982578397212 0.38461538461538464 0.5609756097560976 0.372960372960373 0.5261324041811847 0.3682983682983683 0.5087108013937283 0.3752913752913753 0.524390243902439 0.4125874125874126 0.5418118466898955 0.4289044289044289 0.5940766550522648 0.44522144522144524 0.6341463414634146 0.4382284382284382 0.6306620209059234 0.3962703962703963
3 0.3170731707317073 0.4382284382284382 0.34146341463414637 0.42424242424242425 0.37282229965156793 0.42424242424242425 0.39547038327526135 0.4382284382284382 0.40418118466898956 0.46153846153846156 0.41114982578397213 0.4825174825174825 0.44773519163763065 0.4731934731934732 0.47735191637630664 0.4592074592074592 0.4686411149825784 0.4382284382284382 0.4529616724738676 0.4125874125874126 0.43205574912891986 0.37995337995337997 0.37456445993031356 0.358974358974359 0.34494773519163763 0.351981351981352 0.3310104529616725 0.317016317016317 0.3362369337979094 0.289044289044289 0.3205574912891986 0.289044289044289 0.31010452961672474 0.30536130536130535 0.30662020905923343 0.3146853146853147 0.30139372822299654 0.3356643356643357 0.29442508710801396 0.3543123543123543 0.2857142857142857 0.3752913752913753 0.28397212543554007 0.38694638694638694 0.29094076655052264 0.40559440559440557 0.2926829268292683 0.4149184149184149 0.2926829268292683 0.4289044289044289 0.29094076655052264 0.44755244755244755 0.29094076655052264 0.46853146853146854 0.29094076655052264 0.47785547785547783 0.29965156794425085 0.4825174825174825
5 0.867595818815331 0.6013986013986014 0.921602787456446 0.5804195804195804 0.9111498257839721 0.6456876456876457 0.8588850174216028 0.6713286713286714
5 0.5958188153310104 0.655011655011655 0.6184668989547039 0.6223776223776224 0.6689895470383276 0.6177156177156177 0.6794425087108014 0.634032634032634 0.6411149825783972 0.662004662004662
5 0.5714285714285714 0.6736596736596736 0.5905923344947736 0.6713286713286714 0.6010452961672473 0.6923076923076923 0.5905923344947736 0.703962703962704 0.5557491289198606 0.7062937062937062
0 0.9128919860627178 0.41025641025641024 0.9006968641114983 0.38694638694638694 0.8902439024390244 0.40093240093240096 0.872822299651568 0.4125874125874126 0.8449477351916377 0.4195804195804196 0.8066202090592335 0.42657342657342656 0.7473867595818815 0.43123543123543123 0.7264808362369338 0.4428904428904429 0.789198606271777 0.4428904428904429 0.8310104529616724 0.4382284382284382 0.867595818815331 0.43356643356643354 0.8937282229965157 0.42657342657342656
0 0.5418118466898955 0.4358974358974359 0.5261324041811847 0.4289044289044289 0.5087108013937283 0.3986013986013986 0.4912891986062718 0.3822843822843823 0.44076655052264807 0.3543123543123543 0.3710801393728223 0.317016317016317 0.3554006968641115 0.3006993006993007 0.34668989547038326 0.28438228438228436 0.3623693379790941 0.28205128205128205 0.37282229965156793 0.2867132867132867 0.3780487804878049 0.2937062937062937 0.39372822299651566 0.31002331002331 0.445993031358885 0.337995337995338 0.5069686411149826 0.3682983682983683 0.5121951219512195 0.3752913752913753 0.5278745644599303 0.40093240093240096
0 0.3902439024390244 0.38461538461538464 0.3885017421602787 0.40093240093240096 0.39372822299651566 0.4219114219114219 0.40069686411149824 0.4522144522144522 0.38501742160278746 0.42657342657342656 0.37630662020905925 0.40792540792540793 0.3780487804878049 0.3939393939393939 0.38153310104529614 0.3822843822843823