3 0.3440766550522648 0.24825174825174826 0.35627177700348434 0.2505827505827506 0.36498257839721254 0.25757575757575757 0.36846689895470386 0.24825174825174826 0.38414634146341464 0.23426573426573427 0.39634146341463417 0.22727272727272727 0.40853658536585363 0.2365967365967366 0.4381533101045296 0.22727272727272727 0.45557491289198604 0.21095571095571095 0.4695121951219512 0.1993006993006993 0.47473867595818814 0.17132867132867133 0.46602787456445993 0.16200466200466201 0.44686411149825783 0.14801864801864803 0.42247386759581884 0.14335664335664336 0.3998257839721254 0.14801864801864803 0.38414634146341464 0.14801864801864803 0.37543554006968644 0.16666666666666666 0.3632404181184669 0.17365967365967366 0.34581881533101044 0.175990675990676 0.3318815331010453 0.18065268065268064 0.31794425087108014 0.19696969696969696 0.3353658536585366 0.2202797202797203 0.3353658536585366 0.24358974358974358 0.3440766550522648 0.24825174825174826
3 0.4817073170731707 0.3135198135198135 0.49390243902439024 0.29953379953379955 0.5043554006968641 0.2902097902097902 0.5008710801393729 0.2692307692307692 0.5008710801393729 0.26223776223776224 0.49390243902439024 0.24825174825174826 0.4817073170731707 0.24358974358974358 0.4573170731707317 0.24358974358974358 0.436411149825784 0.24125874125874125 0.4259581881533101 0.24825174825174826 0.4155052264808362 0.26223776223776224 0.4155052264808362 0.2948717948717949 0.4189895470383275 0.31585081585081587 0.4329268292682927 0.3321678321678322 0.4573170731707317 0.31585081585081587 0.4817073170731707 0.3135198135198135
3 0.490418118466899 0.14102564102564102 0.5200348432055749 0.15034965034965034 0.5426829268292683 0.15268065268065267 0.5531358885017421 0.15268065268065267 0.5601045296167247 0.14335664335664336 0.539198606271777 0.11538461538461539 0.5252613240418118 0.08275058275058275 0.5182926829268293 0.06643356643356643 0.5043554006968641 0.0337995337995338 0.4991289198606272 0.026806526806526808 0.4834494773519164 0.0034965034965034965 0.460801393728223 0.024475524475524476 0.4520905923344948 0.05011655011655012 0.4416376306620209 0.08741258741258741 0.4329268292682927 0.11771561771561771 0.40853658536585363 0.11305361305361306 0.3858885017421603 0.05944055944055944 0.36846689895470386 0.08974358974358974 0.3719512195121951 0.11771561771561771 0.37369337979094075 0.12937062937062938 0.382404181184669 0.14801864801864803 0.42421602787456447 0.1386946386946387 0.4520905923344948 0.14335664335664336 0.4695121951219512 0.13636363636363635 0.490418118466899 0.14102564102564102
5 0.23606271777003485 0.07342657342657342 0.23257839721254356 0.09207459207459208 0.23954703832752614 0.11305361305361306 0.2621951219512195 0.12703962703962704 0.28310104529616725 0.1386946386946387 0.30226480836236935 0.13636363636363635 0.30052264808362367 0.12004662004662005 0.29878048780487804 0.10606060606060606 0.29878048780487804 0.08741258741258741 0.30052264808362367 0.07575757575757576 0.30226480836236935 0.06177156177156177 0.3057491289198606 0.054778554778554776 0.31097560975609756 0.05011655011655012 0.32665505226480834 0.05011655011655012 0.32665505226480834 0.04079254079254079 0.304006968641115 0.045454545454545456 0.2813588850174216 0.05244755244755245 0.25174216027874563 0.06177156177156177 0.23606271777003485 0.07342657342657342
8 0.7290940766550522 0.8100233100233101 0.7203832752613241 0.8100233100233101 0.7099303135888502 0.8053613053613053 0.7029616724738676 0.796037296037296 0.6994773519163763 0.8006993006993007 0.7029616724738676 0.8076923076923077 0.7134146341463414 0.8146853146853147 0.7290940766550522 0.8100233100233101
8 0.6263066202090593 0.9615384615384616 0.6263066202090593 0.9358974358974359 0.6245644599303136 0.9125874125874126 0.617595818815331 0.9102564102564102 0.6106271777003485 0.9312354312354313 0.6106271777003485 0.9475524475524476 0.6106271777003485 0.9638694638694638 0.6106271777003485 0.9801864801864801 0.6193379790940766 0.9801864801864801 0.6263066202090593 0.9778554778554779 0.6263066202090593 0.9615384615384616
3 0.37717770034843207 0.41375291375291373 0.382404181184669 0.3997668997668998 0.382404181184669 0.3764568764568765 0.37369337979094075 0.3787878787878788 0.36846689895470386 0.36713286713286714 0.35627177700348434 0.3578088578088578 0.3475609756097561 0.36946386946386944 0.3475609756097561 0.3997668997668998 0.35627177700348434 0.4160839160839161 0.3632404181184669 0.4347319347319347 0.36846689895470386 0.4766899766899767 0.3789198606271777 0.5023310023310024 0.382404181184669 0.4766899766899767 0.37543554006968644 0.4393939393939394 0.37717770034843207 0.41375291375291373
8 0.6750871080139372 0.8006993006993007 0.676829268292683 0.7937062937062938 0.6750871080139372 0.7867132867132867 0.671602787456446 0.782051282051282 0.6698606271777003 0.7913752913752914 0.6681184668989547 0.803030303030303 0.6698606271777003 0.8100233100233101 0.6733449477351916 0.8076923076923077 0.6750871080139372 0.8006993006993007
8 0.6327526132404181 1 0.6437282229965157 0.9685314685314685 0.6559233449477352 0.9335664335664335 0.6628919860627178 0.9009324009324009 0.6628919860627178 0.8916083916083916 0.6559233449477352 0.9125874125874126 0.64198606271777 0.9475524475524476 0.6315331010452961 0.9685314685314685 0.6280487804878049 0.9918414918414918 0.6210801393728222 0.9988344988344988 0.6204994198606272 1 0.6327526132404181 1
0 0.4695121951219512 0.513986013986014 0.4381533101045296 0.5559440559440559 0.45034843205574915 0.583916083916084 0.4764808362369338 0.5326340326340326 0.490418118466899 0.5303030303030303 0.4834494773519164 0.4976689976689977 0.4695121951219512 0.513986013986014
0 0.5601045296167247 0.3974358974358974 0.5775261324041812 0.44871794871794873 0.5827526132404182 0.5326340326340326 0.5775261324041812 0.6375291375291375 0.568815331010453 0.6771561771561772 0.5426829268292683 0.6771561771561772 0.539198606271777 0.7051282051282052 0.5618466898954704 0.7191142191142191 0.5844947735191638 0.7261072261072261 0.5966898954703833 0.7144522144522144 0.6054006968641115 0.6724941724941725 0.6106271777003485 0.6002331002331003 0.6123693379790941 0.5209790209790209 0.6019163763066202 0.4533799533799534 0.5914634146341463 0.40675990675990675 0.5775261324041812 0.38344988344988346 0.5531358885017421 0.3554778554778555 0.5531358885017421 0.3135198135198135 0.4991289198606272 0.2668997668997669 0.5304878048780488 0.3881118881118881 0.544425087108014 0.3997668997668998 0.544425087108014 0.3811188811188811 0.5601045296167247 0.3974358974358974
0 0.34581881533101044 0.2505827505827506 0.3423344947735192 0.22261072261072262 0.3336236933797909 0.20163170163170163 0.32839721254355403 0.19230769230769232 0.3353658536585366 0.17132867132867133 0.3510452961672474 0.17365967365967366 0.3667247386759582 0.175990675990676 0.3719512195121951 0.17132867132867133 0.37717770034843207 0.15734265734265734 0.3806620209059233 0.14801864801864803 0.3667247386759582 0.1456876456876457 0.352787456445993 0.15268065268065267 0.3353658536585366 0.16433566433566432 0.3231707317073171 0.16433566433566432 0.31097560975609756 0.19696969696969696 0.3249128919860627 0.21561771561771562 0.3318815331010453 0.24125874125874125 0.33710801393728224 0.24825174825174826 0.34581881533101044 0.2505827505827506