3 0.5616352201257861 0.6346153846153846 0.5654088050314465 0.6663879598662207 0.5654088050314465 0.6998327759197325 0.570440251572327 0.7198996655518395 0.5867924528301887 0.7198996655518395 0.5943396226415094 0.7316053511705686 0.610691823899371 0.7416387959866221 0.6232704402515723 0.7533444816053512 0.6270440251572327 0.7366220735785953 0.6194968553459119 0.7232441471571907 0.6157232704402515 0.709866220735786 0.6132075471698113 0.6864548494983278 0.6132075471698113 0.6647157190635451 0.6144654088050314 0.653010033444816 0.620754716981132 0.6379598662207357 0.620754716981132 0.6078595317725752 0.5968553459119497 0.6045150501672241 0.5729559748427673 0.6011705685618729 0.5616352201257861 0.612876254180602 0.5616352201257861 0.6346153846153846
3 0.5012578616352201 0.612876254180602 0.5012578616352201 0.6262541806020067 0.5125786163522013 0.6262541806020067 0.520125786163522 0.6513377926421404 0.5276729559748428 0.6647157190635451 0.5251572327044025 0.6229096989966555 0.5163522012578616 0.5844481605351171 0.5113207547169811 0.5459866220735786 0.5088050314465409 0.5259197324414716 0.5025157232704403 0.5108695652173914 0.4949685534591195 0.5108695652173914 0.4949685534591195 0.532608695652174 0.4987421383647799 0.5610367892976589 0.4987421383647799 0.5877926421404682 0.5012578616352201 0.612876254180602
6 0.5427672955974843 0.572742474916388 0.540251572327044 0.5794314381270903 0.5415094339622641 0.5894648829431438 0.5452830188679245 0.6112040133779264 0.5578616352201258 0.6262541806020067 0.5628930817610063 0.612876254180602 0.5616352201257861 0.6011705685618729 0.5591194968553459 0.5861204013377926 0.5566037735849056 0.5760869565217391 0.550314465408805 0.5660535117056856 0.5477987421383648 0.5560200668896321 0.5440251572327044 0.544314381270903 0.5377358490566038 0.5409698996655519 0.5389937106918239 0.5510033444816054 0.5339622641509434 0.5476588628762542 0.5264150943396226 0.5409698996655519 0.5251572327044025 0.5292642140468228 0.5138364779874214 0.5259197324414716 0.5176100628930818 0.5426421404682275 0.5276729559748428 0.5560200668896321 0.5377358490566038 0.56438127090301 0.5427672955974843 0.572742474916388
6 0.5993710691823899 0.6045150501672241 0.6094339622641509 0.6045150501672241 0.60062893081761 0.5944816053511706 0.5943396226415094 0.5861204013377926 0.580503144654088 0.5710702341137124 0.5855345911949685 0.5827759197324415 0.5830188679245283 0.592809364548495 0.590566037735849 0.5978260869565217 0.5993710691823899 0.6045150501672241
8 0.489937106918239 0.39548494983277593 0.48867924528301887 0.38545150501672243 0.4861635220125786 0.3754180602006689 0.48238993710691824 0.36705685618729095 0.4811320754716981 0.358695652173913 0.47735849056603774 0.3503344481605351 0.4748427672955975 0.34364548494983277 0.47232704402515724 0.3503344481605351 0.4748427672955975 0.358695652173913 0.47735849056603774 0.36705685618729095 0.479874213836478 0.3737458193979933 0.48238993710691824 0.387123745819398 0.48364779874213837 0.3971571906354515 0.48364779874213837 0.407190635451505 0.4861635220125786 0.4188963210702341 0.48742138364779874 0.4122073578595318 0.48867924528301887 0.40551839464882944 0.489937106918239 0.39548494983277593
8 0.4761006289308176 0.3202341137123746 0.479874213836478 0.3302675585284281 0.4811320754716981 0.34531772575250835 0.4861635220125786 0.358695652173913 0.48867924528301887 0.3704013377926421 0.4937106918238994 0.3804347826086957 0.49245283018867925 0.387123745819398 0.4962264150943396 0.387123745819398 0.49748427672955975 0.3804347826086957 0.49245283018867925 0.36538461538461536 0.4911949685534591 0.35535117056856186 0.4861635220125786 0.34364548494983277 0.4849056603773585 0.33361204013377926 0.48238993710691824 0.3219063545150502 0.48238993710691824 0.3168896321070234 0.48867924528301887 0.318561872909699 0.48742138364779874 0.31187290969899667 0.4849056603773585 0.30518394648829433 0.47861635220125787 0.30351170568561875 0.4710691823899371 0.30183946488294316 0.4647798742138365 0.30183946488294316 0.4660377358490566 0.3068561872909699 0.4710691823899371 0.3085284280936455 0.47232704402515724 0.3102006688963211 0.4761006289308176 0.3202341137123746
8 0.4987421383647799 0.36705685618729095 0.5 0.3754180602006689 0.5037735849056604 0.3720735785953177 0.5025157232704403 0.3637123745819398 0.5012578616352201 0.35702341137123744 0.4987421383647799 0.3503344481605351 0.49748427672955975 0.34531772575250835 0.4962264150943396 0.3403010033444816 0.4949685534591195 0.33361204013377926 0.4937106918238994 0.3285953177257525 0.489937106918239 0.3285953177257525 0.49245283018867925 0.338628762541806 0.4937106918238994 0.3486622073578595 0.4962264150943396 0.3603678929765886 0.4987421383647799 0.36705685618729095
8 0.5389937106918239 0.32525083612040134 0.5339622641509434 0.3219063545150502 0.5276729559748428 0.3219063545150502 0.5289308176100629 0.3285953177257525 0.5352201257861635 0.338628762541806 0.5415094339622641 0.3403010033444816 0.5540880503144654 0.33695652173913043 0.5515723270440251 0.3319397993311037 0.5465408805031446 0.3285953177257525 0.5389937106918239 0.32525083612040134
8 0.5226415094339623 0.6112040133779264 0.5251572327044025 0.6413043478260869 0.5264150943396226 0.669732441471572 0.5364779874213836 0.6914715719063546 0.5528301886792453 0.7015050167224081 0.5628930817610063 0.7115384615384616 0.5679245283018868 0.6881270903010034 0.5654088050314465 0.6496655518394648 0.5666666666666667 0.6262541806020067 0.5528301886792453 0.6229096989966555 0.5440251572327044 0.612876254180602 0.540251572327044 0.5827759197324415 0.5339622641509434 0.5660535117056856 0.5251572327044025 0.5510033444816054 0.5176100628930818 0.5426421404682275 0.5150943396226415 0.5158862876254181 0.5062893081761006 0.5025083612040134 0.5088050314465409 0.5292642140468228 0.5113207547169811 0.5627090301003345 0.5188679245283019 0.5827759197324415 0.5226415094339623 0.6112040133779264
6 0.4647798742138365 0.5192307692307693 0.4559748427672956 0.5225752508361204 0.45220125786163523 0.5275919732441472 0.4509433962264151 0.5376254180602007 0.45345911949685536 0.5426421404682275 0.4547169811320755 0.5459866220735786 0.45723270440251573 0.5459866220735786 0.45723270440251573 0.5392976588628763 0.45723270440251573 0.532608695652174 0.45849056603773586 0.5309364548494984 0.46226415094339623 0.5275919732441472 0.46855345911949686 0.5275919732441472 0.4710691823899371 0.5259197324414716 0.47358490566037736 0.5209030100334449 0.47735849056603774 0.5175585284280937 0.4811320754716981 0.5158862876254181 0.4849056603773585 0.5142140468227425 0.48867924528301887 0.5108695652173914 0.48742138364779874 0.5058528428093646 0.48238993710691824 0.5091973244147158 0.4761006289308176 0.5142140468227425 0.4710691823899371 0.5175585284280937 0.4647798742138365 0.5192307692307693
8 0.4207547169811321 0.007525083612040134 0.41949685534591197 0.005852842809364548 0.4157232704402516 0.004180602006688963 0.4119496855345912 0.004180602006688963 0.4106918238993711 0.007525083612040134 0.4119496855345912 0.01254180602006689 0.4119496855345912 0.014214046822742474 0.4157232704402516 0.01588628762541806 0.41823899371069184 0.017558528428093644 0.41949685534591197 0.020903010033444816 0.42327044025157234 0.020903010033444816 0.42452830188679247 0.024247491638795988 0.42452830188679247 0.029264214046822744 0.42830188679245285 0.029264214046822744 0.4308176100628931 0.027591973244147156 0.4308176100628931 0.0225752508361204 0.42830188679245285 0.017558528428093644 0.4257861635220126 0.01254180602006689 0.42327044025157234 0.00919732441471572 0.4207547169811321 0.007525083612040134
8 0.41823899371069184 0.01588628762541806 0.4207547169811321 0.019230769230769232 0.4220125786163522 0.0225752508361204 0.42452830188679247 0.0225752508361204 0.4257861635220126 0.025919732441471572 0.4257861635220126 0.029264214046822744 0.4308176100628931 0.029264214046822744 0.4308176100628931 0.024247491638795988 0.42955974842767297 0.019230769230769232 0.42830188679245285 0.01588628762541806 0.4257861635220126 0.010869565217391304 0.4220125786163522 0.007525083612040134 0.41823899371069184 0.005852842809364548 0.41446540880503147 0.005852842809364548 0.4106918238993711 0.007525083612040134 0.4106918238993711 0.01254180602006689 0.41446540880503147 0.01588628762541806 0.41823899371069184 0.01588628762541806
8 0.4421383647798742 0.112876254180602 0.439622641509434 0.10785953177257525 0.43333333333333335 0.10953177257525083 0.43333333333333335 0.112876254180602 0.4358490566037736 0.11956521739130435 0.44842767295597485 0.11789297658862877 0.44842767295597485 0.112876254180602 0.4421383647798742 0.112876254180602
0 0.5628930817610063 0.3603678929765886 0.5767295597484277 0.3620401337792642 0.5742138364779874 0.3503344481605351 0.5566037735849056 0.3486622073578595 0.530188679245283 0.3536789297658863 0.5125786163522013 0.3603678929765886 0.4949685534591195 0.38210702341137126 0.5025157232704403 0.3887959866220736 0.5264150943396226 0.3720735785953177 0.5377358490566038 0.36705685618729095 0.5477987421383648 0.36538461538461536 0.5628930817610063 0.3603678929765886