8 0.43103448275862066 0.314484126984127 0.4323116219667944 0.32242063492063494 0.43742017879948913 0.3263888888888889 0.4399744572158365 0.32837301587301587 0.446360153256705 0.3323412698412698 0.45274584929757344 0.3343253968253968 0.4578544061302682 0.3323412698412698 0.4616858237547893 0.3263888888888889 0.46296296296296297 0.314484126984127 0.4591315453384419 0.30853174603174605 0.4540229885057471 0.30654761904761907 0.44891443167305234 0.2986111111111111 0.44891443167305234 0.2926587301587302 0.44763729246487866 0.2847222222222222 0.446360153256705 0.2767857142857143 0.4501915708812261 0.25297619047619047 0.45146871008939976 0.22123015873015872 0.45146871008939976 0.2113095238095238 0.446360153256705 0.21329365079365079 0.4438058748403576 0.23115079365079366 0.4438058748403576 0.2509920634920635 0.4399744572158365 0.26884920634920634 0.4386973180076628 0.2847222222222222 0.43614303959131545 0.29464285714285715 0.44125159642401024 0.29662698412698413 0.4392560664112388 0.30799437896825393 0.4386973180076628 0.30654761904761907 0.429757343550447 0.30654761904761907 0.43103448275862066 0.314484126984127
8 0.43614303959131545 0.26884920634920634 0.4323116219667944 0.2767857142857143 0.43103448275862066 0.2648809523809524 0.43103448275862066 0.25496031746031744 0.42592592592592593 0.26686507936507936 0.42592592592592593 0.2767857142857143 0.41954022988505746 0.28273809523809523 0.4182630906768838 0.2728174603174603 0.4118773946360153 0.28273809523809523 0.40804597701149425 0.2867063492063492 0.4144316730523627 0.29464285714285715 0.42081736909323114 0.2986111111111111 0.42592592592592593 0.30654761904761907 0.4323116219667944 0.314484126984127 0.4335887611749681 0.30654761904761907 0.4284802043422733 0.2986111111111111 0.429757343550447 0.2906746031746032 0.43486590038314177 0.28869047619047616 0.4399744572158365 0.2748015873015873 0.4386973180076628 0.25297619047619047 0.43614303959131545 0.26884920634920634
8 0.40676883780332057 0.26884920634920634 0.4054916985951469 0.2748015873015873 0.40676883780332057 0.28273809523809523 0.4106002554278416 0.2748015873015873 0.4106002554278416 0.26686507936507936 0.40676883780332057 0.26884920634920634
8 0.40293742017879947 0.30654761904761907 0.40676883780332057 0.30853174603174605 0.4157088122605364 0.31646825396825395 0.4054916985951469 0.31646825396825395 0.4054916985951469 0.32242063492063494 0.40932311621966794 0.3244047619047619 0.40932311621966794 0.33630952380952384 0.41315453384418904 0.33630952380952384 0.4144316730523627 0.3244047619047619 0.4169859514687101 0.32043650793650796 0.4169859514687101 0.3263888888888889 0.4169859514687101 0.33630952380952384 0.41954022988505746 0.33630952380952384 0.4220945083014049 0.33035714285714285 0.4220945083014049 0.32242063492063494 0.42464878671775225 0.32242063492063494 0.42337164750957856 0.33035714285714285 0.4220945083014049 0.33630952380952384 0.4272030651340996 0.33630952380952384 0.4284802043422733 0.32837301587301587 0.4335887611749681 0.3323412698412698 0.43742017879948913 0.3382936507936508 0.4438058748403576 0.3402777777777778 0.43742017879948913 0.33035714285714285 0.42337164750957856 0.314484126984127 0.4144316730523627 0.30853174603174605 0.4042145593869732 0.30257936507936506 0.3991060025542784 0.3005952380952381 0.40293742017879947 0.30654761904761907
8 0.44891443167305234 0.3740079365079365 0.44763729246487866 0.37797619047619047 0.4450830140485313 0.38591269841269843 0.4438058748403576 0.39384920634920634 0.44125159642401024 0.3998015873015873 0.4438058748403576 0.40575396825396826 0.4450830140485313 0.41369047619047616 0.446360153256705 0.4117063492063492 0.44763729246487866 0.3998015873015873 0.44891443167305234 0.3898809523809524 0.45146871008939976 0.3819444444444444 0.4501915708812261 0.3740079365079365 0.44891443167305234 0.3740079365079365
8 0.4501915708812261 0.40575396825396826 0.4501915708812261 0.4156746031746032 0.44763729246487866 0.4236111111111111 0.4501915708812261 0.4375 0.45274584929757344 0.439484126984127 0.4540229885057471 0.43154761904761907 0.45274584929757344 0.4255952380952381 0.4540229885057471 0.41369047619047616 0.45274584929757344 0.40773809523809523 0.4501915708812261 0.40575396825396826
8 0.47573435504469985 0.45337301587301587 0.47701149425287354 0.46130952380952384 0.4782886334610473 0.46726190476190477 0.4782886334610473 0.4732142857142857 0.47445721583652617 0.5029761904761905 0.4706257982120051 0.5287698412698413 0.466794380587484 0.5386904761904762 0.46296296296296297 0.558531746031746 0.4565772669220945 0.5982142857142857 0.45274584929757344 0.6259920634920635 0.45146871008939976 0.6498015873015873 0.4540229885057471 0.6359126984126984 0.4565772669220945 0.6200396825396826 0.4578544061302682 0.6061507936507936 0.4604086845466156 0.5902777777777778 0.46296296296296297 0.5744047619047619 0.466794380587484 0.5545634920634921 0.46424010217113665 0.5843253968253969 0.4604086845466156 0.6041666666666666 0.4591315453384419 0.6220238095238095 0.4565772669220945 0.6517857142857143 0.4591315453384419 0.6299603174603174 0.46296296296296297 0.6001984126984127 0.466794380587484 0.5803571428571429 0.46934865900383144 0.558531746031746 0.4731800766283525 0.5367063492063492 0.47701149425287354 0.5128968253968254 0.47956577266922096 0.49702380952380953 0.4821200510855683 0.4791666666666667 0.483397190293742 0.46726190476190477 0.48084291187739464 0.4593253968253968 0.4782886334610473 0.4513888888888889 0.47573435504469985 0.45337301587301587
8 0.48084291187739464 0.43154761904761907 0.47956577266922096 0.4375 0.47956577266922096 0.44345238095238093 0.47956577266922096 0.4513888888888889 0.48084291187739464 0.4573412698412698 0.483397190293742 0.4632936507936508 0.4859514687100894 0.46726190476190477 0.4859514687100894 0.46130952380952384 0.4846743295019157 0.4593253968253968 0.4846743295019157 0.45337301587301587 0.483397190293742 0.4494047619047619 0.4821200510855683 0.44742063492063494 0.4821200510855683 0.439484126984127 0.483397190293742 0.4375 0.483397190293742 0.42956349206349204 0.48084291187739464 0.43154761904761907
8 0.46296296296296297 0.4236111111111111 0.4591315453384419 0.44345238095238093 0.4553001277139208 0.45337301587301587 0.4565772669220945 0.439484126984127 0.4591315453384419 0.42956349206349204 0.4591315453384419 0.4176587301587302 0.4553001277139208 0.42162698412698413 0.45274584929757344 0.43353174603174605 0.45146871008939976 0.439484126984127 0.45274584929757344 0.4513888888888889 0.4540229885057471 0.4732142857142857 0.4553001277139208 0.5089285714285714 0.4591315453384419 0.5089285714285714 0.46296296296296297 0.5049603174603174 0.4591315453384419 0.4990079365079365 0.4565772669220945 0.49107142857142855 0.4591315453384419 0.4732142857142857 0.4604086845466156 0.46130952380952384 0.4616858237547893 0.4494047619047619 0.46296296296296297 0.4375 0.46551724137931033 0.4236111111111111 0.46551724137931033 0.41369047619047616 0.46296296296296297 0.4236111111111111
8 0.4591315453384419 0.5248015873015873 0.4591315453384419 0.5188492063492064 0.4553001277139208 0.5148809523809523 0.4553001277139208 0.5208333333333334 0.4553001277139208 0.5347222222222222 0.45274584929757344 0.5426587301587301 0.45274584929757344 0.5625 0.45146871008939976 0.5843253968253969 0.4450830140485313 0.6121031746031746 0.44125159642401024 0.6259920634920635 0.4386973180076628 0.6398809523809523 0.43486590038314177 0.6557539682539683 0.43103448275862066 0.6696428571428571 0.4323116219667944 0.6755952380952381 0.43614303959131545 0.6676587301587301 0.4386973180076628 0.6517857142857143 0.44125159642401024 0.6438492063492064 0.4438058748403576 0.6359126984126984 0.44763729246487866 0.6160714285714286 0.4501915708812261 0.6021825396825397 0.4540229885057471 0.5882936507936508 0.4578544061302682 0.5625 0.4604086845466156 0.5505952380952381 0.46296296296296297 0.5426587301587301 0.46424010217113665 0.5307539682539683 0.46296296296296297 0.5267857142857143 0.4591315453384419 0.5248015873015873
8 0.46551724137931033 0.7212301587301587 0.46296296296296297 0.7251984126984127 0.4604086845466156 0.7271825396825397 0.4565772669220945 0.7311507936507936 0.4540229885057471 0.7351190476190477 0.4591315453384419 0.7371031746031746 0.46424010217113665 0.7371031746031746 0.46807151979565775 0.7311507936507936 0.46934865900383144 0.7251984126984127 0.46934865900383144 0.7172619047619048 0.46807151979565775 0.7152777777777778 0.46424010217113665 0.7152777777777778 0.46551724137931033 0.7212301587301587
8 0.44125159642401024 0.7113095238095238 0.4399744572158365 0.7152777777777778 0.4335887611749681 0.7152777777777778 0.429757343550447 0.7132936507936508 0.429757343550447 0.7053571428571429 0.4272030651340996 0.7053571428571429 0.42337164750957856 0.7093253968253969 0.41954022988505746 0.7113095238095238 0.4169859514687101 0.7172619047619048 0.41315453384418904 0.7271825396825397 0.4157088122605364 0.7291666666666666 0.4182630906768838 0.7232142857142857 0.4220945083014049 0.7192460317460317 0.4220945083014049 0.7251984126984127 0.4182630906768838 0.7331349206349206 0.4220945083014049 0.7390873015873016 0.42592592592592593 0.7430555555555556 0.4284802043422733 0.7430555555555556 0.429757343550447 0.7410714285714286 0.42592592592592593 0.7351190476190477 0.4272030651340996 0.7331349206349206 0.4284802043422733 0.7251984126984127 0.4323116219667944 0.7311507936507936 0.4323116219667944 0.7251984126984127 0.43614303959131545 0.7251984126984127 0.4386973180076628 0.7251984126984127 0.43742017879948913 0.7331349206349206 0.4399744572158365 0.7371031746031746 0.4425287356321839 0.7371031746031746 0.4425287356321839 0.7291666666666666 0.4438058748403576 0.7172619047619048 0.4438058748403576 0.7113095238095238 0.44125159642401024 0.7113095238095238
8 0.429757343550447 0.7906746031746031 0.4272030651340996 0.7906746031746031 0.42337164750957856 0.7926587301587301 0.42337164750957856 0.7827380952380952 0.42337164750957856 0.7688492063492064 0.42337164750957856 0.7589285714285714 0.41954022988505746 0.7609126984126984 0.41954022988505746 0.7728174603174603 0.4182630906768838 0.7787698412698413 0.4157088122605364 0.7867063492063492 0.4144316730523627 0.7926587301587301 0.4144316730523627 0.8045634920634921 0.4144316730523627 0.814484126984127 0.4182630906768838 0.814484126984127 0.41954022988505746 0.810515873015873 0.4220945083014049 0.816468253968254 0.42592592592592593 0.8045634920634921 0.42592592592592593 0.810515873015873 0.42337164750957856 0.816468253968254 0.42081736909323114 0.8224206349206349 0.4182630906768838 0.8263888888888888 0.4144316730523627 0.8283730158730159 0.41315453384418904 0.8363095238095238 0.4118773946360153 0.8422619047619048 0.4106002554278416 0.8501984126984127 0.4118773946360153 0.8601190476190477 0.41315453384418904 0.8660714285714286 0.4144316730523627 0.8601190476190477 0.4144316730523627 0.8501984126984127 0.4169859514687101 0.8382936507936508 0.4169859514687101 0.8462301587301587 0.4182630906768838 0.8541666666666666 0.41954022988505746 0.8462301587301587 0.42081736909323114 0.8382936507936508 0.42337164750957856 0.8283730158730159 0.42464878671775225 0.8283730158730159 0.42592592592592593 0.8363095238095238 0.4272030651340996 0.8442460317460317 0.43103448275862066 0.8363095238095238 0.4323116219667944 0.8422619047619048 0.43486590038314177 0.8561507936507936 0.43614303959131545 0.8640873015873016 0.43614303959131545 0.8740079365079365 0.4386973180076628 0.8839285714285714 0.4386973180076628 0.8759920634920635 0.4399744572158365 0.8720238095238095 0.44125159642401024 0.8680555555555556 0.4438058748403576 0.8621031746031746 0.4450830140485313 0.8601190476190477 0.4450830140485313 0.8541666666666666 0.44763729246487866 0.8581349206349206 0.4501915708812261 0.8621031746031746 0.4540229885057471 0.8621031746031746 0.4578544061302682 0.8561507936507936 0.4591315453384419 0.8482142857142857 0.4565772669220945 0.8402777777777778 0.45274584929757344 0.8363095238095238 0.44763729246487866 0.8323412698412699 0.4438058748403576 0.8323412698412699 0.4399744572158365 0.8283730158730159 0.44125159642401024 0.8184523809523809 0.4425287356321839 0.7986111111111112 0.4438058748403576 0.7886904761904762 0.446360153256705 0.7886904761904762 0.4501915708812261 0.7906746031746031 0.4540229885057471 0.7807539682539683 0.4540229885057471 0.7708333333333334 0.45146871008939976 0.7668650793650794 0.4450830140485313 0.7628968253968254 0.4425287356321839 0.7529761904761905 0.44125159642401024 0.7450396825396826 0.43614303959131545 0.7410714285714286 0.4335887611749681 0.7450396825396826 0.4323116219667944 0.7509920634920635 0.4272030651340996 0.7450396825396826 0.42081736909323114 0.7371031746031746 0.4182630906768838 0.7390873015873016 0.4182630906768838 0.7450396825396826 0.4220945083014049 0.7490079365079365 0.42464878671775225 0.7509920634920635 0.42592592592592593 0.7569444444444444 0.429757343550447 0.7569444444444444 0.4323116219667944 0.7609126984126984 0.43486590038314177 0.7648809523809523 0.4386973180076628 0.7668650793650794 0.4386973180076628 0.7748015873015873 0.4386973180076628 0.7867063492063492 0.43614303959131545 0.7906746031746031 0.43244605747126436 0.7952694226190477 0.4323116219667944 0.7946428571428571 0.43103448275862066 0.7966269841269841 0.429757343550447 0.7906746031746031
8 0.45146871008939976 0.7906746031746031 0.44891443167305234 0.8184523809523809 0.446360153256705 0.8581349206349206 0.4438058748403576 0.8779761904761905 0.4438058748403576 0.9057539682539683 0.446360153256705 0.9136904761904762 0.44763729246487866 0.8958333333333334 0.44891443167305234 0.8700396825396826 0.45146871008939976 0.8363095238095238 0.45274584929757344 0.8204365079365079 0.45274584929757344 0.8065476190476191 0.4540229885057471 0.7926587301587301 0.4540229885057471 0.7787698412698413 0.45146871008939976 0.7906746031746031
8 0.4450830140485313 0.7906746031746031 0.446360153256705 0.8045634920634921 0.4438058748403576 0.8244047619047619 0.4386973180076628 0.8759920634920635 0.43742017879948913 0.8958333333333334 0.4335887611749681 0.8958333333333334 0.4323116219667944 0.9037698412698413 0.4323116219667944 0.9136904761904762 0.429757343550447 0.9196428571428571 0.43103448275862066 0.9255952380952381 0.43486590038314177 0.9236111111111112 0.43614303959131545 0.9176587301587301 0.4386973180076628 0.9117063492063492 0.4399744572158365 0.9037698412698413 0.44125159642401024 0.8819444444444444 0.4438058748403576 0.8680555555555556 0.4450830140485313 0.8402777777777778 0.44763729246487866 0.8184523809523809 0.44891443167305234 0.7867063492063492 0.4450830140485313 0.7906746031746031
8 0.43103448275862066 0.7569444444444444 0.43103448275862066 0.7906746031746031 0.4335887611749681 0.8303571428571429 0.4323116219667944 0.8501984126984127 0.43103448275862066 0.8720238095238095 0.4284802043422733 0.8859126984126984 0.42592592592592593 0.8998015873015873 0.4284802043422733 0.8978174603174603 0.4323116219667944 0.8898809523809523 0.43614303959131545 0.8779761904761905 0.43614303959131545 0.8363095238095238 0.43614303959131545 0.7926587301587301 0.43614303959131545 0.7787698412698413 0.43614303959131545 0.7628968253968254 0.43103448275862066 0.7569444444444444
8 0.4591315453384419 0.8184523809523809 0.46296296296296297 0.8263888888888888 0.46424010217113665 0.8323412698412699 0.46424010217113665 0.8382936507936508 0.46551724137931033 0.8462301587301587 0.46296296296296297 0.8442460317460317 0.4616858237547893 0.8521825396825397 0.4616858237547893 0.8660714285714286 0.4604086845466156 0.8759920634920635 0.4591315453384419 0.8839285714285714 0.4604086845466156 0.8938492063492064 0.46424010217113665 0.8859126984126984 0.46807151979565775 0.8799603174603174 0.46807151979565775 0.8640873015873016 0.46807151979565775 0.8501984126984127 0.4706257982120051 0.8482142857142857 0.4719029374201788 0.8422619047619048 0.4719029374201788 0.8303571428571429 0.46807151979565775 0.8224206349206349 0.46296296296296297 0.816468253968254 0.4565772669220945 0.810515873015873 0.4591315453384419 0.8184523809523809
8 0.4731800766283525 0.8541666666666666 0.4719029374201788 0.8601190476190477 0.4719029374201788 0.8680555555555556 0.4731800766283525 0.8740079365079365 0.47573435504469985 0.8680555555555556 0.47701149425287354 0.8640873015873016 0.47445721583652617 0.8621031746031746 0.47701149425287354 0.8561507936507936 0.47701149425287354 0.8501984126984127 0.47445721583652617 0.8462301587301587 0.4731800766283525 0.8541666666666666
8 0.4553001277139208 0.8819444444444444 0.4540229885057471 0.8839285714285714 0.45274584929757344 0.8859126984126984 0.45274584929757344 0.8978174603174603 0.45146871008939976 0.8978174603174603 0.44763729246487866 0.8958333333333334 0.44763729246487866 0.9037698412698413 0.4501915708812261 0.9057539682539683 0.45146871008939976 0.9057539682539683 0.4540229885057471 0.9037698412698413 0.4565772669220945 0.8998015873015873 0.4578544061302682 0.8978174603174603 0.4578544061302682 0.8878968253968254 0.4565772669220945 0.8799603174603174 0.4553001277139208 0.8819444444444444
8 0.4157088122605364 0.8819444444444444 0.4157088122605364 0.8878968253968254 0.4169859514687101 0.8918650793650794 0.4157088122605364 0.8958333333333334 0.4182630906768838 0.8978174603174603 0.42081736909323114 0.8938492063492064 0.41954022988505746 0.8878968253968254 0.4182630906768838 0.8819444444444444 0.4157088122605364 0.8819444444444444
8 0.4106002554278416 0.8839285714285714 0.40804597701149425 0.9017857142857143 0.40676883780332057 0.9176587301587301 0.40676883780332057 0.9295634920634921 0.40804597701149425 0.933531746031746 0.40932311621966794 0.9315476190476191 0.4106002554278416 0.9236111111111112 0.41315453384418904 0.9216269841269841 0.4144316730523627 0.9275793650793651 0.4169859514687101 0.9236111111111112 0.4169859514687101 0.9156746031746031 0.4144316730523627 0.9136904761904762 0.4118773946360153 0.9136904761904762 0.4118773946360153 0.9097222222222222 0.4118773946360153 0.8978174603174603 0.41315453384418904 0.8839285714285714 0.4106002554278416 0.8839285714285714
8 0.39527458492975737 0.9236111111111112 0.39527458492975737 0.9275793650793651 0.39782886334610473 0.933531746031746 0.3991060025542784 0.9315476190476191 0.3991060025542784 0.9236111111111112 0.39782886334610473 0.9216269841269841 0.39527458492975737 0.9236111111111112
8 0.3850574712643678 0.8978174603174603 0.3837803320561941 0.9117063492063492 0.3825031928480204 0.9236111111111112 0.3825031928480204 0.9315476190476191 0.37994891443167306 0.933531746031746 0.38122605363984674 0.939484126984127 0.3850574712643678 0.941468253968254 0.3876117496807152 0.9375 0.3876117496807152 0.9196428571428571 0.3876117496807152 0.8958333333333334 0.3850574712643678 0.8978174603174603
8 0.36973180076628354 0.9117063492063492 0.36845466155810985 0.9275793650793651 0.36845466155810985 0.9315476190476191 0.3722860791826309 0.9315476190476191 0.3735632183908046 0.9216269841269841 0.3722860791826309 0.9057539682539683 0.36973180076628354 0.9117063492063492
8 0.3556832694763729 0.8918650793650794 0.3556832694763729 0.9037698412698413 0.3556832694763729 0.9136904761904762 0.3569604086845466 0.9255952380952381 0.359514687100894 0.9255952380952381 0.359514687100894 0.9156746031746031 0.359514687100894 0.8938492063492064 0.359514687100894 0.8740079365079365 0.3556832694763729 0.8918650793650794
8 0.3722860791826309 0.8819444444444444 0.3710089399744572 0.8859126984126984 0.3710089399744572 0.8878968253968254 0.37484035759897827 0.8859126984126984 0.37484035759897827 0.8819444444444444 0.3722860791826309 0.8819444444444444
8 0.36334610472541506 0.8898809523809523 0.35312899106002554 0.8978174603174603 0.3505747126436782 0.8998015873015873 0.34802043422733075 0.9017857142857143 0.34802043422733075 0.9077380952380952 0.35185185185185186 0.9057539682539683 0.3607918263090677 0.8978174603174603 0.36717752234993617 0.8918650793650794 0.36334610472541506 0.8898809523809523
8 0.34163473818646234 0.8978174603174603 0.34163473818646234 0.9017857142857143 0.34035759897828866 0.9057539682539683 0.33780332056194123 0.9077380952380952 0.33524904214559387 0.9097222222222222 0.33524904214559387 0.9136904761904762 0.33524904214559387 0.9176587301587301 0.3390804597701149 0.9196428571428571 0.34035759897828866 0.9176587301587301 0.342911877394636 0.9216269841269841 0.3454661558109834 0.9196428571428571 0.34674329501915707 0.9156746031746031 0.34674329501915707 0.9117063492063492 0.3441890166028097 0.9097222222222222 0.3441890166028097 0.9037698412698413 0.3441890166028097 0.8958333333333334 0.34163473818646234 0.8978174603174603
8 0.3441890166028097 0.8323412698412699 0.3441890166028097 0.8442460317460317 0.3441890166028097 0.8621031746031746 0.342911877394636 0.8759920634920635 0.342911877394636 0.8918650793650794 0.3441890166028097 0.8839285714285714 0.34802043422733075 0.8621031746031746 0.3492975734355045 0.8422619047619048 0.3505747126436782 0.8263888888888888 0.3441890166028097 0.8323412698412699
8 0.33780332056194123 0.8382936507936508 0.33652618135376755 0.8501984126984127 0.33652618135376755 0.8660714285714286 0.33524904214559387 0.8938492063492064 0.33652618135376755 0.9037698412698413 0.3390804597701149 0.8740079365079365 0.34035759897828866 0.8561507936507936 0.34035759897828866 0.8363095238095238 0.33780332056194123 0.8382936507936508
8 0.3186462324393359 0.8521825396825397 0.3173690932311622 0.8581349206349206 0.3148148148148148 0.8621031746031746 0.3148148148148148 0.8720238095238095 0.3160919540229885 0.8740079365079365 0.3173690932311622 0.8878968253968254 0.3186462324393359 0.8918650793650794 0.3212005108556833 0.8998015873015873 0.322477650063857 0.8898809523809523 0.32503192848020435 0.8660714285714286 0.32503192848020435 0.8482142857142857 0.3186462324393359 0.8521825396825397
8 0.37484035759897827 0.8045634920634921 0.37611749680715195 0.810515873015873 0.37484035759897827 0.8303571428571429 0.37611749680715195 0.8422619047619048 0.3786717752234994 0.8125 0.3825031928480204 0.814484126984127 0.3825031928480204 0.8065476190476191 0.37994891443167306 0.8025793650793651 0.3825031928480204 0.7966269841269841 0.3850574712643678 0.7867063492063492 0.39144316730523626 0.7867063492063492 0.3901660280970626 0.7886904761904762 0.3888888888888889 0.8005952380952381 0.3876117496807152 0.814484126984127 0.38633461047254153 0.8244047619047619 0.38633461047254153 0.8343253968253969 0.3850574712643678 0.8501984126984127 0.3850574712643678 0.8640873015873016 0.3825031928480204 0.8700396825396826 0.3850574712643678 0.8799603174603174 0.3876117496807152 0.8720238095238095 0.3888888888888889 0.8621031746031746 0.3876117496807152 0.8462301587301587 0.3901660280970626 0.8343253968253969 0.3901660280970626 0.8402777777777778 0.39144316730523626 0.8382936507936508 0.39272030651340994 0.8363095238095238 0.39272030651340994 0.8323412698412699 0.39272030651340994 0.8263888888888888 0.39399744572158363 0.8204365079365079 0.39655172413793105 0.810515873015873 0.39655172413793105 0.8005952380952381 0.39782886334610473 0.7886904761904762 0.3991060025542784 0.7767857142857143 0.4003831417624521 0.7668650793650794 0.40293742017879947 0.7648809523809523 0.4042145593869732 0.7728174603174603 0.40293742017879947 0.7847222222222222 0.4016602809706258 0.8005952380952381 0.4003831417624521 0.814484126984127 0.3991060025542784 0.8204365079365079 0.3991060025542784 0.8343253968253969 0.4016602809706258 0.8382936507936508 0.4054916985951469 0.8303571428571429 0.4054916985951469 0.8204365079365079 0.40293742017879947 0.8204365079365079 0.40293742017879947 0.8125 0.4042145593869732 0.8065476190476191 0.40676883780332057 0.810515873015873 0.40804597701149425 0.8065476190476191 0.40804597701149425 0.7986111111111112 0.4054916985951469 0.8005952380952381 0.4054916985951469 0.7946428571428571 0.40676883780332057 0.7827380952380952 0.40932311621966794 0.7867063492063492 0.4106002554278416 0.7767857142857143 0.4106002554278416 0.7648809523809523 0.40932311621966794 0.7589285714285714 0.4106002554278416 0.7549603174603174 0.4106002554278416 0.7450396825396826 0.40932311621966794 0.7390873015873016 0.4054916985951469 0.7470238095238095 0.4003831417624521 0.7569444444444444 0.39144316730523626 0.7688492063492064 0.3837803320561941 0.7827380952380952 0.3786717752234994 0.7906746031746031 0.3735632183908046 0.7966269841269841 0.36845466155810985 0.8045634920634921 0.35823754789272033 0.816468253968254 0.3607918263090677 0.8263888888888888 0.359514687100894 0.8442460317460317 0.359514687100894 0.8640873015873016 0.3620689655172414 0.8541666666666666 0.3620689655172414 0.8382936507936508 0.36462324393358875 0.816468253968254 0.36717752234993617 0.816468253968254 0.36845466155810985 0.810515873015873 0.3710089399744572 0.8065476190476191 0.37484035759897827 0.8045634920634921
1 0.25351213282247764 0.4851190476190476 0.23946360153256704 0.5089285714285714 0.23435504469987228 0.5267857142857143 0.2305236270753512 0.5486111111111112 0.22796934865900384 0.5763888888888888 0.22158365261813537 0.6121031746031746 0.22286079182630908 0.6498015873015873 0.22413793103448276 0.6656746031746031 0.23180076628352492 0.7053571428571429 0.23946360153256704 0.7172619047619048 0.24584929757343552 0.7251984126984127 0.25351213282247764 0.7291666666666666 0.2624521072796935 0.7351190476190477 0.27011494252873564 0.7410714285714286 0.28033205619412516 0.7410714285714286 0.289272030651341 0.7410714285714286 0.29821200510855683 0.7410714285714286 0.3109833971902937 0.7390873015873016 0.31992337164750956 0.7390873015873016 0.32503192848020435 0.7371031746031746 0.3314176245210728 0.7331349206349206 0.34163473818646234 0.7232142857142857 0.34674329501915707 0.7152777777777778 0.34674329501915707 0.7073412698412699 0.36334610472541506 0.683531746031746 0.38122605363984674 0.6557539682539683 0.39527458492975737 0.6061507936507936 0.39782886334610473 0.564484126984127 0.39399744572158363 0.5069444444444444 0.3850574712643678 0.46924603174603174 0.36973180076628354 0.4513888888888889 0.3492975734355045 0.435515873015873 0.3314176245210728 0.42956349206349204 0.3160919540229885 0.42956349206349204 0.3007662835249042 0.4375 0.28671775223499363 0.44742063492063494 0.2713920817369093 0.4632936507936508 0.25351213282247764 0.4851190476190476