8 0.6602787456445993 0.8578088578088578 0.6428571428571429 0.8578088578088578 0.6236933797909407 0.8671328671328671 0.6097560975609756 0.8671328671328671 0.5940766550522648 0.8671328671328671 0.5522648083623694 0.8764568764568764 0.5156794425087108 0.8741258741258742 0.5017421602787456 0.8741258741258742 0.48257839721254353 0.8694638694638694 0.4738675958188153 0.8764568764568764 0.47560975609756095 0.9067599067599068 0.47560975609756095 0.9184149184149184 0.49477351916376305 0.9300699300699301 0.5644599303135889 0.9184149184149184 0.6219512195121951 0.9044289044289044 0.6306620209059234 0.8811188811188811
8 0.4094076655052265 0.6876456876456877 0.40069686411149824 0.6806526806526807 0.39198606271777003 0.6736596736596736 0.38153310104529614 0.6643356643356644 0.37456445993031356 0.6573426573426573 0.3710801393728223 0.655011655011655 0.3710801393728223 0.662004662004662 0.3780487804878049 0.6713286713286714 0.38501742160278746 0.675990675990676 0.3902439024390244 0.6783216783216783 0.39198606271777003 0.6853146853146853 0.3902439024390244 0.6923076923076923 0.3832752613240418 0.6923076923076923 0.3780487804878049 0.6946386946386947 0.37282229965156793 0.6853146853146853 0.3710801393728223 0.6783216783216783 0.3623693379790941 0.675990675990676 0.3606271777003484 0.6853146853146853 0.3693379790940767 0.696969696969697 0.37456445993031356 0.703962703962704 0.38501742160278746 0.7086247086247086 0.39547038327526135 0.7086247086247086 0.40069686411149824 0.710955710955711 0.4076655052264808 0.703962703962704 0.4094076655052265 0.6993006993006993
8 0.4843205574912892 0.8181818181818182 0.4738675958188153 0.8181818181818182 0.45993031358885017 0.8205128205128205 0.44947735191637633 0.8228438228438228 0.44947735191637633 0.8321678321678322 0.4564459930313589 0.8344988344988346 0.4686411149825784 0.8321678321678322 0.4808362369337979 0.8344988344988346
8 0.4024390243902439 0.5804195804195804 0.397212543554007 0.578088578088578 0.3902439024390244 0.578088578088578 0.38501742160278746 0.5734265734265734 0.3797909407665505 0.5710955710955711 0.37456445993031356 0.5664335664335665 0.3693379790940767 0.5617715617715617 0.36585365853658536 0.5594405594405595 0.3588850174216028 0.5571095571095571 0.34668989547038326 0.5501165501165501 0.3327526132404181 0.5431235431235432 0.3240418118466899 0.5384615384615384 0.3205574912891986 0.5407925407925408 0.32752613240418116 0.5571095571095571 0.3362369337979094 0.5617715617715617 0.34843205574912894 0.5687645687645687 0.35365853658536583 0.5734265734265734 0.35365853658536583 0.578088578088578 0.34494773519163763 0.5804195804195804 0.3362369337979094 0.5804195804195804 0.3310104529616725 0.5804195804195804 0.32578397212543553 0.5804195804195804 0.32578397212543553 0.585081585081585 0.32578397212543553 0.5920745920745921 0.33797909407665505 0.5967365967365967 0.34668989547038326 0.5944055944055944 0.3554006968641115 0.5944055944055944 0.3641114982578397 0.5920745920745921 0.37630662020905925 0.5944055944055944 0.38501742160278746 0.5990675990675991 0.39198606271777003 0.5990675990675991 0.39547038327526135 0.5944055944055944
8 0.3797909407665505 0.5361305361305362 0.3780487804878049 0.5361305361305362 0.3832752613240418 0.5501165501165501 0.3867595818815331 0.5547785547785548 0.397212543554007 0.5617715617715617 0.41114982578397213 0.5734265734265734 0.4146341463414634 0.578088578088578 0.4181184668989547 0.578088578088578 0.4094076655052265 0.5664335664335665 0.40418118466898956 0.5594405594405595 0.40069686411149824 0.5547785547785548 0.3902439024390244 0.5454545454545454
5 0.6428571428571429 0.62004662004662 0.6463414634146342 0.6410256410256411 0.6672473867595818 0.6480186480186481 0.6759581881533101 0.6573426573426573 0.6846689895470384 0.6713286713286714 0.705574912891986 0.675990675990676 0.7334494773519163 0.6783216783216783 0.7752613240418118 0.6643356643356644 0.7926829268292683 0.6526806526806527 0.7979094076655052 0.6386946386946387 0.7979094076655052 0.6037296037296037 0.7979094076655052 0.585081585081585 0.794425087108014 0.5687645687645687 0.7926829268292683 0.5594405594405595 0.7822299651567944 0.5501165501165501 0.7543554006968641 0.5547785547785548 0.7299651567944251 0.5710955710955711 0.686411149825784 0.5920745920745921 0.6742160278745645 0.6083916083916084
3 0.7804878048780488 0.3962703962703963 0.7874564459930313 0.372960372960373 0.7961672473867596 0.34498834498834496 0.789198606271777 0.3146853146853147 0.7630662020905923 0.29836829836829837 0.7386759581881533 0.2867132867132867 0.7264808362369338 0.28438228438228436 0.7020905923344948 0.27972027972027974 0.686411149825784 0.27972027972027974 0.6689895470383276 0.2913752913752914 0.6585365853658537 0.3006993006993007 0.6637630662020906 0.3146853146853147 0.7073170731707317 0.32400932400932403 0.7229965156794426 0.32634032634032634 0.7456445993031359 0.3473193473193473 0.7543554006968641 0.36596736596736595 0.7526132404181185 0.38694638694638694 0.7526132404181185 0.40559440559440557 0.7700348432055749 0.4125874125874126
0 0.2456445993031359 0.3776223776223776 0.259581881533101 0.3986013986013986 0.32926829268292684 0.4568764568764569 0.41289198606271776 0.5337995337995338 0.4651567944250871 0.585081585081585 0.5104529616724739 0.5897435897435898 0.5714285714285714 0.5664335664335665 0.662020905923345 0.5268065268065268 0.6898954703832753 0.5128205128205128 0.7735191637630662 0.4662004662004662 0.8327526132404182 0.43123543123543123 0.8466898954703833 0.4172494172494173 0.8554006968641115 0.40559440559440557 0.8710801393728222 0.38927738927738925 0.872822299651568 0.40559440559440557 0.8397212543554007 0.4405594405594406 0.7717770034843205 0.49184149184149184 0.686411149825784 0.5407925407925408 0.6219512195121951 0.5710955710955711 0.5714285714285714 0.5944055944055944 0.5209059233449478 0.6130536130536131 0.47560975609756095 0.6153846153846154 0.4355400696864111 0.5920745920745921 0.32578397212543553 0.47785547785547783 0.2682926829268293 0.42424242424242425 0.24738675958188153 0.3986013986013986 0.2421602787456446 0.38461538461538464
0 0.32926829268292684 0.6037296037296037 0.3902439024390244 0.6013986013986014 0.4059233449477352 0.6386946386946387 0.4268292682926829 0.668997668997669 0.4442508710801394 0.6876456876456877 0.47909407665505227 0.7016317016317016 0.5383275261324042 0.6946386946386947 0.578397212543554 0.6853146853146853 0.6027874564459931 0.6736596736596736 0.6132404181184669 0.655011655011655 0.6480836236933798 0.6410256410256411 0.6445993031358885 0.6153846153846154 0.6707317073170732 0.6083916083916084 0.6707317073170732 0.6410256410256411 0.6829268292682927 0.6666666666666666 0.6655052264808362 0.6666666666666666 0.6306620209059234 0.6736596736596736 0.6184668989547039 0.6806526806526807 0.6097560975609756 0.6946386946386947 0.5836236933797909 0.7016317016317016 0.5365853658536586 0.710955710955711 0.4808362369337979 0.7132867132867133 0.445993031358885 0.7132867132867133 0.4163763066202091 0.6876456876456877 0.3797909407665505 0.62004662004662 0.3310104529616725 0.6317016317016317
8 0.5905923344947736 0.7902097902097902 0.554006968641115 0.7972027972027972 0.5087108013937283 0.8065268065268065 0.49825783972125437 0.8041958041958042 0.4965156794425087 0.7762237762237763 0.5452961672473867 0.7855477855477856 0.5592334494773519 0.7762237762237763 0.5836236933797909 0.7622377622377622
8 0.367595818815331 0.675990675990676 0.343205574912892 0.6130536130536131 0.3310104529616725 0.6177156177156177 0.34146341463414637 0.6480186480186481
8 0.794425087108014 0.6666666666666666 0.794425087108014 0.6783216783216783 0.7369337979094077 0.7062937062937062 0.7369337979094077 0.6946386946386947 0.789198606271777 0.6643356643356644