8 0.4971751412429379 0.4832 0.5028248587570622 0.4752 0.5209039548022599 0.4544 0.5615819209039548 0.4128 0.5694915254237288 0.408 0.5683615819209039 0.4096 0.56045197740113 0.4176 0.5446327683615819 0.4352 0.5276836158192091 0.4528 0.5016949152542373 0.48
8 0.48926553672316386 0.3952 0.4847457627118644 0.392 0.4858757062146893 0.3872 0.4903954802259887 0.3872 0.4937853107344633 0.3872 0.496045197740113 0.3904 0.49265536723163844 0.3968
8 0.5751412429378531 0.5152 0.576271186440678 0.512 0.5785310734463277 0.5072 0.5807909604519774 0.504 0.5830508474576271 0.5072 0.5785310734463277 0.512 0.5774011299435028 0.5168
8 0.5209039548022599 0.5584 0.5163841807909605 0.5536 0.5152542372881356 0.5488 0.5163841807909605 0.5424 0.519774011299435 0.5424 0.5175141242937853 0.5488 0.5254237288135594 0.5584
8 0.13220338983050847 0.5936 0.13220338983050847 0.5888 0.1344632768361582 0.584 0.13333333333333333 0.592 0.13333333333333333 0.5968 0.13333333333333333 0.6 0.1310734463276836 0.5984
8 0.5785310734463277 0.3488 0.5740112994350283 0.3536 0.5615819209039548 0.3632 0.5525423728813559 0.3712 0.5423728813559322 0.3776 0.5333333333333333 0.3872 0.5265536723163842 0.392 0.5209039548022599 0.3984 0.5129943502824859 0.4032 0.5050847457627119 0.4112 0.4971751412429379 0.4176 0.4915254237288136 0.4208 0.4858757062146893 0.4256 0.47909604519774013 0.4336 0.4711864406779661 0.4432 0.46440677966101696 0.4528 0.4632768361581921 0.4544 0.4610169491525424 0.4576 0.45875706214689266 0.4624 0.4553672316384181 0.4656 0.4542372881355932 0.4704 0.45084745762711864 0.472 0.4497175141242938 0.4752 0.4497175141242938 0.4768 0.4497175141242938 0.48 0.4497175141242938 0.4816 0.4553672316384181 0.4752 0.4598870056497175 0.4656 0.4711864406779661 0.4512 0.48135593220338985 0.4416 0.49265536723163844 0.4304 0.5062146892655367 0.4176 0.5084745762711864 0.416 0.5141242937853108 0.4128 0.5186440677966102 0.4112 0.5209039548022599 0.4048 0.5220338983050847 0.4032 0.5242937853107345 0.4 0.5265536723163842 0.3968 0.536723163841808 0.3872 0.5502824858757062 0.376 0.5661016949152542 0.3632 0.5740112994350283 0.3584 0.5796610169491525 0.3552 0.5932203389830508 0.3488
8 0.12542372881355932 0.5872 0.12542372881355932 0.5808 0.12768361581920903 0.5776 0.1288135593220339 0.5824 0.12768361581920903 0.5888 0.12768361581920903 0.592 0.12542372881355932 0.592
8 0.5966101694915255 0.3488 0.5943502824858757 0.352 0.5898305084745763 0.3584 0.5932203389830508 0.3584 0.5977401129943503 0.3552 0.6 0.3488
8 0.15706214689265538 0.48 0.1615819209039548 0.48 0.16271186440677965 0.48 0.1638418079096045 0.4816 0.16271186440677965 0.4768 0.16045197740112993 0.4736 0.15819209039548024 0.4704 0.15480225988700566 0.4704 0.15254237288135594 0.472 0.1536723163841808 0.4752 0.1536723163841808 0.4768
8 0.6022598870056497 0.3488 0.5988700564971752 0.3584 0.5932203389830508 0.36 0.5819209039548022 0.368 0.5728813559322034 0.3728 0.5649717514124294 0.3776 0.5559322033898305 0.384 0.5468926553672316 0.3888 0.5423728813559322 0.3936 0.536723163841808 0.3984 0.5344632768361582 0.4 0.5378531073446328 0.4 0.5468926553672316 0.3936 0.5548022598870056 0.3904 0.56045197740113 0.3872 0.5480225988700564 0.3936 0.5457627118644067 0.3984 0.5423728813559322 0.4 0.5401129943502825 0.4032 0.536723163841808 0.4064 0.5322033898305085 0.408 0.5265536723163842 0.4144 0.5231638418079096 0.4144 0.5186440677966102 0.4192 0.5152542372881356 0.4224 0.5129943502824859 0.424 0.5084745762711864 0.4288 0.5028248587570622 0.432 0.4994350282485876 0.4352 0.4971751412429379 0.44 0.4903954802259887 0.4464 0.48700564971751414 0.4512 0.48135593220338985 0.4544 0.480225988700565 0.4576 0.47909604519774013 0.4608 0.4847457627118644 0.456 0.4971751412429379 0.4432 0.5096045197740113 0.432 0.5209039548022599 0.4208 0.5310734463276836 0.4128 0.5412429378531074 0.4048 0.5378531073446328 0.4096 0.5344632768361582 0.4128 0.5299435028248588 0.416 0.5265536723163842 0.4208 0.5220338983050847 0.424 0.5186440677966102 0.4272 0.5141242937853108 0.432 0.5096045197740113 0.4352 0.5050847457627119 0.44 0.5005649717514125 0.4448 0.4971751412429379 0.448 0.4937853107344633 0.4512 0.4903954802259887 0.456 0.48700564971751414 0.4592 0.48361581920903957 0.4624 0.4824858757062147 0.4656 0.48926553672316386 0.4624 0.5005649717514125 0.4512 0.5096045197740113 0.4384 0.5163841807909605 0.4336 0.5299435028248588 0.4208 0.5457627118644067 0.4048 0.5570621468926553 0.3952 0.5694915254237288 0.384 0.5796610169491525 0.3776 0.592090395480226 0.3664 0.5977401129943503 0.3616 0.6033898305084746 0.3568 0.6056497175141243 0.3536 0.6067796610169491 0.3488
6 0.4824858757062147 0.432 0.4847457627118644 0.432 0.48700564971751414 0.432 0.48926553672316386 0.4304 0.4915254237288136 0.4272 0.4937853107344633 0.4256 0.4903954802259887 0.424 0.488135593220339 0.4256 0.4858757062146893 0.4288
8 0.4824858757062147 0.4672 0.4745762711864407 0.4736 0.4689265536723164 0.48 0.4632768361581921 0.4864 0.4598870056497175 0.4928 0.4576271186440678 0.4992 0.4542372881355932 0.5024 0.4497175141242938 0.5072 0.4485875706214689 0.5104 0.4632768361581921 0.4928 0.4711864406779661 0.4816 0.4768361581920904 0.4768 0.48135593220338985 0.4736 0.4824858757062147 0.4688
8 0.4485875706214689 0.48 0.4440677966101695 0.4832 0.4406779661016949 0.488 0.43954802259887005 0.4928 0.4440677966101695 0.4992 0.44745762711864406 0.496 0.4485875706214689 0.4896 0.4497175141242938 0.4864
8 0.4463276836158192 0.5152 0.4406779661016949 0.5168 0.4384180790960452 0.5216 0.4384180790960452 0.5264 0.4406779661016949 0.5264 0.4429378531073446 0.5248 0.4440677966101695 0.5216 0.4463276836158192 0.5184
8 0.535593220338983 0.4 0.5254237288135594 0.4048 0.519774011299435 0.4096 0.5152542372881356 0.4128 0.5096045197740113 0.416 0.5062146892655367 0.4192 0.5028248587570622 0.4208 0.4971751412429379 0.4256 0.496045197740113 0.432 0.49830508474576274 0.4336 0.5050847457627119 0.432 0.5129943502824859 0.424 0.5209039548022599 0.416 0.5265536723163842 0.4144 0.5288135593220339 0.4112 0.5333333333333333 0.408 0.5344632768361582 0.4048 0.536723163841808 0.4016
2 0.4406779661016949 0.168 0.34011299435028247 0.2896 0.6 0.3424 0.615819209039548 0.3376 0.6497175141242938 0.1856
0 0.47909604519774013 0.5376 0.5265536723163842 0.5632 0.5209039548022599 0.6176 0.5016949152542373 0.6528 0.48135593220338985 0.704 0.47796610169491527 0.7392 0.47796610169491527 0.768 0.4497175141242938 0.7936 0.39887005649717516 0.8112 0.3502824858757062 0.8064 0.3129943502824859 0.792 0.29491525423728815 0.7808 0.23954802259887006 0.7584 0.19887005649717515 0.7376 0.1423728813559322 0.6784 0.13559322033898305 0.6688 0.11977401129943503 0.656 0.11638418079096045 0.6304 0.11977401129943503 0.6064 0.11638418079096045 0.5872 0.1096045197740113 0.5584 0.11299435028248588 0.52 0.1152542372881356 0.504 0.12203389830508475 0.496 0.12542372881355932 0.5184 0.1401129943502825 0.5488 0.1536723163841808 0.5712 0.19096045197740114 0.616 0.21242937853107344 0.6224 0.28926553672316385 0.6272 0.3016949152542373 0.6208 0.31751412429378534 0.5712 0.3389830508474576 0.5712 0.32994350282485874 0.5936 0.31751412429378534 0.6304 0.3344632768361582 0.6368 0.4124293785310734 0.6304 0.4350282485875706 0.6208 0.4519774011299435 0.6064