4 0.6553090332805072 0.03540772532188841 0.6521394611727417 0.03540772532188841 0.6473851030110935 0.03540772532188841 0.6426307448494454 0.03540772532188841 0.6394611727416799 0.03969957081545064 0.6394611727416799 0.05257510729613734 0.6394611727416799 0.059012875536480686 0.6426307448494454 0.06545064377682404 0.6489698890649762 0.0611587982832618 0.6521394611727417 0.0611587982832618 0.6568938193343898 0.059012875536480686 0.6584786053882726 0.05042918454935622 0.6568938193343898 0.043991416309012876 0.6553090332805072 0.03540772532188841
4 0.5923137876386688 0 0.5903328050713154 0.00536480686695279 0.5903328050713154 0.011802575107296138 0.5919175911251982 0.022532188841201718 0.5919175911251982 0.03540772532188841 0.5903328050713154 0.05042918454935622 0.5887480190174327 0.0611587982832618 0.5887480190174327 0.06759656652360516 0.5966719492868463 0.06545064377682404 0.5966719492868463 0.059012875536480686 0.5998415213946118 0.046137339055793994 0.5998415213946118 0.03111587982832618 0.5998415213946118 0.018240343347639486 0.598256735340729 0.009656652360515022 0.5950871632329635 0.00536480686695279 0.5940966719492868 0 0.5923137876386688 0
3 0.4078493518225039 0 0.40491283676703643 0.022532188841201718 0.4144215530903328 0.028969957081545063 0.42393026941362916 0.02467811158798283 0.436608557844691 0.013948497854077254 0.44222734548335974 0 0.4078493518225039 0
3 0.5942947702060222 0 0.598256735340729 0.00536480686695279 0.5966719492868463 0.018240343347639486 0.6061806656101426 0.033261802575107295 0.626782884310618 0.022532188841201718 0.6347068145800316 0.016094420600858368 0.6378763866877971 0.003218884120171674 0.636517998415214 0 0.5942947702060222 0
4 0.42709984152139463 0.059012875536480686 0.4255150554675119 0.06330472103004292 0.4223454833597464 0.06759656652360516 0.419175911251981 0.08261802575107297 0.42393026941362916 0.08047210300429185 0.42709984152139463 0.07618025751072961 0.43026941362916005 0.06974248927038626 0.43026941362916005 0.0611587982832618 0.42709984152139463 0.059012875536480686
4 0.4112519809825674 0.1427038626609442 0.4080824088748019 0.14914163090128754 0.40649762282091917 0.157725321888412 0.401743264659271 0.157725321888412 0.4001584786053883 0.1684549356223176 0.40491283676703643 0.17060085836909872 0.4112519809825674 0.1684549356223176 0.4144215530903328 0.17060085836909872 0.41600633914421553 0.16630901287553648 0.41759112519809827 0.15987124463519314 0.41600633914421553 0.14484978540772533 0.4112519809825674 0.1427038626609442
4 0.436608557844691 0.23068669527896996 0.43502377179080826 0.2371244635193133 0.43502377179080826 0.24356223175965666 0.43502377179080826 0.25 0.4334389857369255 0.25643776824034337 0.4286846275752773 0.2521459227467811 0.4286846275752773 0.2478540772532189 0.42393026941362916 0.24570815450643776 0.419175911251981 0.2478540772532189 0.41759112519809827 0.2542918454935622 0.4223454833597464 0.25858369098712447 0.4207606973058637 0.26716738197424894 0.419175911251981 0.2757510729613734 0.41759112519809827 0.2821888412017167 0.41283676703645006 0.2843347639484979 0.40649762282091917 0.2886266094420601 0.4112519809825674 0.2886266094420601 0.41600633914421553 0.2886266094420601 0.4223454833597464 0.286480686695279 0.4255150554675119 0.286480686695279 0.4286846275752773 0.286480686695279 0.43026941362916005 0.2821888412017167 0.4334389857369255 0.2757510729613734 0.436608557844691 0.2607296137339056 0.44136291600633915 0.25 0.4429477020602219 0.24356223175965666 0.4445324881141046 0.23927038626609443 0.4445324881141046 0.23283261802575106 0.4429477020602219 0.23283261802575106 0.436608557844691 0.23068669527896996
4 0.46671949286846276 0.16630901287553648 0.4635499207606973 0.17060085836909872 0.4619651347068146 0.17703862660944206 0.46038034865293187 0.18776824034334763 0.4619651347068146 0.18991416309012876 0.46513470681458 0.18776824034334763 0.4762282091917591 0.16630901287553648 0.4714738510301109 0.16416309012875535 0.46671949286846276 0.16630901287553648
4 0.6093502377179081 0.03969957081545064 0.6125198098256736 0.05472103004291846 0.6188589540412044 0.05686695278969957 0.6251980982567353 0.05686695278969957 0.633122028526149 0.059012875536480686 0.6410459587955626 0.06330472103004292 0.6473851030110935 0.06974248927038626 0.6537242472266244 0.06545064377682404 0.6568938193343898 0.059012875536480686 0.6600633914421553 0.05257510729613734 0.6632329635499208 0.04184549356223176 0.6600633914421553 0.03111587982832618 0.6537242472266244 0.022532188841201718 0.6473851030110935 0.018240343347639486 0.6362916006339144 0.0203862660944206 0.6251980982567353 0.0203862660944206 0.6141045958795562 0.022532188841201718 0.6093502377179081 0.03969957081545064
4 0.46513470681458 0.03540772532188841 0.4635499207606973 0.03111587982832618 0.4619651347068146 0.03755364806866953 0.4619651347068146 0.043991416309012876 0.46513470681458 0.046137339055793994 0.4683042789223455 0.04184549356223176 0.46671949286846276 0.03755364806866953 0.46513470681458 0.03540772532188841
4 0.4080824088748019 0.434549356223176 0.40649762282091917 0.48819742489270385 0.4112519809825674 0.4302575107296137 0.41283676703645006 0.41523605150214593 0.41283676703645006 0.4002145922746781 0.4144215530903328 0.38090128755364805 0.41759112519809827 0.361587982832618 0.419175911251981 0.34012875536480686 0.4223454833597464 0.3229613733905579 0.4255150554675119 0.30364806866952787 0.43026941362916005 0.2843347639484979 0.436608557844691 0.26502145922746784 0.44136291600633915 0.24570815450643776 0.44928684627575277 0.23068669527896996 0.45562599049128366 0.21351931330472104 0.4619651347068146 0.1963519313304721 0.46671949286846276 0.1834763948497854 0.4714738510301109 0.17274678111587982 0.4746434231378764 0.16630901287553648 0.4714738510301109 0.16416309012875535 0.46671949286846276 0.16416309012875535 0.4619651347068146 0.17060085836909872 0.46038034865293187 0.17703862660944206 0.45562599049128366 0.1813304721030043 0.45245641838351824 0.18562231759656653 0.4508716323296355 0.19206008583690987 0.4508716323296355 0.20064377682403434 0.44770206022187004 0.20493562231759657 0.4445324881141046 0.21351931330472104 0.4381933438985737 0.21781115879828325 0.43502377179080826 0.22424892703862662 0.436608557844691 0.23068669527896996 0.43502377179080826 0.24141630901287553 0.43026941362916005 0.25 0.42393026941362916 0.2542918454935622 0.4207606973058637 0.2628755364806867 0.4207606973058637 0.27360515021459225 0.41759112519809827 0.2800429184549356 0.40966719492868464 0.286480686695279 0.4080824088748019 0.29721030042918456 0.40649762282091917 0.31008583690987124 0.40649762282091917 0.3251072961373391 0.4080824088748019 0.34012875536480686 0.40966719492868464 0.35085836909871243 0.4112519809825674 0.3723175965665236 0.40966719492868464 0.3937768240343348 0.4080824088748019 0.41952789699570814 0.40332805071315375 0.4967811158798283 0.4080824088748019 0.434549356223176
4 0.4572107765451664 0.016094420600858368 0.45562599049128366 0.013948497854077254 0.4540412044374009 0.009656652360515022 0.4508716323296355 0.00536480686695279 0.44928684627575277 0.0075107296137339056 0.44928684627575277 0.018240343347639486 0.44928684627575277 0.022532188841201718 0.4508716323296355 0.022532188841201718 0.4540412044374009 0.02467811158798283 0.45879556259904913 0.02467811158798283 0.4572107765451664 0.0203862660944206 0.4572107765451664 0.016094420600858368
0 0.4450607496038035 0 0.4461172741679873 0.001072961373390558 0.45245641838351824 0.013948497854077254 0.45879556259904913 0.028969957081545063 0.46988906497622823 0.046137339055793994 0.47939778129952454 0.0611587982832618 0.47305863708399365 0.16201716738197425 0.4635499207606973 0.1791845493562232 0.45562599049128366 0.1984978540772532 0.4429477020602219 0.22639484978540772 0.4334389857369255 0.25643776824034337 0.42393026941362916 0.286480686695279 0.41600633914421553 0.3293991416309013 0.4112519809825674 0.3701716738197425 0.40649762282091917 0.4130901287553648 0.40491283676703643 0.453862660944206 0.3969889064976228 0.5761802575107297 0.40491283676703643 0.5697424892703863 0.4144215530903328 0.47317596566523606 0.4207606973058637 0.434549356223176 0.4255150554675119 0.3959227467811159 0.4318541996830428 0.3572961373390558 0.436608557844691 0.3272532188841202 0.4445324881141046 0.29721030042918456 0.45562599049128366 0.2628755364806867 0.4635499207606973 0.24141630901287553 0.4746434231378764 0.21351931330472104 0.4936608557844691 0.17274678111587982 0.4936608557844691 0.13626609442060086 0.4968304278922345 0.05257510729613734 0.4889064976228209 0.03969957081545064 0.47939778129952454 0.02682403433476395 0.46988906497622823 0.013948497854077254 0.4634508716323296 0 0.4450607496038035 0
0 0.5047543581616482 0.3873390557939914 0.5158478605388273 0.38090128755364805 0.506339144215531 0.3572961373390558 0.49049128367670364 0.3208154506437768 0.47781299524564186 0.3229613733905579 0.49524564183835185 0.36587982832618027 0.5047543581616482 0.3873390557939914