3 0.6235884567126725 0.5559265442404007 0.6336260978670013 0.5459098497495827 0.6336260978670013 0.5358931552587646 0.6273525721455459 0.5275459098497496 0.6185696361355082 0.5242070116861436 0.6135508155583438 0.5442404006677797 0.6235884567126725 0.5559265442404007
8 0.7540777917189461 0.666110183639399 0.7616060225846926 0.662771285475793 0.7578419071518193 0.654424040066778 0.7503136762860728 0.6494156928213689 0.739021329987453 0.6427378964941569 0.7277289836888331 0.6427378964941569 0.7164366373902133 0.6494156928213689 0.7327478042659975 0.6510851419031719 0.7503136762860728 0.654424040066778 0.7540777917189461 0.666110183639399
8 0.3575909661229611 0.659432387312187 0.36260978670012545 0.662771285475793 0.3588456712672522 0.656093489148581 0.35508155583437895 0.6527545909849749 0.35131744040150564 0.6477462437395659 0.35257214554579674 0.654424040066778 0.3575909661229611 0.659432387312187
8 0.7277289836888331 0.5909849749582637 0.7176913425345044 0.5959933222036727 0.7151819322459222 0.6043405676126878 0.7252195734002509 0.6160267111853088 0.740276035131744 0.6227045075125208 0.7490589711417817 0.6260434056761269 0.7716436637390214 0.6460767946577629 0.7879548306148055 0.6527545909849749 0.7992471769134254 0.6377295492487479 0.8055207026348808 0.6327212020033389 0.7904642409033877 0.6193656093489148 0.7703889585947302 0.6043405676126878 0.7415307402760352 0.5909849749582637 0.7277289836888331 0.5909849749582637
8 0.8343789209535759 0.6343906510851419 0.8368883312421581 0.6310517529215359 0.8368883312421581 0.6260434056761269 0.8331242158092849 0.6227045075125208 0.8306148055207027 0.6227045075125208 0.820577164366374 0.6126878130217028 0.8155583437892095 0.6060100166944908 0.8130489335006273 0.6126878130217028 0.8155583437892095 0.6193656093489148 0.8193224592220828 0.6277128547579299 0.8268506900878294 0.6327212020033389 0.8343789209535759 0.6343906510851419
8 0.5972396486825596 0.5475792988313857 0.6047678795483061 0.5475792988313857 0.6047678795483061 0.5375626043405676 0.5959849435382685 0.5358931552587646 0.5972396486825596 0.5475792988313857
8 0.7841907151819323 0.6510851419031719 0.7904642409033877 0.6494156928213689 0.794228356336261 0.6494156928213689 0.7992471769134254 0.6410684474123539 0.7917189460476788 0.6427378964941569 0.7879548306148055 0.6460767946577629 0.7829360100376411 0.6477462437395659 0.7841907151819323 0.6510851419031719
3 0.17063989962358847 0.2570951585976628 0.21706398996235884 0.27545909849749584 0.27603513174404015 0.2988313856427379 0.3111668757841907 0.32387312186978295 0.23588456712672523 0.1986644407345576 0.2107904642409034 0.19198664440734559 0.18946047678795483 0.18196994991652754 0.12923462986198245 0.21202003338898165 0.17063989962358847 0.2570951585976628
3 0.5834378920953576 0.5308848080133556 0.5922208281053952 0.5075125208681135 0.5859473023839398 0.4707846410684474 0.5846925972396487 0.44073455759599334 0.617314930991217 0.4574290484140234 0.6185696361355082 0.44073455759599334 0.6072772898368883 0.42070116861435725 0.5997490589711418 0.3989983305509182 0.5708908406524467 0.3722871452420701 0.5370138017565872 0.3589315525876461 0.5006273525721455 0.35392320534223703 0.4767879548306148 0.38898163606010017 0.4642409033877039 0.41235392320534225 0.4592220828105395 0.44574290484140233 0.5834378920953576 0.5308848080133556
3 0.33500627352572143 0.3589315525876461 0.3475533249686324 0.39065108514190316 0.34002509410288584 0.41402337228714525 0.38268506900878296 0.44908180300500833 0.39397741530740277 0.4724540901502504 0.40401505646173147 0.4774624373956594 0.40401505646173147 0.48914858096828046 0.410288582183187 0.48414023372287146 0.44165621079046424 0.4674457429048414 0.4592220828105395 0.44574290484140233 0.465495608531995 0.41736227045075125 0.48180677540777916 0.38397328881469117 0.4968632371392723 0.3555926544240401 0.5056461731493099 0.34056761268781305 0.4968632371392723 0.31385642737896496 0.4868255959849435 0.3021702838063439 0.465495608531995 0.2838063439065108 0.42534504391468003 0.2654424040066778 0.3713927227101631 0.2587646076794658 0.34002509410288584 0.28046744574290483 0.32496863237139273 0.31719532554257096 0.33500627352572143 0.3589315525876461
5 0.3299874529485571 0.17696160267111852 0.32622333751568383 0.14524207011686144 0.3086574654956085 0.14357262103505844 0.27603513174404015 0.14357262103505844 0.27603513174404015 0.1318864774624374 0.27854454203262236 0.1001669449081803 0.24215809284818068 0.08013355592654424 0.19949811794228356 0.07846410684474124 0.17565872020075282 0.1001669449081803 0.17063989962358847 0.1335559265442404 0.17063989962358847 0.1669449081803005 0.18444165621079048 0.17362270450751252 0.21831869510664995 0.18196994991652754 0.2383939774153074 0.18697829716193656 0.2672521957340025 0.19031719532554256 0.28858218318695106 0.19031719532554256 0.3086574654956085 0.2003338898163606 0.32496863237139273 0.19031719532554256 0.3299874529485571 0.17696160267111852