6 0.6308900523560209 0.5643939393939394 0.6361256544502618 0.5467171717171717 0.6465968586387435 0.5214646464646465 0.6448516579406631 0.49873737373737376 0.6378708551483421 0.4911616161616162 0.6291448516579407 0.4936868686868687 0.6273996509598604 0.5290404040404041 0.6239092495636999 0.5441919191919192 0.6221640488656196 0.5593434343434344 0.6134380453752182 0.5683621944444445 0.6134380453752182 0.577020202020202 0.6169284467713787 0.5845959595959596 0.6239092495636999 0.5744949494949495 0.6308900523560209 0.5643939393939394
6 0.6884816753926701 0.29924242424242425 0.6902268760907504 0.2866161616161616 0.6902268760907504 0.2765151515151515 0.6815008726003491 0.273989898989899 0.6797556719022687 0.2866161616161616 0.6815008726003491 0.29924242424242425 0.6884816753926701 0.29924242424242425
6 0.6762652705061082 0.22853535353535354 0.6762652705061082 0.21843434343434343 0.6762652705061082 0.2058080808080808 0.6710296684118674 0.20075757575757575 0.6675392670157068 0.2058080808080808 0.6692844677137871 0.21843434343434343 0.6710296684118674 0.23106060606060605 0.6762652705061082 0.22853535353535354
6 0.6047120418848168 0.17297979797979798 0.606457242582897 0.16287878787878787 0.6029668411867365 0.15025252525252525 0.5959860383944153 0.13257575757575757 0.5890052356020943 0.125 0.5837696335078534 0.1351010101010101 0.5890052356020943 0.15025252525252525 0.5942408376963351 0.16035353535353536 0.599476439790576 0.16792929292929293 0.6047120418848168 0.17297979797979798
8 0.6308900523560209 0.41792929292929293 0.6308900523560209 0.4078282828282828 0.6308900523560209 0.39015151515151514 0.6308900523560209 0.37247474747474746 0.6343804537521816 0.34974747474747475 0.6273996509598604 0.33964646464646464 0.6221640488656196 0.36237373737373735 0.6221640488656196 0.38257575757575757 0.6239092495636999 0.40025252525252525 0.6256544502617801 0.41792929292929293 0.6308900523560209 0.41792929292929293
8 0.6343804537521816 0.4861111111111111 0.6308900523560209 0.4734848484848485 0.6204188481675392 0.4861111111111111 0.6239092495636999 0.4962121212121212 0.6343804537521816 0.4861111111111111
8 0.6570680628272252 0.4861111111111111 0.6657940663176265 0.4810606060606061 0.6657940663176265 0.4659090909090909 0.6605584642233857 0.45580808080808083 0.650087260034904 0.44823232323232326 0.6431064572425829 0.4659090909090909 0.6413612565445026 0.4810606060606061 0.6465968586387435 0.48863636363636365 0.6570680628272252 0.4861111111111111
8 0.5890052356020943 0.19318181818181818 0.5959860383944153 0.19065656565656566 0.599476439790576 0.18055555555555555 0.6012216404886562 0.17297979797979798 0.5924956369982548 0.16287878787878787 0.5890052356020943 0.1527777777777778 0.5820244328097731 0.16035353535353536 0.5785340314136126 0.17297979797979798 0.5802792321116929 0.1830808080808081 0.5837696335078534 0.19065656565656566 0.5890052356020943 0.19318181818181818
8 0.6692844677137871 0.3042929292929293 0.6710296684118674 0.29419191919191917 0.6710296684118674 0.2840909090909091 0.6710296684118674 0.27146464646464646 0.6710296684118674 0.26136363636363635 0.6657940663176265 0.26136363636363635 0.6605584642233857 0.27146464646464646 0.6605584642233857 0.2815656565656566 0.662303664921466 0.2916666666666667 0.6640488656195462 0.29924242424242425 0.6692844677137871 0.3042929292929293
8 0.7024432809773123 0.5037878787878788 0.705933682373473 0.49873737373737376 0.7094240837696335 0.4911616161616162 0.7094240837696335 0.4810606060606061 0.7041884816753927 0.476010101010101 0.6989528795811518 0.48358585858585856 0.6972076788830716 0.49873737373737376 0.7024432809773123 0.5037878787878788
5 0.5069808027923212 0.13762626262626262 0.468586387434555 0.03409090909090909 0.4179755671902269 0.04419191919191919 0.45287958115183247 0.1527777777777778 0.5069808027923212 0.13762626262626262