5 0.8013937282229965 0.6721311475409836 0.9233449477351916 0.594847775175644 0.9128919860627178 0.6791569086651054 0.8083623693379791 0.7494145199063232
3 0.1759581881533101 0.5667447306791569 0.1480836236933798 0.4379391100702576 0.18466898954703834 0.39344262295081966 0.21951219512195122 0.3864168618266979 0.259581881533101 0.4332552693208431 0.2804878048780488 0.48243559718969553 0.259581881533101 0.522248243559719 0.21777003484320556 0.5526932084309133 0.22996515679442509 0.5409836065573771 0.1986062717770035 0.5480093676814989
8 0.42857142857142855 0.5105386416861827 0.4372822299651568 0.5362997658079626 0.45818815331010454 0.5526932084309133 0.47038327526132406 0.5784543325526932 0.44076655052264807 0.5620608899297423 0.4268292682926829 0.5409836065573771 0.42160278745644597 0.5245901639344263
3 0.3606271777003484 0.5667447306791569 0.3641114982578397 0.531615925058548 0.3867595818815331 0.5105386416861827 0.4094076655052265 0.5245901639344263 0.44773519163763065 0.5081967213114754 0.4634146341463415 0.5386416861826698 0.47909407665505227 0.5831381733021077 0.5104529616724739 0.6018735362997658 0.5348432055749129 0.6206088992974239 0.4930313588850174 0.629976580796253 0.45818815331010454 0.6487119437939111 0.43205574912891986 0.6510538641686182
4 0.8031358885017421 0.5644028103044496 0.7961672473867596 0.5339578454332553 0.813588850174216 0.4894613583138173 0.8484320557491289 0.49414519906323184 0.8815331010452961 0.5175644028103045 0.8554006968641115 0.5433255269320844
0 0.46689895470383275 0.5081967213114754 0.5034843205574913 0.5081967213114754 0.5331010452961672 0.5175644028103045 0.5679442508710801 0.5245901639344263 0.6010452961672473 0.5339578454332553 0.6149825783972126 0.5386416861826698 0.6289198606271778 0.5386416861826698 0.6480836236933798 0.5409836065573771 0.6689895470383276 0.5480093676814989 0.6951219512195121 0.5644028103044496 0.7142857142857143 0.585480093676815 0.7299651567944251 0.5971896955503513 0.740418118466899 0.6159250585480094 0.740418118466899 0.6323185011709602 0.7334494773519163 0.6440281030444965 0.7247386759581882 0.6510538641686182 0.7142857142857143 0.6533957845433255 0.6916376306620209 0.6533957845433255 0.6689895470383276 0.6487119437939111 0.6463414634146342 0.6463700234192038 0.6254355400696864 0.6463700234192038 0.6045296167247387 0.6416861826697893 0.5801393728222997 0.6276346604215457 0.5627177700348432 0.6229508196721312 0.554006968641115 0.6182669789227166 0.5487804878048781 0.6229508196721312 0.5522648083623694 0.6416861826697893 0.5522648083623694 0.6744730679156908 0.5522648083623694 0.6978922716627635 0.5452961672473867 0.7072599531615925 0.5331010452961672 0.7049180327868853 0.519163763066202 0.7049180327868853 0.5104529616724739 0.6978922716627635 0.5087108013937283 0.6861826697892272 0.5226480836236934 0.6838407494145199 0.5331010452961672 0.6838407494145199 0.5418118466898955 0.6768149882903981 0.5452961672473867 0.667447306791569 0.5452961672473867 0.6487119437939111 0.5452961672473867 0.6323185011709602 0.5418118466898955 0.6206088992974239 0.5278745644599303 0.6088992974238876 0.5087108013937283 0.594847775175644 0.4912891986062718 0.585480093676815 0.47909407665505227 0.5667447306791569 0.4686411149825784 0.5480093676814989 0.46689895470383275 0.5269320843091335
1 0.4529616724738676 0.65807962529274 0.4547038327526132 0.6463700234192038 0.4547038327526132 0.6346604215456675 0.45818815331010454 0.6229508196721312 0.4721254355400697 0.6252927400468384 0.47560975609756095 0.6510538641686182 0.47560975609756095 0.6651053864168618 0.46689895470383275 0.6744730679156908 0.45993031358885017 0.6791569086651054 0.4547038327526132 0.6697892271662763
1 0.3867595818815331 0.6885245901639344 0.4059233449477352 0.6697892271662763 0.4163763066202091 0.6838407494145199 0.41114982578397213 0.6908665105386417 0.40069686411149824 0.702576112412178 0.3902439024390244 0.7002341920374707
1 0.42160278745644597 0.7798594847775175 0.4059233449477352 0.7634660421545667 0.41114982578397213 0.7423887587822015 0.42334494773519166 0.7611241217798594
0 0.5557491289198606 0.7845433255269321 0.5644599303135889 0.7728337236533958 0.5749128919860628 0.7681498829039812 0.5923344947735192 0.7611241217798594 0.6010452961672473 0.765807962529274 0.6114982578397212 0.775175644028103 0.6114982578397212 0.7868852459016393 0.60801393728223 0.8032786885245902 0.6010452961672473 0.8149882903981265 0.5923344947735192 0.8220140515222483 0.5801393728222997 0.8243559718969555 0.5644599303135889 0.8149882903981265 0.5557491289198606 0.8009367681498829
5 0.5836236933797909 0.810304449648712 0.5714285714285714 0.7962529274004684 0.573170731707317 0.7822014051522248 0.5836236933797909 0.7822014051522248 0.5940766550522648 0.7868852459016393 0.5923344947735192 0.8056206088992974