1 0.34913112164297 0.23940677966101695 0.34281200631911535 0.2478813559322034 0.34281200631911535 0.2669491525423729 0.34755134281200634 0.2796610169491525 0.3696682464454976 0.2775423728813559 0.3807266982622433 0.2733050847457627 0.3933649289099526 0.2796610169491525 0.40126382306477093 0.2860169491525424 0.4107424960505529 0.2860169491525424 0.41390205371248023 0.2966101694915254 0.42338072669826227 0.2966101694915254 0.43285939968404424 0.3008474576271186 0.43759873617693523 0.3114406779661017 0.4439178515007899 0.3220338983050847 0.45339652448657186 0.3199152542372881 0.4676145339652449 0.326271186440678 0.4707740916271722 0.3389830508474576 0.49447077409162715 0.3580508474576271 0.5086887835703001 0.3707627118644068 0.5197472353870458 0.3771186440677966 0.5260663507109005 0.3855932203389831 0.5434439178515008 0.3983050847457627 0.5576619273301737 0.3940677966101695 0.5813586097946287 0.4067796610169492 0.5813586097946287 0.3983050847457627 0.5797788309636651 0.3771186440677966 0.5687203791469194 0.3622881355932203 0.5655608214849921 0.3495762711864407 0.5545023696682464 0.3411016949152542 0.5402843601895735 0.3326271186440678 0.5244865718799369 0.3241525423728814 0.5181674565560821 0.3177966101694915 0.5023696682464455 0.3050847457627119 0.4913112164296998 0.2966101694915254 0.4707740916271722 0.2796610169491525 0.4549763033175355 0.2605932203389831 0.43285939968404424 0.2521186440677966 0.4218009478672986 0.2309322033898305 0.4075829383886256 0.2288135593220339 0.40126382306477093 0.22245762711864406 0.3933649289099526 0.211864406779661 0.3791469194312796 0.2266949152542373 0.3854660347551343 0.21610169491525424 0.37756714060031593 0.2076271186440678 0.36808846761453395 0.2097457627118644 0.35545023696682465 0.2330508474576271 0.34913112164297 0.23940677966101695
1 0.5387045813586098 0.7033898305084746 0.5244865718799369 0.7097457627118644 0.5055292259083728 0.7245762711864406 0.4960505529225908 0.7372881355932204 0.49447077409162715 0.7457627118644068 0.49447077409162715 0.7648305084745762 0.4960505529225908 0.7817796610169492 0.49921011058451814 0.7944915254237288 0.5055292259083728 0.8029661016949152 0.5181674565560821 0.8114406779661016 0.5244865718799369 0.809322033898305 0.5213270142180095 0.8029661016949152 0.5118483412322274 0.7902542372881356 0.5055292259083728 0.7796610169491526 0.5023696682464455 0.7648305084745762 0.5055292259083728 0.7457627118644068 0.5118483412322274 0.7542372881355932 0.5102685624012638 0.7436440677966102 0.5102685624012638 0.7330508474576272 0.5181674565560821 0.7203389830508474 0.5276461295418642 0.7288135593220338 0.5418641390205371 0.7161016949152542 0.5624012638230648 0.7097457627118644 0.5545023696682464 0.7055084745762712 0.5387045813586098 0.7033898305084746
1 0.5813586097946287 0.8622881355932204 0.5892575039494471 0.8707627118644068 0.5987361769352291 0.864406779661017 0.6003159557661928 0.8516949152542372 0.6113744075829384 0.8538135593220338 0.6145339652448657 0.836864406779661 0.6050552922590837 0.8220338983050848 0.5908372827804107 0.8432203389830508 0.5797788309636651 0.8516949152542372 0.5813586097946287 0.8622881355932204
1 0.6382306477093207 0.809322033898305 0.6461295418641391 0.8220338983050848 0.6635071090047393 0.8241525423728814 0.6571879936808847 0.8347457627118644 0.6461295418641391 0.8516949152542372 0.6524486571879937 0.8686440677966102 0.665086887835703 0.8622881355932204 0.688783570300158 0.8495762711864406 0.6824644549763034 0.836864406779661 0.674565560821485 0.8326271186440678 0.6777251184834123 0.8072033898305084 0.6808846761453397 0.7860169491525424 0.6635071090047393 0.7902542372881356 0.6587677725118484 0.7733050847457628 0.6524486571879937 0.7923728813559322 0.641390205371248 0.8008474576271186 0.6382306477093207 0.809322033898305
1 0.8199052132701422 0.6694915254237288 0.8293838862559242 0.684322033898305 0.8388625592417062 0.6970338983050848 0.8530805687203792 0.6758474576271186 0.8641390205371248 0.6483050847457628 0.8593996840442338 0.6292372881355932 0.8199052132701422 0.6694915254237288
1 0.8562401263823065 0.5847457627118644 0.8293838862559242 0.6059322033898306 0.8357030015797788 0.6186440677966102 0.8420221169036335 0.6271186440677966 0.8657187993680885 0.6016949152542372 0.8641390205371248 0.5889830508474576 0.8562401263823065 0.5847457627118644
1 0.7014218009478673 0.5826271186440678 0.7156398104265402 0.576271186440678 0.7551342812006319 0.5635593220338984 0.7567140600315956 0.5529661016949152 0.7330173775671406 0.5572033898305084 0.7235387045813586 0.5635593220338984 0.7109004739336493 0.5550847457627118 0.7014218009478673 0.5296610169491526 0.6919431279620853 0.5127118644067796 0.6793048973143759 0.5021186440677966 0.6729857819905213 0.5084745762711864 0.7014218009478673 0.5826271186440678
1 0.8072669826224329 0.6927966101694916 0.8135860979462876 0.7055084745762712 0.8262243285939969 0.7097457627118644 0.8230647709320695 0.6970338983050848 0.8135860979462876 0.684322033898305 0.8072669826224329 0.6927966101694916
1 0.665086887835703 0.7266949152542372 0.6777251184834123 0.7288135593220338 0.6856240126382307 0.7161016949152542 0.6682464454976303 0.7097457627118644 0.6619273301737757 0.7161016949152542 0.665086887835703 0.7266949152542372
6 0.6966824644549763 0.8008474576271186 0.7109004739336493 0.8050847457627118 0.7187993680884676 0.798728813559322 0.7109004739336493 0.7923728813559322 0.688783570300158 0.777542372881356 0.6856240126382307 0.7860169491525424 0.6966824644549763 0.8008474576271186
6 0.3933649289099526 0.211864406779661 0.40916271721958924 0.2288135593220339 0.4218009478672986 0.2330508474576271 0.43285939968404424 0.2521186440677966 0.45339652448657186 0.2605932203389831 0.4676145339652449 0.2775423728813559 0.4755134281200632 0.2838983050847458 0.4834123222748815 0.2944915254237288 0.5023696682464455 0.3072033898305085 0.5134281200631912 0.3156779661016949 0.5308056872037915 0.3305084745762712 0.5497630331753555 0.336864406779661 0.5071090047393365 0.2966101694915254 0.4786729857819905 0.2690677966101695 0.4597156398104265 0.2521186440677966 0.43759873617693523 0.2330508474576271 0.42496050552922593 0.22245762711864406 0.4107424960505529 0.21398305084745764 0.39652448657187994 0.2055084745762712 0.38704581358609796 0.20127118644067796 0.3791469194312796 0.20127118644067796 0.382306477093207 0.21398305084745764 0.38704581358609796 0.21822033898305085 0.3933649289099526 0.211864406779661
6 0.5703001579778831 0.3622881355932203 0.5813586097946287 0.3813559322033898 0.5876777251184834 0.3834745762711864 0.593996840442338 0.3877118644067797 0.6003159557661928 0.4004237288135593 0.6113744075829384 0.413135593220339 0.6208530805687204 0.423728813559322 0.6334913112164297 0.4364406779661017 0.6382306477093207 0.4364406779661017 0.6003159557661928 0.3834745762711864 0.5671406003159558 0.3516949152542373 0.5703001579778831 0.3622881355932203
6 0.5576619273301737 0.413135593220339 0.5718799368088467 0.4173728813559322 0.5908372827804107 0.4322033898305085 0.608214849921011 0.4491525423728814 0.627172195892575 0.4724576271186441 0.6350710900473934 0.4851694915254237 0.6429699842022117 0.4978813559322034 0.655608214849921 0.5042372881355932 0.6524486571879937 0.5127118644067796 0.655608214849921 0.5254237288135594 0.6635071090047393 0.538135593220339 0.693522906793049 0.5572033898305084 0.674565560821485 0.5084745762711864 0.6398104265402843 0.4661016949152542 0.584518167456556 0.4088983050847458 0.5592417061611374 0.3919491525423729 0.5481832543443917 0.3961864406779661 0.5576619273301737 0.413135593220339
6 0.6492890995260664 0.4724576271186441 0.6540284360189573 0.4766949152542373 0.6635071090047393 0.4872881355932203 0.6682464454976303 0.4894067796610169 0.6619273301737757 0.4766949152542373 0.655608214849921 0.4682203389830508 0.6492890995260664 0.4661016949152542 0.6492890995260664 0.4724576271186441
6 0.6571879936808847 0.4724576271186441 0.6666666666666666 0.4851694915254237 0.6793048973143759 0.5021186440677966 0.6903633491311216 0.510593220338983 0.6856240126382307 0.4978813559322034 0.674565560821485 0.4830508474576271 0.6666666666666666 0.4703389830508475 0.6571879936808847 0.4661016949152542 0.6571879936808847 0.4724576271186441
6 0.7835703001579779 0.4533898305084746 0.7883096366508688 0.4576271186440678 0.7946287519747235 0.4533898305084746 0.7883096366508688 0.4449152542372881 0.7819905213270142 0.4427966101694915 0.7835703001579779 0.4533898305084746
6 0.7519747235387045 0.3940677966101695 0.7582938388625592 0.3919491525423729 0.7551342812006319 0.3834745762711864 0.7503949447077409 0.3877118644067797 0.7519747235387045 0.3940677966101695
6 0.7330173775671406 0.3919491525423729 0.7424960505529226 0.3919491525423729 0.7440758293838863 0.3813559322033898 0.7345971563981043 0.3813559322033898 0.7330173775671406 0.3919491525423729
6 0.721958925750395 0.6377118644067796 0.7109004739336493 0.6292372881355932 0.707740916271722 0.6461864406779662 0.721958925750395 0.6377118644067796
6 0.8515007898894155 0.5529661016949152 0.8436018957345972 0.5614406779661016 0.8546603475513428 0.5635593220338984 0.8515007898894155 0.5529661016949152
6 0.8783570300157978 0.5466101694915254 0.8862559241706162 0.5444915254237288 0.8846761453396524 0.5338983050847458 0.8720379146919431 0.5402542372881356 0.8783570300157978 0.5466101694915254
6 0.8894154818325435 0.538135593220339 0.8957345971563981 0.5402542372881356 0.8957345971563981 0.5317796610169492 0.8894154818325435 0.5296610169491526 0.8894154818325435 0.538135593220339
6 0.8973143759873617 0.5127118644067796 0.9020537124802528 0.5148305084745762 0.9036334913112164 0.5063559322033898 0.8973143759873617 0.5021186440677966 0.8941548183254344 0.5063559322033898 0.8973143759873617 0.5127118644067796
6 0.5071090047393365 0.8389830508474576 0.5007898894154819 0.8326271186440678 0.49921011058451814 0.847457627118644 0.5071090047393365 0.8389830508474576
6 0.5055292259083728 0.8305084745762712 0.5102685624012638 0.8347457627118644 0.5118483412322274 0.8283898305084746 0.5071090047393365 0.826271186440678 0.5055292259083728 0.8305084745762712
6 0.49447077409162715 0.8029661016949152 0.5023696682464455 0.809322033898305 0.5023696682464455 0.8050847457627118 0.4960505529225908 0.7944915254237288 0.48973143759873616 0.7944915254237288 0.49447077409162715 0.8029661016949152
6 0.49447077409162715 0.8177966101694916 0.5023696682464455 0.8283898305084746 0.5023696682464455 0.8177966101694916 0.4976303317535545 0.8114406779661016 0.49447077409162715 0.8177966101694916
6 0.47393364928909953 0.8622881355932204 0.47709320695102686 0.8686440677966102 0.4802527646129542 0.864406779661017 0.47709320695102686 0.8580508474576272 0.47393364928909953 0.8580508474576272 0.47393364928909953 0.8622881355932204
6 0.4786729857819905 0.8686440677966102 0.48183254344391785 0.875 0.4881516587677725 0.8728813559322034 0.4834123222748815 0.8665254237288136 0.4786729857819905 0.8686440677966102
6 0.5071090047393365 0.8961864406779662 0.5118483412322274 0.8961864406779662 0.5118483412322274 0.8877118644067796 0.5071090047393365 0.8898305084745762 0.5071090047393365 0.8961864406779662
6 0.5150078988941548 0.8919491525423728 0.5165876777251185 0.9004237288135594 0.5213270142180095 0.8983050847457628 0.5181674565560821 0.8898305084745762 0.5150078988941548 0.8919491525423728
6 0.5181674565560821 0.8707627118644068 0.5197472353870458 0.8792372881355932 0.5244865718799369 0.8707627118644068 0.5197472353870458 0.864406779661017 0.5181674565560821 0.8707627118644068
6 0.5576619273301737 0.8813559322033898 0.5624012638230648 0.8792372881355932 0.5608214849921012 0.8707627118644068 0.5560821484992101 0.8728813559322034 0.5576619273301737 0.8813559322033898
6 0.5497630331753555 0.8877118644067796 0.5608214849921012 0.8834745762711864 0.5513428120063191 0.8728813559322034 0.5497630331753555 0.8877118644067796
6 0.4565560821484992 0.8135593220338984 0.4628751974723539 0.8135593220338984 0.4597156398104265 0.8050847457627118 0.4565560821484992 0.809322033898305 0.4565560821484992 0.8135593220338984
6 0.5260663507109005 0.8305084745762712 0.5387045813586098 0.8305084745762712 0.5371248025276462 0.8241525423728814 0.5308056872037915 0.8199152542372882 0.5260663507109005 0.8305084745762712
6 0.7345971563981043 0.7584745762711864 0.7298578199052133 0.7584745762711864 0.7282780410742496 0.7669491525423728 0.7330173775671406 0.7733050847457628 0.7361769352290679 0.7669491525423728 0.7345971563981043 0.7584745762711864
6 0.7377567140600316 0.7563559322033898 0.7424960505529226 0.7584745762711864 0.7472353870458136 0.7584745762711864 0.7472353870458136 0.75 0.7393364928909952 0.75 0.7377567140600316 0.7563559322033898
6 0.7266982622432859 0.788135593220339 0.721958925750395 0.7902542372881356 0.7251184834123223 0.7944915254237288 0.731437598736177 0.7923728813559322 0.7330173775671406 0.7860169491525424 0.7298578199052133 0.7796610169491526 0.7266982622432859 0.788135593220339
6 0.7124802527646129 0.7288135593220338 0.7187993680884676 0.7351694915254238 0.7282780410742496 0.7288135593220338 0.7298578199052133 0.7203389830508474 0.7235387045813586 0.7076271186440678 0.7140600315955766 0.7161016949152542 0.7124802527646129 0.7288135593220338
6 0.4265402843601896 0.6398305084745762 0.41706161137440756 0.652542372881356 0.42496050552922593 0.6588983050847458 0.43285939968404424 0.6461864406779662 0.4265402843601896 0.6398305084745762
6 0.40916271721958924 0.6483050847457628 0.4154818325434439 0.6567796610169492 0.42338072669826227 0.635593220338983 0.41232227488151657 0.6207627118644068 0.40916271721958924 0.6483050847457628
6 0.8025276461295419 0.3241525423728814 0.7867298578199052 0.3114406779661017 0.7804107424960506 0.3114406779661017 0.7977883096366508 0.326271186440678 0.8246445497630331 0.3453389830508475 0.8151658767772512 0.3347457627118644 0.8025276461295419 0.3241525423728814
6 0.5608214849921012 0.7033898305084746 0.5671406003159558 0.6949152542372882 0.5592417061611374 0.6927966101694916 0.5560821484992101 0.6970338983050848 0.5608214849921012 0.7033898305084746
8 0.36018957345971564 0.5614406779661016 0.3744075829383886 0.576271186440678 0.3949447077409163 0.597457627118644 0.3981042654028436 0.5932203389830508 0.38704581358609796 0.5783898305084746 0.3712480252764613 0.5614406779661016 0.358609794628752 0.5508474576271186 0.36018957345971564 0.5614406779661016
5 0.7930489731437599 0.5826271186440678 0.8088467614533965 0.576271186440678 0.8088467614533965 0.5614406779661016 0.7962085308056872 0.559322033898305 0.7835703001579779 0.5741525423728814 0.7930489731437599 0.5826271186440678
0 0.6729857819905213 0.538135593220339 0.688783570300158 0.5529661016949152 0.7014218009478673 0.576271186440678 0.7472353870458136 0.5635593220338984 0.8546603475513428 0.5 0.8609794628751974 0.4703389830508475 0.8609794628751974 0.451271186440678 0.8720379146919431 0.4343220338983051 0.8988941548183255 0.413135593220339 0.8909952606635071 0.3940677966101695 0.8704581358609794 0.3771186440677966 0.8151658767772512 0.3389830508474576 0.6808846761453397 0.24364406779661016 0.6461295418641391 0.23516949152542374 0.6208530805687204 0.2245762711864407 0.5639810426540285 0.1885593220338983 0.5434439178515008 0.1864406779661017 0.37756714060031593 0.1906779661016949 0.3696682464454976 0.2076271186440678 0.3570300157977883 0.2309322033898305 0.3459715639810427 0.25 0.2843601895734597 0.2902542372881356 0.38704581358609796 0.3813559322033898 0.48657187993680884 0.4745762711864407 0.5276461295418642 0.5190677966101694 0.5418641390205371 0.5635593220338984 0.6492890995260664 0.538135593220339 0.6729857819905213 0.538135593220339
0 0.4186413902053712 0.6419491525423728 0.4060031595576619 0.6546610169491526 0.39968404423380727 0.6927966101694916 0.4107424960505529 0.7266949152542372 0.42496050552922593 0.7669491525423728 0.4296998420221169 0.8029661016949152 0.4265402843601896 0.8326271186440678 0.5071090047393365 0.9173728813559322 0.5529225908372828 0.9152542372881356 0.6097946287519748 0.8919491525423728 0.6729857819905213 0.8559322033898306 0.7298578199052133 0.8135593220338984 0.7962085308056872 0.75 0.8388625592417062 0.6970338983050848 0.8625592417061612 0.6546610169491526 0.8767772511848341 0.6059322033898306 0.8988941548183255 0.5614406779661016 0.9067930489731437 0.527542372881356 0.9067930489731437 0.5021186440677966 0.8909952606635071 0.4894067796610169 0.8704581358609794 0.527542372881356 0.8562401263823065 0.5338983050847458 0.8530805687203792 0.5084745762711864 0.7045813586097947 0.5805084745762712 0.7140600315955766 0.6228813559322034 0.7124802527646129 0.6377118644067796 0.6635071090047393 0.6546610169491526 0.5781990521327014 0.6716101694915254 0.5371248025276462 0.6779661016949152 0.5071090047393365 0.6822033898305084 0.48183254344391785 0.6779661016949152 0.45339652448657186 0.6673728813559322 0.42812006319115326 0.6461864406779662 0.4186413902053712 0.6419491525423728
0 0.2037914691943128 0.2923728813559322 0.20063191153238547 0.4279661016949153 0.20537124802527645 0.4788135593220339 0.22432859399684044 0.5063559322033898 0.21642969984202212 0.461864406779661 0.21642969984202212 0.423728813559322 0.2132701421800948 0.2817796610169492 0.2037914691943128 0.2923728813559322