8 0.5288944723618091 0.667779632721202 0.5314070351758794 0.659432387312187 0.5364321608040201 0.6527545909849749 0.5452261306532663 0.6377295492487479 0.5540201005025126 0.6277128547579299 0.5603015075376885 0.6210350584307178 0.5640703517587939 0.6160267111853088 0.5753768844221105 0.6043405676126878 0.5841708542713567 0.5943238731218697 0.592964824120603 0.5859766277128547 0.5992462311557789 0.5826377295492488 0.6092964824120602 0.5826377295492488 0.6105527638190955 0.5893155258764607 0.621859296482412 0.5893155258764607 0.6168341708542714 0.5976627712854758 0.6042713567839196 0.6060100166944908 0.5891959798994975 0.6210350584307178 0.5791457286432161 0.6410684474123539 0.5690954773869347 0.656093489148581 0.5603015075376885 0.672787979966611 0.5540201005025126 0.67779632721202 0.5439698492462312 0.67779632721202 0.535175879396985 0.676126878130217 0.5288944723618091 0.674457429048414
8 0.507537688442211 0.6260434056761269 0.5163316582914573 0.6176961602671118 0.5251256281407035 0.6093489148580968 0.5364321608040201 0.6060100166944908 0.5464824120603015 0.5993322203672788 0.5577889447236181 0.5909849749582637 0.571608040201005 0.5826377295492488 0.5804020100502513 0.5759599332220368 0.5904522613065326 0.5709515859766278 0.5954773869346733 0.5726210350584308 0.5829145728643216 0.5843071786310517 0.5690954773869347 0.5926544240400667 0.5565326633165829 0.6010016694490818 0.5565326633165829 0.6093489148580968 0.550251256281407 0.6176961602671118 0.5452261306532663 0.6243739565943238 0.5389447236180904 0.6260434056761269 0.5263819095477387 0.6243739565943238 0.5150753768844221 0.6293823038397329 0.507537688442211 0.6310517529215359
8 0.6545226130653267 0.5893155258764607 0.6595477386934674 0.5876460767946577 0.6670854271356784 0.5909849749582637 0.6683417085427136 0.5993322203672788 0.6721105527638191 0.6076794657762938 0.6746231155778895 0.6176961602671118 0.6746231155778895 0.6260434056761269 0.6708542713567839 0.6176961602671118 0.664572864321608 0.6060100166944908 0.6595477386934674 0.5976627712854758 0.6557788944723618 0.5943238731218697
8 0.6520100502512562 0.44073455759599334 0.6608040201005025 0.4373956594323873 0.6708542713567839 0.4307178631051753 0.6809045226130653 0.4240400667779633 0.6934673366834171 0.42237061769616024 0.699748743718593 0.41569282136894825 0.7047738693467337 0.41569282136894825 0.7047738693467337 0.42237061769616024 0.6947236180904522 0.4273789649415693 0.6846733668341709 0.4323873121869783 0.6746231155778895 0.4357262103505843 0.664572864321608 0.44073455759599334 0.657035175879397 0.44407345575959933
8 0.7135678391959799 0.41736227045075125 0.714824120603015 0.41068447412353926 0.7223618090452262 0.4056761268781302 0.7286432160804021 0.3989983305509182 0.7349246231155779 0.39565943238731216 0.7386934673366834 0.39232053422370616 0.7449748743718593 0.39065108514190316 0.7487437185929648 0.38731218697829717 0.7525125628140703 0.38564273789649417 0.7512562814070352 0.39065108514190316 0.7412060301507538 0.3973288814691152 0.7349246231155779 0.4006677796327212 0.7286432160804021 0.4073455759599332 0.7185929648241206 0.41402337228714525
8 0.48115577889447236 0.6110183639398998 0.4836683417085427 0.6043405676126878 0.4886934673366834 0.5993322203672788 0.49246231155778897 0.5959933222036727 0.4937185929648241 0.6026711185308848 0.4899497487437186 0.6093489148580968 0.4861809045226131 0.6126878130217028
8 0.5138190954773869 0.5876460767946577 0.5150753768844221 0.5792988313856428 0.5201005025125628 0.5709515859766278 0.5276381909547738 0.5692821368948247 0.5301507537688442 0.5776293823038398 0.5251256281407035 0.5809682804674458 0.5188442211055276 0.5876460767946577
8 0.5464824120603015 0.5642737896494157 0.5489949748743719 0.5609348914858097 0.5527638190954773 0.5575959933222037 0.5577889447236181 0.5626043405676127 0.5527638190954773 0.5659432387312187 0.550251256281407 0.5659432387312187
3 0.5992462311557789 0.5792988313856428 0.5904522613065326 0.5692821368948247 0.5804020100502513 0.5626043405676127 0.571608040201005 0.5509181969949917 0.5653266331658291 0.5358931552587646 0.5665829145728644 0.5242070116861436 0.5665829145728644 0.5108514190317195 0.571608040201005 0.49081803005008345 0.5791457286432161 0.48247078464106846 0.5904522613065326 0.4724540901502504 0.6017587939698492 0.46410684474123537 0.6130653266331658 0.46243739565943237 0.6193467336683417 0.4574290484140234 0.6369346733668342 0.4707846410684474 0.6520100502512562 0.4791318864774624 0.6633165829145728 0.48914858096828046 0.6771356783919598 0.4941569282136895 0.6871859296482412 0.4991652754590985 0.6959798994974874 0.5091819699499165 0.699748743718593 0.5225375626043406 0.6984924623115578 0.5392320534223706 0.6959798994974874 0.5592654424040067 0.6947236180904522 0.5776293823038398 0.699748743718593 0.5859766277128547 0.7047738693467337 0.6026711185308848 0.699748743718593 0.6227045075125208 0.6896984924623115 0.6393989983305509 0.6821608040201005 0.6410684474123539 0.6771356783919598 0.6327212020033389 0.6721105527638191 0.6110183639398998 0.6633165829145728 0.5976627712854758 0.6545226130653267 0.5893155258764607 0.6394472361809045 0.5843071786310517 0.6319095477386935 0.5843071786310517 0.6105527638190955 0.5826377295492488
3 0.4623115577889447 0.6093489148580968 0.46608040201005024 0.5976627712854758 0.48115577889447236 0.5859766277128547 0.49246231155778897 0.5759599332220368 0.5037688442211056 0.5642737896494157 0.5163316582914573 0.5542570951585977 0.5251256281407035 0.5475792988313857 0.535175879396985 0.5409015025041736 0.5464824120603015 0.5258764607679466 0.5552763819095478 0.5175292153589316 0.5628140703517588 0.5175292153589316 0.5653266331658291 0.5308848080133556 0.5640703517587939 0.5459098497495827 0.5615577889447236 0.5575959933222037 0.5477386934673367 0.5742904841402338 0.5288944723618091 0.5876460767946577 0.5138190954773869 0.5976627712854758 0.5012562814070352 0.6093489148580968 0.478643216080402 0.6143572621035058 0.46608040201005024 0.6143572621035058
3 0.45226130653266333 0.6460767946577629 0.45979899497487436 0.6360601001669449 0.47361809045226133 0.6227045075125208 0.48743718592964824 0.6227045075125208 0.5025125628140703 0.6243739565943238 0.5037688442211056 0.6343906510851419 0.5138190954773869 0.6393989983305509 0.5263819095477387 0.6410684474123539 0.535175879396985 0.6444073455759599 0.542713567839196 0.6510851419031719 0.5376884422110553 0.666110183639399 0.5314070351758794 0.676126878130217 0.5276381909547738 0.6861435726210351 0.5251256281407035 0.6944908180300501 0.5100502512562815 0.6861435726210351 0.4899497487437186 0.676126878130217 0.47613065326633164 0.6861435726210351 0.4623115577889447 0.6878130217028381 0.44974874371859297 0.6844741235392321 0.4472361809045226 0.671118530884808 0.44597989949748745 0.66110183639399
8 0.3555276381909548 0.8747913188647746 0.3417085427135678 0.8681135225375626 0.33040201005025127 0.8614357262103506 0.34296482412060303 0.8330550918196995 0.3555276381909548 0.8113522537562604 0.38190954773869346 0.7979966611018364 0.3957286432160804 0.7863105175292153 0.40954773869346733 0.7729549248747913 0.4258793969849246 0.7612687813021702 0.44221105527638194 0.7512520868113522 0.45979899497487436 0.7445742904841403 0.4748743718592965 0.7395659432387313 0.49748743718592964 0.7378964941569283 0.5163316582914573 0.7378964941569283 0.535175879396985 0.7345575959933222 0.5402010050251256 0.7378964941569283 0.5364321608040201 0.7579298831385642 0.5276381909547738 0.7762938230383973 0.5188442211055276 0.7979966611018364 0.5113065326633166 0.8180300500834724 0.5087939698492462 0.8330550918196995 0.5012562814070352 0.8464106844741235 0.4748743718592965 0.8497495826377296 0.4610552763819096 0.8580968280467446 0.4396984924623116 0.8631051752921536 0.41708542713567837 0.8681135225375626 0.39195979899497485 0.8764607679465777 0.37185929648241206 0.8781302170283807
2 0.40703517587939697 0.1419031719532554 0.41708542713567837 0.13856427378964942 0.4271356783919598 0.1335559265442404 0.43467336683417085 0.1318864774624374 0.44974874371859297 0.1318864774624374 0.45979899497487436 0.1318864774624374 0.47110552763819097 0.1352253756260434 0.47738693467336685 0.13856427378964942 0.47110552763819097 0.1419031719532554 0.4585427135678392 0.13856427378964942 0.4472361809045226 0.13856427378964942 0.4321608040201005 0.14023372287145242 0.41959798994974873 0.1419031719532554 0.40954773869346733 0.14524207011686144 0.4007537688442211 0.14691151919866444
8 0.3756281407035176 0.9549248747913188 0.3806532663316583 0.9432387312186978 0.38819095477386933 0.9332220367278798 0.3944723618090452 0.9265442404006677 0.40703517587939697 0.9181969949916527 0.41708542713567837 0.9131886477462438 0.42839195979899497 0.9081803005008348 0.44095477386934673 0.8998330550918197 0.45226130653266333 0.8931552587646077 0.4623115577889447 0.8948247078464107 0.46608040201005024 0.8981636060100167 0.457286432160804 0.9015025041736227 0.4371859296482412 0.9098497495826378 0.42462311557788945 0.9165275459098498 0.40703517587939697 0.9248747913188647 0.3969849246231156 0.9365609348914858 0.38819095477386933 0.9465776293823038 0.38190954773869346 0.9515859766277128
3 0.9158291457286433 0.34223706176961605 0.9208542713567839 0.31886477462437396 0.9321608040201005 0.27378964941569284 0.9371859296482412 0.25041736227045075 0.9371859296482412 0.2270450751252087 0.9359296482412061 0.20868113522537562 0.9384422110552764 0.2036727879799666 0.9472361809045227 0.2036727879799666 0.9510050251256281 0.21202003338898165 0.9535175879396985 0.22370617696160267 0.9560301507537688 0.24040066777963273 0.9560301507537688 0.2621035058430718 0.9522613065326633 0.27712854757929883 0.9510050251256281 0.2904841402337229 0.9560301507537688 0.3055091819699499 0.9547738693467337 0.3121869782971619 0.9472361809045227 0.3105175292153589 0.9359296482412061 0.32053422370617696 0.9309045226130653 0.330550918196995 0.9246231155778895 0.34223706176961605 0.9183417085427136 0.35225375626043404
0 0.49246231155778897 0.9015025041736227 0.5037688442211056 0.8530884808013356 0.5125628140703518 0.8230383973288815 0.5339195979899497 0.7629382303839732 0.542713567839196 0.7328881469115192 0.5489949748743719 0.6994991652754591 0.5251256281407035 0.6894824707846411 0.49246231155778897 0.674457429048414 0.47110552763819097 0.676126878130217 0.44221105527638194 0.67779632721202 0.4183417085427136 0.6978297161936561 0.3957286432160804 0.7195325542570952 0.3706030150753769 0.7378964941569283 0.3442211055276382 0.7378964941569283 0.3178391959798995 0.7328881469115192 0.3065326633165829 0.7195325542570952 0.28391959798994976 0.7178631051752922 0.2550251256281407 0.7145242070116862 0.22487437185929648 0.7111853088480802 0.21733668341708542 0.6978297161936561 0.24748743718592964 0.6410684474123539 0.23115577889447236 0.6343906510851419 0.19472361809045227 0.6126878130217028 0.1507537688442211 0.5809682804674458 0.10427135678391959 0.5409015025041736 0.07914572864321608 0.5025041736227045 0.06155778894472362 0.4724540901502504 0.04648241206030151 0.5158597662771286 0.04020100502512563 0.5542570951585977 0.04020100502512563 0.5893155258764607 0.0364321608040201 0.6176961602671118 0.03768844221105527 0.666110183639399 0.035175879396984924 0.67779632721202 0.04020100502512563 0.7028380634390651 0.052763819095477386 0.7378964941569283 0.07537688442211055 0.7879799666110183 0.1092964824120603 0.8363939899833055 0.14698492462311558 0.8714524207011686 0.17462311557788945 0.8998330550918197 0.18467336683417085 0.8998330550918197 0.22613065326633167 0.9215358931552587 0.27386934673366836 0.9449081803005008 0.32160804020100503 0.9616026711185309 0.36683417085427134 0.9599332220367279 0.41708542713567837 0.9398998330550918 0.46608040201005024 0.9148580968280468
5 0.04271356783919598 0.6293823038397329 0.08668341708542714 0.6894824707846411 0.13944723618090452 0.7395659432387313 0.14321608040201006 0.7963272120200334 0.08919597989949749 0.7378964941569283 0.04396984924623116 0.669449081803005