0 0.5584905660377358 0.015025041736227046 0.5333333333333333 0.01669449081803005 0.49433962264150944 0.008347245409015025 0.4691823899371069 0.011686143572621035 0.46037735849056605 0.03005008347245409 0.4540880503144654 0.05509181969949917 0.4528301886792453 0.09181969949916527 0.4641509433962264 0.10851419031719532 0.4779874213836478 0.12186978297161936 0.49937106918238994 0.11853088480801335 0.5207547169811321 0.11018363939899833 0.549685534591195 0.1018363939899833 0.5735849056603773 0.08347245409015025 0.5836477987421383 0.06343906510851419 0.579874213836478 0.0333889816360601 0.5584905660377358 0.015025041736227046
3 0.5748427672955975 0.10517529215358931 0.5622641509433962 0.1335559265442404 0.5534591194968553 0.16193656093489148 0.5522012578616352 0.2036727879799666 0.5433962264150943 0.2287145242070117 0.5408805031446541 0.27545909849749584 0.5383647798742138 0.31385642737896496 0.5333333333333333 0.3572621035058431 0.5345911949685535 0.39565943238731216 0.5421383647798742 0.4257095158597663 0.5572327044025157 0.43906510851419034 0.5710691823899371 0.4557595993322204 0.5823899371069182 0.4691151919866444 0.6037735849056604 0.4757929883138564 0.6176100628930817 0.4557595993322204 0.6113207547169811 0.4290484140233723 0.610062893081761 0.3806343906510851 0.6037735849056604 0.34223706176961605 0.6025157232704402 0.3021702838063439 0.6012578616352201 0.2671118530884808 0.6025157232704402 0.2303839732888147 0.6 0.19699499165275458 0.5987421383647799 0.15191986644407346 0.6025157232704402 0.12687813021702837 0.5962264150943396 0.09515859766277128 0.5748427672955975 0.10517529215358931
3 0.5660377358490566 0.5442404006677797 0.549685534591195 0.5776293823038398 0.5408805031446541 0.6060100166944908 0.5408805031446541 0.6210350584307178 0.5522012578616352 0.6510851419031719 0.5610062893081761 0.669449081803005 0.569811320754717 0.6844741235392321 0.5836477987421383 0.6911519198664441 0.5974842767295597 0.6894824707846411 0.6150943396226415 0.6811352253756261 0.6226415094339622 0.6494156928213689 0.6226415094339622 0.6093489148580968 0.6138364779874214 0.5809682804674458 0.6050314465408805 0.5609348914858097 0.5823899371069182 0.5392320534223706 0.5660377358490566 0.5442404006677797
5 0.6163522012578616 0.08514190317195326 0.6062893081761006 0.10517529215358931 0.6012578616352201 0.15859766277128548 0.6 0.20868113522537562 0.6 0.2637729549248748 0.6 0.31886477462437396 0.5974842767295597 0.3622704507512521 0.5962264150943396 0.4006677796327212 0.5911949685534591 0.44574290484140233 0.5949685534591195 0.48914858096828046 0.6 0.5308848080133556 0.6062893081761006 0.5759599332220368 0.6125786163522012 0.6243739565943238 0.6188679245283019 0.672787979966611 0.6226415094339622 0.7228714524207012 0.620125786163522 0.8096828046744574 0.6213836477987421 0.8764607679465777 0.6289308176100629 0.9131886477462438 0.6415094339622641 0.9198664440734557 0.660377358490566 0.9165275459098498 0.6779874213836478 0.8998330550918197 0.6993710691823899 0.8814691151919867 0.7257861635220125 0.8714524207011686 0.7459119496855345 0.8464106844741235 0.7547169811320755 0.8130217028380634 0.7547169811320755 0.7813021702838063 0.7496855345911949 0.7312186978297162 0.7446540880503144 0.6928213689482471 0.7421383647798742 0.6360601001669449 0.7333333333333333 0.5876460767946577 0.730817610062893 0.5392320534223706 0.7245283018867924 0.48080133555926546 0.7194968553459119 0.4257095158597663 0.7182389937106918 0.39232053422370616 0.7283018867924528 0.3606010016694491 0.7283018867924528 0.327212020033389 0.7245283018867924 0.29716193656093487 0.7245283018867924 0.24707846410684475 0.730817610062893 0.1986644407345576 0.7257861635220125 0.16193656093489148 0.7056603773584905 0.13856427378964942 0.6679245283018868 0.10851419031719532 0.6339622641509434 0.09348914858096828 0.6163522012578616 0.08514190317195326
6 0.7383647798742138 0.1652754590984975 0.7333333333333333 0.18363939899833054 0.730817610062893 0.21368948247078465 0.730817610062893 0.24373956594323873 0.7320754716981132 0.2687813021702838 0.7333333333333333 0.2921535893155259 0.7333333333333333 0.32220367278797996 0.7371069182389937 0.34223706176961605 0.7371069182389937 0.37061769616026713 0.7396226415094339 0.4040066777963272 0.7433962264150943 0.4240400667779633 0.7484276729559748 0.4524207011686144 0.7509433962264151 0.4941569282136895 0.7509433962264151 0.5242070116861436 0.7559748427672957 0.5525876460767947 0.759748427672956 0.5843071786310517 0.7610062893081762 0.6210350584307178 0.7622641509433963 0.6410684474123539 0.7584905660377359 0.676126878130217 0.7672955974842768 0.7045075125208681 0.7685534591194969 0.7378964941569283 0.7761006289308177 0.7378964941569283 0.7735849056603774 0.7011686143572621 0.7723270440251573 0.674457429048414 0.7723270440251573 0.6427378964941569 0.769811320754717 0.6277128547579299 0.7660377358490567 0.6093489148580968 0.7748427672955975 0.6043405676126878 0.7924528301886793 0.6026711185308848 0.7937106918238994 0.5843071786310517 0.7924528301886793 0.5492487479131887 0.7937106918238994 0.5075125208681135 0.7937106918238994 0.4574290484140234 0.789937106918239 0.42237061769616024 0.7861635220125787 0.38397328881469117 0.7861635220125787 0.35058430717863104 0.7836477987421384 0.3088480801335559 0.779874213836478 0.27212020033388984 0.779874213836478 0.24040066777963273 0.7786163522012579 0.20534223706176963 0.7685534591194969 0.18697829716193656 0.7534591194968554 0.15859766277128548 0.7383647798742138 0.1652754590984975
6 0.6 0.14524207011686144 0.6075471698113207 0.14524207011686144 0.6176100628930817 0.13856427378964942 0.6327044025157232 0.1318864774624374 0.6352201257861635 0.12020033388981637 0.6377358490566037 0.10350584307178631 0.6490566037735849 0.11018363939899833 0.670440251572327 0.11686143572621036 0.6830188679245283 0.1285475792988314 0.6943396226415094 0.1285475792988314 0.7081761006289308 0.14023372287145242 0.7257861635220125 0.15692821368948248 0.7333333333333333 0.14357262103505844 0.7194968553459119 0.1285475792988314 0.6981132075471698 0.11352253756260434 0.6893081761006289 0.09849749582637729 0.6691823899371069 0.08848080133555926 0.6515723270440251 0.08013355592654424 0.6226415094339622 0.06343906510851419 0.6062893081761006 0.05676126878130217 0.6 0.14524207011686144
6 0.5723270440251572 0.09682804674457429 0.5622641509433962 0.12353923205342238 0.5509433962264151 0.18864774624373956 0.539622641509434 0.2604340567612688 0.539622641509434 0.32220367278797996 0.5383647798742138 0.38731218697829717 0.539622641509434 0.4290484140233723 0.5509433962264151 0.4340567612687813 0.5584905660377358 0.4674457429048414 0.5635220125786163 0.48914858096828046 0.5710691823899371 0.4974958263772955 0.5559748427672956 0.5292153589315526 0.5408805031446541 0.5459098497495827 0.5232704402515723 0.5475792988313857 0.5069182389937107 0.5292153589315526 0.4981132075471698 0.5041736227045075 0.47924528301886793 0.5075125208681135 0.48427672955974843 0.5191986644407346 0.49056603773584906 0.5459098497495827 0.5006289308176101 0.5609348914858097 0.5106918238993711 0.5826377295492488 0.5245283018867924 0.6076794657762938 0.5371069182389937 0.6277128547579299 0.549685534591195 0.6427378964941569 0.5559748427672956 0.666110183639399 0.569811320754717 0.6894824707846411 0.5836477987421383 0.7045075125208681 0.5962264150943396 0.7212020033388982 0.6138364779874214 0.7212020033388982 0.6264150943396226 0.7395659432387313 0.6238993710691824 0.7145242070116862 0.6238993710691824 0.6828046744574291 0.6226415094339622 0.6510851419031719 0.6226415094339622 0.6277128547579299 0.6176100628930817 0.5993322203672788 0.6125786163522012 0.5676126878130217 0.6113207547169811 0.5308848080133556 0.6062893081761006 0.5058430717863105 0.6012578616352201 0.48747913188647746 0.5949685534591195 0.4524207011686144 0.5949685534591195 0.4323873121869783 0.6025157232704402 0.38731218697829717 0.6050314465408805 0.34724540901502504 0.6088050314465409 0.3121869782971619 0.6088050314465409 0.2604340567612688 0.6050314465408805 0.2020033388981636 0.6050314465408805 0.16026711185308848 0.6075471698113207 0.09849749582637729 0.5974842767295597 0.08347245409015025 0.5849056603773585 0.07846410684474124 0.5723270440251572 0.09682804674457429
6 0.3471698113207547 0.5392320534223706 0.35471698113207545 0.5358931552587646 0.3635220125786163 0.5325542570951586 0.36855345911949683 0.5175292153589316 0.3710691823899371 0.4991652754590985 0.3723270440251572 0.48247078464106846 0.3572327044025157 0.48080133555926546 0.34591194968553457 0.48247078464106846 0.3471698113207547 0.5392320534223706
6 0.3421383647798742 0.41903171953255425 0.3484276729559748 0.41402337228714525 0.3534591194968553 0.3973288814691152 0.3484276729559748 0.3789649415692821 0.3522012578616352 0.3672787979966611 0.3559748427672956 0.3555926544240401 0.35471698113207545 0.337228714524207 0.3522012578616352 0.327212020033389 0.3522012578616352 0.31719532554257096 0.35471698113207545 0.3088480801335559 0.35471698113207545 0.2988313856427379 0.3484276729559748 0.29549248747913187 0.3433962264150943 0.29716193656093487 0.3421383647798742 0.41903171953255425
6 0.24150943396226415 0.4941569282136895 0.2289308176100629 0.4941569282136895 0.22012578616352202 0.5008347245409015 0.21257861635220127 0.5041736227045075 0.2037735849056604 0.5041736227045075 0.20251572327044026 0.5158597662771286 0.2088050314465409 0.5175292153589316 0.21635220125786164 0.5242070116861436 0.2289308176100629 0.5225375626043406 0.2289308176100629 0.5058430717863105 0.23647798742138365 0.5075125208681135 0.24528301886792453 0.5058430717863105 0.2440251572327044 0.4941569282136895 0.2528301886792453 0.48914858096828046 0.24150943396226415 0.4941569282136895
8 0.20628930817610064 0.2938230383973289 0.2037735849056604 0.333889816360601 0.2037735849056604 0.3572621035058431 0.2037735849056604 0.3823038397328882 0.20251572327044026 0.4090150250417362 0.2088050314465409 0.4040066777963272 0.21006289308176102 0.3756260434056761 0.21006289308176102 0.3555926544240401 0.21132075471698114 0.330550918196995 0.2138364779874214 0.3105175292153589 0.2138364779874214 0.2904841402337229 0.21761006289308177 0.27879799666110183 0.2088050314465409 0.27712854757929883 0.20628930817610064 0.2938230383973289
8 0.22767295597484277 0.17362270450751252 0.23270440251572327 0.1669449081803005 0.22641509433962265 0.16193656093489148 0.21509433962264152 0.16026711185308848 0.22767295597484277 0.17362270450751252
8 0.2440251572327044 0.7946577629382304 0.25031446540880503 0.7929883138564274 0.24276729559748428 0.7846410684474123 0.2440251572327044 0.7946577629382304
8 0.21257861635220127 0.7929883138564274 0.22012578616352202 0.7929883138564274 0.22012578616352202 0.7846410684474123 0.2138364779874214 0.7846410684474123 0.21257861635220127 0.7929883138564274
8 0.24654088050314465 0.8414023372287145 0.24654088050314465 0.8480801335559266 0.2528301886792453 0.8480801335559266 0.2578616352201258 0.8397328881469115 0.25031446540880503 0.8347245409015025 0.24654088050314465 0.8414023372287145
8 0.21761006289308177 0.8497495826377296 0.22012578616352202 0.8580968280467446 0.22767295597484277 0.8530884808013356 0.22138364779874214 0.8414023372287145 0.21761006289308177 0.8497495826377296
8 0.26540880503144654 0.02337228714524207 0.27169811320754716 0.02337228714524207 0.27672955974842767 0.02003338898163606 0.2729559748427673 0.01669449081803005 0.26540880503144654 0.01669449081803005 0.26540880503144654 0.02337228714524207
8 0.24779874213836478 0.11519198664440734 0.25157232704402516 0.11686143572621036 0.2578616352201258 0.11352253756260434 0.2528301886792453 0.11185308848080133 0.24528301886792453 0.11185308848080133 0.24779874213836478 0.11519198664440734
0 0.6314465408805031 0.5258764607679466 0.6364779874213836 0.5025041736227045 0.6352201257861635 0.46410684474123537 0.6238993710691824 0.4373956594323873 0.6176100628930817 0.38564273789649417 0.6163522012578616 0.21535893155258765 0.6188679245283019 0.1419031719532554 0.6062893081761006 0.05509181969949917 0.5937106918238994 0.2303839732888147 0.589937106918239 0.3989983305509182 0.5823899371069182 0.44574290484140233 0.5911949685534591 0.5225375626043406 0.6050314465408805 0.5926544240400667 0.6075471698113207 0.67779632721202 0.6163522012578616 0.8447412353923205 0.6138364779874214 0.9332220367278798 0.6352201257861635 0.8447412353923205 0.6327044025157232 0.6811352253756261 0.6314465408805031 0.5258764607679466
0 0.7132075471698113 0.33889816360601 0.7144654088050314 0.38731218697829717 0.7232704402515723 0.46243739565943237 0.7320754716981132 0.5909849749582637 0.7345911949685534 0.6460767946577629 0.740880503144654 0.7111853088480802 0.7446540880503144 0.7545909849749582 0.7484276729559748 0.7846410684474123 0.7685534591194969 0.7378964941569283 0.7786163522012579 0.6844741235392321 0.7509433962264151 0.35392320534223703 0.740880503144654 0.28046744574290483 0.7396226415094339 0.21869782971619364 0.7433962264150943 0.16026711185308848 0.7371069182389937 0.15358931552587646 0.7257861635220125 0.18196994991652754 0.7132075471698113 0.33889816360601
3 0.7383647798742138 0.41736227045075125 0.7459119496855345 0.5525876460767947 0.7584905660377359 0.6310517529215359 0.7723270440251573 0.7095158597662772 0.789937106918239 0.6811352253756261 0.7937106918238994 0.5191986644407346 0.7874213836477988 0.3772954924874791 0.7861635220125787 0.31886477462437396 0.7937106918238994 0.2904841402337229 0.7823899371069183 0.24540901502504173 0.779874213836478 0.19699499165275458 0.7622641509433963 0.17028380634390652 0.7433962264150943 0.1652754590984975 0.740880503144654 0.20868113522537562 0.7345911949685534 0.32554257095158595 0.7383647798742138 0.41736227045075125
5 0.27169811320754716 0.2988313856427379 0.27169811320754716 0.6844741235392321 0.3371069182389937 0.679465776293823 0.3383647798742138 0.29716193656093487 0.27169811320754716 0.2988313856427379
0 0.3937106918238994 0.14524207011686144 0.3849056603773585 0.17028380634390652 0.38238993710691827 0.3005008347245409 0.3949685534591195 0.7813021702838063 0.4025157232704403 0.8414023372287145 0.4327044025157233 0.8647746243739566 0.4125786163522013 0.8180300500834724 0.4025157232704403 0.16193656093489148 0.4088050314465409 0.1318864774624374 0.3937106918238994 0.14524207011686144