3 0.32335633626097865 0.28058833333333333 0.30633751568381434 0.31183833333333333 0.30183312421580927 0.34175833333333333 0.300831869510665 0.37500333333333336 0.3148469259723965 0.399605 0.34187703889585946 0.4069183333333333 0.39793851944792974 0.41556166666666666 0.41195357590966125 0.4115733333333333 0.4184617314930991 0.38830166666666666 0.40244291091593476 0.29721 0.39143161856963615 0.27260833333333334 0.3729109159347553 0.26728999999999997 0.33937390213299873 0.27260833333333334
3 0.41645922208281055 0.31250333333333336 0.4299736511919699 0.37234333333333336 0.44148682559598496 0.40292833333333333 0.4685169385194479 0.40292833333333333 0.4895395232120452 0.38630666666666663 0.4895395232120452 0.33976333333333336 0.48002885821831875 0.3144966666666667 0.4454905897114178 0.30518833333333334
8 0.43247678795483063 0.37433833333333333 0.4394843161856964 0.5166266666666667 0.45299874529485573 0.5266 0.4725207026348808 0.52926 0.4930439146800502 0.52793 0.4975483061480552 0.5219466666666667 0.4885382685069009 0.4900316666666667 0.47302132998745294 0.40359333333333336 0.484534504391468 0.3796583333333333 0.48353324968632366 0.36103999999999997
8 0.4865031367628607 0.2945716666666667 0.5583952321204517 0.281435 0.5743713927227102 0.2672866666666667 0.5496461731493099 0.2647616666666667 0.5614378920953575 0.23595999999999998 0.5983350062735258 0.22787666666666667 0.594150564617315 0.25212999999999997 0.6645207026348808 0.2465716666666667 0.7755909661229611 0.243035 0.8090639899623588 0.24455 0.8044993726474279 0.25212999999999997 0.6489247176913425 0.2561716666666667 0.5850213299874529 0.2703183333333333 0.6089849435382685 0.28093 0.5625796737766624 0.2874983333333333 0.5214981179422836 0.30568833333333334 0.4781355081555835 0.3046766666666667
8 0.3670652446675031 0.534575 0.39863613550815563 0.52649 0.3990163111668758 0.5325533333333333 0.36516311166875787 0.5467016666666666
8 0.6302860727728984 0.619965 0.6519686323713928 0.581565 0.6462622333751569 0.56287 0.6493048933500627 0.53407 0.66033626097867 0.52649 0.6675633626097867 0.54367 0.6664228356336261 0.56287 0.6759322459222082 0.5653966666666667 0.6652810539523213 0.5825750000000001 0.6542509410288582 0.6088483333333333 0.6428393977415306 0.6255233333333333
8 0.4990564617314931 0.44969000000000003 0.5336700125470514 0.4350366666666666 0.5975734002509411 0.42745666666666665 0.6420777917189461 0.42947833333333335 0.6546311166875785 0.4370583333333334 0.6561518193224591 0.44766833333333333 0.6405570890840653 0.4628266666666667 0.5728494353826851 0.4749533333333333 0.5116085319949812 0.47848999999999997 0.4922095357590966 0.4699
8 0.6801154328732748 0.4699 0.7280439146800501 0.42240500000000003 0.7599949811794229 0.39764666666666665 0.7653212045169385 0.3804666666666667 0.780155583437892 0.37339333333333335 0.7949899623588457 0.35773 0.8531882057716437 0.33246666666666663 0.8592735257214554 0.30669833333333335 0.8212358845671267 0.301645 0.8288444165621079 0.2859816666666667 0.8668820577164366 0.27789833333333336 0.9186135508155583 0.27587666666666666 0.8782936010037641 0.29053 0.8725872020075283 0.33196166666666665 0.8965508155583438 0.30973 0.870685069008783 0.365815 0.855470514429109 0.36429833333333334 0.8349297365119197 0.38552000000000003 0.8315069008782936 0.4077516666666667 0.8098243412797992 0.43099499999999996 0.7965119196988708 0.4289733333333334 0.7885232120451694 0.44564666666666664 0.7729284818067754 0.44514166666666666 0.7603764115432873 0.4663633333333333 0.7280439146800501 0.48051 0.6998958594730238 0.4845533333333334 0.6804968632371393 0.4825316666666667
8 0.7058519447929736 0.3046816666666667 0.7602634880803011 0.303485 0.7987427854454203 0.30707833333333334 0.7996449184441656 0.2986916666666667 0.7178770388958595 0.2939 0.7004404015056461 0.297095
3 0.6065972396486826 0.6636466666666666 0.5991844416562108 0.6866216666666667 0.5986900878293601 0.7171449999999999 0.6041267252195733 0.7148483333333333 0.6177164366373902 0.6728366666666666 0.6145031367628607 0.6633183333333333
3 0.682452948557089 0.629185 0.6864052697616061 0.66135 0.6953011292346298 0.6600366666666666 0.7019723964868255 0.64461 0.6940652446675031 0.6347633333333333 0.6864052697616061 0.6268866666666667
8 0.6663914680050189 0.7220683333333333 0.6854178168130489 0.6839966666666667 0.6928306148055208 0.6816983333333333 0.7101267252195734 0.6652883333333334 0.7103726474278544 0.6505183333333333 0.7192685069008782 0.6518316666666667 0.7657202007528231 0.6039116666666666 0.8176085319949812 0.5904550000000001 0.8596135508155583 0.5904550000000001 0.8687553324968633 0.6111333333333333 0.8613425345043915 0.6252466666666667 0.6673801756587202 0.731915