8 0.6127622377622378 0.7014051522248244 0.6162587412587412 0.7037470725995316 0.6127622377622378 0.6943793911007026 0.6075174825174825 0.6826697892271663 0.6075174825174825 0.689695550351288 0.6127622377622378 0.7014051522248244
8 0.5725524475524476 0.9004683840749415 0.5725524475524476 0.9074941451990632 0.5865384615384616 0.9098360655737705 0.597027972027972 0.914519906323185 0.6075174825174825 0.9098360655737705 0.6005244755244755 0.9074941451990632 0.590034965034965 0.9028103044496487 0.5795454545454546 0.9004683840749415 0.5725524475524476 0.9004683840749415
8 0.5096153846153846 0.5866510538641686 0.5218531468531469 0.5843091334894613 0.5288461538461539 0.5772833723653396 0.5183566433566433 0.572599531615925 0.5061188811188811 0.5772833723653396 0.4973776223776224 0.5819672131147541 0.5096153846153846 0.5866510538641686
8 0.618006993006993 0.7388758782201406 0.6284965034965035 0.7295081967213115 0.6232517482517482 0.724824355971897 0.6162587412587412 0.7295081967213115 0.611013986013986 0.7388758782201406 0.618006993006993 0.7388758782201406
8 0.5847902097902098 0.7388758782201406 0.5917832167832168 0.7388758782201406 0.6022727272727273 0.7388758782201406 0.6005244755244755 0.7271662763466042 0.5935314685314685 0.7224824355971897 0.5865384615384616 0.7295081967213115 0.5847902097902098 0.7388758782201406
8 0.5515734265734266 0.8091334894613583 0.5498251748251748 0.8231850117096019 0.5533216783216783 0.8278688524590164 0.583041958041958 0.84192037470726 0.5847902097902098 0.8395784543325527 0.5655594405594405 0.8231850117096019 0.5515734265734266 0.8091334894613583
8 0.5533216783216783 0.7388758782201406 0.5515734265734266 0.7271662763466042 0.5463286713286714 0.7177985948477752 0.5428321678321678 0.7084309133489461 0.5323426573426573 0.6967213114754098 0.5236013986013986 0.6873536299765808 0.5218531468531469 0.6943793911007026 0.5323426573426573 0.7084309133489461 0.541083916083916 0.724824355971897 0.5463286713286714 0.7365339578454333 0.5480769230769231 0.7482435597189696 0.5445804195804196 0.7646370023419203 0.5393356643356644 0.7740046838407494 0.5515734265734266 0.7646370023419203 0.5568181818181818 0.7599531615925058 0.5533216783216783 0.7388758782201406
3 0.5935314685314685 0.7154566744730679 0.5515734265734266 0.724824355971897 0.5568181818181818 0.7599531615925058 0.5183566433566433 0.788056206088993 0.5795454545454546 0.8395784543325527 0.6022727272727273 0.914519906323185 0.638986013986014 0.9168618266978923 0.6617132867132867 0.905152224824356 0.6774475524475524 0.8911007025761124 0.6372377622377622 0.8536299765807962 0.631993006993007 0.7716627634660421 0.618006993006993 0.7365339578454333 0.5935314685314685 0.7154566744730679
3 0.6722027972027972 1 0.6791958041958042 0.9964871194379391 0.6617132867132867 0.9847775175644028 0.6407342657342657 0.977751756440281 0.6057692307692307 0.9800936768149883 0.5795454545454546 0.9707259953161592 0.5498251748251748 0.9824355971896955 0.5620629370629371 0.9964871194379391 0.6075174825174825 0.9988290398126464 0.6123251748251748 1 0.6722027972027972 1
0 0.35926573426573427 0.7412177985948478 0.4012237762237762 0.7669789227166276 0.4396853146853147 0.7716627634660421 0.47115384615384615 0.7716627634660421 0.4938811188811189 0.752927400468384 0.4991258741258741 0.7224824355971897 0.48863636363636365 0.6943793911007026 0.4606643356643357 0.6756440281030445 0.42744755244755245 0.6569086651053864 0.3924825174825175 0.6381733021077284 0.3575174825174825 0.6288056206088993 0.333041958041958 0.6334894613583139 0.3277972027972028 0.6100702576112412 0.32255244755244755 0.6522248243559718 0.32255244755244755 0.6733021077283372 0.32604895104895104 0.6943793911007026 0.34003496503496505 0.7201405152224825 0.35926573426573427 0.7412177985948478
5 0.5777972027972028 0.20023419203747073 0.597027972027972 0.12060889929742388 0.5428321678321678 0.11358313817330211 0.5166083916083916 0.1955503512880562 0.5777972027972028 0.20023419203747073
5 0.6022727272727273 0.7576112412177985 0.6145104895104895 0.7997658079625293 0.6232517482517482 0.7927400468384075 0.618006993006993 0.752927400468384 0.6022727272727273 0.7576112412177985
5 0.6424825174825175 0.9098360655737705 0.6267482517482518 0.9238875878220141 0.631993006993007 0.9379391100702577 0.6442307692307693 0.9426229508196722 0.6512237762237763 0.9285714285714286 0.6424825174825175 0.9098360655737705
0 0.5096153846153846 0.8911007025761124 0.5201048951048951 0.8911007025761124 0.5340909090909091 0.8957845433255269 0.5603146853146853 0.9074941451990632 0.5847902097902098 0.914519906323185 0.6005244755244755 0.914519906323185 0.597027972027972 0.905152224824356 0.5777972027972028 0.905152224824356 0.5515734265734266 0.8934426229508197 0.5288461538461539 0.8817330210772834 0.5078671328671329 0.8840749414519906 0.4956293706293706 0.8864168618266979 0.4973776223776224 0.8934426229508197 0.5096153846153846 0.8911007025761124
0 0.6628059440559441 1 0.6634615384615384 0.9964871194379391 0.631993006993007 0.9964871194379391 0.6075174825174825 0.9847775175644028 0.590034965034965 0.9730679156908665 0.5743006993006993 0.9730679156908665 0.5638111888111889 0.9800936768149883 0.5655594405594405 0.9894613583138173 0.6022727272727273 0.9988290398126464 0.6062062937062938 1 0.6628059440559441 1
3 0.7082167832167833 1 0.7176573426573427 0.9894613583138173 0.7036713286713286 0.9894613583138173 0.6966783216783217 0.9941451990632318 0.6999562937062938 1 0.7082167832167833 1
3 0.44493006993006995 0.7927400468384075 0.44667832167832167 0.7997658079625293 0.45367132867132864 0.8044496487119438 0.47115384615384615 0.7997658079625293 0.4659090909090909 0.7857142857142857 0.45367132867132864 0.7833723653395784 0.44493006993006995 0.7833723653395784 0.44493006993006995 0.7927400468384075