8 0.6091772151898734 0.423728813559322 0.6107594936708861 0.4194915254237288 0.6060126582278481 0.413135593220339 0.5965189873417721 0.413135593220339 0.5949367088607594 0.4194915254237288 0.6012658227848101 0.4216101694915254 0.6091772151898734 0.423728813559322
8 0.6376582278481012 0.4300847457627119 0.629746835443038 0.4258474576271186 0.6234177215189873 0.4300847457627119 0.6313291139240507 0.4364406779661017 0.6376582278481012 0.4449152542372881 0.6424050632911392 0.4449152542372881 0.6424050632911392 0.4406779661016949 0.6376582278481012 0.4300847457627119
1 0.5474683544303798 0.5063559322033898 0.5458860759493671 0.5211864406779662 0.5443037974683544 0.538135593220339 0.555379746835443 0.5317796610169492 0.564873417721519 0.5211864406779662 0.5743670886075949 0.5169491525423728 0.5759493670886076 0.5063559322033898 0.5680379746835443 0.5021186440677966 0.564873417721519 0.4915254237288136 0.555379746835443 0.4936440677966102 0.5474683544303798 0.5063559322033898
8 0.5474683544303798 0.5063559322033898 0.5443037974683544 0.5127118644067796 0.5411392405063291 0.5254237288135594 0.5458860759493671 0.5466101694915254 0.5522151898734177 0.5402542372881356 0.5569620253164557 0.5317796610169492 0.5632911392405063 0.5233050847457628 0.5712025316455697 0.5148305084745762 0.5743670886075949 0.5063559322033898 0.5791139240506329 0.4936440677966102 0.5854430379746836 0.4872881355932203 0.5838607594936709 0.4745762711864407 0.5727848101265823 0.4788135593220339 0.5632911392405063 0.4894067796610169 0.5569620253164557 0.4936440677966102 0.5522151898734177 0.5 0.5474683544303798 0.5063559322033898
1 0.5712025316455697 0.4830508474576271 0.5664556962025317 0.4915254237288136 0.5712025316455697 0.4978813559322034 0.5838607594936709 0.4915254237288136 0.5901898734177216 0.4809322033898305 0.5838607594936709 0.4766949152542373 0.5791139240506329 0.4745762711864407 0.5712025316455697 0.4830508474576271
8 0.4889240506329114 0.4788135593220339 0.4810126582278481 0.4872881355932203 0.4699367088607595 0.4915254237288136 0.4572784810126582 0.4957627118644068 0.44936708860759494 0.510593220338983 0.4541139240506329 0.5190677966101694 0.4620253164556962 0.5169491525423728 0.4699367088607595 0.5148305084745762 0.4778481012658228 0.5127118644067796 0.49050632911392406 0.5084745762711864 0.49683544303797467 0.5021186440677966 0.504746835443038 0.4915254237288136 0.5142405063291139 0.4851694915254237 0.5237341772151899 0.4766949152542373 0.5221518987341772 0.461864406779661 0.5142405063291139 0.4597457627118644 0.504746835443038 0.4597457627118644 0.5 0.4661016949152542 0.495253164556962 0.4724576271186441 0.4889240506329114 0.4788135593220339
1 0.5015822784810127 0.4661016949152542 0.49050632911392406 0.4703389830508475 0.48417721518987344 0.4830508474576271 0.4889240506329114 0.5 0.49841772151898733 0.5 0.5063291139240507 0.5 0.5126582278481012 0.4851694915254237 0.5221518987341772 0.4809322033898305 0.5174050632911392 0.461864406779661 0.509493670886076 0.4576271186440678 0.5015822784810127 0.4661016949152542
8 0.5015822784810127 0.5190677966101694 0.5126582278481012 0.5233050847457628 0.5221518987341772 0.5233050847457628 0.5237341772151899 0.5084745762711864 0.5205696202531646 0.5021186440677966 0.5063291139240507 0.5021186440677966 0.5015822784810127 0.5042372881355932 0.495253164556962 0.5148305084745762 0.5015822784810127 0.5190677966101694
8 0.3449367088607595 0.4788135593220339 0.3512658227848101 0.4703389830508475 0.36550632911392406 0.4639830508474576 0.37816455696202533 0.4661016949152542 0.40189873417721517 0.4724576271186441 0.4208860759493671 0.4745762711864407 0.43670886075949367 0.4788135593220339 0.4462025316455696 0.4745762711864407 0.439873417721519 0.4661016949152542 0.4161392405063291 0.461864406779661 0.3670886075949367 0.461864406779661 0.33860759493670883 0.461864406779661 0.31962025316455694 0.4703389830508475 0.31645569620253167 0.4788135593220339 0.3401898734177215 0.4830508474576271 0.3449367088607595 0.4788135593220339
3 0.6376582278481012 0.4385593220338983 0.6471518987341772 0.4427966101694915 0.6598101265822784 0.4470338983050847 0.6645569620253164 0.4322033898305085 0.6534810126582279 0.4279661016949153 0.6424050632911392 0.4258474576271186 0.6376582278481012 0.4385593220338983
3 0.5537974683544303 0.4046610169491525 0.5363924050632911 0.423728813559322 0.5174050632911392 0.4449152542372881 0.509493670886076 0.4597457627118644 0.4810126582278481 0.4661016949152542 0.4588607594936709 0.4724576271186441 0.41930379746835444 0.4639830508474576 0.35443037974683544 0.4576271186440678 0.314873417721519 0.4576271186440678 0.31170886075949367 0.4745762711864407 0.3291139240506329 0.4830508474576271 0.3987341772151899 0.4978813559322034 0.42563291139240506 0.5063559322033898 0.45569620253164556 0.5211864406779662 0.4825949367088608 0.5720338983050848 0.4920886075949367 0.5889830508474576 0.5474683544303798 0.5635593220338984 0.5775316455696202 0.510593220338983 0.6060126582278481 0.4661016949152542 0.6360759493670886 0.4470338983050847 0.6487341772151899 0.4385593220338983 0.6313291139240507 0.4173728813559322 0.5996835443037974 0.4046610169491525 0.5791139240506329 0.4025423728813559 0.5537974683544303 0.4046610169491525
6 0.16455696202531644 0.5699152542372882 0.17563291139240506 0.5783898305084746 0.17405063291139242 0.5677966101694916 0.16455696202531644 0.5699152542372882
8 0.4810126582278481 0.4703389830508475 0.4810126582278481 0.4597457627118644 0.47468354430379744 0.4533898305084746 0.46677215189873417 0.4576271186440678 0.46677215189873417 0.4703389830508475 0.4810126582278481 0.4703389830508475
6 0.3180379746835443 0.6207627118644068 0.3291139240506329 0.6207627118644068 0.33544303797468356 0.6207627118644068 0.33544303797468356 0.614406779661017 0.3338607594936709 0.6122881355932204 0.3227848101265823 0.6165254237288136 0.314873417721519 0.6122881355932204 0.30854430379746833 0.614406779661017 0.3180379746835443 0.6207627118644068
8 0.35443037974683544 0.6101694915254238 0.3528481012658228 0.6207627118644068 0.35917721518987344 0.6122881355932204 0.35443037974683544 0.6101694915254238
6 0.33860759493670883 0.6716101694915254 0.34177215189873417 0.6800847457627118 0.34968354430379744 0.6800847457627118 0.3512658227848101 0.6694915254237288 0.34810126582278483 0.6610169491525424 0.3401898734177215 0.663135593220339 0.33860759493670883 0.6716101694915254
8 0.30854430379746833 0.6122881355932204 0.3180379746835443 0.625 0.31962025316455694 0.614406779661017 0.30854430379746833 0.6122881355932204
6 0.34651898734177217 0.652542372881356 0.3575949367088608 0.652542372881356 0.3575949367088608 0.6440677966101694 0.3560126582278481 0.6440677966101694 0.34968354430379744 0.6440677966101694 0.34651898734177217 0.652542372881356
8 0.33860759493670883 0.5741525423728814 0.34335443037974683 0.576271186440678 0.34968354430379744 0.576271186440678 0.35443037974683544 0.5805084745762712 0.35443037974683544 0.586864406779661 0.3560126582278481 0.5932203389830508 0.3623417721518987 0.5911016949152542 0.3670886075949367 0.5783898305084746 0.3639240506329114 0.5720338983050848 0.3512658227848101 0.5635593220338984 0.3401898734177215 0.5677966101694916 0.3338607594936709 0.5699152542372882 0.33860759493670883 0.5741525423728814
6 0.34968354430379744 0.5953389830508474 0.34335443037974683 0.6016949152542372 0.34335443037974683 0.6059322033898306 0.33544303797468356 0.6059322033898306 0.3338607594936709 0.614406779661017 0.3322784810126582 0.6207627118644068 0.3322784810126582 0.6292372881355932 0.33860759493670883 0.635593220338983 0.34651898734177217 0.6398305084745762 0.34651898734177217 0.6292372881355932 0.34810126582278483 0.6207627118644068 0.3528481012658228 0.6186440677966102 0.35917721518987344 0.6207627118644068 0.3575949367088608 0.6101694915254238 0.3560126582278481 0.597457627118644 0.34968354430379744 0.5953389830508474
0 0.4778481012658228 0.4576271186440678 0.49683544303797467 0.4385593220338983 0.5158227848101266 0.4194915254237288 0.5363924050632911 0.4025423728813559 0.555379746835443 0.3898305084745763 0.5759493670886076 0.375 0.5965189873417721 0.3601694915254237 0.6139240506329114 0.3516949152542373 0.629746835443038 0.3389830508474576 0.6566455696202531 0.3283898305084746 0.6582278481012658 0.3199152542372881 0.625 0.3326271186440678 0.6091772151898734 0.3411016949152542 0.5917721518987342 0.3495762711864407 0.5727848101265823 0.3601694915254237 0.5522151898734177 0.3707627118644068 0.5300632911392406 0.3834745762711864 0.5189873417721519 0.3919491525423729 0.5031645569620253 0.4046610169491525 0.48417721518987344 0.4216101694915254 0.46835443037974683 0.4385593220338983 0.4572784810126582 0.4533898305084746 0.4161392405063291 0.5 0.4287974683544304 0.5042372881355932 0.4651898734177215 0.4639830508474576 0.4778481012658228 0.4576271186440678
0 0.3813291139240506 0.5466101694915254 0.37183544303797467 0.4894067796610169 0.3401898734177215 0.4809322033898305 0.34968354430379744 0.5550847457627118 0.34177215189873417 0.565677966101695 0.3227848101265823 0.565677966101695 0.254746835443038 0.5466101694915254 0.20569620253164558 0.5254237288135594 0.1661392405063291 0.5042372881355932 0.14556962025316456 0.4872881355932203 0.1360759493670886 0.4661016949152542 0.12658227848101267 0.461864406779661 0.10917721518987342 0.4915254237288136 0.10917721518987342 0.5148305084745762 0.11075949367088607 0.5550847457627118 0.13132911392405064 0.6038135593220338 0.1629746835443038 0.6483050847457628 0.19462025316455697 0.673728813559322 0.3512658227848101 0.7415254237288136 0.3686708860759494 0.7542372881355932 0.45569620253164556 0.7542372881355932 0.495253164556962 0.7436440677966102 0.5126582278481012 0.7351694915254238 0.5379746835443038 0.6419491525423728 0.5617088607594937 0.5550847457627118 0.4920886075949367 0.5783898305084746 0.4477848101265823 0.5614406779661016 0.3939873417721519 0.559322033898305 0.3813291139240506 0.5466101694915254