3 0.2727272727272727 0.45665961945031713 0.26959247648902823 0.47780126849894294 0.27899686520376177 0.47568710359408034 0.28996865203761757 0.46511627906976744 0.2962382445141066 0.4714587737843552 0.30250783699059564 0.4799154334038055 0.30407523510971785 0.49471458773784355 0.31191222570532917 0.4989429175475687 0.31504702194357365 0.5137420718816068 0.33072100313479624 0.48414376321353064 0.3401253918495298 0.46511627906976744 0.3542319749216301 0.4418604651162791 0.3510971786833856 0.427061310782241 0.3432601880877743 0.4143763213530655 0.3213166144200627 0.4143763213530655 0.2962382445141066 0.4080338266384778 0.274294670846395 0.41014799154334036 0.2727272727272727 0.4334038054968288 0.2727272727272727 0.45665961945031713
6 0.7539184952978056 0.49471458773784355 0.7617554858934169 0.48625792811839325 0.7570532915360502 0.4693446088794926 0.7570532915360502 0.4608879492600423 0.7492163009404389 0.45665961945031713 0.7539184952978056 0.47568710359408034 0.7539184952978056 0.49471458773784355
0 0.822884012539185 0.7758985200845666 0.9263322884012539 0.7040169133192389 0.9623824451410659 0.653276955602537 0.9498432601880877 0.6088794926004228 0.9435736677115988 0.5835095137420718 0.9655172413793104 0.5919661733615222 0.9749216300940439 0.5454545454545454 0.9184952978056427 0.5179704016913319 0.9090909090909091 0.5031712473572939 0.9090909090909091 0.4883720930232558 0.9184952978056427 0.47568710359408034 0.9498432601880877 0.4503171247357294 0.9561128526645768 0.4186046511627907 0.9388714733542319 0.38477801268498946 0.9184952978056427 0.38054968287526425 0.8667711598746082 0.3763213530655391 0.8056426332288401 0.38054968287526425 0.7586206896551724 0.4059196617336152 0.7398119122257053 0.4312896405919662 0.5 0.4312896405919662 0.46551724137931033 0.4608879492600423 0.438871473354232 0.49682875264270615 0.4717868338557994 0.5369978858350951 0.49059561128526646 0.5771670190274841 0.5 0.6173361522198731 0.5078369905956113 0.642706131078224 0.5203761755485894 0.7040169133192389 0.5282131661442007 0.7864693446088795 0.7163009404388715 0.7928118393234672 0.822884012539185 0.7758985200845666
6 0.7163009404388715 0.5602536997885835 0.7115987460815048 0.5708245243128964 0.7053291536050157 0.5750528541226215 0.6959247648902821 0.5792811839323467 0.6865203761755486 0.5750528541226215 0.6927899686520376 0.5813953488372093 0.700626959247649 0.5835095137420718 0.7084639498432602 0.5792811839323467 0.7178683385579937 0.5708245243128964 0.7225705329153606 0.5644820295983086 0.731974921630094 0.5602536997885835 0.7272727272727273 0.5517970401691332 0.7272727272727273 0.5348837209302325 0.7210031347962382 0.5539112050739958 0.7163009404388715 0.5602536997885835
0 0.2711598746081505 0.35517970401691334 0.26332288401253917 0.40169133192389006 0.26332288401253917 0.45665961945031713 0.26489028213166144 0.5179704016913319 0.2711598746081505 0.5243128964059197 0.2727272727272727 0.492600422832981 0.2727272727272727 0.47568710359408034 0.27586206896551724 0.4608879492600423 0.2774294670846395 0.42071881606765327 0.27899686520376177 0.35095137420718814 0.2711598746081505 0.35517970401691334
6 0.5924764890282131 0.6511627906976745 0.6003134796238244 0.653276955602537 0.5940438871473355 0.6448202959830867 0.5893416927899686 0.6342494714587738 0.5862068965517241 0.627906976744186 0.5799373040752351 0.6257928118393234 0.5846394984326019 0.6363636363636364 0.5924764890282131 0.6511627906976745
0 0.38557993730407525 0.36152219873150104 0.43103448275862066 0.36152219873150104 0.4608150470219436 0.3678646934460888 0.49686520376175547 0.37420718816067655 0.5360501567398119 0.3890063424947146 0.567398119122257 0.4059196617336152 0.5924764890282131 0.42071881606765327 0.6081504702194357 0.4334038054968288 0.6206896551724138 0.4439746300211416 0.6504702194357367 0.47780126849894294 0.7147335423197492 0.4820295983086681 0.7398119122257053 0.4503171247357294 0.7366771159874608 0.42917547568710357 0.7100313479623824 0.42283298097251587 0.6802507836990596 0.42071881606765327 0.6426332288401254 0.4164904862579281 0.6347962382445141 0.41226215644820297 0.6238244514106583 0.40380549682875266 0.6081504702194357 0.39112050739957716 0.5877742946708464 0.3784355179704017 0.5721003134796239 0.3699788583509514 0.5564263322884012 0.36152219873150104 0.5344827586206896 0.35517970401691334 0.5094043887147336 0.3488372093023256 0.4843260188087774 0.346723044397463 0.4702194357366771 0.34249471458773784 0.45141065830721006 0.34460887949260044 0.41849529780564265 0.34460887949260044 0.3777429467084639 0.346723044397463 0.3542319749216301 0.34460887949260044 0.3401253918495298 0.3572938689217759 0.38557993730407525 0.36152219873150104
3 0.7946708463949843 0.6152219873150105 0.7852664576802508 0.6321353065539113 0.7899686520376176 0.6511627906976745 0.799373040752351 0.6638477801268499 0.8197492163009404 0.653276955602537 0.8197492163009404 0.6342494714587738 0.822884012539185 0.6131078224101479 0.8322884012539185 0.5940803382663847 0.8244514106583072 0.5940803382663847 0.8150470219435737 0.5898520084566596 0.8056426332288401 0.6025369978858351 0.7946708463949843 0.6152219873150105
8 0.7617554858934169 0.5158562367864693 0.768025078369906 0.5433403805496829 0.768025078369906 0.5306553911205074 0.7617554858934169 0.4989429175475687 0.7554858934169278 0.48625792811839325 0.7601880877742947 0.47568710359408034 0.7617554858934169 0.4587737843551797 0.7554858934169278 0.44608879492600423 0.7507836990595611 0.4630021141649049 0.7507836990595611 0.49471458773784355 0.7617554858934169 0.5158562367864693
3 0.8996865203761756 0.39323467230443976 0.9090909090909091 0.39323467230443976 0.9043887147335423 0.3784355179704017 0.8996865203761756 0.37420718816067655 0.8918495297805643 0.37420718816067655 0.8918495297805643 0.38477801268498946 0.8996865203761756 0.39323467230443976
8 0.5987460815047022 0.6490486257928119 0.5909090909090909 0.6405919661733616 0.5799373040752351 0.6257928118393234 0.5799373040752351 0.6363636363636364 0.5846394984326019 0.6448202959830867 0.5924764890282131 0.653276955602537 0.5987460815047022 0.6490486257928119
8 0.5156739811912225 0.5348837209302325 0.5188087774294671 0.5391120507399577 0.5235109717868338 0.5391120507399577 0.5282131661442007 0.53276955602537 0.5266457680250783 0.5221987315010571 0.5172413793103449 0.5264270613107822 0.5156739811912225 0.5348837209302325
8 0.7100313479623824 0.5665961945031712 0.7068965517241379 0.5708245243128964 0.6990595611285266 0.5792811839323467 0.6943573667711599 0.5792811839323467 0.6833855799373041 0.5750528541226215 0.6818181818181818 0.5792811839323467 0.6896551724137931 0.5856236786469344 0.7021943573667712 0.5835095137420718 0.7068965517241379 0.5792811839323467 0.719435736677116 0.5708245243128964 0.7225705329153606 0.5623678646934461 0.7288401253918495 0.5496828752642706 0.731974921630094 0.5391120507399577 0.7304075235109718 0.5243128964059197 0.725705329153605 0.5348837209302325 0.7210031347962382 0.5496828752642706 0.7147335423197492 0.5602536997885835 0.7100313479623824 0.5665961945031712
0 0.6128526645768025 0.6744186046511628 0.6238244514106583 0.6744186046511628 0.6316614420062696 0.6744186046511628 0.6520376175548589 0.6723044397463002 0.6755485893416928 0.6744186046511628 0.6943573667711599 0.6680761099365751 0.6959247648902821 0.6659619450317125 0.6912225705329154 0.6596194503171248 0.6865203761755486 0.653276955602537 0.6927899686520376 0.6490486257928119 0.7037617554858934 0.6490486257928119 0.7084639498432602 0.6490486257928119 0.7115987460815048 0.653276955602537 0.7178683385579937 0.6617336152219874 0.7210031347962382 0.6723044397463002 0.7288401253918495 0.6701902748414377 0.731974921630094 0.6638477801268499 0.7366771159874608 0.653276955602537 0.7351097178683386 0.6448202959830867 0.7241379310344828 0.6405919661733616 0.719435736677116 0.6405919661733616 0.7021943573667712 0.642706131078224 0.700626959247649 0.6363636363636364 0.6959247648902821 0.627906976744186 0.6896551724137931 0.6215644820295984 0.6739811912225705 0.6194503171247357 0.6520376175548589 0.6194503171247357 0.6363636363636364 0.6236786469344608 0.6300940438871473 0.6342494714587738 0.6206896551724138 0.6490486257928119 0.6112852664576802 0.6638477801268499 0.6128526645768025 0.6744186046511628
8 0.7915360501567398 0.6152219873150105 0.786833855799373 0.6215644820295984 0.786833855799373 0.6321353065539113 0.7884012539184952 0.642706131078224 0.7931034482758621 0.6596194503171248 0.7978056426332288 0.6575052854122622 0.8040752351097179 0.6490486257928119 0.8056426332288401 0.642706131078224 0.8181818181818182 0.653276955602537 0.8134796238244514 0.6469344608879493 0.8150470219435737 0.6321353065539113 0.8150470219435737 0.6236786469344608 0.8244514106583072 0.6067653276955602 0.829153605015674 0.5919661733615222 0.822884012539185 0.5919661733615222 0.8119122257053292 0.5940803382663847 0.8040752351097179 0.6004228329809725 0.8040752351097179 0.6088794926004228 0.7978056426332288 0.6131078224101479 0.7915360501567398 0.6152219873150105
8 0.719435736677116 0.6257928118393234 0.7507836990595611 0.6257928118393234 0.7617554858934169 0.6215644820295984 0.6990595611285266 0.6236786469344608 0.719435736677116 0.6257928118393234
8 0.5282131661442007 0.5200845665961945 0.5188087774294671 0.5348837209302325 0.5235109717868338 0.5391120507399577 0.5297805642633229 0.5243128964059197 0.5282131661442007 0.5200845665961945
0 0.7758620689655172 0.5581395348837209 0.7821316614420063 0.5644820295983086 0.7931034482758621 0.5602536997885835 0.8056426332288401 0.5581395348837209 0.8244514106583072 0.5581395348837209 0.8369905956112853 0.5581395348837209 0.8573667711598746 0.5539112050739958 0.8808777429467085 0.5496828752642706 0.8840125391849529 0.5369978858350951 0.8824451410658307 0.5285412262156448 0.8793103448275862 0.5200845665961945 0.877742946708464 0.5116279069767442 0.8714733542319749 0.5095137420718816 0.8667711598746082 0.4989429175475687 0.8683385579937304 0.48414376321353064 0.8652037617554859 0.46723044397463004 0.8557993730407524 0.46723044397463004 0.8432601880877743 0.4693446088794926 0.8260188087774295 0.4693446088794926 0.8181818181818182 0.47357293868921774 0.8040752351097179 0.48414376321353064 0.7946708463949843 0.5010570824524313 0.7789968652037618 0.5264270613107822 0.7727272727272727 0.5454545454545454 0.7758620689655172 0.5581395348837209
8 0.9075235109717869 0.6744186046511628 0.9231974921630094 0.6553911205073996 0.9184952978056427 0.653276955602537 0.9028213166144201 0.6765327695560254 0.9075235109717869 0.6744186046511628
8 0.7272727272727273 0.6088794926004228 0.7272727272727273 0.6194503171247357 0.731974921630094 0.6215644820295984 0.725705329153605 0.5856236786469344 0.719435736677116 0.587737843551797 0.725705329153605 0.5961945031712473 0.7272727272727273 0.6088794926004228