6 0.4312796208530806 0.36325678496868474 0.42812006319115326 0.38204592901878914 0.4423380726698262 0.38413361169102295 0.44549763033175355 0.34237995824634654 0.44075829383886256 0.32150313152400833 0.4296998420221169 0.3173277661795407 0.4296998420221169 0.33820459290187893 0.4312796208530806 0.36325678496868474
8 0.5007898894154819 0.5615866388308977 0.5150078988941548 0.5386221294363257 0.5213270142180095 0.49478079331941544 0.47235387045813587 0.4384133611691023 0.4439178515007899 0.4279749478079332 0.45813586097946285 0.46555323590814196 0.47235387045813587 0.49478079331941544 0.47393364928909953 0.5219206680584552 0.5007898894154819 0.5615866388308977
8 0.631911532385466 0.5824634655532359 0.641390205371248 0.5991649269311065 0.65086887835703 0.5991649269311065 0.6429699842022117 0.5803757828810021 0.631911532385466 0.5824634655532359
6 0.40126382306477093 0.5281837160751566 0.41390205371248023 0.5156576200417536 0.4060031595576619 0.5010438413361169 0.3981042654028436 0.5135699373695198 0.3933649289099526 0.5365344467640919 0.40126382306477093 0.5281837160751566
6 0.5813586097946287 0.6868475991649269 0.5797788309636651 0.6617954070981211 0.5718799368088467 0.6951983298538622 0.5734597156398105 0.7035490605427975 0.5813586097946287 0.6868475991649269
6 0.5244865718799369 0.7035490605427975 0.5276461295418642 0.7244258872651357 0.5387045813586098 0.7181628392484343 0.5355450236966824 0.7035490605427975 0.5244865718799369 0.7035490605427975
6 0.4154818325434439 0.42171189979123175 0.41706161137440756 0.44467640918580376 0.42496050552922593 0.44467640918580376 0.42496050552922593 0.430062630480167 0.4154818325434439 0.42171189979123175
8 0.5213270142180095 0.5386221294363257 0.5229067930489731 0.5741127348643006 0.5339652448657188 0.55741127348643 0.5276461295418642 0.5386221294363257 0.5213270142180095 0.5386221294363257
8 0.5876777251184834 0.5553235908141962 0.6018957345971564 0.5511482254697286 0.5813586097946287 0.5010438413361169 0.5734597156398105 0.4968684759916493 0.5703001579778831 0.511482254697286 0.5876777251184834 0.5553235908141962
8 0.4660347551342812 0.4112734864300626 0.47393364928909953 0.35281837160751567 0.5055292259083728 0.3068893528183716 0.48973143759873616 0.2964509394572025 0.4676145339652449 0.3298538622129436 0.45813586097946285 0.3924843423799583 0.4660347551342812 0.4112734864300626
8 0.5165876777251185 0.26931106471816285 0.4786729857819905 0.2609603340292276 0.4834123222748815 0.2818371607515658 0.5165876777251185 0.29018789144050106 0.5165876777251185 0.26931106471816285
3 0.40916271721958924 0.4551148225469729 0.42022116903633494 0.49478079331941544 0.46129541864139023 0.5010438413361169 0.48183254344391785 0.5511482254697286 0.5023696682464455 0.5490605427974948 0.5371248025276462 0.48851774530271397 0.4628751974723539 0.42588726513569936 0.45813586097946285 0.34029227557411273 0.44549763033175355 0.31941544885177453 0.42022116903633494 0.325678496868476 0.40916271721958924 0.3778705636743215 0.40916271721958924 0.4551148225469729
0 0.6255924170616114 0.7849686847599165 0.6350710900473934 0.6764091858037579 0.6382306477093207 0.5991649269311065 0.6240126382306477 0.6012526096033403 0.5860979462875198 0.6221294363256785 0.5797788309636651 0.8308977035490606 0.6255924170616114 0.7849686847599165
0 0.4265402843601896 0.6701461377870563 0.43759873617693523 0.7494780793319415 0.48973143759873616 0.7954070981210856 0.48657187993680884 0.6680584551148225 0.4913112164296998 0.5887265135699373 0.47709320695102686 0.5594989561586639 0.45339652448657186 0.5260960334029228 0.42812006319115326 0.5135699373695198 0.40916271721958924 0.5427974947807933 0.4265402843601896 0.6701461377870563
0 0.4786729857819905 0.4342379958246347 0.4676145339652449 0.40501043841336115 0.4660347551342812 0.37160751565762007 0.48183254344391785 0.34029227557411273 0.5007898894154819 0.325678496868476 0.5260663507109005 0.32150313152400833 0.5418641390205371 0.31941544885177453 0.5734597156398105 0.3173277661795407 0.5781990521327014 0.31524008350730687 0.5797788309636651 0.2839248434237996 0.5560821484992101 0.29227557411273486 0.5387045813586098 0.29018789144050106 0.5165876777251185 0.2860125260960334 0.49447077409162715 0.2755741127348643 0.4707740916271722 0.27139874739039666 0.45023696682464454 0.26931106471816285 0.4296998420221169 0.267223382045929 0.40442338072669826 0.267223382045929 0.38704581358609796 0.2797494780793319 0.3712480252764613 0.2881002087682672 0.3522906793048973 0.2881002087682672 0.33649289099526064 0.29018789144050106 0.33649289099526064 0.31524008350730687 0.3380726698262243 0.3298538622129436 0.35071090047393366 0.34029227557411273 0.353870458135861 0.35908141962421714 0.353870458135861 0.38204592901878914 0.3617693522906793 0.3903966597077244 0.3712480252764613 0.42379958246346555 0.37756714060031593 0.4592901878914405 0.382306477093207 0.4968684759916493 0.3902053712480253 0.5365344467640919 0.40442338072669826 0.6116910229645094 0.4075829383886256 0.5970772442588727 0.40442338072669826 0.5448851774530271 0.4218009478672986 0.524008350730689 0.43601895734597157 0.5198329853862212 0.4486571879936809 0.5281837160751566 0.46445497630331756 0.5490605427974948 0.48183254344391785 0.5741127348643006 0.49447077409162715 0.6012526096033403 0.5481832543443917 0.49478079331941544 0.5213270142180095 0.48643006263048016 0.4960505529225908 0.46346555323590816 0.4786729857819905 0.4342379958246347