5 0.09615384615384616 0.6302325581395349 0.15384615384615385 0.6651162790697674 0.15384615384615385 0.7348837209302326 0.09965034965034965 0.6953488372093023
8 0.38461538461538464 0.5697674418604651 0.38286713286713286 0.5627906976744186 0.3811188811188811 0.5488372093023256 0.38636363636363635 0.5441860465116279 0.3916083916083916 0.5558139534883721 0.3986013986013986 0.5674418604651162 0.3916083916083916 0.5720930232558139
8 0.5769230769230769 0.5325581395348837 0.5769230769230769 0.5162790697674419 0.5734265734265734 0.5023255813953489 0.5769230769230769 0.48372093023255813 0.5769230769230769 0.4744186046511628 0.5821678321678322 0.46511627906976744 0.5874125874125874 0.4744186046511628 0.583916083916084 0.4883720930232558 0.5821678321678322 0.49767441860465117 0.583916083916084 0.5116279069767442 0.583916083916084 0.5255813953488372 0.583916083916084 0.5348837209302325
8 0.5104895104895105 0.5209302325581395 0.5192307692307693 0.5116279069767442 0.527972027972028 0.5046511627906977 0.534965034965035 0.5069767441860465 0.5367132867132867 0.5186046511627908 0.5402097902097902 0.5302325581395348 0.5332167832167832 0.5302325581395348 0.527972027972028 0.5209302325581395 0.5209790209790209 0.5255813953488372
8 0.40559440559440557 0.7441860465116279 0.4125874125874126 0.7465116279069768 0.4195804195804196 0.7465116279069768 0.4318181818181818 0.7488372093023256 0.4370629370629371 0.7395348837209302 0.42482517482517484 0.7395348837209302 0.4143356643356643 0.7372093023255814 0.4020979020979021 0.7372093023255814
8 0.39335664335664333 0.7186046511627907 0.40034965034965037 0.7093023255813954 0.40734265734265734 0.7116279069767442 0.4090909090909091 0.7209302325581395 0.40384615384615385 0.727906976744186 0.3968531468531469 0.7255813953488373
8 0.4423076923076923 0.7209302325581395 0.45104895104895104 0.7209302325581395 0.4597902097902098 0.7232558139534884 0.45104895104895104 0.7348837209302326 0.4458041958041958 0.7348837209302326
0 0.49475524475524474 0.5348837209302325 0.5034965034965035 0.5232558139534884 0.5209790209790209 0.5 0.5454545454545454 0.4813953488372093 0.5629370629370629 0.4697674418604651 0.5909090909090909 0.44883720930232557 0.6101398601398601 0.4372093023255814 0.6293706293706294 0.4255813953488372 0.6381118881118881 0.4186046511627907 0.6433566433566433 0.386046511627907 0.6555944055944056 0.3883720930232558 0.6678321678321678 0.386046511627907 0.6800699300699301 0.386046511627907 0.7062937062937062 0.3767441860465116 0.7167832167832168 0.42093023255813955 0.7237762237762237 0.4372093023255814 0.7290209790209791 0.4558139534883721 0.722027972027972 0.6674418604651163 0.701048951048951 0.6837209302325581 0.701048951048951 0.6604651162790698 0.6993006993006993 0.6372093023255814 0.6940559440559441 0.6162790697674418 0.6870629370629371 0.6 0.6818181818181818 0.5837209302325581 0.666083916083916 0.5720930232558139 0.6538461538461539 0.5627906976744186 0.6433566433566433 0.5651162790697675 0.6328671328671329 0.5581395348837209 0.6241258741258742 0.5813953488372093 0.5944055944055944 0.5558139534883721 0.5821678321678322 0.541860465116279 0.5629370629370629 0.5395348837209303 0.5437062937062938 0.5441860465116279 0.527972027972028 0.5441860465116279 0.5104895104895105 0.5465116279069767 0.49475524475524474 0.5465116279069767
3 0.3129370629370629 0.641860465116279 0.3356643356643357 0.6558139534883721 0.3513986013986014 0.6651162790697674 0.3776223776223776 0.6651162790697674 0.4090909090909091 0.6627906976744186 0.4318181818181818 0.6558139534883721 0.4562937062937063 0.6558139534883721 0.4825174825174825 0.6488372093023256 0.5209790209790209 0.6372093023255814 0.5472027972027972 0.6186046511627907 0.5681818181818182 0.6 0.5856643356643356 0.5744186046511628 0.5804195804195804 0.6069767441860465 0.5664335664335665 0.6325581395348837 0.5576923076923077 0.6581395348837209 0.5402097902097902 0.6953488372093023 0.5332167832167832 0.727906976744186 0.5192307692307693 0.7581395348837209 0.513986013986014 0.7906976744186046
8 0.3986013986013986 0.5627906976744186 0.41083916083916083 0.5604651162790698 0.42832167832167833 0.5534883720930233
0 0.493006993006993 0.5279069767441861 0.46678321678321677 0.541860465116279 0.4353146853146853 0.5534883720930233 0.4020979020979021 0.5604651162790698 0.36363636363636365 0.5627906976744186 0.3339160839160839 0.5651162790697675 0.31993006993006995 0.5651162790697675 0.30244755244755245 0.5976744186046512 0.3479020979020979 0.5953488372093023 0.40734265734265734 0.5813953488372093 0.4370629370629371 0.5744186046511628 0.47027972027972026 0.5651162790697675 0.49475524475524474 0.5511627906976744
0 0.31643356643356646 0.6465116279069767 0.32517482517482516 0.6767441860465117 0.32517482517482516 0.7069767441860465 0.3269230769230769 0.7534883720930232 0.3269230769230769 0.7813953488372093 0.32167832167832167 0.8093023255813954 0.3129370629370629 0.8093023255813954 0.3129370629370629 0.6813953488372093 0.3076923076923077 0.6604651162790698 0.3006993006993007 0.6325581395348837
0 0.23426573426573427 0.5372093023255814 0.19755244755244755 0.5186046511627908 0.16433566433566432 0.5023255813953489 0.14335664335664336 0.4883720930232558 0.1258741258741259 0.4790697674418605 0.11188811188811189 0.46744186046511627 0.10839160839160839 0.4604651162790698 0.0944055944055944 0.47674418604651164 0.11188811188811189 0.49534883720930234 0.15034965034965034 0.513953488372093 0.18356643356643357 0.5279069767441861 0.21503496503496503 0.541860465116279 0.24475524475524477 0.5534883720930233