8 0.4194977843426883 0.7777777777777778 0.4239290989660266 0.790356394129979 0.42836041358936483 0.80083857442348 0.43131462333825704 0.8029350104821803 0.4327917282127031 0.7924528301886793 0.4401772525849335 0.790356394129979 0.43722304283604135 0.7819706498951782 0.43722304283604135 0.7714884696016772 0.4357459379615953 0.7610062893081762 0.4357459379615953 0.7568134171907757 0.4254062038404727 0.7316561844863732 0.4194977843426883 0.7232704402515723 0.4254062038404727 0.7232704402515723 0.43131462333825704 0.7253668763102725 0.4327917282127031 0.7190775681341719 0.44165435745937964 0.7064989517819706 0.4327917282127031 0.7044025157232704 0.4298375184638109 0.70020964360587 0.4254062038404727 0.7064989517819706 0.42097488921713444 0.6981132075471698 0.4150664697193501 0.6960167714884696 0.41063515509601184 0.6876310272536688 0.40620384047267355 0.6876310272536688 0.3988183161004431 0.6834381551362684 0.4032496307237814 0.6960167714884696 0.4091580502215657 0.7023060796645703 0.40620384047267355 0.7085953878406709 0.3929098966026588 0.7023060796645703 0.4032496307237814 0.7211740041928721 0.41063515509601184 0.7463312368972747 0.41654357459379615 0.7651991614255765 0.4194977843426883 0.7777777777777778
8 0.46824224519940916 0.6457023060796646 0.4859675036927622 0.649895178197065 0.4844903988183161 0.6436058700209644 0.46971935007385524 0.6415094339622641 0.46824224519940916 0.6457023060796646
8 0.4771048744460857 0.6121593291404612 0.4741506646971935 0.6079664570230608 0.4711964549483013 0.610062893081761 0.4874446085672083 0.6457023060796646 0.4874446085672083 0.6373165618448637 0.48301329394387 0.6268343815513627 0.4815361890694239 0.6226415094339622 0.4771048744460857 0.6121593291404612
8 0.43870014771048743 0.649895178197065 0.4401772525849335 0.6540880503144654 0.45790251107828656 0.6561844863731656 0.45790251107828656 0.649895178197065 0.43870014771048743 0.649895178197065
8 0.4638109305760709 0.6540880503144654 0.4608567208271787 0.6540880503144654 0.4608567208271787 0.660377358490566 0.4638109305760709 0.660377358490566 0.4638109305760709 0.6540880503144654
8 0.4534711964549483 0.7127882599580713 0.4608567208271787 0.7148846960167715 0.45937961595273263 0.7044025157232704 0.4534711964549483 0.70020964360587 0.4534711964549483 0.7127882599580713
8 0.5494830132939439 0.4570230607966457 0.5480059084194978 0.429769392033543 0.5435745937961596 0.42348008385744235 0.5376661742983752 0.4171907756813417 0.5288035450516987 0.43186582809224316 0.5406203840472673 0.4339622641509434 0.5435745937961596 0.44025157232704404 0.5361890694239291 0.4758909853249476 0.534711964549483 0.5094339622641509 0.5420974889217134 0.4968553459119497 0.5465288035450517 0.49056603773584906 0.5494830132939439 0.4779874213836478 0.5494830132939439 0.4570230607966457
8 0.5066469719350074 0.5429769392033543 0.5007385524372231 0.5241090146750524 0.4963072378138848 0.5324947589098532 0.4977843426883309 0.5387840670859538 0.4977843426883309 0.5534591194968553 0.4977843426883309 0.5639412997903563 0.5258493353028065 0.5555555555555556 0.5228951255539144 0.5534591194968553 0.5096011816838996 0.5513626834381551 0.5066469719350074 0.5429769392033543
8 0.5214180206794683 0.4989517819706499 0.5302806499261448 0.47379454926624737 0.5273264401772526 0.4591194968553459 0.5243722304283605 0.46750524109014674 0.5228951255539144 0.4863731656184486 0.518463810930576 0.49056603773584906 0.518463810930576 0.44025157232704404 0.5155096011816839 0.44654088050314467 0.5155096011816839 0.4570230607966457 0.5140324963072378 0.4779874213836478 0.5096011816838996 0.49056603773584906 0.5081240768094535 0.5073375262054507 0.5051698670605613 0.5178197064989518 0.51698670605613 0.5115303983228512 0.5228951255539144 0.5136268343815513 0.5214180206794683 0.4989517819706499
8 0.3929098966026588 0.09014675052410902 0.40029542097488924 0.0880503144654088 0.40029542097488924 0.07337526205450734 0.40029542097488924 0.0649895178197065 0.3988183161004431 0.05660377358490566 0.4032496307237814 0.04612159329140461 0.4224519940915805 0.03773584905660377 0.42836041358936483 0.039832285115303984 0.4401772525849335 0.04821802935010482 0.4505169867060561 0.050314465408805034 0.4431314623338257 0.03773584905660377 0.43722304283604135 0.03563941299790356 0.43131462333825704 0.031446540880503145 0.41654357459379615 0.029350104821802937 0.4076809453471196 0.03563941299790356 0.4017725258493353 0.029350104821802937 0.40029542097488924 0.018867924528301886 0.38404726735598227 0.03563941299790356 0.39438700147710487 0.03773584905660377 0.39438700147710487 0.05241090146750524 0.397341211225997 0.06289308176100629 0.3988183161004431 0.07966457023060797 0.3929098966026588 0.09014675052410902
8 0.41907575480059084 0 0.3988183161004431 0.008385744234800839 0.40029542097488924 0.018867924528301886 0.4257754800590842 0 0.41907575480059084 0
8 0.4194977843426883 0.06708595387840671 0.4150664697193501 0.07756813417190776 0.413589364844904 0.09433962264150944 0.41654357459379615 0.10272536687631027 0.41654357459379615 0.12368972746331237 0.4150664697193501 0.13626834381551362 0.4224519940915805 0.14465408805031446 0.42097488921713444 0.1509433962264151 0.4150664697193501 0.1509433962264151 0.41063515509601184 0.16561844863731656 0.40620384047267355 0.17819706498951782 0.4076809453471196 0.18658280922431866 0.4150664697193501 0.1949685534591195 0.41654357459379615 0.1761006289308176 0.4194977843426883 0.1928721174004193 0.4239290989660266 0.19077568134171907 0.4224519940915805 0.16981132075471697 0.4298375184638109 0.1488469601677149 0.42097488921713444 0.129979035639413 0.42097488921713444 0.10062893081761007 0.42688330871491875 0.06918238993710692 0.4239290989660266 0.050314465408805034 0.4224519940915805 0.041928721174004195 0.4150664697193501 0.03563941299790356 0.40620384047267355 0.04821802935010482 0.4121122599704579 0.050314465408805034 0.41654357459379615 0.050314465408805034 0.41654357459379615 0.06289308176100629 0.4194977843426883 0.06708595387840671
8 0.45959063072378137 0 0.45937961595273263 0.0020964360587002098 0.4623338257016248 0.008385744234800839 0.46971935007385524 0.006289308176100629 0.47858197932053176 0 0.45959063072378137 0
8 0.48301329394387 0.06079664570230608 0.4756277695716396 0.0649895178197065 0.4667651403249631 0.07337526205450734 0.45790251107828656 0.09014675052410902 0.4771048744460857 0.07127882599580712 0.4874446085672083 0.06708595387840671 0.48301329394387 0.06079664570230608
8 0.5051698670605613 0.0041928721174004195 0.5081240768094535 0.020964360587002098 0.5125553914327917 0.020964360587002098 0.5110782865583456 0.0041928721174004195 0.5051698670605613 0.0041928721174004195
8 0.5302806499261448 0.018867924528301886 0.5288035450516987 0.016771488469601678 0.5273264401772526 0.016771488469601678 0.5273264401772526 0.025157232704402517 0.5243722304283605 0.025157232704402517 0.5243722304283605 0.027253668763102725 0.5302806499261448 0.027253668763102725 0.5332348596750369 0.031446540880503145 0.5332348596750369 0.020964360587002098 0.5302806499261448 0.018867924528301886
8 0.44903988183161003 0.20125786163522014 0.4564254062038405 0.20545073375262055 0.45937961595273263 0.1970649895178197 0.4638109305760709 0.19077568134171907 0.45790251107828656 0.18448637316561844 0.4608567208271787 0.18029350104821804 0.4549483013293944 0.16771488469601678 0.4446085672082718 0.18238993710691823 0.44165435745937964 0.1949685534591195 0.44165435745937964 0.20125786163522014 0.4446085672082718 0.20754716981132076 0.44903988183161003 0.20125786163522014
8 0.3988183161004431 0.16142557651991615 0.40029542097488924 0.15723270440251572 0.397341211225997 0.15513626834381553 0.40029542097488924 0.14675052410901468 0.397341211225997 0.14046121593291405 0.3929098966026588 0.1488469601677149 0.39438700147710487 0.1530398322851153 0.3914327917282127 0.15723270440251572 0.3870014771048744 0.1530398322851153 0.38404726735598227 0.15932914046121593 0.38847858197932056 0.16981132075471697 0.39438700147710487 0.1761006289308176 0.3988183161004431 0.16771488469601678 0.3988183161004431 0.16142557651991615
8 0.4549483013293944 0.21174004192872117 0.45790251107828656 0.22641509433962265 0.465288035450517 0.22641509433962265 0.4623338257016248 0.2138364779874214 0.45790251107828656 0.21174004192872117 0.4549483013293944 0.21174004192872117
8 0.4741506646971935 0.2893081761006289 0.47858197932053176 0.29559748427672955 0.48005908419497784 0.2914046121593291 0.4711964549483013 0.2641509433962264 0.46824224519940916 0.259958071278826 0.46824224519940916 0.25366876310272535 0.4711964549483013 0.24947589098532494 0.4667651403249631 0.24109014675052412 0.4623338257016248 0.22851153039832284 0.4549483013293944 0.22431865828092243 0.4519940915805022 0.2180293501048218 0.4460856720827179 0.21174004192872117 0.43870014771048743 0.20125786163522014 0.4342688330871492 0.20754716981132076 0.4401772525849335 0.2138364779874214 0.44756277695716395 0.22012578616352202 0.4505169867060561 0.22641509433962265 0.45009495716395864 0.2282120398322851 0.4327917282127031 0.21593291404612158 0.4357459379615953 0.22641509433962265 0.44903988183161003 0.2431865828092243 0.4549483013293944 0.25157232704402516 0.4608567208271787 0.2662473794549266 0.465288035450517 0.27253668763102723 0.4741506646971935 0.2893081761006289
8 0.45009495716395864 0.2282120398322851 0.4491913796159527 0.23205934591194968 0.45790251107828656 0.2431865828092243 0.45937961595273263 0.23689727463312368 0.4564254062038405 0.23270440251572327 0.45009495716395864 0.2282120398322851
8 0.5007385524372231 0.37735849056603776 0.5022156573116692 0.36477987421383645 0.49926144756277696 0.350104821802935 0.5022156573116692 0.3480083857442348 0.5081240768094535 0.34591194968553457 0.5096011816838996 0.35429769392033544 0.5140324963072378 0.3668763102725367 0.5155096011816839 0.35639412997903563 0.5110782865583456 0.3438155136268344 0.5051698670605613 0.3333333333333333 0.5007385524372231 0.3333333333333333 0.4977843426883309 0.33542976939203356 0.4918759231905465 0.3270440251572327 0.4874446085672083 0.32914046121593293 0.48892171344165436 0.33752620545073375 0.49039881831610044 0.35429769392033544 0.4948301329394387 0.36268343815513626 0.4963072378138848 0.3752620545073375 0.5007385524372231 0.37735849056603776
8 0.361890694239291 0.689727463312369 0.3722304283604136 0.6813417190775681 0.34859675036927623 0.689727463312369 0.3559822747415066 0.7023060796645703 0.3604135893648449 0.6981132075471698 0.3559822747415066 0.6918238993710691 0.361890694239291 0.689727463312369
6 0.4224519940915805 0.6687631027253669 0.42836041358936483 0.660377358490566 0.4342688330871492 0.6561844863731656 0.4431314623338257 0.6457023060796646 0.4460856720827179 0.6415094339622641 0.44756277695716395 0.6331236897274634 0.4505169867060561 0.6268343815513627 0.4564254062038405 0.6205450733752621 0.4608567208271787 0.6142557651991615 0.4638109305760709 0.6121593291404612 0.4638109305760709 0.6058700209643606 0.46971935007385524 0.6016771488469602 0.46971935007385524 0.589098532494759 0.46824224519940916 0.5828092243186582 0.4623338257016248 0.5849056603773585 0.4446085672082718 0.6121593291404612 0.42688330871491875 0.6331236897274634 0.40620384047267355 0.6519916142557652 0.3914327917282127 0.6792452830188679 0.38552437223042835 0.689727463312369 0.41063515509601184 0.6750524109014675 0.4224519940915805 0.6687631027253669
6 0.38404726735598227 0.6792452830188679 0.38847858197932056 0.6687631027253669 0.37813884785819796 0.6792452830188679 0.37518463810930575 0.6834381551362684 0.37518463810930575 0.6939203354297694 0.38404726735598227 0.689727463312369 0.38404726735598227 0.6834381551362684 0.38404726735598227 0.6792452830188679
8 0.4948301329394387 0.1069182389937107 0.4874446085672083 0.1928721174004193 0.4963072378138848 0.19916142557651992 0.4963072378138848 0.11530398322851153 0.4948301329394387 0.1069182389937107
8 0.4933530280649926 0.20545073375262055 0.48892171344165436 0.20125786163522014 0.48892171344165436 0.23060796645702306 0.4874446085672083 0.2389937106918239 0.4859675036927622 0.31236897274633124 0.4948301329394387 0.3270440251572327 0.4963072378138848 0.2180293501048218 0.4933530280649926 0.20545073375262055
8 0.4918759231905465 0.5576519916142557 0.48892171344165436 0.5639412997903563 0.4859675036927622 0.5555555555555556 0.4844903988183161 0.5744234800838575 0.4741506646971935 0.5953878406708596 0.4756277695716396 0.5974842767295597 0.4918759231905465 0.570230607966457 0.4918759231905465 0.5576519916142557
8 0.49926144756277696 0.4863731656184486 0.4977843426883309 0.5031446540880503 0.5022156573116692 0.4989517819706499 0.5051698670605613 0.49266247379454925 0.5051698670605613 0.46331236897274636 0.49926144756277696 0.4863731656184486
8 0.5036927621861153 0.3941299790356394 0.5036927621861153 0.389937106918239 0.4977843426883309 0.38155136268343814 0.5007385524372231 0.4276729559748428 0.5066469719350074 0.4276729559748428 0.5036927621861153 0.3941299790356394
8 0.5022156573116692 0.4591194968553459 0.5007385524372231 0.44025157232704404 0.4977843426883309 0.4549266247379455 0.4948301329394387 0.469601677148847 0.4977843426883309 0.4716981132075472 0.5022156573116692 0.4591194968553459
8 0.3929098966026588 0.18867924528301888 0.38995568685376664 0.18448637316561844 0.38995568685376664 0.17819706498951782 0.3870014771048744 0.1761006289308176 0.38404726735598227 0.18029350104821804 0.37961595273264404 0.18658280922431866 0.38995568685376664 0.1949685534591195 0.39438700147710487 0.1949685534591195 0.3929098966026588 0.18867924528301888
0 0.4608567208271787 0.15513626834381553 0.4667651403249631 0.13626834381551362 0.48892171344165436 0.10062893081761007 0.4771048744460857 0.1069182389937107 0.4505169867060561 0.14255765199161424 0.4327917282127031 0.1740041928721174 0.413589364844904 0.21174004192872117 0.4239290989660266 0.22012578616352202 0.44165435745937964 0.18867924528301888 0.4608567208271787 0.15513626834381553
0 0.44903988183161003 0.24109014675052412 0.42688330871491875 0.2180293501048218 0.41063515509601184 0.20545073375262055 0.4032496307237814 0.1970649895178197 0.3707533234859675 0.17819706498951782 0.34711964549483015 0.16561844863731656 0.30428360413589367 0.16352201257861634 0.31166912850812406 0.20754716981132076 0.31462333825701627 0.21593291404612158 0.34416543574593794 0.22431865828092243 0.36484490398818314 0.2348008385744235 0.38404726735598227 0.25366876310272535 0.4254062038404727 0.28721174004192873 0.4342688330871492 0.2914046121593291 0.4446085672082718 0.2914046121593291 0.4623338257016248 0.3668763102725367 0.4963072378138848 0.3689727463312369 0.4874446085672083 0.3228511530398323 0.4638109305760709 0.26834381551362685 0.44903988183161003 0.24109014675052412
8 0.5022156573116692 0.05450733752620545 0.5022156573116692 0.06708595387840671 0.5081240768094535 0.07127882599580712 0.5125553914327917 0.050314465408805034 0.5125553914327917 0.031446540880503145 0.5066469719350074 0.041928721174004195 0.5051698670605613 0.029350104821802937 0.5022156573116692 0.03563941299790356 0.5022156573116692 0.05450733752620545
8 0.48301329394387 0.008385744234800839 0.48301329394387 0.03773584905660377 0.4874446085672083 0.03773584905660377 0.4874446085672083 0.0440251572327044 0.49039881831610044 0.05241090146750524 0.4933530280649926 0.050314465408805034 0.4933530280649926 0.03563941299790356 0.49039881831610044 0.033542976939203356 0.4874446085672083 0.031446540880503145 0.4874446085672083 0.010482180293501049 0.48301329394387 0.008385744234800839
8 0.46824224519940916 0.14465408805031446 0.4874446085672083 0.1069182389937107 0.4815361890694239 0.1090146750524109 0.465288035450517 0.14046121593291405 0.46824224519940916 0.14465408805031446
8 0.32348596750369274 0 0.32348596750369274 0.0041928721174004195 0.32348596750369274 0.020964360587002098 0.32348596750369274 0.029350104821802937 0.32791728212703103 0.027253668763102725 0.33382570162481534 0.03563941299790356 0.3293943870014771 0.016771488469601678 0.32791728212703103 0 0.32348596750369274 0
8 0.3825701624815362 0.1530398322851153 0.38404726735598227 0.14465408805031446 0.3766617429837518 0.1488469601677149 0.3766617429837518 0.15513626834381553 0.3825701624815362 0.1530398322851153
8 0.3412112259970458 0.16771488469601678 0.3353028064992615 0.14465408805031446 0.33234859675036926 0.1530398322851153 0.33825701624815363 0.16771488469601678 0.3412112259970458 0.16771488469601678
8 0.35302806499261447 0.14675052410901468 0.35302806499261447 0.15513626834381553 0.3559822747415066 0.15723270440251572 0.35893648449039883 0.1488469601677149 0.36484490398818314 0.1488469601677149 0.36336779911373707 0.14465408805031446 0.35745937961595275 0.14255765199161424 0.35302806499261447 0.14675052410901468
8 0.48005908419497784 0.07966457023060797 0.48301329394387 0.07127882599580712 0.47858197932053176 0.07127882599580712 0.4726735598227474 0.07547169811320754 0.48005908419497784 0.07966457023060797
3 0.6307237813884786 0.04612159329140461 0.6070901033973413 0.10482180293501048 0.6277695716395865 0.20754716981132076 0.6883308714918759 0.129979035639413 0.6336779911373708 0.20335429769392033 0.6942392909896603 0.12578616352201258 0.6676514032496307 0.07756813417190776 0.6307237813884786 0.04612159329140461
8 0.4534711964549483 0.8909853249475891 0.45790251107828656 0.8448637316561844 0.45790251107828656 0.8050314465408805 0.4431314623338257 0.8364779874213837 0.43722304283604135 0.8825995807127882 0.4534711964549483 0.8909853249475891