8 0.6403508771929824 0.5903010033444817 0.631578947368421 0.5652173913043478 0.6215538847117794 0.5317725752508361 0.6190476190476191 0.5585284280936454 0.6278195488721805 0.5919732441471572 0.6403508771929824 0.5903010033444817
8 0.5651629072681704 0.49665551839464883 0.568922305764411 0.4866220735785953 0.568922305764411 0.4782608695652174 0.5626566416040101 0.4816053511705686 0.5526315789473685 0.4916387959866221 0.5651629072681704 0.49665551839464883
8 0.5726817042606517 0.4782608695652174 0.5664160401002506 0.4698996655518395 0.5601503759398496 0.45819397993311034 0.5664160401002506 0.451505016722408 0.556390977443609 0.42474916387959866 0.5488721804511278 0.391304347826087 0.5375939849624061 0.3963210702341137 0.5338345864661654 0.41471571906354515 0.5488721804511278 0.459866220735786 0.556390977443609 0.4866220735785953 0.5726817042606517 0.4782608695652174
8 0.5375939849624061 0.38127090301003347 0.5338345864661654 0.36622073578595316 0.5238095238095238 0.3745819397993311 0.5288220551378446 0.3862876254180602 0.5375939849624061 0.38127090301003347
8 0.6290726817042607 0.5217391304347826 0.6365914786967418 0.5150501672240803 0.6453634085213033 0.5234113712374582 0.6516290726817042 0.5367892976588629 0.6654135338345865 0.5384615384615384 0.6704260651629073 0.5267558528428093 0.6340852130325815 0.5 0.6152882205513784 0.48327759197324416 0.6052631578947368 0.4782608695652174 0.6190476190476191 0.5150501672240803 0.6290726817042607 0.5217391304347826
8 0.6679197994987469 0.5551839464882943 0.6791979949874687 0.5535117056856187 0.6654135338345865 0.5451505016722408 0.6365914786967418 0.5267558528428093 0.6278195488721805 0.5267558528428093 0.6679197994987469 0.5551839464882943
8 0.6779448621553885 0.5986622073578596 0.6754385964912281 0.5836120401337793 0.6741854636591479 0.5618729096989966 0.6666666666666666 0.5635451505016722 0.6679197994987469 0.5769230769230769 0.6691729323308271 0.6003344481605352 0.6779448621553885 0.5986622073578596
8 0.5601503759398496 0.3277591973244147 0.550125313283208 0.3210702341137124 0.5513784461152882 0.3411371237458194 0.5601503759398496 0.3277591973244147
8 0.5726817042606517 0.31605351170568563 0.5626566416040101 0.3093645484949833 0.5639097744360902 0.32274247491638797 0.5726817042606517 0.31605351170568563
8 0.5977443609022557 0.46488294314381273 0.5927318295739349 0.45652173913043476 0.5864661654135338 0.45819397993311034 0.5802005012531328 0.4682274247491639 0.5977443609022557 0.46488294314381273
8 0.5827067669172933 0.4297658862876254 0.5764411027568922 0.41471571906354515 0.568922305764411 0.38294314381270905 0.5626566416040101 0.391304347826087 0.5664160401002506 0.4080267558528428 0.581453634085213 0.43812709030100333 0.5827067669172933 0.4297658862876254
8 0.5664160401002506 0.36454849498327757 0.5601503759398496 0.3511705685618729 0.5664160401002506 0.3411371237458194 0.5764411027568922 0.33277591973244147 0.5839598997493735 0.3394648829431438 0.5914786967418546 0.3277591973244147 0.581453634085213 0.31438127090301005 0.5714285714285714 0.3210702341137124 0.5639097744360902 0.33277591973244147 0.5513784461152882 0.342809364548495 0.556390977443609 0.3612040133779264 0.5664160401002506 0.3779264214046823 0.5664160401002506 0.36454849498327757