0 0.9152542372881356 0.4955357142857143 0.9336158192090396 0.45535714285714285 0.9350282485875706 0.4263392857142857 0.9562146892655368 0.44419642857142855 0.96045197740113 0.45535714285714285 0.9661016949152542 0.5223214285714286 0.9731638418079096 0.5424107142857143 0.9548022598870056 0.6160714285714286 0.9350282485875706 0.6361607142857143 0.9364406779661016 0.5647321428571429 0.9364406779661016 0.5334821428571429 0.9293785310734464 0.5111607142857143
3 0.7923728813559322 0.4330357142857143 0.8248587570621468 0.4330357142857143 0.8375706214689266 0.4419642857142857 0.8418079096045198 0.45535714285714285 0.8389830508474576 0.47098214285714285 0.8206214689265536 0.4955357142857143 0.7966101694915254 0.5223214285714286 0.788135593220339 0.5357142857142857 0.78954802259887 0.484375 0.7923728813559322 0.4575892857142857
1 0.7627118644067796 0.6294642857142857 0.7711864406779662 0.6272321428571429 0.768361581920904 0.640625 0.7584745762711864 0.6517857142857143 0.75 0.6517857142857143 0.751412429378531 0.6450892857142857 0.7584745762711864 0.640625
1 0.6878531073446328 0.6830357142857143 0.6963276836158192 0.6830357142857143 0.6977401129943502 0.6964285714285714 0.6864406779661016 0.6986607142857143
1 0.7612994350282486 0.6741071428571429 0.7740112994350282 0.6696428571428571 0.7824858757062146 0.65625 0.7923728813559322 0.65625 0.7923728813559322 0.6741071428571429 0.7612994350282486 0.6808035714285714
4 0.3771186440677966 0.18303571428571427 0.3968926553672316 0.28348214285714285 0.4096045197740113 0.37276785714285715 0.4025423728813559 0.37276785714285715 0.3954802259887006 0.3080357142857143 0.3855932203389831 0.26339285714285715 0.3785310734463277 0.21651785714285715 0.3672316384180791 0.19419642857142858 0.3177966101694915 0.20089285714285715 0.3163841807909605 0.19419642857142858 0.3531073446327684 0.1875
4 0.4025423728813559 0.31026785714285715 0.4251412429378531 0.31026785714285715 0.4293785310734463 0.33035714285714285 0.4053672316384181 0.328125
4 0.1370056497175141 0.29464285714285715 0.12994350282485875 0.2857142857142857 0.12994350282485875 0.27455357142857145 0.15112994350282485 0.25892857142857145 0.1765536723163842 0.24553571428571427 0.21468926553672316 0.22544642857142858 0.2669491525423729 0.20758928571428573 0.2853107344632768 0.203125 0.2853107344632768 0.20758928571428573 0.2443502824858757 0.22767857142857142 0.211864406779661 0.23660714285714285 0.1751412429378531 0.2544642857142857 0.15677966101694915 0.2700892857142857 0.15254237288135594 0.28348214285714285 0.15677966101694915 0.29910714285714285 0.15112994350282485 0.3080357142857143
4 0.7217514124293786 0.2700892857142857 0.7740112994350282 0.31919642857142855 0.8234463276836158 0.37276785714285715 0.8107344632768362 0.38839285714285715 0.7669491525423728 0.390625 0.7725988700564972 0.37723214285714285 0.8008474576271186 0.37723214285714285 0.8107344632768362 0.37723214285714285 0.7909604519774012 0.35044642857142855 0.7330508474576272 0.3013392857142857 0.7203389830508474 0.28794642857142855
4 0.7076271186440678 0.375 0.730225988700565 0.375 0.730225988700565 0.3861607142857143 0.7203389830508474 0.3861607142857143 0.711864406779661 0.38169642857142855
4 0.7471751412429378 0.3705357142857143 0.7471751412429378 0.390625 0.7584745762711864 0.390625 0.768361581920904 0.37723214285714285 0.7711864406779662 0.36160714285714285 0.7598870056497176 0.3638392857142857