3 0.7408491947291361 0.6778350515463918 0.7130307467057101 0.7036082474226805 0.6822840409956076 0.7242268041237113 0.6822840409956076 0.6649484536082474 0.6939970717423133 0.6262886597938144 0.7291361639824304 0.6030927835051546 0.7437774524158126 0.6030927835051546 0.7481698389458272 0.6417525773195877 0.7525622254758418 0.6752577319587629 0.7437774524158126 0.6752577319587629
6 0.3089311859443631 0.520618556701031 0.3089311859443631 0.5103092783505154 0.3089311859443631 0.49226804123711343 0.2913616398243045 0.48195876288659795 0.29428989751098095 0.49226804123711343 0.2957540263543192 0.49742268041237114 0.30161054172767204 0.5025773195876289 0.2986822840409956 0.5051546391752577 0.3001464128843338 0.5103092783505154 0.3001464128843338 0.5154639175257731
6 0.40263543191800877 0.5902061855670103 0.39970717423133234 0.5489690721649485 0.3689604685212299 0.5309278350515464 0.36603221083455345 0.5309278350515464 0.3733528550512445 0.5438144329896907 0.3718887262079063 0.5489690721649485 0.37042459736456806 0.5489690721649485 0.3733528550512445 0.5567010309278351 0.383601756954612 0.5695876288659794 0.38945827232796487 0.5721649484536082 0.39092240117130306 0.5773195876288659 0.39092240117130306 0.5824742268041238 0.4011713030746706 0.5927835051546392
6 0.404099560761347 0.6417525773195877 0.40263543191800877 0.6288659793814433 0.3938506588579795 0.6262886597938144 0.38945827232796487 0.6237113402061856 0.3938506588579795 0.634020618556701 0.39970717423133234 0.6391752577319587
6 0.40702781844802344 0.6804123711340206 0.40702781844802344 0.6701030927835051 0.39970717423133234 0.6726804123711341
6 0.5710102489019033 0.5670103092783505 0.5666178623718887 0.5721649484536082 0.568081991215227 0.5824742268041238 0.5724743777452416 0.5773195876288659
6 0.5578330893118595 0.6030927835051546 0.5534407027818448 0.5902061855670103 0.5592972181551976 0.5773195876288659 0.5622254758418741 0.5824742268041238 0.5622254758418741 0.5927835051546392 0.5636896046852123 0.5979381443298969
6 0.541727672035139 0.6108247422680413 0.5461200585651538 0.6108247422680413 0.5461200585651538 0.6056701030927835 0.5431918008784773 0.6030927835051546
6 0.5402635431918009 0.5927835051546392 0.5402635431918009 0.5876288659793815 0.5358711566617862 0.5902061855670103 0.5358711566617862 0.5927835051546392 0.5344070278184481 0.5979381443298969 0.5373352855051244 0.6005154639175257
6 0.5505124450951684 0.5824742268041238 0.5490483162518301 0.5773195876288659 0.5431918008784773 0.5773195876288659 0.5431918008784773 0.5798969072164949 0.5475841874084919 0.5798969072164949 0.5475841874084919 0.5850515463917526
6 0.6017569546120058 0.5025773195876289 0.6017569546120058 0.5077319587628866 0.6046852122986823 0.5077319587628866 0.6046852122986823 0.5025773195876289
6 0.6002928257686676 0.5128865979381443 0.6002928257686676 0.520618556701031 0.6017569546120058 0.520618556701031 0.6032210834553441 0.5180412371134021 0.6032210834553441 0.5154639175257731
6 0.4407027818448023 0.5309278350515464 0.4407027818448023 0.5360824742268041 0.44363103953147875 0.538659793814433 0.44363103953147875 0.5309278350515464
6 0.31332357247437775 0.5695876288659794 0.31332357247437775 0.5644329896907216 0.3089311859443631 0.5618556701030928 0.3074670571010249 0.5695876288659794 0.3103953147877013 0.5721649484536082
6 0.718887262079063 0.634020618556701 0.7115666178623719 0.6288659793814433 0.7013177159590044 0.6288659793814433 0.6969253294289898 0.634020618556701 0.6896046852122987 0.6443298969072165 0.6881405563689604 0.654639175257732 0.6852122986822841 0.6623711340206185 0.6852122986822841 0.6752577319587629 0.6954612005856515 0.6520618556701031 0.6969253294289898 0.6597938144329897 0.6998535871156661 0.6469072164948454 0.7027818448023426 0.6520618556701031 0.7042459736456809 0.6417525773195877 0.7101024890190337 0.6365979381443299 0.7130307467057101 0.6391752577319587 0.7159590043923866 0.6417525773195877 0.7203513909224012 0.6443298969072165
6 0.6896046852122987 0.6958762886597938 0.6896046852122987 0.7010309278350515 0.6939970717423133 0.7010309278350515 0.6969253294289898 0.6932989690721649 0.698389458272328 0.6958762886597938 0.6998535871156661 0.6932989690721649 0.7027818448023426 0.6984536082474226 0.7042459736456809 0.6984536082474226 0.705710102489019 0.7036082474226805 0.7086383601756955 0.6984536082474226 0.7115666178623719 0.6984536082474226 0.7144948755490483 0.6907216494845361 0.7159590043923866 0.6881443298969072 0.7203513909224012 0.6829896907216495 0.7232796486090776 0.6804123711340206 0.7247437774524158 0.6752577319587629 0.7247437774524158 0.6675257731958762 0.7247437774524158 0.6623711340206185 0.7232796486090776 0.6597938144329897 0.7218155197657394 0.6597938144329897 0.7144948755490483 0.6649484536082474 0.7101024890190337 0.6701030927835051 0.7071742313323572 0.6726804123711341 0.7013177159590044 0.6778350515463918 0.6954612005856515 0.6804123711340206
0 0.6734992679355783 0.711340206185567 0.6734992679355783 0.7036082474226805 0.6793557833089312 0.6881443298969072 0.6822840409956076 0.6804123711340206 0.6896046852122987 0.6701030927835051 0.6954612005856515 0.6623711340206185 0.6998535871156661 0.6597938144329897 0.7042459736456809 0.6572164948453608 0.7071742313323572 0.654639175257732 0.7101024890190337 0.654639175257732 0.7174231332357247 0.654639175257732 0.7203513909224012 0.6494845360824743 0.7203513909224012 0.6443298969072165 0.7218155197657394 0.6391752577319587 0.7232796486090776 0.6365979381443299 0.7247437774524158 0.634020618556701 0.726207906295754 0.6391752577319587 0.7247437774524158 0.6469072164948454 0.7232796486090776 0.6572164948453608 0.7218155197657394 0.6675257731958762 0.7130307467057101 0.6701030927835051 0.7115666178623719 0.6752577319587629 0.7071742313323572 0.6778350515463918 0.705710102489019 0.6829896907216495 0.6998535871156661 0.6855670103092784 0.6969253294289898 0.6881443298969072 0.6925329428989752 0.6958762886597938 0.6837481698389458 0.7010309278350515
6 0.6866764275256223 0.6030927835051546 0.6866764275256223 0.6082474226804123 0.6881405563689604 0.6056701030927835 0.6896046852122987 0.6056701030927835 0.6896046852122987 0.6030927835051546
6 0.5607613469985359 0.6082474226804123 0.5651537335285505 0.6082474226804123 0.5651537335285505 0.6108247422680413 0.568081991215227 0.6108247422680413 0.568081991215227 0.615979381443299 0.5636896046852123 0.615979381443299 0.5636896046852123 0.6108247422680413
6 0.5695461200585652 0.6262886597938144 0.5710102489019033 0.6237113402061856 0.5724743777452416 0.6237113402061856 0.5724743777452416 0.6262886597938144
6 0.5724743777452416 0.6211340206185567 0.5739385065885798 0.615979381443299 0.575402635431918 0.6134020618556701 0.5783308931185944 0.6134020618556701 0.575402635431918 0.6185567010309279 0.5739385065885798 0.6237113402061856
3 0.4216691068814056 0.6932989690721649 0.39092240117130306 0.6752577319587629 0.37042459736456806 0.6623711340206185 0.3733528550512445 0.6494845360824743 0.38799414348462663 0.6494845360824743 0.4011713030746706 0.6520618556701031 0.404099560761347 0.6391752577319587 0.40995607613469986 0.634020618556701 0.4158125915080527 0.634020618556701 0.4216691068814056 0.6469072164948454