0 0.3587719298245614 0.7400932400932401 0.3447368421052632 0.754079254079254 0.3570175438596491 0.7773892773892774 0.3780701754385965 0.7657342657342657 0.4201754385964912 0.796037296037296 0.46228070175438596 0.7797202797202797 0.4885964912280702 0.7797202797202797 0.537719298245614 0.7983682983682984 0.618421052631579 0.803030303030303 0.6131578947368421 0.7843822843822844 0.55 0.7750582750582751 0.5271929824561403 0.7424242424242424 0.5149122807017544 0.7051282051282052 0.5236842105263158 0.6678321678321678 0.5675438596491228 0.6118881118881119 0.6429824561403509 0.5699300699300699 0.6429824561403509 0.493006993006993 0.5359649122807018 0.5326340326340326 0.5114035087719299 0.5442890442890443 0.5008771929824561 0.534965034965035 0.5026315789473684 0.5046620046620046 0.5078947368421053 0.46503496503496505 0.5114035087719299 0.42773892773892774 0.5184210526315789 0.3811188811188811 0.5219298245614035 0.3275058275058275 0.5166666666666667 0.28088578088578087 0.5008771929824561 0.2972027972027972 0.4763157894736842 0.33916083916083917 0.4482456140350877 0.4184149184149184 0.4166666666666667 0.513986013986014 0.3780701754385965 0.6818181818181818 0.37456140350877193 0.7121212121212122 0.3587719298245614 0.7400932400932401
0 0.2394736842105263 0.8846153846153846 0.2412280701754386 0.9289044289044289 0.3447368421052632 0.9592074592074592 0.4114035087719298 0.9848484848484849 0.48157894736842105 0.9778554778554779 0.5359649122807018 0.9941724941724942 0.5815789473684211 0.8962703962703963 0.618421052631579 0.796037296037296 0.5605263157894737 0.803030303030303 0.4763157894736842 0.7797202797202797 0.4166666666666667 0.7867132867132867 0.3815789473684211 0.7610722610722611 0.3026315789473684 0.7913752913752914 0.25877192982456143 0.8216783216783217 0.2412280701754386 0.8496503496503497 0.2394736842105263 0.8846153846153846
5 0.3191729315789474 1 0.3254385964912281 0.9941724941724942 0.33421052631578946 0.9568764568764568 0.2692982456140351 0.9312354312354313 0.2482456140350877 0.9312354312354313 0.25701754385964914 0.9685314685314685 0.2951754385964912 1 0.3191729315789474 1
3 0.39539473684210524 1 0.39210526315789473 0.9895104895104895 0.3675438596491228 0.9778554778554779 0.3447368421052632 0.9662004662004662 0.34791666666666665 1 0.39539473684210524 1
8 0.5078947368421053 0.9009324009324009 0.49912280701754386 0.8846153846153846 0.4868421052631579 0.8822843822843823 0.4956140350877193 0.9009324009324009 0.4885964912280702 0.9172494172494172 0.49912280701754386 0.9242424242424242 0.5078947368421053 0.9009324009324009
8 0.36929824561403507 0.8846153846153846 0.36403508771929827 0.9032634032634033 0.39210526315789473 0.9032634032634033 0.39210526315789473 0.8846153846153846 0.36929824561403507 0.8846153846153846
8 0.4394736842105263 0.9125874125874126 0.48333333333333334 0.9102564102564102 0.48157894736842105 0.8962703962703963 0.46228070175438596 0.8892773892773893 0.42543859649122806 0.8846153846153846 0.3956140350877193 0.8613053613053613 0.3798245614035088 0.8706293706293706 0.4026315789473684 0.8939393939393939 0.4394736842105263 0.9125874125874126
8 0.5219298245614035 0.8426573426573427 0.4570175438596491 0.844988344988345 0.4535087719298246 0.8636363636363636 0.4956140350877193 0.8636363636363636 0.5201754385964912 0.8613053613053613 0.5219298245614035 0.8426573426573427
8 0.4517543859649123 0.872960372960373 0.4710526315789474 0.8776223776223776 0.46403508771929824 0.8566433566433567 0.4517543859649123 0.872960372960373
8 0.48157894736842105 0.7797202797202797 0.4517543859649123 0.7937062937062938 0.4605263157894737 0.8076923076923077 0.47982456140350876 0.817016317016317 0.5078947368421053 0.7937062937062938 0.48157894736842105 0.7797202797202797
3 0.6535087719298246 0.5209790209790209 0.6517543859649123 0.4347319347319347 0.5535087719298246 0.493006993006993 0.5447368421052632 0.5396270396270396 0.5798245614035088 0.5862470862470862 0.6289473684210526 0.5815850815850816 0.6535087719298246 0.5209790209790209
8 0.6394736842105263 0.5046620046620046 0.5903508771929824 0.4976689976689977 0.5640350877192982 0.5209790209790209 0.5675438596491228 0.534965034965035 0.5973684210526315 0.5303030303030303 0.6394736842105263 0.5233100233100233 0.6394736842105263 0.5046620046620046
8 0.6903508771929825 0.2972027972027972 0.6763157894736842 0.3111888111888112 0.6763157894736842 0.3344988344988345 0.7289473684210527 0.3298368298368298 0.7289473684210527 0.30885780885780884 0.6903508771929825 0.2972027972027972
8 0.6991228070175438 0.21794871794871795 0.6710526315789473 0.20396270396270397 0.6728070175438596 0.23426573426573427 0.6640350877192982 0.2529137529137529 0.6833333333333333 0.25990675990675993 0.6991228070175438 0.21794871794871795
8 0.6745614035087719 0.27855477855477856 0.6657894736842105 0.30186480186480186 0.6868421052631579 0.30186480186480186 0.6973684210526315 0.28321678321678323 0.6745614035087719 0.27855477855477856
8 0.6552631578947369 0.15734265734265734 0.6640350877192982 0.18065268065268064 0.6798245614035088 0.16433566433566432 0.6657894736842105 0.14335664335664336 0.6552631578947369 0.15734265734265734
8 0.6359649122807017 0.18997668997668998 0.618421052631579 0.2202797202797203 0.6447368421052632 0.21794871794871795 0.6587719298245615 0.17832167832167833 0.6359649122807017 0.18997668997668998
8 0.6219298245614036 0.22261072261072262 0.6114035087719298 0.24358974358974358 0.6429824561403509 0.24358974358974358 0.6482456140350877 0.2296037296037296 0.6219298245614036 0.22261072261072262
5 0.30087719298245613 0.8333333333333334 0.2850877192982456 0.8496503496503497 0.2692982456140351 0.865967365967366 0.26052631578947366 0.8869463869463869 0.25701754385964914 0.9125874125874126 0.3429824561403509 0.9382284382284383 0.37456140350877193 0.8053613053613053 0.3412280701754386 0.8053613053613053 0.3219298245614035 0.8146853146853147 0.30087719298245613 0.8333333333333334
0 0.5166666666666667 0 0.5149122807017544 0.0034965034965034965 0.5201754385964912 0.022144522144522144 0.5184210526315789 0.04312354312354312 0.5114035087719299 0.0641025641025641 0.5078947368421053 0.10372960372960373 0.5078947368421053 0.17832167832167833 0.5096491228070176 0.2925407925407925 0.5236842105263158 0.2948717948717949 0.525438596491228 0.23426573426573427 0.5289473684210526 0.08041958041958042 0.5359649122807018 0.05011655011655012 0.5412280701754386 0.024475524475524476 0.5350877192982456 0 0.5166666666666667 0