8 0.6234498308906427 0.3641851106639839 0.6257046223224352 0.34808853118712274 0.6245772266065389 0.3299798792756539 0.6223224351747464 0.3299798792756539 0.6223224351747464 0.3460764587525151 0.6200676437429538 0.3641851106639839 0.6234498308906427 0.3641851106639839
8 0.5163472378804961 0.07847082494969819 0.5197294250281849 0.026156941649899398 0.5140924464487034 0.01609657947686117 0.5129650507328072 0.07243460764587525 0.5163472378804961 0.07847082494969819
8 0.5197294250281849 0.3118712273641851 0.52423900789177 0.2977867203219316 0.5197294250281849 0.24748490945674045 0.5197294250281849 0.30784708249496984 0.5197294250281849 0.3118712273641851
8 0.5174746335963923 0.42052313883299797 0.52423900789177 0.4124748490945674 0.5163472378804961 0.3983903420523139 0.5174746335963923 0.4164989939637827 0.5174746335963923 0.42052313883299797
8 0.5501691093573844 0.3822937625754527 0.5501691093573844 0.33400402414486924 0.5467869222096956 0.29577464788732394 0.5467869222096956 0.35412474849094566 0.5479143179255919 0.40040241448692154 0.5501691093573844 0.3822937625754527
8 0.5772266065388951 0.2796780684104628 0.580608793686584 0.27565392354124746 0.5794813979706878 0.2414486921529175 0.5760992108229989 0.22535211267605634 0.5760992108229989 0.23943661971830985 0.5760992108229989 0.2776659959758551 0.5772266065388951 0.2796780684104628
8 0.5794813979706878 0.38028169014084506 0.5862457722660653 0.38028169014084506 0.5828635851183765 0.32796780684104626 0.5794813979706878 0.30784708249496984 0.5794813979706878 0.3319919517102616 0.5783540022547914 0.38028169014084506 0.5794813979706878 0.38028169014084506
8 0.588500563697858 0.4225352112676056 0.5941375422773394 0.40643863179074446 0.5839909808342728 0.4084507042253521 0.5783540022547914 0.39235412474849096 0.5772266065388951 0.43259557344064387 0.588500563697858 0.4225352112676056
8 0.5411499436302142 0.4044265593561368 0.5456595264937993 0.4124748490945674 0.5422773393461104 0.36619718309859156 0.5400225479143179 0.40643863179074446 0.5411499436302142 0.4044265593561368
8 0.5501691093573844 0.4647887323943662 0.5490417136414881 0.44466800804828976 0.5445321307779031 0.41851106639839036 0.5434047350620068 0.46277665995975853 0.5501691093573844 0.4647887323943662
8 0.5140924464487034 0.3420523138832998 0.5073280721533259 0.33400402414486924 0.5062006764374295 0.35412474849094566 0.5095828635851184 0.3843058350100604 0.5129650507328072 0.41448692152917505 0.5140924464487034 0.41448692152917505 0.5140924464487034 0.3782696177062374 0.5140924464487034 0.3420523138832998
8 0.6809470124013529 0.6036217303822937 0.685456595264938 0.5915492957746479 0.677564825253664 0.5814889336016097 0.6719278466741826 0.5774647887323944 0.6685456595264938 0.579476861167002 0.6719278466741826 0.5895372233400402 0.6798196166854565 0.6036217303822937 0.6809470124013529 0.6036217303822937
8 0.657271702367531 0.7243460764587525 0.6629086809470124 0.7062374245472837 0.6674182638105975 0.6981891348088531 0.6640360766629086 0.6901408450704225 0.6583990980834273 0.7002012072434608 0.6538895152198422 0.716297786720322 0.6527621195039459 0.7364185110663984 0.657271702367531 0.7243460764587525
8 0.5941375422773394 0.9114688128772636 0.5975197294250282 0.9054325955734407 0.5963923337091319 0.8993963782696177 0.588500563697858 0.8933601609657947 0.5907553551296505 0.9074446680080482 0.5941375422773394 0.9114688128772636
1 0.47125140924464487 0.6458752515090543 0.47350620067643745 0.6257545271629779 0.4746335963923337 0.6056338028169014 0.48027057497181513 0.5915492957746479 0.48478015783540024 0.5674044265593562 0.4915445321307779 0.5513078470824949 0.4983089064261556 0.5331991951710262 0.48928974069898534 0.5231388329979879 0.4791431792559188 0.5392354124748491 0.4644870349492672 0.5694164989939637 0.4588500563697858 0.5955734406438632 0.46110484780157834 0.6338028169014085 0.4633596392333709 0.6619718309859155 0.4633596392333709 0.7082494969818913 0.47125140924464487 0.6458752515090543
8 0.48928974069898534 0.48893360160965793 0.4881623449830891 0.47484909456740443 0.48928974069898534 0.45271629778672035 0.48928974069898534 0.4044265593561368 0.4859075535512965 0.3843058350100604 0.48703494926719276 0.33400402414486924 0.48703494926719276 0.30784708249496984 0.48703494926719276 0.26156941649899396 0.48928974069898534 0.22937625754527163 0.48928974069898534 0.1448692152917505 0.48928974069898534 0.10865191146881288 0.47801578354002255 0.1267605633802817 0.47801578354002255 0.15694164989939638 0.47576099210823 0.19517102615694165 0.4746335963923337 0.23541247484909456 0.4746335963923337 0.26961770623742454 0.4746335963923337 0.3058350100603622 0.47350620067643745 0.3420523138832998 0.47576099210823 0.3782696177062374 0.47576099210823 0.42052313883299797 0.4746335963923337 0.46277665995975853 0.4746335963923337 0.5070422535211268 0.48928974069898534 0.48893360160965793
8 0.5186020293122886 0.4225352112676056 0.5197294250281849 0.3983903420523139 0.5174746335963923 0.36619718309859156 0.5062006764374295 0.3561368209255533 0.5062006764374295 0.38028169014084506 0.5050732807215332 0.42655935613682094 0.5186020293122886 0.4225352112676056
6 0.4227733934611049 0.6961770623742455 0.4250281848928974 0.6841046277665996 0.4205186020293123 0.6800804828973843 0.4182638105975197 0.6841046277665996 0.41939120631341603 0.6941649899396378 0.4227733934611049 0.6961770623742455
8 0.5400225479143179 0.4084507042253521 0.5411499436302142 0.38832997987927564 0.5411499436302142 0.358148893360161 0.5400225479143179 0.33400402414486924 0.5400225479143179 0.30181086519114686 0.5298759864712514 0.3058350100603622 0.5276211950394588 0.3319919517102616 0.5276211950394588 0.36619718309859156 0.5287485907553551 0.4044265593561368 0.5400225479143179 0.4084507042253521
8 0.5411499436302142 0.4708249496981891 0.5501691093573844 0.448692152917505 0.5445321307779031 0.42857142857142855 0.532130777903044 0.4426559356136821 0.532130777903044 0.4647887323943662 0.5411499436302142 0.4708249496981891
8 0.5783540022547914 0.42655935613682094 0.5772266065388951 0.4044265593561368 0.5659526493799324 0.41448692152917505 0.5659526493799324 0.44064386317907445 0.5783540022547914 0.42655935613682094
8 0.588500563697858 0.3762575452716298 0.588500563697858 0.358148893360161 0.588500563697858 0.323943661971831 0.588500563697858 0.2937625754527163 0.5839909808342728 0.23742454728370221 0.5749718151071026 0.23943661971830985 0.5749718151071026 0.28772635814889336 0.5749718151071026 0.323943661971831 0.5749718151071026 0.3702213279678068 0.588500563697858 0.3762575452716298
8 0.5569334836527621 0.32193158953722334 0.5456595264937993 0.32595573440643866 0.5479143179255919 0.3501006036217304 0.5479143179255919 0.3722334004024145 0.5546786922209695 0.39235412474849096 0.5580608793686584 0.3460764587525151 0.5569334836527621 0.32193158953722334
8 0.48252536640360766 0.32193158953722334 0.4859075535512965 0.30181086519114686 0.4859075535512965 0.2152917505030181 0.48478015783540024 0.14688128772635814 0.48252536640360766 0.09859154929577464 0.48027057497181513 0.10462776659959759 0.48027057497181513 0.13279678068410464 0.48027057497181513 0.19114688128772636 0.48027057497181513 0.26961770623742454 0.4813979706877114 0.3199195171026157 0.48252536640360766 0.32193158953722334
8 0.5715896279594137 0.4426559356136821 0.5727170236753101 0.40040241448692154 0.5727170236753101 0.3561368209255533 0.5727170236753101 0.3158953722334004 0.5682074408117249 0.2857142857142857 0.5580608793686584 0.2716297786720322 0.5636978579481398 0.29979879275653926 0.5659526493799324 0.32796780684104626 0.5670800450958287 0.3722334004024145 0.5670800450958287 0.4104627766599598 0.5670800450958287 0.4426559356136821 0.5715896279594137 0.4426559356136821
3 0.4189246978579481 1 0.42390078917700114 0.9919517102615694 0.4419391206313416 0.9557344064386318 0.44419391206313413 0.9175050301810865 0.4374295377677565 0.8591549295774648 0.4306651634723788 0.8028169014084507 0.4081172491544532 0.7344064386317908 0.3833145434047351 0.704225352112676 0.34723788049605414 0.7082494969818913 0.3134160090191657 0.7464788732394366 0.2919954904171364 0.7847082494969819 0.2807215332581736 0.8410462776659959 0.2807215332581736 0.9195171026156942 0.2976324689966178 0.9899396378269618 0.2993235625704622 1 0.4189246978579481 1
8 0.5400225479143179 0.47283702213279677 0.5388951521984217 0.45271629778672035 0.5366403607666291 0.4245472837022133 0.5343855693348365 0.40040241448692154 0.5343855693348365 0.3762575452716298 0.5343855693348365 0.33400402414486924 0.5310033821871477 0.29979879275653926 0.5298759864712514 0.33601609657947684 0.5298759864712514 0.37424547283702214 0.5310033821871477 0.40643863179074446 0.5310033821871477 0.44064386317907445 0.5332581736189402 0.4768611670020121 0.5400225479143179 0.47283702213279677
3 0.3438556933483653 0.3702213279678068 0.3664036076662909 0.3983903420523139 0.40022547914317924 0.40643863179074446 0.44081172491544535 0.4305835010060362 0.46223224351747466 0.4044265593561368 0.46223224351747466 0.358148893360161 0.4689966178128523 0.323943661971831 0.47125140924464487 0.25553319919517103 0.47801578354002255 0.18108651911468812 0.4791431792559188 0.11871227364185111 0.4791431792559188 0.0744466800804829 0.4588500563697858 0.060362173038229376 0.43291995490417134 0.030181086519114688 0.38444193912063135 0.01609657947686117 0.3483652762119504 0.030181086519114688 0.314543404735062 0.06438631790744467 0.3134160090191657 0.1267605633802817 0.3100338218714769 0.2535211267605634 0.322435174746336 0.32193158953722334 0.3438556933483653 0.3702213279678068
8 0.48027057497181513 0.5070422535211268 0.48252536640360766 0.47283702213279677 0.4836527621195039 0.4426559356136821 0.48478015783540024 0.4044265593561368 0.48252536640360766 0.3702213279678068 0.48027057497181513 0.3319919517102616 0.4768883878241263 0.32796780684104626 0.4768883878241263 0.34808853118712274 0.47801578354002255 0.3762575452716298 0.48027057497181513 0.4124748490945674 0.47801578354002255 0.45271629778672035 0.47801578354002255 0.4909456740442656 0.4768883878241263 0.5171026156941649 0.48027057497181513 0.5070422535211268
3 0.4881623449830891 0.6036217303822937 0.5140924464487034 0.5251509054325956 0.552423900789177 0.4688128772635815 0.6155580608793687 0.4164989939637827 0.616685456595265 0.3903420523138833 0.5963923337091319 0.2937625754527163 0.5738444193912063 0.2535211267605634 0.5377677564825254 0.24748490945674045 0.5005636978579482 0.22736418511066397 0.4813979706877114 0.2716297786720322 0.47576099210823 0.32796780684104626 0.4768883878241263 0.4245472837022133 0.4689966178128523 0.5050301810865191 0.455467869222097 0.5472837022132797 0.44532130777903045 0.5975855130784709 0.4464487034949267 0.6217303822937625 0.4487034949267193 0.6519114688128773 0.4487034949267193 0.682092555331992 0.45659526493799324 0.6981891348088531 0.46786922209695603 0.710261569416499 0.4881623449830891 0.6036217303822937
1 0.46561443066516345 0.6680080482897385 0.47125140924464487 0.6398390342052314 0.47576099210823 0.6398390342052314 0.4768883878241263 0.6338028169014085 0.47237880496054113 0.6297786720321932 0.4689966178128523 0.6197183098591549 0.4701240135287486 0.6056338028169014 0.4768883878241263 0.5935613682092555 0.48027057497181513 0.5754527162977867 0.48252536640360766 0.5613682092555332 0.4881623449830891 0.5492957746478874 0.4915445321307779 0.5412474849094567 0.47801578354002255 0.5412474849094567 0.47350620067643745 0.5492957746478874 0.46674182638105977 0.5734406438631791 0.46223224351747466 0.5895372233400402 0.4599774520856821 0.6056338028169014 0.4599774520856821 0.6197183098591549 0.4599774520856821 0.6297786720321932 0.4588500563697858 0.635814889336016 0.46110484780157834 0.6398390342052314 0.4633596392333709 0.647887323943662 0.4633596392333709 0.6559356136820925 0.4644870349492672 0.670020120724346 0.46561443066516345 0.6680080482897385
8 0.44419391206313413 0.6881287726358148 0.4532130777903044 0.716297786720322 0.4588500563697858 0.6861167002012073 0.4599774520856821 0.6539235412474849 0.45659526493799324 0.6317907444668008 0.4464487034949267 0.6539235412474849 0.44419391206313413 0.6881287726358148
1 0.46561443066516345 0.7122736418511066 0.46561443066516345 0.716297786720322 0.46786922209695603 0.7243460764587525 0.4689966178128523 0.7223340040241448 0.4689966178128523 0.682092555331992 0.46786922209695603 0.6800804828973843 0.46561443066516345 0.7002012072434608 0.46561443066516345 0.7122736418511066
0 0.4768883878241263 1 0.4813979706877114 0.9879275653923542 0.49379932356257045 0.9476861167002012 0.4836527621195039 0.9094567404426559 0.47237880496054113 0.9456740442655935 0.4599774520856821 0.9798792756539235 0.45199173280721533 1 0.4768883878241263 1
0 0.616685456595265 0.3501006036217304 0.6031567080045096 0.36619718309859156 0.5817361894024803 0.3762575452716298 0.5636978579481398 0.3822937625754527 0.5411499436302142 0.3983903420523139 0.5186020293122886 0.4225352112676056 0.5028184892897407 0.44668008048289737 0.4881623449830891 0.4788732394366197 0.4746335963923337 0.5130784708249497 0.4599774520856821 0.5553319919517102 0.44306651634723787 0.5875251509054326 0.36753100338218714 0.6780684104627767 0.3765501691093574 0.6861167002012073 0.40022547914317924 0.6659959758551308 0.42841037204058624 0.6378269617706237 0.45208568207440814 0.613682092555332 0.46561443066516345 0.607645875251509 0.48252536640360766 0.5674044265593562 0.49379932356257045 0.5331991951710262 0.496054114994363 0.5090543259557344 0.5118376550169109 0.48088531187122735 0.5355129650507328 0.44466800804828976 0.5614430665163472 0.41851106639839036 0.6054114994363021 0.38832997987927564 0.6245772266065389 0.36619718309859156 0.616685456595265 0.3501006036217304