8 0.006702412868632708 0.387719298245614 0.032171581769437 0.39649122807017545 0.058981233243967826 0.4017543859649123 0.08579088471849866 0.4017543859649123 0.11796246648793565 0.4192982456140351 0.1487935656836461 0.4245614035087719 0.20107238605898123 0.4421052631578947 0.24664879356568364 0.4473684210526316 0.2801608579088472 0.4543859649122807 0.31769436997319034 0.47192982456140353 0.35254691689008044 0.4807017543859649 0.3900804289544236 0.49122807017543857 0.4222520107238606 0.5052631578947369 0.46380697050938335 0.5087719298245614 0.4839142091152815 0.5245614035087719 0.5053619302949062 0.531578947368421 0.5308310991957105 0.5473684210526316 0.5603217158176944 0.5508771929824562 0.5764075067024129 0.5421052631578948 0.5589812332439679 0.5175438596491229 0.546916890080429 0.5140350877192983 0.5375335120643432 0.4982456140350877 0.5281501340482574 0.4824561403508772 0.5107238605898123 0.45964912280701753 0.4959785522788204 0.47543859649122805 0.4839142091152815 0.49473684210526314 0.46112600536193027 0.48771929824561405 0.43029490616621985 0.4789473684210526 0.4155495978552279 0.47192982456140353 0.3967828418230563 0.4649122807017544 0.3900804289544236 0.45087719298245615 0.37667560321715815 0.43157894736842106 0.3512064343163539 0.4280701754385965 0.339142091152815 0.4192982456140351 0.29892761394101874 0.4087719298245614 0.26541554959785524 0.3912280701754386 0.23726541554959785 0.38421052631578945 0.23994638069705093 0.40350877192982454 0.2386058981233244 0.41754385964912283 0.1970509383378016 0.41578947368421054 0.17560321715817695 0.41228070175438597 0.12734584450402145 0.40350877192982454 0.08847184986595175 0.38421052631578945 0.06032171581769437 0.37719298245614036 0.03485254691689008 0.37894736842105264 0.013404825737265416 0.3701754385964912 0.006702412868632708 0.387719298245614
8 0.5857908847184986 0.531578947368421 0.599195710455764 0.5508771929824562 0.6152815013404825 0.5491228070175439 0.6260053619302949 0.5508771929824562 0.6407506702412868 0.5456140350877193 0.6554959785522788 0.5508771929824562 0.675603217158177 0.5508771929824562 0.6970509383378016 0.5596491228070175 0.7184986595174263 0.5631578947368421 0.7386058981233244 0.5631578947368421 0.7546916890080428 0.5684210526315789 0.7774798927613941 0.5684210526315789 0.7935656836461126 0.5754385964912281 0.8109919571045576 0.5789473684210527 0.8431635388739946 0.5859649122807018 0.8445040214477212 0.5771929824561404 0.8310991957104558 0.5736842105263158 0.8163538873994638 0.5684210526315789 0.7908847184986595 0.5649122807017544 0.7680965147453083 0.5578947368421052 0.7520107238605898 0.5526315789473685 0.7292225201072386 0.5508771929824562 0.7117962466487936 0.5508771929824562 0.6916890080428955 0.5491228070175439 0.675603217158177 0.5403508771929825 0.6581769436997319 0.5385964912280702 0.6327077747989276 0.5298245614035088 0.6152815013404825 0.5157894736842106 0.6058981233243967 0.5017543859649123 0.5898123324396782 0.5070175438596491 0.5737265415549598 0.49298245614035086 0.5656836461126006 0.4842105263157895 0.5857908847184986 0.531578947368421
8 0.7841823056300268 0.7912280701754386 0.7962466487935657 0.7929824561403509 0.8123324396782842 0.7964912280701755 0.8297587131367292 0.7982456140350878 0.824396782841823 0.787719298245614 0.8083109919571045 0.7824561403508772 0.7908847184986595 0.7824561403508772 0.7721179624664879 0.7807017543859649 0.7841823056300268 0.7912280701754386
8 0.8364611260053619 0.7789473684210526 0.8364611260053619 0.7684210526315789 0.8310991957104558 0.7666666666666667 0.8257372654155496 0.7701754385964912 0.8284182305630027 0.7807017543859649 0.8364611260053619 0.7789473684210526
3 0.002680965147453083 0.3719298245614035 0.004021447721179625 0.39649122807017545 0.00938337801608579 0.43508771929824563 0.01742627345844504 0.4807017543859649 0.07640750670241286 0.4982456140350877 0.12064343163538874 0.5140350877192983 0.17024128686327078 0.5228070175438596 0.2064343163538874 0.5350877192982456 0.23324396782841822 0.5561403508771929 0.2868632707774799 0.5736842105263158 0.3002680965147453 0.5684210526315789 0.3096514745308311 0.5473684210526316 0.3284182305630027 0.5385964912280702 0.3445040214477212 0.5228070175438596 0.34048257372654156 0.4964912280701754 0.3230563002680965 0.47368421052631576 0.36193029490616624 0.48771929824561405 0.40214477211796246 0.5052631578947369 0.44235924932975873 0.5105263157894737 0.4624664879356568 0.5228070175438596 0.46648793565683644 0.5368421052631579 0.46112600536193027 0.5649122807017544 0.46648793565683644 0.5947368421052631 0.4973190348525469 0.5929824561403508 0.5388739946380697 0.6140350877192983 0.5697050938337802 0.6298245614035087 0.5723860589812333 0.6017543859649123 0.546916890080429 0.5561403508771929 0.5683646112600537 0.5526315789473685 0.5603217158176944 0.5175438596491229 0.5522788203753352 0.48947368421052634 0.5361930294906166 0.45964912280701753 0.5120643431635389 0.43508771929824563 0.4932975871313673 0.45964912280701753 0.4785522788203753 0.48771929824561405 0.46380697050938335 0.48596491228070177 0.4289544235924933 0.47017543859649125 0.3967828418230563 0.4614035087719298 0.38337801608579086 0.4368421052631579 0.3512064343163539 0.41403508771929826 0.31501340482573725 0.41228070175438597 0.2613941018766756 0.3929824561403509 0.23324396782841822 0.3456140350877193 0.1836461126005362 0.3087719298245614 0.13941018766756033 0.2771929824561403 0.12064343163538874 0.26666666666666666 0.09651474530831099 0.2578947368421053 0.06166219839142091 0.2578947368421053 0.03351206434316354 0.25087719298245614 0.0013404825737265416 0.24561403508771928 0.002680965147453083 0.3719298245614035
3 0.7479892761394102 0.643859649122807 0.7882037533512064 0.5859649122807018 0.8042895442359249 0.531578947368421 0.8042895442359249 0.45964912280701753 0.7935656836461126 0.41228070175438597 0.7560321715817694 0.3684210526315789 0.6863270777479893 0.3543859649122807 0.6367292225201072 0.35964912280701755 0.5857908847184986 0.3912280701754386 0.5482573726541555 0.38596491228070173 0.5281501340482574 0.3719298245614035 0.4973190348525469 0.3719298245614035 0.5831099195710456 0.5263157894736842 0.67828418230563 0.6771929824561403 0.7144772117962467 0.6736842105263158 0.7479892761394102 0.643859649122807
8 0.7037533512064343 0.7947368421052632 0.7117962466487936 0.8 0.7198391420911529 0.7947368421052632 0.7144772117962467 0.7842105263157895 0.7024128686327078 0.7789473684210526 0.6957104557640751 0.7912280701754386 0.7037533512064343 0.7947368421052632
8 0.43967828418230565 0.6087719298245614 0.4477211796246649 0.6087719298245614 0.4584450402144772 0.612280701754386 0.467828418230563 0.6140350877192983 0.47319034852546915 0.6070175438596491 0.46380697050938335 0.6017543859649123 0.45308310991957107 0.6 0.4410187667560322 0.5964912280701754 0.43029490616621985 0.6017543859649123 0.42359249329758714 0.6017543859649123 0.43967828418230565 0.6087719298245614
0 0.6890080428954424 0.7263157894736842 0.7010723860589813 0.7210526315789474 0.6595174262734584 0.6456140350877193 0.6340482573726541 0.6035087719298246 0.6072386058981233 0.5596491228070175 0.579088471849866 0.5087719298245614 0.5509383378016086 0.4614035087719298 0.5 0.37894736842105264 0.49195710455764075 0.3894736842105263 0.5080428954423593 0.4192982456140351 0.5241286863270778 0.4456140350877193 0.5428954423592494 0.47719298245614034 0.5536193029490617 0.5017543859649123 0.561662198391421 0.531578947368421 0.579088471849866 0.5508771929824562 0.6045576407506702 0.5859649122807018 0.6380697050938338 0.6350877192982456 0.6621983914209115 0.6771929824561403 0.6890080428954424 0.7263157894736842
0 0.4959785522788204 0.5280701754385965 0.5254691689008043 0.543859649122807 0.5589812332439679 0.5280701754385965 0.5388739946380697 0.5035087719298246 0.5093833780160858 0.49473684210526314 0.4839142091152815 0.5035087719298246 0.4959785522788204 0.5280701754385965
0 0.5924932975871313 0.5473684210526316 0.646112600536193 0.543859649122807 0.6300268096514745 0.5298245614035088 0.5831099195710456 0.5105263157894737 0.5924932975871313 0.5473684210526316