1 0.46715741789354476 0.2055984555984556 0.45016987542468856 0.21911196911196912 0.43431483578708946 0.23648648648648649 0.4229898074745187 0.2557915057915058 0.40939977349943374 0.2828185328185328 0.4060022650056625 0.2944015444015444 0.42638731596828994 0.2828185328185328 0.4445073612684032 0.26158301158301156 0.45583238958097394 0.2384169884169884 0.4784824462061155 0.2133204633204633 0.46715741789354476 0.2055984555984556
3 0.6845979614949037 0.3832046332046332 0.6721404303510758 0.3735521235521235 0.6540203850509626 0.37741312741312744 0.6438278595696489 0.38513513513513514 0.6313703284258211 0.40444015444015446 0.6313703284258211 0.4198841698841699 0.6313703284258211 0.4391891891891892 0.6370328425821065 0.4874517374517375 0.6562853907134768 0.5241312741312741 0.6823329558323896 0.5164092664092664 0.6913929784824462 0.39285714285714285 0.6845979614949037 0.3832046332046332
3 0.630237825594564 0.32142857142857145 0.6257078142695357 0.3137065637065637 0.6109852774631936 0.31756756756756754 0.6087202718006794 0.33687258687258687 0.60079275198188 0.3581081081081081 0.5939977349943375 0.39864864864864863 0.5951302378255946 0.4276061776061776 0.6019252548131371 0.4372586872586873 0.6143827859569649 0.4372586872586873 0.6200453001132503 0.44884169884169883 0.6279728199320498 0.4372586872586873 0.6336353340883352 0.42374517374517373 0.6291053227633069 0.4083011583011583 0.6359003397508494 0.39285714285714285 0.6404303510758776 0.37934362934362936 0.6370328425821065 0.34266409266409265 0.630237825594564 0.32142857142857145
8 0.3686296715741789 0.4391891891891892 0.36296715741789354 0.44305019305019305 0.3595696489241223 0.4642857142857143 0.36409966024915064 0.4893822393822394 0.3686296715741789 0.555019305019305 0.37315968289920726 0.583976833976834 0.3810872027180068 0.5801158301158301 0.383352208380521 0.5588803088803089 0.3754246885617214 0.5415057915057915 0.3754246885617214 0.5106177606177607 0.3810872027180068 0.49903474903474904 0.3765571913929785 0.4797297297297297 0.3686296715741789 0.46621621621621623 0.3652321630804077 0.45077220077220076 0.3686296715741789 0.4391891891891892
3 0.3244620611551529 0.4797297297297297 0.3210645526613817 0.49903474903474904 0.31766704416761044 0.5511583011583011 0.3233295583238958 0.555019305019305 0.3459796149490374 0.5472972972972973 0.35617214043035106 0.5511583011583011 0.3437146092865232 0.5916988416988417 0.3539071347678369 0.609073359073359 0.36296715741789354 0.6013513513513513 0.34937712344280863 0.6418918918918919 0.34258210645526616 0.6785714285714286 0.3448471121177803 0.724903474903475 0.35843714609286526 0.7287644787644788 0.3686296715741789 0.7017374517374517 0.3754246885617214 0.6708494208494209 0.3822197055492639 0.6187258687258688 0.37995469988674974 0.5955598455598455 0.383352208380521 0.5801158301158301 0.3924122310305776 0.5511583011583011 0.38674971687429216 0.5434362934362934 0.3924122310305776 0.527992277992278 0.39467723669309174 0.5144787644787645 0.39920724801812 0.49903474903474904 0.39354473386183464 0.4855212355212355 0.3810872027180068 0.48359073359073357 0.38674971687429216 0.4777992277992278 0.38901472253680636 0.4623552123552124 0.3901472253680634 0.4372586872586873 0.3924122310305776 0.41023166023166024 0.38674971687429216 0.38513513513513514 0.3686296715741789 0.3754826254826255 0.3595696489241223 0.3581081081081081 0.3448471121177803 0.3581081081081081 0.33238958097395244 0.3735521235521235 0.32559456398640996 0.41795366795366795 0.31200453001132505 0.45656370656370654 0.3199320498301246 0.4584942084942085 0.3244620611551529 0.4797297297297297
3 0.383352208380521 0.33687258687258687 0.3652321630804077 0.34266409266409265 0.35843714609286526 0.3696911196911197 0.36183465458663644 0.3812741312741313 0.37882219705549264 0.388996138996139 0.3924122310305776 0.3696911196911197 0.3924122310305776 0.3465250965250965 0.383352208380521 0.33687258687258687
3 0.4014722536806342 0.305984555984556 0.39580973952434884 0.333011583011583 0.3924122310305776 0.3561776061776062 0.4014722536806342 0.35424710424710426 0.427519818799547 0.34266409266409265 0.4433748584371461 0.3194980694980695 0.45016987542468856 0.2673745173745174 0.42072480181200456 0.2828185328185328 0.4014722536806342 0.305984555984556
3 0.5249150622876557 0.5588803088803089 0.5124575311438279 0.5781853281853282 0.4988674971687429 0.7036679536679536 0.4932049830124575 0.7577220077220077 0.5192525481313703 0.775096525096525 0.5543601359003397 0.7615830115830116 0.5838052095130238 0.6978764478764479 0.5962627406568517 0.6322393822393823 0.6087202718006794 0.5608108108108109 0.6313703284258211 0.5048262548262549 0.6325028312570782 0.472007722007722 0.6313703284258211 0.43532818532818535 0.5917327293318233 0.4295366795366795 0.557757644394111 0.49324324324324326 0.5249150622876557 0.5588803088803089
3 0.5622876557191393 0.2693050193050193 0.5679501698754247 0.25386100386100385 0.5883352208380521 0.20752895752895753 0.5985277463193658 0.1554054054054054 0.5849377123442808 0.1438223938223938 0.5339750849377124 0.15733590733590733 0.4988674971687429 0.18243243243243243 0.4988674971687429 0.25 0.5407701019252548 0.2731660231660232 0.5622876557191393 0.2693050193050193
3 0.5906002265005662 0.03957528957528957 0.5622876557191393 0.03571428571428571 0.5385050962627407 0.04922779922779923 0.5101925254813137 0.06467181467181467 0.4932049830124575 0.08011583011583012 0.4943374858437146 0.08976833976833977 0.5056625141562854 0.111003861003861 0.5181200453001132 0.13996138996138996 0.5362400906002265 0.1611969111969112 0.5747451868629672 0.15926640926640925 0.6121177802944507 0.14961389961389962 0.6336353340883352 0.1361003861003861 0.6392978482446207 0.13416988416988418 0.644960362400906 0.10328185328185328 0.6189127972819932 0.05694980694980695 0.6098527746319365 0.05501930501930502 0.5906002265005662 0.03957528957528957
3 0.6551528878822197 0.03957528957528957 0.6415628539071347 0.016409266409266408 0.6257078142695357 0.016409266409266408 0.6132502831257078 0.05308880308880309 0.6268403171007928 0.07432432432432433 0.6483578708946772 0.07818532818532818 0.6528878822197055 0.06660231660231661 0.6551528878822197 0.03957528957528957
3 0.646092865232163 0.09942084942084942 0.6415628539071347 0.09942084942084942 0.6325028312570782 0.13223938223938225 0.6268403171007928 0.14961389961389962 0.6268403171007928 0.19594594594594594 0.6404303510758776 0.19787644787644787 0.6517553793884485 0.16891891891891891 0.6506228765571914 0.11486486486486487 0.646092865232163 0.09942084942084942
8 0.515855039637599 0.13416988416988418 0.5101925254813137 0.13996138996138996 0.5045300113250283 0.15733590733590733 0.5113250283125708 0.16312741312741313 0.5169875424688561 0.1476833976833977 0.515855039637599 0.13416988416988418
8 0.5011325028312571 0.14189189189189189 0.49660249150622876 0.14189189189189189 0.4898074745186863 0.12837837837837837 0.48640996602491504 0.1361003861003861 0.48867497168742924 0.1476833976833977 0.4898074745186863 0.15926640926640925 0.4841449603624009 0.17857142857142858 0.4932049830124575 0.17277992277992277 0.5033975084937712 0.15733590733590733 0.5079275198187996 0.1476833976833977 0.5067950169875425 0.13223938223938225 0.5011325028312571 0.14189189189189189
8 0.46602491506228766 0.19594594594594594 0.4592298980747452 0.2055984555984556 0.45016987542468856 0.2171814671814672 0.4626274065685164 0.2133204633204633 0.4773499433748584 0.19787644787644787 0.4841449603624009 0.19015444015444016 0.48754246885617214 0.18243243243243243 0.47055492638731594 0.19015444015444016 0.46602491506228766 0.19594594594594594
8 0.47168742921857304 0.2249034749034749 0.46715741789354476 0.2249034749034749 0.4614949037372593 0.2306949806949807 0.4524348810872027 0.24806949806949807 0.4580973952434881 0.26158301158301156 0.47055492638731594 0.25386100386100385 0.4796149490373726 0.23455598455598456 0.47168742921857304 0.2249034749034749
8 0.6313703284258211 0.582046332046332 0.6257078142695357 0.609073359073359 0.6075877689694225 0.6747104247104247 0.60079275198188 0.7191119691119691 0.5826727066817667 0.7712355212355212 0.5815402038505096 0.8117760617760618 0.5928652321630804 0.831081081081081 0.6019252548131371 0.8098455598455598 0.6019252548131371 0.775096525096525 0.6098527746319365 0.7403474903474904 0.6268403171007928 0.6708494208494209 0.6381653454133636 0.6303088803088803 0.6426953567383918 0.5781853281853282 0.6313703284258211 0.582046332046332
3 0.5385050962627407 0.19787644787644787 0.5260475651189128 0.18436293436293436 0.4988674971687429 0.18822393822393824 0.47055492638731594 0.22683397683397682 0.4524348810872027 0.2519305019305019 0.43431483578708946 0.2828185328185328 0.4173272933182333 0.31756756756756754 0.4229898074745187 0.36003861003861004 0.4580973952434881 0.3581081081081081 0.48754246885617214 0.34266409266409265 0.5226500566251415 0.30212355212355213 0.5441676104190261 0.2577220077220077 0.5385050962627407 0.19787644787644787
3 0.5894677236693092 0.32915057915057916 0.5600226500566251 0.30405405405405406 0.5328425821064553 0.3233590733590734 0.5169875424688561 0.35231660231660233 0.4909399773499434 0.4083011583011583 0.4830124575311438 0.46814671814671815 0.5045300113250283 0.49903474903474904 0.5305775764439411 0.5067567567567568 0.572480181200453 0.4855212355212355 0.5838052095130238 0.4797297297297297 0.5985277463193658 0.42374517374517373 0.5917327293318233 0.34459459459459457 0.5894677236693092 0.32915057915057916
6 0.4524348810872027 0.777027027027027 0.4467723669309173 0.777027027027027 0.4377123442808607 0.7808880308880309 0.4331823329558324 0.7905405405405406 0.4286523216308041 0.8098455598455598 0.4286523216308041 0.8291505791505791 0.42072480181200456 0.861969111969112 0.4297848244620612 0.8793436293436293 0.43431483578708946 0.8407335907335908 0.4377123442808607 0.8214285714285714 0.44110985277463194 0.8001930501930502 0.4524348810872027 0.7886100386100386 0.4524348810872027 0.777027027027027
8 0.4388448471121178 0.39285714285714285 0.4479048697621744 0.36776061776061775 0.4365798414496036 0.3754826254826255 0.427519818799547 0.40444015444015446 0.4161947904869762 0.4333976833976834 0.4082672706681767 0.45656370656370654 0.42072480181200456 0.4527027027027027 0.4286523216308041 0.4198841698841699 0.4388448471121178 0.39285714285714285
1 0.44224235560588904 0.22876447876447875 0.42638731596828994 0.2519305019305019 0.37315968289920726 0.33494208494208494 0.41959229898074746 0.2905405405405405 0.44110985277463194 0.2635135135135135 0.45583238958097394 0.23455598455598456 0.46715741789354476 0.21138996138996138 0.44224235560588904 0.22876447876447875
0 0.5175537938844847 0 0.5090600226500567 0.0028957528957528956 0.49660249150622876 0.008687258687258687 0.485277463193658 0.01447876447876448 0.4773499433748584 0.02413127413127413 0.4841449603624009 0.033783783783783786 0.485277463193658 0.037644787644787646 0.5033975084937712 0.02027027027027027 0.5305775764439411 0.004826254826254826 0.55134012797282 0 0.5175537938844847 0