8 0.5207286432160804 0.5435510887772195 0.5018844221105527 0.5552763819095478 0.46168341708542715 0.5954773869346733 0.4453517587939699 0.6289782244556114 0.44409547738693467 0.6591289782244556 0.4478643216080402 0.6809045226130653 0.46168341708542715 0.7127303182579564 0.4742462311557789 0.7144053601340034 0.5131909547738693 0.7043551088777219 0.5257537688442211 0.6943048576214406 0.5370603015075377 0.6792294807370184 0.5521356783919598 0.6624790619765494 0.5709798994974874 0.6423785594639866 0.5873115577889447 0.6072026800670016 0.582286432160804 0.5904522613065326 0.5709798994974874 0.5904522613065326 0.5609296482412061 0.5988274706867671 0.5471105527638191 0.6122278056951423 0.5358040201005025 0.6340033500837521 0.5194723618090452 0.652428810720268 0.5069095477386935 0.6675041876046901 0.4981155778894472 0.6742043551088778 0.49183417085427134 0.6742043551088778 0.4842964824120603 0.6725293132328308 0.4792713567839196 0.669179229480737 0.47173366834170855 0.6541038525963149 0.4704773869346734 0.6407035175879398 0.47550251256281406 0.6323283082077052 0.48178391959798994 0.61892797319933 0.4905778894472362 0.6055276381909548 0.503140703517588 0.5938023450586265 0.5194723618090452 0.583752093802345 0.5546482412060302 0.5619765494137353 0.5471105527638191 0.5385259631490787 0.539572864321608 0.5385259631490787 0.5207286432160804 0.5435510887772195
3 0.5420854271356784 0.6658291457286433 0.5559045226130653 0.6423785594639866 0.574748743718593 0.6273031825795645 0.6036432160804021 0.5770519262981575 0.5885678391959799 0.5552763819095478 0.5684673366834171 0.551926298157454 0.5496231155778895 0.550251256281407 0.5332914572864321 0.5385259631490787 0.5257537688442211 0.5485762144053601 0.503140703517588 0.5552763819095478 0.48680904522613067 0.5703517587939698 0.4641959798994975 0.5971524288107203 0.4491206030150754 0.635678391959799 0.45037688442211055 0.6641541038525963 0.4415829145728643 0.6876046901172529 0.43027638190954776 0.7261306532663316 0.44660804020100503 0.7395309882747069 0.4692211055276382 0.7294807370184254 0.48680904522613067 0.7211055276381909 0.5131909547738693 0.7110552763819096 0.5257537688442211 0.6959798994974874 0.532035175879397 0.6792294807370184 0.5420854271356784 0.6658291457286433
8 0.5043969849246231 0.8199329983249581 0.49183417085427134 0.8618090452261307 0.4805276381909548 0.8986599664991625 0.47675879396984927 0.9204355108877722 0.48932160804020103 0.9288107202680067 0.4943467336683417 0.9221105527638191 0.4981155778894472 0.9103852596314908 0.5043969849246231 0.8953098827470687 0.5119346733668342 0.8701842546063652 0.5144472361809045 0.8567839195979899 0.5182160804020101 0.8417085427135679 0.5207286432160804 0.821608040201005 0.5257537688442211 0.8082077051926299 0.5131909547738693 0.7931323283082077 0.5119346733668342 0.7998324958123953 0.5043969849246231 0.8199329983249581
3 0.4805276381909548 0.9438860971524288 0.4943467336683417 0.9371859296482412 0.5043969849246231 0.8953098827470687 0.5081658291457286 0.8685092127303182 0.5157035175879398 0.8366834170854272 0.5069095477386935 0.8115577889447236 0.49309045226130654 0.8115577889447236 0.4704773869346734 0.8350083752093802 0.4528894472361809 0.8534338358458962 0.4353015075376884 0.8651591289782244 0.4139447236180904 0.8785594639865997 0.4026381909547739 0.8768844221105527 0.4026381909547739 0.9120603015075377 0.41520100502512564 0.9455611390284757 0.42902010050251255 0.9656616415410385 0.4491206030150754 0.9656616415410385 0.4591708542713568 0.9623115577889447 0.4704773869346734 0.9522613065326633 0.4805276381909548 0.9438860971524288
8 0.48932160804020103 0.9137353433835846 0.4428391959798995 0.9170854271356784 0.4378140703517588 0.9505862646566164 0.48680904522613067 0.9455611390284757 0.48932160804020103 0.9137353433835846
8 0.5935929648241206 0.8701842546063652 0.6099246231155779 0.8417085427135679 0.6287688442211056 0.8098827470686767 0.6375628140703518 0.7914572864321608 0.6538944723618091 0.7663316582914573 0.6400753768844221 0.7696817420435511 0.6300251256281407 0.7696817420435511 0.6187185929648241 0.7713567839195979 0.6061557788944724 0.7730318257956449 0.5885678391959799 0.7713567839195979 0.582286432160804 0.7713567839195979 0.5734924623115578 0.7629815745393634 0.5646984924623115 0.7562814070351759 0.5584170854271356 0.7479061976549414 0.553391959798995 0.7395309882747069 0.5471105527638191 0.7361809045226131 0.5433417085427136 0.7311557788944724 0.5433417085427136 0.7428810720268006 0.5370603015075377 0.7462311557788944 0.532035175879397 0.7462311557788944 0.5257537688442211 0.7596314907872697 0.5408291457286433 0.7696817420435511 0.5496231155778895 0.7814070351758794 0.5559045226130653 0.7864321608040201 0.5646984924623115 0.7864321608040201 0.5785175879396985 0.7914572864321608 0.5835427135678392 0.7948073701842546 0.5860552763819096 0.8065326633165829 0.5860552763819096 0.8182579564489112 0.5797738693467337 0.8283082077051926 0.5760050251256281 0.8417085427135679 0.5734924623115578 0.8534338358458962 0.5672110552763819 0.8601340033500837 0.5634422110552764 0.8752093802345059 0.5546482412060302 0.8869346733668342 0.5508793969849246 0.9036850921273032 0.5471105527638191 0.9137353433835846 0.5546482412060302 0.9120603015075377 0.5646984924623115 0.9087102177554439 0.5734924623115578 0.9036850921273032 0.5847989949748744 0.8886097152428811 0.5935929648241206 0.8701842546063652
8 0.5961055276381909 0.7713567839195979 0.5358040201005025 0.9187604690117253 0.5596733668341709 0.9154103852596315 0.6463567839195979 0.7680067001675042 0.5961055276381909 0.7713567839195979
8 0.7832914572864321 0.4765494137353434 0.789572864321608 0.4480737018425461 0.7908291457286433 0.40954773869346733 0.7870603015075377 0.43467336683417085 0.782035175879397 0.4547738693467337 0.7770100502512562 0.4731993299832496 0.7707286432160804 0.48659966499162477 0.7694723618090452 0.4966499162479062 0.7594221105527639 0.5083752093802345 0.7581658291457286 0.5301507537688442 0.7644472361809045 0.5402010050251256 0.7732412060301508 0.5268006700167505 0.7795226130653267 0.501675041876047 0.7832914572864321 0.4765494137353434
8 0.5621859296482412 0.7998324958123953 0.5709798994974874 0.7646566164154104 0.5433417085427136 0.7194304857621441 0.5131909547738693 0.7629815745393634 0.5621859296482412 0.7998324958123953
8 0.4792713567839196 0.9321608040201005 0.46796482412060303 0.9338358458961474 0.46042713567839194 0.9355108877721943 0.45037688442211055 0.9355108877721943 0.4428391959798995 0.9422110552763819 0.4566582914572864 0.9455611390284757 0.4692211055276382 0.940536013400335 0.48178391959798994 0.9422110552763819 0.48555276381909546 0.9371859296482412 0.4880653266331658 0.9288107202680067 0.4792713567839196 0.9321608040201005
8 0.47173366834170855 0.9288107202680067 0.4780150753768844 0.9254606365159129 0.4842964824120603 0.923785594639866 0.48932160804020103 0.9187604690117253 0.49309045226130654 0.9120603015075377 0.49685929648241206 0.9020100502512562 0.503140703517588 0.8886097152428811 0.5056532663316583 0.8701842546063652 0.5081658291457286 0.8567839195979899 0.5157035175879398 0.8299832495812395 0.5157035175879398 0.8132328308207705 0.510678391959799 0.8065326633165829 0.510678391959799 0.8182579564489112 0.5081658291457286 0.8350083752093802 0.5018844221105527 0.855108877721943 0.49685929648241206 0.8685092127303182 0.4905778894472362 0.8953098827470687 0.48680904522613067 0.9103852596314908 0.4842964824120603 0.9170854271356784 0.4742462311557789 0.9204355108877722 0.46545226130653267 0.923785594639866 0.45414572864321606 0.9271356783919598 0.4453517587939699 0.9288107202680067 0.44032663316582915 0.9338358458961474 0.45791457286432163 0.9355108877721943 0.46796482412060303 0.9321608040201005 0.47173366834170855 0.9288107202680067
8 0.43027638190954776 0.8886097152428811 0.4353015075376884 0.8768844221105527 0.4415829145728643 0.8601340033500837 0.4315326633165829 0.8651591289782244 0.4265075376884422 0.8752093802345059 0.41896984924623115 0.8802345058626466 0.40891959798994976 0.890284757118928 0.40515075376884424 0.9036850921273032 0.4064070351758794 0.9154103852596315 0.4101758793969849 0.9254606365159129 0.417713567839196 0.9187604690117253 0.4239949748743719 0.8986599664991625 0.43027638190954776 0.8886097152428811
3 0.6463567839195979 0.7646566164154104 0.5923366834170855 0.7730318257956449 0.553391959798995 0.8132328308207705 0.5295226130653267 0.9154103852596315 0.5508793969849246 0.9271356783919598 0.6463567839195979 0.7646566164154104
8 0.5684673366834171 0.6005025125628141 0.5609296482412061 0.6055276381909548 0.5571608040201005 0.6155778894472361 0.5559045226130653 0.6256281407035176 0.5521356783919598 0.635678391959799 0.5445979899497487 0.6457286432160804 0.5370603015075377 0.6507537688442211 0.5282663316582915 0.6624790619765494 0.5244974874371859 0.669179229480737 0.5131909547738693 0.6758793969849246 0.5056532663316583 0.6809045226130653 0.4981155778894472 0.6842546063651591 0.49183417085427134 0.6825795644891123 0.48680904522613067 0.6825795644891123 0.4805276381909548 0.6792294807370184 0.4729899497487437 0.6725293132328308 0.47173366834170855 0.6624790619765494 0.4704773869346734 0.6574539363484088 0.4704773869346734 0.652428810720268 0.47173366834170855 0.6390284757118928 0.4742462311557789 0.6340033500837521 0.4805276381909548 0.6206030150753769 0.48304020100502515 0.6172529313232831 0.4905778894472362 0.6005025125628141 0.49309045226130654 0.5971524288107203 0.49685929648241206 0.5938023450586265 0.5018844221105527 0.5904522613065326 0.5056532663316583 0.5871021775544388 0.5119346733668342 0.583752093802345 0.5169597989949749 0.5820770519262981 0.5219849246231156 0.5787269681742043 0.5282663316582915 0.5770519262981575 0.5383165829145728 0.5703517587939698 0.5445979899497487 0.5619765494137353 0.5471105527638191 0.5586264656616415 0.5508793969849246 0.550251256281407 0.5496231155778895 0.5452261306532663 0.5420854271356784 0.5418760469011725 0.5370603015075377 0.5418760469011725 0.5345477386934674 0.5485762144053601 0.5307788944723618 0.551926298157454 0.5257537688442211 0.5536013400335008 0.5182160804020101 0.5569514237855946 0.5081658291457286 0.5653266331658291 0.5006281407035176 0.568676716917923 0.49309045226130654 0.5770519262981575 0.48555276381909546 0.5820770519262981 0.4780150753768844 0.5921273031825796 0.46796482412060303 0.5971524288107203 0.4629396984924623 0.6088777219430486 0.4566582914572864 0.6122278056951423 0.45540201005025127 0.6323283082077052 0.45163316582914576 0.6390284757118928 0.45037688442211055 0.652428810720268 0.45414572864321606 0.6541038525963149 0.45414572864321606 0.6608040201005025 0.45163316582914576 0.6876046901172529 0.45540201005025127 0.7093802345058626 0.46042713567839194 0.7110552763819096 0.46796482412060303 0.7110552763819096 0.47550251256281406 0.7110552763819096 0.48555276381909546 0.7093802345058626 0.4943467336683417 0.7043551088777219 0.503140703517588 0.7010050251256281 0.5119346733668342 0.6943048576214406 0.5207286432160804 0.6926298157453936 0.5232412060301508 0.6859296482412061 0.5307788944723618 0.6742043551088778 0.5370603015075377 0.6658291457286433 0.539572864321608 0.6591289782244556 0.5471105527638191 0.6507537688442211 0.5521356783919598 0.6440536013400335 0.5571608040201005 0.635678391959799 0.5646984924623115 0.6239530988274706 0.5734924623115578 0.6155778894472361 0.5797738693467337 0.6072026800670016 0.582286432160804 0.5988274706867671 0.5860552763819096 0.5871021775544388 0.5923366834170855 0.583752093802345 0.5973618090452262 0.5737018425460636 0.589824120603015 0.5636515912897823 0.5835427135678392 0.5619765494137353 0.5760050251256281 0.568676716917923 0.5760050251256281 0.5820770519262981 0.5760050251256281 0.5904522613065326 0.574748743718593 0.5971524288107203 0.5684673366834171 0.6005025125628141
3 0.5062814070351759 1 0.5081658291457286 0.9958123953098827 0.5169597989949749 0.9790619765494137 0.5182160804020101 0.9556113902847572 0.5081658291457286 0.9438860971524288 0.4981155778894472 0.9472361809045227 0.4842964824120603 0.9522613065326633 0.4780150753768844 0.9606365159128978 0.4692211055276382 0.9690117252931323 0.4657349246231156 1 0.5062814070351759 1
5 0.45210427135678394 0 0.47550251256281406 0.12479061976549413 0.5270100502512562 0.12479061976549413 0.49821221482412065 0 0.45210427135678394 0