8 0.532399299474606 0.9743589743589743 0.5341506129597198 0.972027972027972 0.5394045534150613 0.965034965034965 0.542907180385289 0.9627039627039627 0.5464098073555166 0.9557109557109557 0.5481611208406305 0.9463869463869464 0.5481611208406305 0.9417249417249417 0.5446584938704028 0.9463869463869464 0.5394045534150613 0.9533799533799534 0.5359019264448336 0.9603729603729604 0.532399299474606 0.9673659673659674 0.5271453590192644 0.9743589743589743 0.532399299474606 0.9743589743589743
8 0.4168126094570928 0.8624708624708625 0.4133099824868651 0.8624708624708625 0.4133099824868651 0.8694638694638694 0.4168126094570928 0.8671328671328671 0.4168126094570928 0.8624708624708625
8 0.4816112084063047 0.8111888111888111 0.4798598949211909 0.8088578088578089 0.4763572679509632 0.8088578088578089 0.47285464098073554 0.8111888111888111 0.47285464098073554 0.8088578088578089 0.4711033274956217 0.8088578088578089 0.46760070052539404 0.8111888111888111 0.46409807355516636 0.8088578088578089 0.46059544658493873 0.8111888111888111 0.45709281961471104 0.8158508158508159 0.45183887915936954 0.8205128205128205 0.45359019264448336 0.8228438228438228 0.45709281961471104 0.8251748251748252 0.46234676007005254 0.8228438228438228 0.4658493870402802 0.8205128205128205 0.47285464098073554 0.8158508158508159 0.47285464098073554 0.8181818181818182 0.4711033274956217 0.8228438228438228 0.4746059544658494 0.8228438228438228 0.4816112084063047 0.8111888111888111
8 0.4115586690017513 0.8997668997668997 0.415061295971979 0.8951048951048951 0.4168126094570928 0.8881118881118881 0.415061295971979 0.8834498834498834 0.4133099824868651 0.8857808857808858 0.4115586690017513 0.8927738927738927 0.4063047285464098 0.8997668997668997 0.4115586690017513 0.8997668997668997
8 0.4798598949211909 0.965034965034965 0.48336252189141854 0.965034965034965 0.4868651488616462 0.9603729603729604 0.4903677758318739 0.9557109557109557 0.4956217162872154 0.9487179487179487 0.4921190893169877 0.9440559440559441 0.4903677758318739 0.9440559440559441 0.4868651488616462 0.9463869463869464 0.4868651488616462 0.951048951048951 0.4851138353765324 0.9463869463869464 0.4816112084063047 0.9440559440559441 0.4798598949211909 0.9463869463869464 0.4763572679509632 0.9557109557109557 0.4763572679509632 0.9627039627039627 0.4798598949211909 0.965034965034965
8 0.5078809106830122 1 0.5096322241681261 0.9953379953379954 0.51138353765324 0.986013986013986 0.5131348511383538 0.972027972027972 0.5131348511383538 0.958041958041958 0.51138353765324 0.9487179487179487 0.5078809106830122 0.9533799533799534 0.5043782837127846 0.9533799533799534 0.5043782837127846 0.9603729603729604 0.5061295971978984 0.9673659673659674 0.5026269702276708 0.972027972027972 0.500875656742557 0.9743589743589743 0.5026269702276708 0.9836829836829837 0.4991243432574431 0.9883449883449883 0.4956217162872154 0.986013986013986 0.4921190893169877 0.9883449883449883 0.4938704028021016 0.9953379953379954 0.4903677758318739 1 0.5078809106830122 1
8 0.46234676007005254 0.9813519813519813 0.46234676007005254 0.9766899766899767 0.46059544658493873 0.9673659673659674 0.46059544658493873 0.958041958041958 0.4553415061295972 0.958041958041958 0.45359019264448336 0.9627039627039627 0.45359019264448336 0.972027972027972 0.45359019264448336 0.9836829836829837 0.46234676007005254 0.9813519813519813
8 0.38003502626970226 0.9766899766899767 0.38178633975481613 0.9696969696969697 0.38704028021015763 0.9603729603729604 0.3922942206654991 0.951048951048951 0.39404553415061294 0.9417249417249417 0.3922942206654991 0.9347319347319347 0.38879159369527144 0.9393939393939394 0.38528896672504376 0.9487179487179487 0.38178633975481613 0.958041958041958 0.37828371278458844 0.965034965034965 0.37653239929947463 0.972027972027972 0.37478108581436076 0.9813519813519813 0.36952714535901926 0.9883449883449883 0.38003502626970226 0.9766899766899767
3 0.4448336252189142 0.9067599067599068 0.4938704028021016 0.8927738927738927 0.46059544658493873 0.8694638694638694 0.4746059544658494 0.8321678321678322 0.5078809106830122 0.7995337995337995 0.4903677758318739 0.7855477855477856 0.43782837127845886 0.8228438228438228 0.4098073555166375 0.8554778554778555 0.4098073555166375 0.8904428904428905 0.4448336252189142 0.9067599067599068
0 0.510353353765324 1 0.5919439579684763 0.8974358974358975 0.5236427320490368 0.9067599067599068 0.47285464098073554 0.9090909090909091 0.4203152364273205 0.8857808857808858 0.4080560420315236 0.8997668997668997 0.35901926444833626 0.8834498834498834 0.35376532399299476 0.9207459207459208 0.3502626970227671 0.9533799533799534 0.3486705936952715 1 0.510353353765324 1
5 0.6847635726795096 0.20512820512820512 0.649737302977233 0.06293706293706294 0.6024518388791593 0.06293706293706294 0.6252189141856392 0.21212121212121213 0.6847635726795096 0.20512820512820512
3 0.4986865148861646 1 0.5201401050788091 0.9836829836829837 0.5499124343257443 0.9417249417249417 0.5516637478108581 0.9114219114219114 0.5061295971978984 0.9137529137529138 0.46760070052539404 0.9184149184149184 0.4413309982486865 0.9184149184149184 0.404553415061296 0.9230769230769231 0.37483112259194395 1 0.4986865148861646 1