0 0.14842767295597484 0.39398998330550916 0.1710691823899371 0.38898163606010017 0.1861635220125786 0.4023372287145242 0.2 0.4340567612687813 0.20628930817610064 0.4724540901502504 0.21257861635220127 0.5008347245409015 0.21509433962264152 0.5292153589315526 0.2050314465408805 0.5475792988313857 0.19245283018867926 0.5626043405676127 0.16477987421383647 0.5609348914858097 0.1459119496855346 0.5525876460767947 0.1320754716981132 0.5409015025041736 0.12955974842767295 0.5075125208681135 0.13584905660377358 0.4557595993322204 0.13459119496855346 0.42237061769616024
3 0.1949685534591195 0.3722871452420701 0.2188679245283019 0.3639398998330551 0.23773584905660378 0.36894824707846413 0.27169811320754716 0.3672787979966611 0.2968553459119497 0.3639398998330551 0.32452830188679244 0.3656093489148581 0.35094339622641507 0.3639398998330551 0.38113207547169814 0.3622704507512521 0.410062893081761 0.35392320534223703 0.44654088050314467 0.35225375626043404 0.4666666666666667 0.34390651085141904 0.4817610062893082 0.3622704507512521 0.4767295597484277 0.39065108514190316 0.4666666666666667 0.4056761268781302 0.4540880503144654 0.4240400667779633 0.4440251572327044 0.44407345575959933 0.42138364779874216 0.4540901502504174 0.39245283018867927 0.4557595993322204 0.35974842767295595 0.44908180300500833 0.33081761006289306 0.44574290484140233 0.29559748427672955 0.44240400667779634 0.27672955974842767 0.4307178631051753 0.24528301886792453 0.4290484140233723 0.2238993710691824 0.41736227045075125 0.20251572327044026 0.4006677796327212
3 0.529559748427673 0.39065108514190316 0.5459119496855346 0.3606010016694491 0.5610062893081761 0.34891485809682804 0.5823899371069182 0.337228714524207 0.6125786163522012 0.337228714524207 0.6364779874213836 0.34724540901502504 0.6427672955974842 0.37061769616026713 0.6440251572327044 0.38898163606010017 0.6389937106918239 0.4073455759599332 0.6276729559748427 0.41903171953255425 0.6138364779874214 0.4307178631051753 0.5911949685534591 0.44574290484140233 0.579874213836478 0.44574290484140233 0.5584905660377358 0.4340567612687813 0.5333333333333333 0.41235392320534225
5 0.19371069182389938 0.32220367278797996 0.2050314465408805 0.27712854757929883 0.22767295597484277 0.2270450751252087 0.24528301886792453 0.2003338898163606 0.2729559748427673 0.19365609348914858 0.30943396226415093 0.2020033388981636 0.3471698113207547 0.2020033388981636 0.36981132075471695 0.19699499165275458 0.3949685534591195 0.19699499165275458 0.4188679245283019 0.21035058430717862 0.4440251572327044 0.20868113522537562 0.48553459119496856 0.2020033388981636 0.529559748427673 0.19365609348914858 0.5660377358490566 0.19031719532554256 0.6025157232704402 0.17863105175292154 0.6452830188679245 0.17529215358931552 0.6742138364779874 0.1686143572621035 0.7119496855345911 0.16193656093489148 0.7358490566037735 0.16193656093489148 0.7610062893081762 0.17362270450751252 0.779874213836478 0.2003338898163606 0.7874213836477988 0.2353923205342237 0.8012578616352202 0.2637729549248748 0.8138364779874214 0.2871452420701169 0.8163522012578617 0.3121869782971619 0.8113207547169812 0.328881469115192 0.7836477987421384 0.33889816360601 0.7333333333333333 0.34056761268781305 0.6679245283018868 0.337228714524207 0.630188679245283 0.34223706176961605 0.5937106918238994 0.35058430717863104 0.5572327044025157 0.3589315525876461 0.5232704402515723 0.3672787979966611 0.4918238993710692 0.3739565943238731 0.4591194968553459 0.3789649415692821 0.42515723270440253 0.3722871452420701 0.39622641509433965 0.37061769616026713 0.3635220125786163 0.3672787979966611 0.3220125786163522 0.3672787979966611 0.28050314465408804 0.3672787979966611 0.24276729559748428 0.3656093489148581 0.20251572327044026 0.3589315525876461 0.18742138364779873 0.34557595993322204
6 0.24276729559748428 0.1636060100166945 0.2641509433962264 0.14357262103505844 0.2779874213836478 0.1302170283806344 0.30440251572327043 0.1285475792988314 0.3283018867924528 0.1285475792988314 0.3559748427672956 0.12353923205342238 0.38742138364779877 0.12020033388981637 0.4125786163522013 0.12020033388981637 0.44150943396226416 0.11519198664440734 0.4679245283018868 0.11018363939899833 0.5056603773584906 0.11018363939899833 0.5371069182389937 0.11185308848080133 0.5635220125786163 0.11018363939899833 0.5773584905660377 0.11185308848080133 0.5786163522012578 0.1352253756260434 0.5823899371069182 0.14691151919866444 0.5962264150943396 0.1419031719532554 0.6075471698113207 0.13856427378964942 0.6314465408805031 0.13856427378964942 0.6515723270440251 0.13689482470784642 0.6792452830188679 0.1335559265442404 0.6792452830188679 0.14357262103505844 0.6540880503144654 0.14524207011686144 0.6327044025157232 0.15692821368948248 0.6062893081761006 0.15191986644407346 0.5911949685534591 0.15358931552587646 0.5635220125786163 0.15525876460767946 0.539622641509434 0.16026711185308848 0.5182389937106918 0.1669449081803005 0.49559748427672956 0.1669449081803005 0.4641509433962264 0.17028380634390652 0.4427672955974843 0.17696160267111852 0.4276729559748428 0.18196994991652754 0.4025157232704403 0.18530884808013356 0.38113207547169814 0.18530884808013356 0.3660377358490566 0.19031719532554256 0.3433962264150943 0.19031719532554256 0.32578616352201256 0.19198664440734559 0.3069182389937107 0.19365609348914858 0.2842767295597484 0.19365609348914858 0.26163522012578616 0.19031719532554256 0.24779874213836478 0.18363939899833054
6 0.1660377358490566 0.3589315525876461 0.1710691823899371 0.337228714524207 0.18364779874213835 0.2988313856427379 0.189937106918239 0.27545909849749584 0.19748427672955976 0.24874791318864775 0.2088050314465409 0.2370617696160267 0.22012578616352202 0.20868113522537562 0.23144654088050315 0.19031719532554256 0.24150943396226415 0.2003338898163606 0.2289308176100629 0.22370617696160267 0.22012578616352202 0.24207011686143573 0.22012578616352202 0.2570951585976628 0.21132075471698114 0.27378964941569284 0.20628930817610064 0.3021702838063439 0.20125786163522014 0.31719532554257096 0.2138364779874214 0.32053422370617696 0.22264150943396227 0.32387312186978295 0.22767295597484277 0.34390651085141904 0.23270440251572327 0.3572621035058431 0.23270440251572327 0.3672787979966611
6 0.18238993710691823 0.38731218697829717 0.1861635220125786 0.37061769616026713 0.19748427672955976 0.3572621035058431 0.2440251572327044 0.3606010016694491 0.27547169811320754 0.3606010016694491 0.31949685534591193 0.3555926544240401 0.3584905660377358 0.3555926544240401 0.3849056603773585 0.3606010016694491 0.41509433962264153 0.3639398998330551 0.4490566037735849 0.3739565943238731 0.4641509433962264 0.3739565943238731 0.49056603773584906 0.3656093489148581 0.5044025157232704 0.3589315525876461 0.5232704402515723 0.35225375626043404 0.5509433962264151 0.35058430717863104 0.5748427672955975 0.34390651085141904 0.5962264150943396 0.337228714524207 0.6138364779874214 0.337228714524207 0.6377358490566037 0.335559265442404 0.6616352201257861 0.335559265442404 0.680503144654088 0.332220367278798 0.6666666666666666 0.34891485809682804 0.6666666666666666 0.3722871452420701 0.6540880503144654 0.38898163606010017 0.6427672955974842 0.4073455759599332 0.6251572327044025 0.4257095158597663 0.6075471698113207 0.4340567612687813 0.5962264150943396 0.4507512520868113 0.5811320754716981 0.4674457429048414 0.5622641509433962 0.48580968280467446 0.5459119496855346 0.4991652754590985 0.5345911949685535 0.5125208681135225 0.5144654088050314 0.5208681135225376 0.5056603773584906 0.5275459098497496 0.5031446540880503 0.5025041736227045 0.5220125786163522 0.49081803005008345 0.5358490566037736 0.4691151919866444 0.5345911949685535 0.44574290484140233 0.5220125786163522 0.4257095158597663 0.4981132075471698 0.4056761268781302 0.4918238993710692 0.41569282136894825 0.47547169811320755 0.42237061769616024 0.45031446540880504 0.4323873121869783 0.44654088050314467 0.44741235392320533 0.41509433962264153 0.44908180300500833 0.3660377358490566 0.44741235392320533 0.31949685534591193 0.44741235392320533 0.26540880503144654 0.4323873121869783 0.21635220125786164 0.41736227045075125 0.19622641509433963 0.4040066777963272
6 0.4867924528301887 0.7045075125208681 0.48553459119496856 0.6894824707846411 0.4867924528301887 0.669449081803005 0.49937106918238994 0.671118530884808 0.5132075471698113 0.674457429048414 0.5245283018867924 0.6811352253756261 0.5270440251572327 0.6928213689482471 0.529559748427673 0.7028380634390651
6 0.3471698113207547 0.7078464106844741 0.34591194968553457 0.7011686143572621 0.3484276729559748 0.6928213689482471 0.3559748427672956 0.6928213689482471 0.3622641509433962 0.6961602671118531 0.36981132075471695 0.6961602671118531 0.37735849056603776 0.6928213689482471 0.39119496855345914 0.6911519198664441 0.4 0.6961602671118531 0.4088050314465409 0.7011686143572621 0.4226415094339623 0.6944908180300501 0.43522012578616354 0.7011686143572621 0.4389937106918239 0.7095158597662772
6 0.4918238993710692 0.8280467445742905 0.49559748427672956 0.8397328881469115 0.5044025157232704 0.8380634390651085 0.5056603773584906 0.8497495826377296 0.5044025157232704 0.8597662771285476 0.5169811320754717 0.8597662771285476 0.5182389937106918 0.8764607679465777 0.5132075471698113 0.8864774624373957 0.5119496855345912 0.8948247078464107 0.5031446540880503 0.8931552587646077 0.5031446540880503 0.8814691151919867 0.5006289308176101 0.8714524207011686 0.49559748427672956 0.8597662771285476 0.49559748427672956 0.8430717863105175
8 0.3320754716981132 0.8864774624373957 0.3333333333333333 0.8747913188647746 0.3421383647798742 0.8797996661101837 0.3572327044025157 0.8797996661101837 0.3723270440251572 0.8831385642737897 0.39119496855345914 0.8848080133555927 0.40628930817610065 0.8848080133555927 0.4276729559748428 0.8864774624373957 0.43144654088050316 0.8948247078464107 0.41132075471698115 0.8931552587646077 0.39245283018867927 0.8931552587646077 0.37484276729559746 0.8931552587646077 0.34465408805031444 0.8898163606010017
8 0.2440251572327044 0.8781302170283807 0.24528301886792453 0.8631051752921536 0.2490566037735849 0.8547579298831386 0.2540880503144654 0.8614357262103506
8 0.7144654088050314 0.8414023372287145 0.720754716981132 0.8313856427378965 0.7220125786163522 0.8397328881469115
8 0.7144654088050314 0.8797996661101837 0.7144654088050314 0.8714524207011686 0.720754716981132 0.8714524207011686 0.720754716981132 0.8814691151919867
8 0.7522012578616353 0.8313856427378965 0.7559748427672957 0.8213689482470785 0.7622641509433963 0.8280467445742905 0.7622641509433963 0.8363939899833055 0.7572327044025158 0.8363939899833055
8 0.7572327044025158 0.8697829716193656 0.7660377358490567 0.8614357262103506 0.769811320754717 0.8714524207011686 0.7635220125786164 0.8747913188647746
8 0.13584905660377358 0.8113522537562604 0.13584905660377358 0.8013355592654424 0.13836477987421383 0.7963272120200334 0.14088050314465408 0.8030050083472454 0.14088050314465408 0.8113522537562604
8 0.20754716981132076 0.8380634390651085 0.20754716981132076 0.8280467445742905 0.2088050314465409 0.8213689482470785 0.21132075471698114 0.8297161936560935 0.21006289308176102 0.8347245409015025
0 0.759748427672956 0.32053422370617696 0.6364779874213836 0.32387312186978295 0.519496855345912 0.32554257095158595 0.5018867924528302 0.31886477462437396 0.4729559748427673 0.32053422370617696 0.4528301886792453 0.335559265442404 0.4138364779874214 0.34390651085141904 0.28553459119496855 0.34557595993322204 0.23018867924528302 0.34223706176961605 0.16477987421383647 0.3589315525876461 0.2968553459119497 0.3756260434056761 0.4238993710691824 0.3806343906510851 0.4591194968553459 0.39065108514190316 0.5169811320754717 0.3789649415692821 0.569811320754717 0.3606010016694491 0.6339622641509434 0.3572621035058431 0.759748427672956 0.34557595993322204 0.8264150943396227 0.34891485809682804
0 0.2389937106918239 0.18530884808013356 0.26037735849056604 0.2003338898163606 0.3786163522012579 0.21702838063439064 0.41509433962264153 0.21535893155258765 0.4716981132075472 0.2036727879799666 0.5685534591194968 0.19198664440734559 0.610062893081761 0.18864774624373956 0.6591194968553459 0.18030050083472454 0.6918238993710691 0.17529215358931552 0.7144654088050314 0.17028380634390652 0.6792452830188679 0.14357262103505844 0.6389937106918239 0.1302170283806344 0.389937106918239 0.1669449081803005 0.33459119496855344 0.18030050083472454 0.2880503144654088 0.18196994991652754 0.2440251572327044 0.17696160267111852
3 0.28050314465408804 0.18030050083472454 0.36855345911949683 0.18864774624373956 0.4377358490566038 0.18363939899833054 0.539622641509434 0.17362270450751252 0.5987421383647799 0.15692821368948248 0.6578616352201258 0.13856427378964942 0.6364779874213836 0.11519198664440734 0.5144654088050314 0.11018363939899833 0.4075471698113208 0.11853088480801335 0.3635220125786163 0.12020033388981637 0.3421383647798742 0.11018363939899833 0.3081761006289308 0.12520868113522537 0.27169811320754716 0.1285475792988314 0.25157232704402516 0.15191986644407346 0.24779874213836478 0.17696160267111852
5 0.3471698113207547 0.7145242070116862 0.6352201257861635 0.7161936560934892 0.6389937106918239 0.8030050083472454 0.3484276729559748 0.8030050083472454
0 0.22264150943396227 0.6210350584307178 0.24528301886792453 0.6293823038397329 0.7396226415094339 0.6160267111853088 0.7748427672955975 0.5893155258764607 0.7572327044025158 0.6293823038397329 0.7119496855345911 0.6393989983305509 0.34968553459119495 0.656093489148581 0.25157232704402516 0.6527545909849749 0.23270440251572327 0.6410684474123539