0 0.5851108318695106 0 0.5984943538268507 0.02337228714524207 0.616060225846926 0.05509181969949917 0.6323713927227101 0.09015025041736227 0.6424090338770388 0.12353923205342238 0.6612296110414053 0.18530884808013356 0.6662484316185696 0.21368948247078465 0.6511919698870765 0.2270450751252087 0.6273525721455459 0.24207011686143573 0.6035131744040151 0.25041736227045075 0.6022584692597239 0.2888146911519199 0.6135508155583438 0.34724540901502504 0.6122961104140527 0.3672787979966611 0.6110414052697616 0.38397328881469117 0.6072772898368883 0.4674457429048414 0.6060225846925973 0.5075125208681135 0.5947302383939774 0.5575959933222037 0.589711417816813 0.5843071786310517 0.6010037641154329 0.6427378964941569 0.6210790464240903 0.6010016694490818 0.6524466750313677 0.5676126878130217 0.6775407779171895 0.5592654424040067 0.6938519447929736 0.5325542570951586 0.7202007528230866 0.49248747913188645 0.7202007528230866 0.4674457429048414 0.7277289836888331 0.44741235392320533 0.7415307402760352 0.41903171953255425 0.7578419071518193 0.39232053422370616 0.7703889585947302 0.36894824707846413 0.7917189460476788 0.34056761268781305 0.7816813048933501 0.27545909849749584 0.7703889585947302 0.21035058430717862 0.7452948557089084 0.1302170283806344 0.7277289836888331 0.08514190317195326 0.7114178168130489 0.06010016694490818 0.6750313676286073 0.005008347245409015 0.6720200752823087 0 0.5851108318695106 0
8 0.6022584692597239 0.6227045075125208 0.5922208281053952 0.6277128547579299 0.5834378920953576 0.6360601001669449 0.5759096612296111 0.6460767946577629 0.5658720200752823 0.66110183639399 0.5583437892095358 0.6811352253756261 0.562107904642409 0.6811352253756261 0.5708908406524467 0.671118530884808 0.5796737766624843 0.66110183639399 0.5934755332496863 0.6460767946577629 0.6035131744040151 0.6377295492487479 0.6022584692597239 0.6227045075125208
8 0.7565872020075283 0.32554257095158595 0.7427854454203262 0.34390651085141904 0.7227101631116688 0.32554257095158595 0.7214554579673776 0.34891485809682804 0.7352572145545797 0.3823038397328882 0.7289836888331243 0.4257095158597663 0.7214554579673776 0.4507512520868113 0.7131206311166876 0.4778599248747913 0.7440401505646174 0.41569282136894825 0.7578419071518193 0.38397328881469117 0.767879548306148 0.35225375626043404 0.7565872020075283 0.32554257095158595
8 0.7829360100376411 0.29716193656093487 0.7816813048933501 0.28213689482470783 0.7779171894604768 0.27545909849749584 0.7741530740276035 0.2621035058430718 0.7741530740276035 0.27378964941569284 0.7754077791718946 0.2938230383973289 0.7779171894604768 0.3105175292153589 0.7829360100376411 0.29716193656093487
8 0.5583437892095358 0.672787979966611 0.5432873274780426 0.6994991652754591 0.533249686323714 0.7145242070116862 0.520702634880803 0.7445742904841403 0.5144291091593476 0.7662771285475793 0.5269761606022585 0.7779632721202003 0.533249686323714 0.7813021702838063 0.5395232120451694 0.7746243739565943 0.5407779171894604 0.7646076794657763 0.5395232120451694 0.7529215358931552 0.5382685069008782 0.7429048414023373 0.5382685069008782 0.7312186978297162 0.5407779171894604 0.7145242070116862 0.5470514429109159 0.7061769616026711 0.5595984943538268 0.6861435726210351 0.5746549560853199 0.664440734557596 0.589711417816813 0.6477462437395659 0.6035131744040151 0.6360601001669449 0.6022584692597239 0.6227045075125208 0.5959849435382685 0.6243739565943238 0.5759096612296111 0.6510851419031719 0.5583437892095358 0.672787979966611
8 0.740276035131744 0.2671118530884808 0.740276035131744 0.2604340567612688 0.7302383939774153 0.2337228714524207 0.7302383939774153 0.2387312186978297 0.7352572145545797 0.2587646076794658 0.7289836888331243 0.2637729549248748 0.7252195734002509 0.2621035058430718 0.7227101631116688 0.27545909849749584 0.726474278544542 0.29716193656093487 0.7277289836888331 0.27879799666110183 0.7314930991217063 0.27212020033388984 0.7352572145545797 0.27378964941569284 0.740276035131744 0.2671118530884808
8 0.7214554579673776 0.330550918196995 0.7189460476787954 0.327212020033389 0.7164366373902133 0.33889816360601 0.7139272271016311 0.35225375626043404 0.7189460476787954 0.36894824707846413 0.7189460476787954 0.3656093489148581 0.7202007528230866 0.35392320534223703 0.7239648682559598 0.3639398998330551 0.7252195734002509 0.3606010016694491 0.7214554579673776 0.330550918196995
8 0.7340025094102886 0.42070116861435725 0.726474278544542 0.41569282136894825 0.7176913425345044 0.41736227045075125 0.7076537013801757 0.41736227045075125 0.698870765370138 0.4240400667779633 0.7013801756587202 0.4340567612687813 0.7101631116687579 0.44073455759599334 0.7151819322459222 0.44073455759599334 0.7227101631116688 0.4340567612687813 0.7302383939774153 0.4340567612687813 0.7340025094102886 0.42070116861435725
8 0.6311166875784191 0.4240400667779633 0.6260978670012547 0.41402337228714525 0.6260978670012547 0.4257095158597663 0.6311166875784191 0.4240400667779633
8 0.7641154328732748 0.3555926544240401 0.7616060225846926 0.34724540901502504 0.7553324968632371 0.34056761268781305 0.7465495608531995 0.332220367278798 0.739021329987453 0.330550918196995 0.7277289836888331 0.327212020033389 0.7189460476787954 0.328881469115192 0.7164366373902133 0.335559265442404 0.7227101631116688 0.3606010016694491 0.7327478042659975 0.3639398998330551 0.7365119196988708 0.3806343906510851 0.7452948557089084 0.38898163606010017 0.7565872020075283 0.38898163606010017 0.7641154328732748 0.3555926544240401
8 0.7653701380175659 0.2854757929883139 0.7603513174404015 0.2654424040066778 0.7578419071518193 0.24040066777963273 0.7528230865746549 0.22036727879799667 0.7427854454203262 0.2020033388981636 0.7327478042659975 0.1986644407345576 0.7352572145545797 0.21035058430717862 0.740276035131744 0.22036727879799667 0.7478042659974906 0.2370617696160267 0.7515683814303639 0.2587646076794658 0.7578419071518193 0.27712854757929883 0.7616060225846926 0.2938230383973289 0.7653701380175659 0.2854757929883139
8 0.6662484316185696 0.3806343906510851 0.6637390213299874 0.3739565943238731 0.6587202007528231 0.3772954924874791 0.6524466750313677 0.38731218697829717 0.6587202007528231 0.39398998330550916 0.6662484316185696 0.3806343906510851
8 0.740276035131744 0.2704507512520868 0.739021329987453 0.2587646076794658 0.7377666248431619 0.24540901502504173 0.7314930991217063 0.2353923205342237 0.7302383939774153 0.24373956594323873 0.7302383939774153 0.2587646076794658 0.7365119196988708 0.28046744574290483 0.740276035131744 0.2704507512520868
6 0.6587202007528231 0.4323873121869783 0.6649937264742786 0.41736227045075125 0.6725219573400251 0.39565943238731216 0.6825595984943539 0.3823038397328882 0.685069008782936 0.3622704507512521 0.6863237139272271 0.34223706176961605 0.6813048933500627 0.36894824707846413 0.6737766624843162 0.3789649415692821 0.6700125470514429 0.38731218697829717 0.6675031367628608 0.3973288814691152 0.6649937264742786 0.41068447412353926 0.6599749058971142 0.42070116861435725 0.6524466750313677 0.4273789649415693 0.6461731493099122 0.4357262103505843 0.6398996235884568 0.44240400667779634 0.6474278544542033 0.44407345575959933 0.6587202007528231 0.4323873121869783
8 0.6373902132998746 0.44073455759599334 0.6311166875784191 0.44240400667779634 0.6373902132998746 0.5676126878130217 0.6424090338770388 0.5659432387312187 0.6373902132998746 0.44073455759599334
8 0.6787954830614805 0.4674457429048414 0.6762860727728983 0.4574290484140234 0.6750313676286073 0.44073455759599334 0.6675031367628608 0.4307178631051753 0.6675031367628608 0.44574290484140233 0.6687578419071518 0.4557595993322204 0.6700125470514429 0.4674457429048414 0.6750313676286073 0.4741235392320534 0.6787954830614805 0.4674457429048414
6 0.6624843161856964 0.3756260434056761 0.657465495608532 0.3806343906510851 0.657465495608532 0.38898163606010017 0.6587202007528231 0.39565943238731216 0.6637390213299874 0.3823038397328882 0.6624843161856964 0.3756260434056761
8 0.6323713927227101 0.337228714524207 0.6386449184441656 0.337228714524207 0.6424090338770388 0.34223706176961605 0.6624843161856964 0.330550918196995 0.6775407779171895 0.327212020033389 0.6787954830614805 0.31385642737896496 0.6787954830614805 0.2921535893155259 0.6687578419071518 0.2938230383973289 0.6537013801756587 0.2938230383973289 0.644918444165621 0.31385642737896496 0.6386449184441656 0.31886477462437396 0.6286072772898369 0.328881469115192 0.6323713927227101 0.337228714524207
8 0.6800501882057717 0.1335559265442404 0.6762860727728983 0.12020033388981637 0.6649937264742786 0.09015025041736227 0.6587202007528231 0.07178631051752922 0.6537013801756587 0.05843071786310518 0.6461731493099122 0.041736227045075125 0.6411543287327478 0.03005008347245409 0.6361355081555834 0.02671118530884808 0.6373902132998746 0.038397328881469114 0.64366373902133 0.048414023372287146 0.6461731493099122 0.05676126878130217 0.6524466750313677 0.07345575959933222 0.657465495608532 0.08347245409015025 0.6612296110414053 0.09515859766277128 0.6675031367628608 0.10517529215358931 0.6700125470514429 0.11519198664440734 0.6750313676286073 0.1285475792988314 0.6825595984943539 0.14524207011686144 0.6800501882057717 0.1335559265442404
0 0.5658720200752823 0.46243739565943237 0.6035131744040151 0.4357262103505843 0.6135508155583438 0.41903171953255425 0.6210790464240903 0.35392320534223703 0.6135508155583438 0.2604340567612688 0.5696361355081556 0.2687813021702838 0.5006273525721455 0.2871452420701169 0.5018820577164367 0.32220367278797996 0.506900878293601 0.38898163606010017 0.5094102885821832 0.48247078464106846 0.5658720200752823 0.46243739565943237