6 0.6513470681458003 0.8538135593220338 0.6323296354992076 0.8559322033898306 0.6259904912836767 0.8622881355932204 0.6291600633914421 0.8686440677966102 0.6370839936608558 0.8665254237288136 0.6450079239302694 0.864406779661017 0.6561014263074485 0.8601694915254238 0.659270998415214 0.8538135593220338 0.6656101426307448 0.8538135593220338 0.6640253565768621 0.8601694915254238 0.6719492868462758 0.8516949152542372 0.6735340729001584 0.8559322033898306 0.6782884310618067 0.8495762711864406 0.6767036450079239 0.8453389830508474 0.6703645007923931 0.8453389830508474 0.6624405705229794 0.8453389830508474 0.6576862123613312 0.8453389830508474 0.6497622820919176 0.8453389830508474 0.6434231378763867 0.8453389830508474 0.6450079239302694 0.8495762711864406 0.6513470681458003 0.8495762711864406
6 0.7448494453248812 0.7266949152542372 0.7416798732171157 0.7288135593220338 0.7432646592709984 0.7309322033898306 0.7464342313787639 0.7309322033898306 0.7480190174326465 0.7288135593220338 0.7496038034865293 0.7245762711864406
6 0.37717908082408874 0.6122881355932204 0.375594294770206 0.6080508474576272 0.3724247226624406 0.6122881355932204 0.37400950871632327 0.6165254237288136
6 0.38827258320126784 0.6186440677966102 0.3866877971473851 0.6165254237288136 0.3866877971473851 0.6228813559322034 0.3898573692551506 0.6228813559322034 0.393026941362916 0.6271186440677966 0.393026941362916 0.6292372881355932 0.39619651347068147 0.6292372881355932 0.39619651347068147 0.6271186440677966 0.39461172741679873 0.6228813559322034 0.39144215530903326 0.6207627118644068
8 0.7448494453248812 0.7245762711864406 0.7480190174326465 0.7245762711864406 0.7480190174326465 0.7288135593220338 0.7448494453248812 0.7309322033898306
8 0.8320126782884311 0.7584745762711864 0.8335974643423137 0.7648305084745762 0.8335974643423137 0.7754237288135594 0.838351822503962 0.7711864406779662 0.8399366085578447 0.7648305084745762 0.8351822503961965 0.7627118644067796
5 0.5309033280507132 0.3411016949152542 0.5530903328050714 0.3347457627118644 0.5752773375594294 0.3326271186440678 0.595879556259905 0.3283898305084746 0.6101426307448494 0.326271186440678 0.6212361331220285 0.3241525423728814 0.6307448494453248 0.3241525423728814 0.6418383518225039 0.3241525423728814 0.6450079239302694 0.3305084745762712 0.6402535657686212 0.336864406779661 0.6323296354992076 0.3432203389830508 0.6133122028526149 0.3474576271186441 0.5911251980982567 0.3495762711864407 0.572107765451664 0.3538135593220339 0.5562599049128367 0.3559322033898305 0.5419968304278923 0.3474576271186441
1 0.24564183835182252 0.5783898305084746 0.2519809825673534 0.5911016949152542 0.2519809825673534 0.5995762711864406 0.25039619651347067 0.6038135593220338 0.2551505546751189 0.6038135593220338 0.25673534072900156 0.597457627118644 0.25990491283676703 0.5953389830508474 0.2583201267828843 0.586864406779661 0.25673534072900156 0.5826271186440678 0.2519809825673534 0.5805084745762712
8 0.6735340729001584 0.7966101694915254 0.6846275752773375 0.7902542372881356 0.6988906497622821 0.7838983050847458 0.705229793977813 0.7817796610169492 0.7194928684627575 0.7754237288135594 0.7274167987321711 0.7733050847457628 0.7242472266244057 0.7796610169491526 0.7099841521394612 0.788135593220339 0.6973058637083994 0.7923728813559322 0.6909667194928685 0.7966101694915254 0.6846275752773375 0.798728813559322 0.6814580031695721 0.8008474576271186 0.6782884310618067 0.8008474576271186
8 0.7004754358161648 0.7245762711864406 0.7099841521394612 0.722457627118644 0.7179080824088748 0.7182203389830508 0.7274167987321711 0.7161016949152542 0.7210776545166403 0.722457627118644 0.7099841521394612 0.7309322033898306 0.7020602218700476 0.7309322033898306 0.694136291600634 0.7351694915254238 0.6830427892234548 0.7351694915254238 0.6751188589540412 0.7351694915254238 0.6782884310618067 0.7330508474576272 0.687797147385103 0.7309322033898306 0.694136291600634 0.7288135593220338
8 0.6228209191759112 0.739406779661017 0.6196513470681458 0.739406779661017 0.6148969889064976 0.739406779661017 0.6117274167987322 0.7372881355932204 0.6148969889064976 0.7351694915254238 0.618066561014263 0.7351694915254238 0.6228209191759112 0.7351694915254238 0.6275752773375595 0.7372881355932204 0.6323296354992076 0.7372881355932204 0.6370839936608558 0.7415254237288136 0.6402535657686212 0.7415254237288136 0.6465927099841522 0.7415254237288136 0.652931854199683 0.7415254237288136 0.6561014263074485 0.7415254237288136 0.6561014263074485 0.7436440677966102 0.6513470681458003 0.7478813559322034 0.6434231378763867 0.7457627118644068 0.6370839936608558 0.7457627118644068 0.6339144215530903 0.7457627118644068 0.6307448494453248 0.7436440677966102 0.6275752773375595 0.7436440677966102 0.6259904912836767 0.7436440677966102
4 0.4247226624405705 0.722457627118644 0.45641838351822506 0.7372881355932204 0.48177496038034867 0.7563559322033898 0.5071315372424723 0.7690677966101694 0.5182250396196514 0.7796610169491526 0.5277337559429477 0.788135593220339 0.5293185419968305 0.7966101694915254 0.5166402535657686 0.7966101694915254 0.49920760697305866 0.7944915254237288 0.49445324881141045 0.7902542372881356 0.4706814580031696 0.7754237288135594 0.45641838351822506 0.7711864406779662 0.44849445324881143 0.7648305084745762 0.43423137876386686 0.7521186440677966 0.4247226624405705 0.7372881355932204 0.41679873217115687 0.7266949152542372
0 0.12995245641838352 0.4300847457627119 0.13787638668779714 0.4343220338983051 0.14580031695721077 0.4427966101694915 0.15689381933438987 0.4576271186440678 0.17115689381933438 0.4830508474576271 0.15689381933438987 0.4724576271186441 0.14263074484944532 0.4576271186440678 0.13629160063391443 0.451271186440678 0.12995245641838352 0.4470338983050847
0 0.7242472266244057 0.5572033898305084 0.7337559429477021 0.5805084745762712 0.705229793977813 0.5889830508474576 0.7274167987321711 0.6398305084745762 0.7068145800316957 0.6610169491525424 0.6354992076069731 0.6779661016949152 0.5816164817749604 0.6758474576271186 0.5404120443740095 0.6652542372881356 0.4976228209191759 0.6504237288135594 0.4595879556259905 0.6377118644067796 0.43898573692551507 0.6228813559322034 0.43106180665610144 0.6271186440677966 0.4120443740095087 0.6419491525423728 0.3977812995245642 0.6334745762711864 0.38827258320126784 0.6228813559322034 0.37083993660855785 0.6122881355932204 0.3676703645007924 0.5932203389830508 0.3803486529318542 0.6038135593220338 0.40729001584786056 0.6207627118644068 0.42630744849445323 0.6122881355932204 0.44849445324881143 0.6080508474576272 0.4896988906497623 0.6292372881355932 0.5372424722662441 0.6483050847457628 0.595879556259905 0.6546610169491526 0.6545166402535658 0.652542372881356 0.6957210776545166 0.6440677966101694 0.7115689381933439 0.6313559322033898 0.7004754358161648 0.6016949152542372 0.694136291600634 0.5826271186440678 0.6909667194928685 0.5614406779661016