6 0.4361493123772102 0.14058355437665782 0.44597249508840864 0.129973474801061 0.4263261296660118 0.129973474801061 0.41846758349705304 0.14058355437665782 0.4361493123772102 0.14058355437665782
6 0.3693516699410609 0.23076923076923078 0.37721021611001965 0.22811671087533156 0.37721021611001965 0.20424403183023873 0.37328094302554027 0.20159151193633953 0.381139489194499 0.1909814323607427 0.3831041257367387 0.1830238726790451 0.37328094302554027 0.1830238726790451 0.3693516699410609 0.1989389920424403 0.36345776031434185 0.21750663129973474 0.35952848722986247 0.2493368700265252 0.3555992141453831 0.26790450928381965 0.3555992141453831 0.28116710875331563 0.35952848722986247 0.27320954907161804 0.37328094302554027 0.26790450928381965 0.37328094302554027 0.23872679045092837 0.3693516699410609 0.23076923076923078
6 0.4106090373280943 0.830238726790451 0.4106090373280943 0.8037135278514589 0.40471512770137524 0.8143236074270557 0.4066797642436149 0.8408488063660478 0.4066797642436149 0.8541114058355438 0.3948919449901768 0.8594164456233422 0.3988212180746562 0.870026525198939 0.381139489194499 0.8726790450928382 0.39096267190569745 0.8859416445623343 0.3948919449901768 0.8938992042440318 0.412573673870334 0.8992042440318302 0.4263261296660118 0.8992042440318302 0.4165029469548134 0.8885941644562334 0.4204322200392927 0.883289124668435 0.4165029469548134 0.8673740053050398 0.4106090373280943 0.830238726790451
6 0.36738703339882123 0.8594164456233422 0.36738703339882123 0.8461538461538461 0.35952848722986247 0.8381962864721485 0.3575638506876228 0.8594164456233422 0.36738703339882123 0.8594164456233422
6 0.3831041257367387 0.870026525198939 0.3889980353634578 0.8673740053050398 0.3831041257367387 0.8620689655172413 0.37328094302554027 0.8620689655172413 0.37524557956778 0.870026525198939 0.3831041257367387 0.870026525198939
6 0.3379174852652259 0.6896551724137931 0.34577603143418467 0.6923076923076923 0.34970530451866405 0.6870026525198939 0.3418467583497053 0.6790450928381963 0.3379174852652259 0.6870026525198939 0.3379174852652259 0.6896551724137931
6 0.3418467583497053 0.7029177718832891 0.34577603143418467 0.7002652519893899 0.3418467583497053 0.6949602122015915 0.33595284872298625 0.6949602122015915 0.33595284872298625 0.7029177718832891 0.3418467583497053 0.7029177718832891
6 0.2730844793713163 0.6339522546419099 0.26522593320235754 0.6206896551724138 0.2632612966601179 0.6312997347480106 0.26522593320235754 0.6525198938992043 0.2691552062868369 0.6631299734748011 0.275049115913556 0.6551724137931034 0.27897838899803534 0.649867374005305 0.2730844793713163 0.6339522546419099
6 0.3477406679764244 0.6259946949602122 0.3614931237721022 0.6206896551724138 0.35952848722986247 0.6074270557029178 0.34970530451866405 0.6021220159151194 0.3418467583497053 0.6153846153846154 0.3477406679764244 0.6259946949602122
6 0.37524557956778 0.5305039787798409 0.3693516699410609 0.519893899204244 0.3418467583497053 0.5464190981432361 0.3516699410609037 0.5570291777188329 0.37524557956778 0.5305039787798409
6 0.34577603143418467 0.48010610079575594 0.34970530451866405 0.4907161803713528 0.37721021611001965 0.46684350132625996 0.37328094302554027 0.4535809018567639 0.34577603143418467 0.48010610079575594
6 0.3791748526522593 0.38461538461538464 0.37524557956778 0.3713527851458886 0.35952848722986247 0.38461538461538464 0.36345776031434185 0.4005305039787798 0.3791748526522593 0.38461538461538464
6 0.3379174852652259 0.23607427055702918 0.33595284872298625 0.23342175066312998 0.3280943025540275 0.2519893899204244 0.3320235756385069 0.2546419098143236 0.33988212180746563 0.2546419098143236 0.3418467583497053 0.23872679045092837 0.3379174852652259 0.23607427055702918
6 0.343811394891945 0.2625994694960212 0.3379174852652259 0.2572944297082228 0.3320235756385069 0.26525198938992045 0.33988212180746563 0.26790450928381965 0.343811394891945 0.2625994694960212
6 0.3477406679764244 0.21220159151193635 0.35363457760314343 0.20689655172413793 0.35363457760314343 0.1989389920424403 0.3477406679764244 0.1989389920424403 0.3418467583497053 0.20954907161803712 0.3477406679764244 0.21220159151193635
6 0.36345776031434185 0.15915119363395225 0.3555992141453831 0.17771883289124668 0.36345776031434185 0.17771883289124668 0.3693516699410609 0.16976127320954906 0.36738703339882123 0.15915119363395225 0.36345776031434185 0.15915119363395225
5 0.30844793713163066 0.726790450928382 0.3025540275049116 0.7294429708222812 0.30844793713163066 0.7692307692307693 0.3143418467583497 0.8090185676392573 0.32220039292730845 0.8408488063660478 0.3280943025540275 0.8673740053050398 0.3418467583497053 0.8726790450928382 0.3516699410609037 0.8647214854111406 0.3477406679764244 0.8355437665782494 0.343811394891945 0.8063660477453581 0.33988212180746563 0.7427055702917772 0.30844793713163066 0.726790450928382
5 0.381139489194499 0.14323607427055704 0.36738703339882123 0.14323607427055704 0.3614931237721022 0.15384615384615385 0.35363457760314343 0.17506631299734748 0.343811394891945 0.20159151193633953 0.33398821218074654 0.22811671087533156 0.3280943025540275 0.259946949602122 0.3300589390962672 0.27055702917771884 0.3516699410609037 0.2625994694960212 0.3614931237721022 0.2493368700265252 0.3654223968565815 0.22015915119363394 0.37524557956778 0.17771883289124668 0.3850687622789784 0.15384615384615385 0.381139489194499 0.14323607427055704
0 0.4577603143418468 0.7347480106100795 0.42829076620825146 0.726790450928382 0.4086444007858546 0.7718832891246684 0.4086444007858546 0.8249336870026526 0.4165029469548134 0.8647214854111406 0.4263261296660118 0.8885941644562334 0.4538310412573674 0.9018567639257294 0.481335952848723 0.8885941644562334 0.5009823182711198 0.8859416445623343 0.5029469548133595 0.8647214854111406 0.48919449901768175 0.8328912466843501 0.46168958742632615 0.7745358090185677 0.4577603143418468 0.7347480106100795
0 0.4950884086444008 0.506631299734748 0.49705304518664045 0.41379310344827586 0.49705304518664045 0.34748010610079577 0.49705304518664045 0.2917771883289125 0.49705304518664045 0.2413793103448276 0.48722986247544203 0.246684350132626 0.48526522593320237 0.4403183023872679 0.4793713163064833 0.6047745358090185 0.47347740667976423 0.6949602122015915 0.4675834970530452 0.7586206896551724 0.4636542239685658 0.7771883289124668 0.47347740667976423 0.7957559681697612 0.4793713163064833 0.7798408488063661 0.48330058939096265 0.7427055702917772 0.4911591355599214 0.6047745358090185 0.4950884086444008 0.506631299734748