3 0.2638230647709321 0.3025210084033613 0.30647709320695105 0.29831932773109243 0.34755134281200634 0.3025210084033613 0.3744075829383886 0.30462184873949577 0.39178515007898895 0.2857142857142857 0.41706161137440756 0.2920168067226891 0.44075829383886256 0.3004201680672269 0.47709320695102686 0.31092436974789917 0.5118483412322274 0.31932773109243695 0.5560821484992101 0.32563025210084034 0.5813586097946287 0.33613445378151263 0.6145339652448657 0.3487394957983193 0.6287519747235387 0.3760504201680672 0.5624012638230648 0.38445378151260506 0.5450236966824644 0.3907563025210084 0.5418641390205371 0.4117647058823529 0.5197472353870458 0.4054621848739496 0.48183254344391785 0.3907563025210084 0.43759873617693523 0.37815126050420167 0.3949447077409163 0.3592436974789916 0.34913112164297 0.34663865546218486 0.32701421800947866 0.3382352941176471 0.2938388625592417 0.32142857142857145
3 0.5624012638230648 0.27310924369747897 0.5655608214849921 0.2857142857142857 0.5797788309636651 0.29411764705882354 0.5955766192733017 0.29831932773109243 0.6161137440758294 0.29831932773109243 0.636650868878357 0.30462184873949577 0.6635071090047393 0.31092436974789917 0.6808846761453397 0.3130252100840336 0.6998420221169036 0.3130252100840336 0.7203791469194313 0.31512605042016806 0.7393364928909952 0.31512605042016806 0.7551342812006319 0.3067226890756303 0.7203791469194313 0.2920168067226891 0.6951026856240127 0.2857142857142857 0.6682464454976303 0.27941176470588236 0.6729857819905213 0.2710084033613445 0.6334913112164297 0.25840336134453784 0.6129541864139021 0.2605042016806723 0.6003159557661928 0.26260504201680673 0.5781990521327014 0.25840336134453784 0.5703001579778831 0.26260504201680673
3 0.631911532385466 0.6701680672268907 0.6429699842022117 0.6848739495798319 0.655608214849921 0.6953781512605042 0.6729857819905213 0.7037815126050421 0.693522906793049 0.7016806722689075 0.7045813586097947 0.6932773109243697 0.6966824644549763 0.6743697478991597 0.684044233807267 0.6659663865546218 0.6635071090047393 0.6596638655462185 0.6461295418641391 0.6617647058823529
3 0.3570300157977883 0.5273109243697479 0.37598736176935227 0.5210084033613446 0.39178515007898895 0.5168067226890757 0.4060031595576619 0.5210084033613446 0.40442338072669826 0.5378151260504201 0.39968404423380727 0.5546218487394958 0.39968404423380727 0.5630252100840336 0.4028436018957346 0.5756302521008403 0.40442338072669826 0.5882352941176471 0.40916271721958924 0.5966386554621849 0.4186413902053712 0.592436974789916 0.42496050552922593 0.5840336134453782 0.43285939968404424 0.5861344537815126 0.44075829383886256 0.592436974789916 0.43759873617693523 0.6008403361344538 0.43601895734597157 0.6176470588235294 0.43285939968404424 0.634453781512605 0.4265402843601896 0.6491596638655462 0.4218009478672986 0.657563025210084 0.4154818325434439 0.657563025210084 0.40916271721958924 0.6407563025210085 0.3981042654028436 0.6092436974789915 0.3886255924170616 0.5798319327731093 0.37756714060031593 0.5588235294117647 0.3665086887835703 0.5441176470588235
0 0.8072669826224329 0.5126050420168067 0.9115323854660348 0.4432773109243697 0.9020537124802528 0.5042016806722689 0.8609794628751974 0.5882352941176471 0.8293838862559242 0.6134453781512605 0.7519747235387045 0.6449579831932774 0.6951026856240127 0.6617647058823529 0.6872037914691943 0.6449579831932774 0.7235387045813586 0.5819327731092437 0.7488151658767772 0.5525210084033614
0 0.6619273301737757 0.5210084033613446 0.6919431279620853 0.4894957983193277 0.8041074249605056 0.43067226890756305 0.8625592417061612 0.4054621848739496 0.9304897314375987 0.38445378151260506 0.9320695102685624 0.42857142857142855 0.9225908372827805 0.4831932773109244 0.9146919431279621 0.5252100840336135 0.9225908372827805 0.5399159663865546 0.9320695102685624 0.5336134453781513 0.9462875197472354 0.5798319327731093 0.9304897314375987 0.6092436974789915 0.9241706161137441 0.6554621848739496 0.933649289099526 0.680672268907563 0.9241706161137441 0.6932773109243697 0.8767772511848341 0.7521008403361344 0.8341232227488151 0.7983193277310925 0.7440758293838863 0.8487394957983193 0.7345971563981043 0.8739495798319328 0.6492890995260664 0.8718487394957983 0.5308056872037915 0.8592436974789915 0.4470774091627172 0.8235294117647058 0.4296998420221169 0.6995798319327731 0.37282780410742494 0.5483193277310925 0.4154818325434439 0.5168067226890757 0.5387045813586098 0.5525210084033614 0.5402843601895735 0.5189075630252101
8 0.8104265402843602 0.6596638655462185 0.8167456556082149 0.6617647058823529 0.8183254344391785 0.6848739495798319 0.8104265402843602 0.6743697478991597
8 0.593996840442338 0.6785714285714286 0.5987361769352291 0.6764705882352942 0.5987361769352291 0.7037815126050421 0.593996840442338 0.7058823529411765
8 0.584518167456556 0.7016806722689075 0.5892575039494471 0.7058823529411765 0.5797788309636651 0.726890756302521 0.5734597156398105 0.7226890756302521
8 0.7503949447077409 0.6953781512605042 0.7567140600315956 0.6953781512605042 0.7551342812006319 0.7037815126050421 0.7503949447077409 0.7037815126050421
8 0.7503949447077409 0.7100840336134454 0.7551342812006319 0.7100840336134454 0.7551342812006319 0.7184873949579832 0.7503949447077409 0.7184873949579832
8 0.344391785150079 0.3739495798319328 0.315955766192733 0.3592436974789916 0.330173775671406 0.3403361344537815 0.35545023696682465 0.35084033613445376 0.37282780410742494 0.3403361344537815 0.36492890995260663 0.32983193277310924
0 0.5276461295418642 0.5378151260504201 0.45339652448657186 0.46218487394957986 0.4075829383886256 0.4180672268907563 0.315955766192733 0.3592436974789916 0.4028436018957346 0.3949579831932773 0.4423380726698262 0.42016806722689076 0.4834123222748815 0.45168067226890757 0.5481832543443917 0.5126050420168067