8 0.5125628140703518 0.2696817420435511 0.49246231155778897 0.2629815745393635 0.48743718592964824 0.2897822445561139 0.5037688442211056 0.2864321608040201 0.5125628140703518 0.2696817420435511
8 0.5062814070351759 0.35845896147403683 0.5138190954773869 0.38023450586264657 0.5251256281407035 0.3869346733668342 0.5402010050251256 0.3685092127303183 0.5251256281407035 0.35510887772194305 0.5138190954773869 0.3232830820770519 0.507537688442211 0.3065326633165829 0.4962311557788945 0.3132328308207705 0.5025125628140703 0.33835845896147404 0.5062814070351759 0.35845896147403683
8 0.39824120603015073 0.47068676716917923 0.42336683417085424 0.45226130653266333 0.457286432160804 0.4271356783919598 0.5012562814070352 0.4204355108877722 0.5037688442211056 0.39865996649916247 0.4547738693467337 0.40871021775544386 0.42462311557788945 0.423785594639866 0.39195979899497485 0.4489112227805695 0.3542713567839196 0.4656616415410385 0.34296482412060303 0.49748743718592964 0.3756281407035176 0.48408710217755446 0.39824120603015073 0.47068676716917923
8 0.38567839195979897 0.48408710217755446 0.3706030150753769 0.4991624790619765 0.3555276381909548 0.5108877721943048 0.3706030150753769 0.5192629815745393 0.39195979899497485 0.5008375209380235 0.40954773869346733 0.48743718592964824 0.44095477386934673 0.47068676716917923 0.46733668341708545 0.47906197654941374 0.4836683417085427 0.4824120603015075 0.48743718592964824 0.4656616415410385 0.4585427135678392 0.457286432160804 0.43844221105527637 0.457286432160804 0.4108040201005025 0.4656616415410385 0.38567839195979897 0.48408710217755446
8 0.37185929648241206 0.26800670016750416 0.39195979899497485 0.2747068676716918 0.4158291457286432 0.26800670016750416 0.40954773869346733 0.25125628140703515 0.3869346733668342 0.24790619765494137 0.37185929648241206 0.24623115577889448 0.36180904522613067 0.24958123953098826 0.37185929648241206 0.26800670016750416
5 0.5816582914572864 0.4137353433835846 0.5489949748743719 0.4271356783919598 0.5301507537688442 0.440536013400335 0.5464824120603015 0.4723618090452261 0.5942211055276382 0.4472361809045226 0.6796482412060302 0.4103852596314908 0.75 0.38860971524288107 0.7751256281407035 0.37185929648241206 0.7801507537688442 0.34673366834170855 0.7349246231155779 0.36180904522613067 0.6934673366834171 0.3785594639865997 0.6520100502512562 0.39028475711892796 0.5816582914572864 0.4137353433835846
8 0.33668341708542715 0.36348408710217756 0.33040201005025127 0.39028475711892796 0.3442211055276382 0.4154103852596315 0.3655778894472362 0.40871021775544386 0.3756281407035176 0.37520938023450584 0.4007537688442211 0.36515912897822445 0.4183417085427136 0.35175879396984927 0.4547738693467337 0.3132328308207705 0.4648241206030151 0.26800670016750416 0.4547738693467337 0.24623115577889448 0.44221105527638194 0.25125628140703515 0.42462311557788945 0.2797319932998325 0.3944723618090452 0.304857621440536 0.3768844221105528 0.3249581239530988 0.3592964824120603 0.33835845896147404 0.33668341708542715 0.36348408710217756
8 0.3442211055276382 0.288107202680067 0.35678391959798994 0.2897822445561139 0.37814070351758794 0.2897822445561139 0.3944723618090452 0.288107202680067 0.4057788944723618 0.288107202680067 0.42085427135678394 0.27638190954773867 0.40326633165829145 0.2696817420435511 0.38316582914572866 0.2696817420435511 0.36180904522613067 0.2696817420435511 0.3442211055276382 0.288107202680067
8 0.47613065326633164 0.3852596314907873 0.48743718592964824 0.39028475711892796 0.4899497487437186 0.37353433835845895 0.4798994974874372 0.36348408710217756 0.4685929648241206 0.3500837520938023 0.46608040201005024 0.33668341708542715 0.4547738693467337 0.3098827470686767 0.4535175879396985 0.34505862646566166 0.4547738693467337 0.36348408710217756 0.47613065326633164 0.3852596314907873
3 0.5414572864321608 0.5795644891122278 0.550251256281407 0.6331658291457286 0.5565326633165829 0.6130653266331658 0.5603015075376885 0.5661641541038526 0.5565326633165829 0.52428810720268 0.5414572864321608 0.5025125628140703 0.5226130653266332 0.5025125628140703 0.5087939698492462 0.5125628140703518 0.507537688442211 0.5175879396984925 0.5314070351758794 0.5477386934673367 0.5414572864321608 0.5795644891122278
8 0.5489949748743719 0.6381909547738693 0.5565326633165829 0.6197654941373534 0.5665829145728644 0.5963149078726968 0.5640703517587939 0.5812395309882747 0.5640703517587939 0.5711892797319933 0.5464824120603015 0.5728643216080402 0.5439698492462312 0.576214405360134 0.5439698492462312 0.609715242881072 0.5489949748743719 0.6381909547738693
8 0.2198492462311558 0.6314907872696818 0.2135678391959799 0.6080402010050251 0.2022613065326633 0.6113902847571189 0.20100502512562815 0.6348408710217756 0.21231155778894473 0.6348408710217756 0.2198492462311558 0.6314907872696818
8 0.22738693467336685 0.6298157453936348 0.24874371859296482 0.6247906197654941 0.23743718592964824 0.6080402010050251 0.22738693467336685 0.6298157453936348
8 0.031407035175879394 0.998324958123953 0.10427135678391959 0.998324958123953 0.12311557788944724 0.9229480737018425 0.1444723618090452 0.8676716917922948 0.1771356783919598 0.7839195979899497 0.07788944723618091 0.8073701842546064 0.0728643216080402 0.8793969849246231 0.035175879396984924 0.9865996649916248 0.031407035175879394 0.998324958123953
8 0.1306532663316583 0.8006700167504187 0.11055276381909548 0.7973199329983249 0.09547738693467336 0.8056951423785594 0.11055276381909548 0.8107202680067002 0.1306532663316583 0.8006700167504187
3 0.23115577889447236 0.542713567839196 0.15326633165829145 0.5745393634840871 0.07160804020100503 0.6046901172529313 0.06909547738693467 0.6599664991624791 0.18090452261306533 0.6365159128978225 0.28266331658291455 0.626465661641541 0.3454773869346734 0.5510887772194305 0.3630653266331658 0.4824120603015075 0.36180904522613067 0.40871021775544386 0.3178391959798995 0.3685092127303183 0.20477386934673367 0.2931323283082077 0.20854271356783918 0.37353433835845895 0.22989949748743718 0.4556113902847571 0.23115577889447236 0.542713567839196
8 0.10678391959798995 0.8375209380234506 0.10301507537688442 0.8576214405360134 0.12814070351758794 0.8375209380234506 0.1407035175879397 0.8274706867671692 0.12939698492462312 0.8207705192629816 0.10678391959798995 0.8375209380234506
8 0.11809045226130653 0.8860971524288107 0.1306532663316583 0.8710217755443886 0.11934673366834171 0.8710217755443886 0.10678391959798995 0.88107202680067 0.09673366834170855 0.8860971524288107 0.08919597989949749 0.9028475711892797 0.1092964824120603 0.9011725293132329 0.11809045226130653 0.8860971524288107
4 0.5979899497487438 0.1490787269681742 0.6293969849246231 0.1423785594639866 0.6746231155778895 0.12897822445561138 0.699748743718593 0.1273031825795645 0.7386934673366834 0.1273031825795645 0.7135678391959799 0.11725293132328309 0.6721105527638191 0.10720268006700168 0.6130653266331658 0.11892797319932999 0.5628140703517588 0.12897822445561138 0.5577889447236181 0.1323283082077052 0.5615577889447236 0.1457286432160804 0.5979899497487438 0.1490787269681742
8 0.12562814070351758 0.9061976549413735 0.114321608040201 0.9112227805695142 0.10050251256281408 0.914572864321608 0.0728643216080402 0.9430485762144054 0.09673366834170855 0.932998324958124 0.114321608040201 0.9279731993299832 0.12562814070351758 0.9061976549413735
8 0.5288944723618091 0.4120603015075377 0.5565326633165829 0.3953098827470687 0.5829145728643216 0.3785594639865997 0.5540201005025126 0.3785594639865997 0.5150753768844221 0.3936348408710218 0.507537688442211 0.3969849246231156 0.5113065326633166 0.4120603015075377 0.5288944723618091 0.4120603015075377
8 0.114321608040201 0.9413735343383585 0.09673366834170855 0.948073701842546 0.08417085427135679 0.9597989949748744 0.06909547738693467 0.9748743718592965 0.08919597989949749 0.9765494137353434 0.10427135678391959 0.9698492462311558 0.114321608040201 0.9413735343383585
8 0.5527638190954773 0.34003350083752093 0.5891959798994975 0.33668341708542715 0.6381909547738693 0.3232830820770519 0.6922110552763819 0.31155778894472363 0.7349246231155779 0.2864321608040201 0.714824120603015 0.2864321608040201 0.6444723618090452 0.3065326633165829 0.5766331658291457 0.3165829145728643 0.5540201005025126 0.3132328308207705 0.5452261306532663 0.3249581239530988 0.5527638190954773 0.34003350083752093
8 0.628140703517588 0.1323283082077052 0.6444723618090452 0.12562814070351758 0.664572864321608 0.12562814070351758 0.6834170854271356 0.13400335008375208 0.7085427135678392 0.135678391959799 0.7261306532663316 0.12395309882747069 0.7110552763819096 0.11725293132328309 0.6947236180904522 0.11557788944723618 0.6708542713567839 0.11055276381909548 0.6520100502512562 0.11055276381909548 0.6319095477386935 0.11055276381909548 0.6130653266331658 0.09882747068676717 0.5577889447236181 0.1273031825795645 0.5778894472361809 0.1407035175879397 0.6030150753768844 0.1407035175879397 0.628140703517588 0.1323283082077052
8 0.6017587939698492 0.3065326633165829 0.6658291457286433 0.2914572864321608 0.7085427135678392 0.2696817420435511 0.7449748743718593 0.2646566164154104 0.7625628140703518 0.2529313232830821 0.7236180904522613 0.254606365159129 0.6922110552763819 0.2562814070351759 0.6005025125628141 0.2797319932998325 0.550251256281407 0.2964824120603015 0.542713567839196 0.2964824120603015 0.5653266331658291 0.3165829145728643 0.6017587939698492 0.3065326633165829
3 0.4886934673366834 0.23115577889447236 0.4886934673366834 0.2696817420435511 0.49120603015075376 0.3065326633165829 0.5012562814070352 0.3601340033500838 0.5150753768844221 0.4053601340033501 0.5251256281407035 0.4539363484087102 0.542713567839196 0.4824120603015075 0.5577889447236181 0.5175879396984925 0.5816582914572864 0.542713567839196 0.6030150753768844 0.5628140703517588 0.614321608040201 0.5711892797319933 0.6319095477386935 0.5678391959798995 0.6557788944723618 0.5443886097152428 0.6746231155778895 0.5309882747068677 0.6922110552763819 0.5125628140703518 0.7173366834170855 0.48911222780569513 0.7324120603015075 0.47906197654941374 0.7399497487437185 0.4539363484087102 0.7487437185929648 0.4371859296482412 0.7587939698492462 0.40871021775544386 0.7650753768844221 0.37185929648241206 0.7751256281407035 0.3417085427135678 0.785175879396985 0.32663316582914576 0.7889447236180904 0.2663316582914573 0.792713567839196 0.24455611390284757 0.800251256281407 0.20100502512562815 0.7964824120603015 0.16080402010050251 0.7839195979899497 0.13400335008375208 0.7625628140703518 0.11725293132328309 0.699748743718593 0.10217755443886097 0.6432160804020101 0.09547738693467336 0.6092964824120602 0.09380234505862646 0.5753768844221105 0.10217755443886097 0.5113065326633166 0.13400335008375208 0.5025125628140703 0.1574539363484087 0.4949748743718593 0.18760469011725292 0.4886934673366834 0.23115577889447236
8 0.585427135678392 0.49748743718592964 0.6092964824120602 0.47571189279731996 0.6494974874371859 0.4455611390284757 0.6243718592964824 0.45226130653266333 0.5904522613065326 0.46901172529313234 0.5590452261306532 0.49581239530988275 0.5540201005025126 0.49748743718592964 0.5665829145728644 0.52428810720268 0.585427135678392 0.49748743718592964
3 0.3693467336683417 0.23953098827470687 0.3492462311557789 0.25795644891122277 0.3417085427135678 0.30318257956448913 0.3454773869346734 0.32663316582914576 0.3128140703517588 0.3685092127303183 0.31155778894472363 0.39195979899497485 0.31909547738693467 0.4120603015075377 0.32914572864321606 0.44221105527638194 0.3341708542713568 0.48911222780569513 0.3379396984924623 0.52428810720268 0.3555276381909548 0.5443886097152428 0.3693467336683417 0.5527638190954773 0.3869346733668342 0.5460636515912898 0.4120603015075377 0.5309882747068677 0.4321608040201005 0.5192629815745393 0.4510050251256281 0.5159128978224455 0.4648241206030151 0.5125628140703518 0.4861809045226131 0.5142378559463987 0.507537688442211 0.5159128978224455 0.5251256281407035 0.5309882747068677 0.5339195979899497 0.5494137353433836 0.5477386934673367 0.5845896147403685 0.550251256281407 0.6113902847571189 0.5515075376884422 0.6314907872696818 0.5402010050251256 0.6599664991624791 0.5339195979899497 0.6767169179229481 0.5301507537688442 0.695142378559464 0.5251256281407035 0.7068676716917923 0.5439698492462312 0.6968174204355109 0.5590452261306532 0.6834170854271356 0.5690954773869347 0.6750418760469011 0.5804020100502513 0.6549413735343383 0.5816582914572864 0.6398659966499163 0.5829145728643216 0.6063651591289783 0.5829145728643216 0.5611390284757118 0.5665829145728644 0.5209380234505863 0.5402010050251256 0.49246231155778897 0.45979899497487436 0.23115577889447236 0.43844221105527637 0.21273031825795644 0.4183417085427136 0.21608040201005024 0.3969849246231156 0.22445561139028475 0.3693467336683417 0.23953098827470687
8 0.4221105527638191 0.2964824120603015 0.3768844221105528 0.3316582914572864 0.3316582914572864 0.35510887772194305 0.33291457286432163 0.38860971524288107 0.3417085427135678 0.42546063651591287 0.36809045226130654 0.40033500837520936 0.40954773869346733 0.35678391959798994 0.44974874371859297 0.33835845896147404 0.47110552763819097 0.3768844221105528 0.5 0.39028475711892796 0.48115577889447236 0.35510887772194305 0.4585427135678392 0.3149078726968174 0.4321608040201005 0.27638190954773867 0.38819095477386933 0.2613065326633166 0.35175879396984927 0.2747068676716918 0.38316582914572866 0.2797319932998325 0.4082914572864322 0.2814070351758794 0.4221105527638191 0.2964824120603015
1 0.17462311557788945 0.592964824120603 0.12562814070351758 0.6013400335008375 0.09045226130653267 0.6130653266331658 0.08793969849246232 0.6515912897822446 0.11055276381909548 0.6582914572864321 0.15201005025125627 0.6398659966499163 0.19974874371859297 0.6398659966499163 0.22613065326633167 0.6398659966499163 0.23743718592964824 0.6247906197654941 0.24246231155778894 0.6164154103852596 0.20100502512562815 0.6013400335008375 0.17462311557788945 0.592964824120603
0 0.4798994974874372 0.4020100502512563 0.5 0.41708542713567837 0.5251256281407035 0.47906197654941374 0.5515075376884422 0.5159128978224455 0.571608040201005 0.5711892797319933 0.592964824120603 0.6013400335008375 0.614321608040201 0.5996649916247906 0.6243718592964824 0.5778894472361809 0.6055276381909548 0.5644891122278057 0.5741206030150754 0.52428810720268 0.5540201005025126 0.474036850921273 0.5314070351758794 0.4371859296482412 0.5062814070351759 0.3333333333333333 0.48743718592964824 0.24455611390284757 0.4648241206030151 0.18257956448911222 0.4371859296482412 0.11222780569514237 0.4296482412060301 0.13400335008375208 0.45603015075376885 0.22780569514237856 0.4484924623115578 0.2897822445561139 0.4535175879396985 0.35678391959798994 0.4798994974874372 0.4020100502512563
0 0.09045226130653267 0.6750418760469011 0.2198492462311558 0.6549413735343383 0.26256281407035176 0.6515912897822446 0.28391959798994976 0.6348408710217756 0.22738693467336685 0.6197654941373534 0.1444723618090452 0.6365159128978225 0.08542713567839195 0.6582914572864321 0.09045226130653267 0.6750418760469011