3 0.5906040268456376 0.32 0.6040268456375839 0.3388235294117647 0.6134228187919463 0.3764705882352941 0.6295302013422819 0.4 0.640268456375839 0.43058823529411766 0.6604026845637584 0.4541176470588235 0.6416107382550336 0.4682352941176471 0.6268456375838927 0.48470588235294115 0.6053691275167785 0.5176470588235295 0.5973154362416108 0.5552941176470588 0.5812080536912752 0.5458823529411765 0.5865771812080537 0.4894117647058824 0.5919463087248322 0.44 0.5906040268456376 0.3811764705882353 0.5906040268456376 0.34823529411764703
2 0.8120805369127517 0.48 0.8013422818791947 0.4470588235294118 0.7906040268456376 0.4211764705882353 0.789261744966443 0.3976470588235294 0.8067114093959732 0.39294117647058824 0.825503355704698 0.3905882352941176 0.8496644295302014 0.39294117647058824 0.8711409395973154 0.3976470588235294 0.876510067114094 0.4188235294117647 0.8818791946308725 0.4423529411764706 0.8859060402684564 0.46588235294117647 0.8859060402684564 0.48 0.8697986577181208 0.48 0.8469798657718121 0.4823529411764706 0.8281879194630872 0.48705882352941177
8 0.7208053691275168 0.4588235294117647 0.7261744966442953 0.45176470588235296 0.7342281879194631 0.44941176470588234 0.7422818791946308 0.44941176470588234 0.7463087248322148 0.45176470588235296 0.7436241610738255 0.4588235294117647 0.7369127516778523 0.4588235294117647 0.7302013422818792 0.4611764705882353 0.7248322147651006 0.46352941176470586
8 0.8161073825503355 0.5011764705882353 0.8093959731543624 0.5129411764705882 0.8 0.5223529411764706 0.7946308724832215 0.5317647058823529 0.7959731543624161 0.5364705882352941 0.8080536912751678 0.5364705882352941 0.8187919463087249 0.5270588235294118 0.8241610738255034 0.5176470588235295 0.8214765100671141 0.5129411764705882 0.8228187919463087 0.5035294117647059 0.8201342281879195 0.4964705882352941
8 0.7610738255033557 0.48 0.7624161073825504 0.4611764705882353 0.7718120805369127 0.45647058823529413 0.7798657718120805 0.4611764705882353 0.7758389261744967 0.4776470588235294 0.7718120805369127 0.48470588235294115 0.7812080536912752 0.48 0.7838926174496644 0.4894117647058824 0.7838926174496644 0.5011764705882353 0.7771812080536913 0.5058823529411764 0.7677852348993288 0.5105882352941177 0.7557046979865771 0.5058823529411764 0.7530201342281879 0.49176470588235294 0.7583892617449665 0.4894117647058824
8 0.7825503355704698 0.44 0.785234899328859 0.4541176470588235 0.7879194630872484 0.46588235294117647 0.7919463087248322 0.4682352941176471 0.7919463087248322 0.4776470588235294 0.7865771812080536 0.4823529411764706 0.7865771812080536 0.4894117647058824 0.7946308724832215 0.48470588235294115 0.7986577181208053 0.4776470588235294 0.8 0.46588235294117647 0.7959731543624161 0.4541176470588235 0.7919463087248322 0.4470588235294118 0.7865771812080536 0.4376470588235294
8 0.7758389261744967 0.5317647058823529 0.7838926174496644 0.5317647058823529 0.789261744966443 0.5388235294117647 0.7838926174496644 0.548235294117647 0.785234899328859 0.5552941176470588 0.7919463087248322 0.5529411764705883 0.7959731543624161 0.5552941176470588 0.8 0.5647058823529412 0.7906040268456376 0.5670588235294117 0.7946308724832215 0.5741176470588235 0.8 0.5835294117647059 0.7959731543624161 0.5952941176470589 0.789261744966443 0.5811764705882353 0.7865771812080536 0.5670588235294117 0.7825503355704698 0.5670588235294117 0.7798657718120805 0.5529411764705883 0.7798657718120805 0.5458823529411765 0.7798657718120805 0.5388235294117647
8 0.7865771812080536 0.611764705882353 0.7946308724832215 0.6094117647058823 0.7986577181208053 0.6164705882352941 0.7946308724832215 0.6211764705882353 0.7906040268456376 0.6211764705882353 0.7932885906040269 0.6282352941176471 0.7932885906040269 0.6376470588235295 0.789261744966443 0.6282352941176471 0.7838926174496644 0.6211764705882353
8 0.8214765100671141 0.5835294117647059 0.8281879194630872 0.5811764705882353 0.8335570469798658 0.5835294117647059 0.8322147651006712 0.5952941176470589 0.8268456375838926 0.5952941176470589
8 0.785234899328859 0.52 0.7932885906040269 0.5152941176470588 0.8013422818791947 0.508235294117647 0.8053691275167785 0.5011764705882353 0.810738255033557 0.4964705882352941 0.8120805369127517 0.48705882352941177 0.8040268456375839 0.49176470588235294 0.7973154362416107 0.5011764705882353 0.7865771812080536 0.5105882352941177
8 0.738255033557047 0.3905882352941176 0.7449664429530202 0.4 0.7476510067114094 0.40941176470588236 0.748993288590604 0.4188235294117647 0.7503355704697987 0.4329411764705882 0.7543624161073825 0.4258823529411765 0.7543624161073825 0.41411764705882353 0.7557046979865771 0.4023529411764706 0.7583892617449665 0.3905882352941176 0.763758389261745 0.3811764705882353 0.7677852348993288 0.3811764705882353 0.774496644295302 0.3764705882352941 0.7677852348993288 0.37176470588235294 0.7557046979865771 0.38588235294117645 0.7516778523489933 0.3905882352941176 0.748993288590604 0.3952941176470588 0.7463087248322148 0.3905882352941176 0.7422818791946308 0.38588235294117645
8 0.47248322147651006 0.5741176470588235 0.48053691275167787 0.5647058823529412 0.49261744966442955 0.5623529411764706 0.5033557046979866 0.5694117647058824 0.5181208053691275 0.5741176470588235 0.5302013422818792 0.5694117647058824 0.5395973154362416 0.5764705882352941 0.553020134228188 0.5835294117647059 0.5503355704697986 0.5952941176470589 0.5422818791946309 0.5929411764705882 0.5288590604026846 0.5905882352941176 0.5181208053691275 0.5858823529411765 0.5114093959731544 0.5858823529411765 0.4993288590604027 0.5811764705882353 0.4885906040268456 0.5764705882352941 0.4818791946308725 0.5788235294117647
8 0.5879194630872483 0.5741176470588235 0.5812080536912752 0.5670588235294117 0.5812080536912752 0.5529411764705883 0.5892617449664429 0.5529411764705883 0.5946308724832214 0.5623529411764706 0.5946308724832214 0.571764705882353
3 0.6832214765100671 0.4611764705882353 0.6832214765100671 0.4447058823529412 0.697986577181208 0.4258823529411765 0.7208053691275168 0.4164705882352941 0.7409395973154362 0.4117647058823529 0.738255033557047 0.3788235294117647 0.7624161073825504 0.3552941176470588 0.774496644295302 0.3552941176470588 0.789261744966443 0.36941176470588233 0.8026845637583893 0.3835294117647059 0.789261744966443 0.3952941176470588 0.7825503355704698 0.40705882352941175 0.789261744966443 0.43058823529411766 0.8 0.45647058823529413 0.8067114093959732 0.4752941176470588 0.8026845637583893 0.49176470588235294 0.7879194630872484 0.5105882352941177 0.774496644295302 0.5341176470588235 0.7610738255033557 0.5505882352941176 0.7530201342281879 0.5623529411764706 0.7328859060402685 0.5317647058823529 0.7140939597315437 0.5105882352941177 0.6912751677852349 0.4776470588235294
3 0.7570469798657719 0.5647058823529412 0.7677852348993288 0.5458823529411765 0.7812080536912752 0.5294117647058824 0.8013422818791947 0.49411764705882355 0.8080536912751678 0.48705882352941177 0.8214765100671141 0.4894117647058824 0.8402684563758389 0.48705882352941177 0.8456375838926175 0.5011764705882353 0.8483221476510067 0.52 0.8630872483221477 0.5341176470588235 0.8630872483221477 0.56 0.8563758389261745 0.5858823529411765 0.8550335570469799 0.611764705882353 0.8456375838926175 0.6329411764705882 0.8416107382550335 0.6494117647058824 0.8389261744966443 0.6658823529411765 0.8161073825503355 0.668235294117647 0.8013422818791947 0.6705882352941176 0.7959731543624161 0.64 0.7879194630872484 0.6141176470588235 0.7771812080536913 0.5976470588235294 0.7624161073825504 0.5788235294117647
8 0.8617449664429531 0.571764705882353 0.8684563758389262 0.56 0.876510067114094 0.5576470588235294 0.8791946308724832 0.5741176470588235 0.8778523489932886 0.5835294117647059 0.8697986577181208 0.5835294117647059 0.8644295302013423 0.5811764705882353
0 0.5973154362416108 0.56 0.5812080536912752 0.5505882352941176 0.5825503355704698 0.4235294117647059 0.5906040268456376 0.2541176470588235 0.6120805369127517 0.27294117647058824 0.6483221476510067 0.2917647058823529 0.6697986577181209 0.2847058823529412 0.7181208053691275 0.3129411764705882 0.7610738255033557 0.33176470588235296 0.8 0.3552941176470588 0.8429530201342282 0.38823529411764707 0.7946308724832215 0.3952941176470588 0.7865771812080536 0.40941176470588236 0.7973154362416107 0.43529411764705883 0.810738255033557 0.47058823529411764 0.8134228187919463 0.48 0.7557046979865771 0.5647058823529412 0.7369127516778523 0.5411764705882353 0.7073825503355705 0.5035294117647059 0.6805369127516778 0.47058823529411764 0.6563758389261745 0.47058823529411764 0.625503355704698 0.4894117647058824 0.6013422818791946 0.5223529411764706