8 0.503140703517588 0.40619765494137355 0.4905778894472362 0.3944723618090452 0.48178391959798994 0.38107202680067004 0.47550251256281406 0.3676716917922948 0.4704773869346734 0.3592964824120603 0.47173366834170855 0.3458961474036851 0.4792713567839196 0.330820770519263 0.4842964824120603 0.3274706867671692 0.49183417085427134 0.3257956448911223 0.4981155778894472 0.3257956448911223 0.5069095477386935 0.3324958123953099 0.5194723618090452 0.347571189279732 0.5358040201005025 0.3659966499162479 0.5471105527638191 0.3877721943048576 0.5609296482412061 0.40117252931323283 0.5709798994974874 0.40954773869346733 0.582286432160804 0.40954773869346733 0.5873115577889447 0.3927973199329983 0.5709798994974874 0.3576214405360134 0.5521356783919598 0.33752093802345057 0.5370603015075377 0.32077051926298156 0.5257537688442211 0.30569514237855944 0.5131909547738693 0.29564489112227804 0.4742462311557789 0.28559463986599665 0.46168341708542715 0.28726968174204354 0.4478643216080402 0.31909547738693467 0.44409547738693467 0.3408710217755444 0.4453517587939699 0.3710217755443886 0.46168341708542715 0.4045226130653266 0.5018844221105527 0.44472361809045224 0.5207286432160804 0.4564489112227806 0.539572864321608 0.46147403685092125 0.5471105527638191 0.46147403685092125 0.5546482412060302 0.4380234505862647 0.5194723618090452 0.41624790619765495 0.503140703517588 0.40619765494137355
3 0.4692211055276382 0.2705192629815745 0.44660804020100503 0.26046901172529313 0.43027638190954776 0.27386934673366836 0.4415829145728643 0.31239530988274705 0.45037688442211055 0.3358458961474037 0.4491206030150754 0.36432160804020103 0.4641959798994975 0.4028475711892797 0.48680904522613067 0.4296482412060301 0.503140703517588 0.44472361809045224 0.5257537688442211 0.45142378559463986 0.5332914572864321 0.46147403685092125 0.5496231155778895 0.44974874371859297 0.5684673366834171 0.4480737018425461 0.5885678391959799 0.44472361809045224 0.6036432160804021 0.42294807370184256 0.574748743718593 0.37269681742043553 0.5559045226130653 0.3576214405360134 0.5420854271356784 0.3341708542713568 0.532035175879397 0.32077051926298156 0.5257537688442211 0.30402010050251255 0.5131909547738693 0.2889447236180904 0.48680904522613067 0.27889447236180903 0.4692211055276382 0.2705192629815745
8 0.5182160804020101 0.15829145728643215 0.5144472361809045 0.14321608040201006 0.5119346733668342 0.12981574539363483 0.5043969849246231 0.10469011725293133 0.4981155778894472 0.08961474036850921 0.4943467336683417 0.07788944723618091 0.48932160804020103 0.0711892797319933 0.47675879396984927 0.07956448911222781 0.4805276381909548 0.10134003350083752 0.49183417085427134 0.13819095477386933 0.5043969849246231 0.1800670016750419 0.5119346733668342 0.20016750418760468 0.5131909547738693 0.2068676716917923 0.5257537688442211 0.19179229480737017 0.5207286432160804 0.17839195979899497 0.5182160804020101 0.15829145728643215
3 0.41520100502512564 0.05443886097152429 0.4026381909547739 0.08793969849246232 0.4026381909547739 0.12311557788944724 0.4139447236180904 0.12144053601340034 0.4353015075376884 0.13484087102177555 0.4528894472361809 0.14656616415410384 0.4704773869346734 0.16499162479061977 0.49309045226130654 0.1884422110552764 0.5069095477386935 0.1884422110552764 0.5157035175879398 0.16331658291457288 0.5081658291457286 0.13149078726968175 0.5043969849246231 0.10469011725293133 0.4943467336683417 0.06281407035175879 0.4805276381909548 0.05611390284757119 0.4704773869346734 0.04773869346733668 0.4591708542713568 0.03768844221105527 0.4491206030150754 0.03433835845896147 0.42902010050251255 0.03433835845896147 0.41520100502512564 0.05443886097152429
8 0.48680904522613067 0.05443886097152429 0.4378140703517588 0.049413735343383586 0.4428391959798995 0.0829145728643216 0.48932160804020103 0.08626465661641541 0.48680904522613067 0.05443886097152429
8 0.5471105527638191 0.08626465661641541 0.5508793969849246 0.09631490787269682 0.5546482412060302 0.11306532663316583 0.5634422110552764 0.12479061976549413 0.5672110552763819 0.13986599664991625 0.5734924623115578 0.14656616415410384 0.5760050251256281 0.15829145728643215 0.5797738693467337 0.17169179229480738 0.5860552763819096 0.18174204355108878 0.5860552763819096 0.1934673366834171 0.5835427135678392 0.2051926298157454 0.5785175879396985 0.20854271356783918 0.5646984924623115 0.2135678391959799 0.5559045226130653 0.2135678391959799 0.5496231155778895 0.2185929648241206 0.5408291457286433 0.23031825795644892 0.5257537688442211 0.2403685092127303 0.532035175879397 0.2537688442211055 0.5370603015075377 0.2537688442211055 0.5433417085427136 0.25711892797319935 0.5433417085427136 0.26884422110552764 0.5471105527638191 0.2638190954773869 0.553391959798995 0.26046901172529313 0.5584170854271356 0.2520938023450586 0.5646984924623115 0.24371859296482412 0.5734924623115578 0.2370184254606365 0.582286432160804 0.228643216080402 0.5885678391959799 0.228643216080402 0.6061557788944724 0.2269681742043551 0.6187185929648241 0.228643216080402 0.6300251256281407 0.23031825795644892 0.6400753768844221 0.23031825795644892 0.6538944723618091 0.23366834170854273 0.6375628140703518 0.20854271356783918 0.6287688442211056 0.19011725293132328 0.6099246231155779 0.15829145728643215 0.5935929648241206 0.12981574539363483 0.5847989949748744 0.11139028475711893 0.5734924623115578 0.09631490787269682 0.5646984924623115 0.09128978224455611 0.5546482412060302 0.08793969849246232 0.5471105527638191 0.08626465661641541
8 0.6463567839195979 0.2319932998324958 0.5596733668341709 0.08458961474036851 0.5358040201005025 0.0812395309882747 0.5961055276381909 0.228643216080402 0.6463567839195979 0.2319932998324958
8 0.7594221105527639 0.4916247906197655 0.7694723618090452 0.5033500837520938 0.7707286432160804 0.5134003350083752 0.7770100502512562 0.5268006700167505 0.782035175879397 0.5452261306532663 0.7870603015075377 0.5653266331658291 0.7908291457286433 0.5904522613065326 0.789572864321608 0.551926298157454 0.7832914572864321 0.5234505862646566 0.7795226130653267 0.4983249581239531 0.7732412060301508 0.4731993299832496 0.7644472361809045 0.45979899497487436 0.7581658291457286 0.46984924623115576 0.7594221105527639 0.4916247906197655
8 0.5131909547738693 0.2370184254606365 0.5433417085427136 0.2805695142378559 0.5709798994974874 0.23534338358458962 0.5621859296482412 0.20016750418760468 0.5131909547738693 0.2370184254606365
8 0.4566582914572864 0.05443886097152429 0.4428391959798995 0.05778894472361809 0.45037688442211055 0.06448911222780569 0.46042713567839194 0.06448911222780569 0.46796482412060303 0.0661641541038526 0.4792713567839196 0.0678391959798995 0.4880653266331658 0.0711892797319933 0.48555276381909546 0.06281407035175879 0.48178391959798994 0.05778894472361809 0.4692211055276382 0.059463986599664995 0.4566582914572864 0.05443886097152429
8 0.45414572864321606 0.0728643216080402 0.46545226130653267 0.076214405360134 0.4742462311557789 0.07956448911222781 0.4842964824120603 0.0829145728643216 0.48680904522613067 0.08961474036850921 0.4905778894472362 0.10469011725293133 0.49685929648241206 0.13149078726968175 0.5018844221105527 0.14489112227805695 0.5081658291457286 0.16499162479061977 0.510678391959799 0.18174204355108878 0.510678391959799 0.1934673366834171 0.5157035175879398 0.18676716917922948 0.5157035175879398 0.17001675041876047 0.5081658291457286 0.14321608040201006 0.5056532663316583 0.12981574539363483 0.503140703517588 0.11139028475711893 0.49685929648241206 0.09798994974874371 0.49309045226130654 0.08793969849246232 0.48932160804020103 0.0812395309882747 0.4842964824120603 0.076214405360134 0.4780150753768844 0.0745393634840871 0.47173366834170855 0.0711892797319933 0.46796482412060303 0.0678391959798995 0.45791457286432163 0.06448911222780569 0.44032663316582915 0.0661641541038526 0.4453517587939699 0.0711892797319933 0.45414572864321606 0.0728643216080402
8 0.40515075376884424 0.09631490787269682 0.40891959798994976 0.10971524288107203 0.41896984924623115 0.11976549413735343 0.4265075376884422 0.12479061976549413 0.4315326633165829 0.13484087102177555 0.4415829145728643 0.13986599664991625 0.4353015075376884 0.12311557788944724 0.43027638190954776 0.11139028475711893 0.4239949748743719 0.10134003350083752 0.417713567839196 0.0812395309882747 0.4101758793969849 0.0745393634840871 0.4064070351758794 0.08458961474036851 0.40515075376884424 0.09631490787269682
3 0.6463567839195979 0.23534338358458962 0.5508793969849246 0.0728643216080402 0.5295226130653267 0.08458961474036851 0.553391959798995 0.18676716917922948 0.5923366834170855 0.2269681742043551 0.6463567839195979 0.23534338358458962
8 0.5835427135678392 0.4380234505862647 0.589824120603015 0.43634840871021774 0.5973618090452262 0.42629815745393634 0.5923366834170855 0.41624790619765495 0.5860552763819096 0.4128978224455611 0.582286432160804 0.40117252931323283 0.5797738693467337 0.3927973199329983 0.5734924623115578 0.3844221105527638 0.5646984924623115 0.3760469011725293 0.5571608040201005 0.36432160804020103 0.5521356783919598 0.3559463986599665 0.5471105527638191 0.3492462311557789 0.539572864321608 0.3408710217755444 0.5370603015075377 0.3341708542713568 0.5307788944723618 0.3257956448911223 0.5232412060301508 0.314070351758794 0.5207286432160804 0.3073701842546064 0.5119346733668342 0.30569514237855944 0.503140703517588 0.2989949748743719 0.4943467336683417 0.29564489112227804 0.48555276381909546 0.29061976549413737 0.47550251256281406 0.2889447236180904 0.46796482412060303 0.2889447236180904 0.46042713567839194 0.2889447236180904 0.45540201005025127 0.29061976549413737 0.45163316582914576 0.31239530988274705 0.45414572864321606 0.3391959798994975 0.45414572864321606 0.3458961474036851 0.45037688442211055 0.347571189279732 0.45163316582914576 0.3609715242881072 0.45540201005025127 0.3676716917922948 0.4566582914572864 0.3877721943048576 0.4629396984924623 0.39112227805695143 0.46796482412060303 0.4028475711892797 0.4780150753768844 0.40787269681742044 0.48555276381909546 0.41792294807370184 0.49309045226130654 0.42294807370184256 0.5006281407035176 0.43132328308207707 0.5081658291457286 0.43467336683417085 0.5182160804020101 0.44304857621440535 0.5257537688442211 0.4463986599664992 0.5307788944723618 0.4480737018425461 0.5345477386934674 0.45142378559463986 0.5370603015075377 0.4581239530988275 0.5420854271356784 0.4581239530988275 0.5496231155778895 0.4547738693467337 0.5508793969849246 0.44974874371859297 0.5471105527638191 0.44137353433835846 0.5445979899497487 0.4380234505862647 0.5383165829145728 0.4296482412060301 0.5282663316582915 0.42294807370184256 0.5219849246231156 0.4212730318257956 0.5169597989949749 0.41792294807370184 0.5119346733668342 0.41624790619765495 0.5056532663316583 0.4128978224455611 0.5018844221105527 0.40954773869346733 0.49685929648241206 0.40619765494137355 0.49309045226130654 0.4028475711892797 0.4905778894472362 0.39949748743718594 0.48304020100502515 0.38274706867671693 0.4805276381909548 0.3793969849246231 0.4742462311557789 0.3659966499162479 0.47173366834170855 0.3609715242881072 0.4704773869346734 0.347571189279732 0.4704773869346734 0.3425460636515913 0.47173366834170855 0.33752093802345057 0.4729899497487437 0.3274706867671692 0.4805276381909548 0.32077051926298156 0.48680904522613067 0.3174204355108878 0.49183417085427134 0.3174204355108878 0.4981155778894472 0.3157453936348409 0.5056532663316583 0.31909547738693467 0.5131909547738693 0.3241206030150754 0.5244974874371859 0.330820770519263 0.5282663316582915 0.33752093802345057 0.5370603015075377 0.3492462311557789 0.5445979899497487 0.3542713567839196 0.5521356783919598 0.36432160804020103 0.5559045226130653 0.3743718592964824 0.5571608040201005 0.3844221105527638 0.5609296482412061 0.3944723618090452 0.5684673366834171 0.39949748743718594 0.574748743718593 0.4028475711892797 0.5760050251256281 0.40954773869346733 0.5760050251256281 0.41792294807370184 0.5760050251256281 0.43132328308207707 0.5835427135678392 0.4380234505862647
3 0.4657349246231156 0 0.4692211055276382 0.03098827470686767 0.4780150753768844 0.03936348408710218 0.4842964824120603 0.04773869346733668 0.4981155778894472 0.052763819095477386 0.5081658291457286 0.05611390284757119 0.5182160804020101 0.04438860971524288 0.5169597989949749 0.020938023450586266 0.5081658291457286 0.0041876046901172526 0.5062814070351759 0 0.4657349246231156 0
5 0.49821221482412065 1 0.5270100502512562 0.8752093802345059 0.47550251256281406 0.8752093802345059 0.45210427135678394 1 0.49821221482412065 1