6 0.5451127819548872 0.5459098497495827 0.5375939849624061 0.5392320534223706 0.5338345864661654 0.5442404006677797 0.5375939849624061 0.5525876460767947 0.5413533834586466 0.5575959933222037 0.5451127819548872 0.5542570951585977 0.5463659147869674 0.5509181969949917 0.5451127819548872 0.5459098497495827
0 0.42105263157894735 0.7495826377295493 0.40726817042606517 0.7395659432387313 0.39348370927318294 0.7278797996661102 0.38220551378446116 0.7145242070116862 0.36466165413533835 0.7095158597662772 0.3433583959899749 0.7011686143572621 0.32456140350877194 0.7045075125208681 0.3082706766917293 0.6961602671118531 0.30952380952380953 0.6878130217028381 0.31203007518796994 0.676126878130217 0.31704260651629074 0.662771285475793 0.32456140350877194 0.6494156928213689 0.33208020050125314 0.6343906510851419 0.3358395989974937 0.6160267111853088 0.3383458646616541 0.5826377295492488 0.34210526315789475 0.5509181969949917 0.34461152882205515 0.5425709515859767 0.34962406015037595 0.5258764607679466 0.35463659147869675 0.5141903171953256 0.3583959899749373 0.4991652754590985 0.3583959899749373 0.49081803005008345 0.35964912280701755 0.48747913188647746 0.3508771929824561 0.48747913188647746 0.34711779448621555 0.4958263772954925 0.3433583959899749 0.5058430717863105 0.33709273182957394 0.5242070116861436 0.3308270676691729 0.5475792988313857 0.32205513784461154 0.5909849749582637 0.31954887218045114 0.6143572621035058 0.3157894736842105 0.6293823038397329 0.30952380952380953 0.6427378964941569 0.30451127819548873 0.6494156928213689 0.29699248120300753 0.659432387312187 0.2932330827067669 0.669449081803005 0.29197994987468673 0.6811352253756261 0.2894736842105263 0.6828046744574291 0.2518796992481203 0.672787979966611 0.21553884711779447 0.657762938230384 0.16541353383458646 0.6343906510851419 0.16165413533834586 0.6343906510851419 0.11278195488721804 0.6076794657762938 0.07142857142857142 0.5826377295492488 0.05388471177944862 0.5709515859766278 0.03759398496240601 0.5559265442404007 0.042606516290726815 0.5692821368948247 0.05263157894736842 0.5843071786310517 0.08897243107769423 0.6076794657762938 0.12406015037593984 0.6260434056761269 0.15413533834586465 0.6477462437395659 0.18922305764411027 0.66110183639399 0.23057644110275688 0.679465776293823 0.2631578947368421 0.6911519198664441 0.2882205513784461 0.6978297161936561 0.29949874686716793 0.7061769616026711 0.31453634085213034 0.7212020033388982 0.34962406015037595 0.7262103505843072 0.3583959899749373 0.7312186978297162 0.3659147869674185 0.7345575959933222 0.37218045112781956 0.7412353923205343 0.37593984962406013 0.7462437395659433 0.38095238095238093 0.7512520868113522 0.38721804511278196 0.7579298831385642 0.39223057644110276 0.7612687813021702 0.39849624060150374 0.7662771285475793 0.40601503759398494 0.7712854757929883 0.41102756892230574 0.7762938230383973 0.4197994987468672 0.7796327212020033 0.4273182957393484 0.7813021702838063 0.43609022556390975 0.7813021702838063 0.44862155388471175 0.7796327212020033 0.45614035087719296 0.7779632721202003 0.46616541353383456 0.7746243739565943 0.4724310776942356 0.7746243739565943 0.4849624060150376 0.7729549248747913 0.49373433583959897 0.7729549248747913 0.5012531328320802 0.7729549248747913 0.5137844611528822 0.7729549248747913 0.5225563909774437 0.7712854757929883 0.5275689223057645 0.7712854757929883 0.5401002506265664 0.7679465776293823 0.5451127819548872 0.7629382303839732 0.5588972431077694 0.7278797996661102 0.5125313283208021 0.7378964941569283 0.474937343358396 0.7479131886477463 0.4423558897243108 0.7529215358931552 0.42105263157894735 0.7495826377295493
6 0.5238095238095238 0.5325542570951586 0.518796992481203 0.5308848080133556 0.5162907268170426 0.5375626043405676 0.5175438596491229 0.5442404006677797 0.518796992481203 0.5492487479131887 0.5225563909774437 0.5509181969949917 0.5263157894736842 0.5525876460767947 0.5300751879699248 0.5492487479131887 0.5263157894736842 0.5358931552587646 0.5238095238095238 0.5325542570951586
6 0.5 0.5425709515859767 0.49874686716791977 0.5475792988313857 0.5 0.5525876460767947 0.5050125313283208 0.5542570951585977 0.5112781954887218 0.5492487479131887 0.5125313283208021 0.5442404006677797 0.5125313283208021 0.5392320534223706 0.5087719298245614 0.5409015025041736 0.5050125313283208 0.5442404006677797 0.5 0.5425709515859767
6 0.5989974937343359 0.5525876460767947 0.5902255639097744 0.5492487479131887 0.5877192982456141 0.5492487479131887 0.5852130325814536 0.5525876460767947 0.5827067669172933 0.5575959933222037 0.5827067669172933 0.5609348914858097 0.5852130325814536 0.5659432387312187 0.5877192982456141 0.5742904841402338 0.5889724310776943 0.5792988313856428 0.5839598997493735 0.5792988313856428 0.5764411027568922 0.5776293823038398 0.5776942355889725 0.5792988313856428 0.5802005012531328 0.5843071786310517 0.5902255639097744 0.5859766277128547 0.5939849624060151 0.5876460767946577 0.5964912280701754 0.5809682804674458 0.5989974937343359 0.5759599332220368 0.6027568922305765 0.5676126878130217 0.6027568922305765 0.5575959933222037 0.5989974937343359 0.5525876460767947
6 0.5977443609022557 0.6043405676126878 0.5964912280701754 0.6126878130217028 0.5927318295739349 0.6176961602671118 0.5839598997493735 0.6193656093489148 0.5789473684210527 0.6193656093489148 0.5776942355889725 0.6110183639398998 0.5764411027568922 0.6043405676126878 0.5701754385964912 0.6043405676126878 0.5664160401002506 0.6126878130217028 0.5639097744360902 0.6093489148580968 0.5601503759398496 0.6026711185308848 0.5576441102756893 0.5909849749582637 0.5538847117794486 0.5843071786310517 0.5526315789473685 0.5809682804674458 0.5388471177944862 0.5809682804674458 0.5325814536340853 0.5843071786310517 0.5275689223057645 0.5943238731218697 0.5200501253132832 0.6076794657762938 0.5137844611528822 0.6193656093489148 0.506265664160401 0.6360601001669449 0.506265664160401 0.6494156928213689 0.5075187969924813 0.666110183639399 0.5150375939849624 0.669449081803005 0.5175438596491229 0.667779632721202 0.5275689223057645 0.659432387312187 0.5413533834586466 0.654424040066778 0.5451127819548872 0.6477462437395659 0.5513784461152882 0.6410684474123539 0.556390977443609 0.6444073455759599 0.5614035087719298 0.6494156928213689 0.5701754385964912 0.6477462437395659 0.5776942355889725 0.6410684474123539 0.5802005012531328 0.6360601001669449 0.5839598997493735 0.6343906510851419 0.5889724310776943 0.6327212020033389 0.5952380952380952 0.6310517529215359 0.600250626566416 0.6176961602671118 0.6027568922305765 0.6143572621035058 0.6027568922305765 0.6076794657762938 0.6052631578947368 0.6010016694490818 0.6090225563909775 0.5943238731218697 0.5989974937343359 0.5909849749582637 0.5977443609022557 0.5959933222036727 0.5977443609022557 0.6043405676126878
3 0.7230576441102757 0.6010016694490818 0.7343358395989975 0.5809682804674458 0.7468671679197995 0.5559265442404007 0.7543859649122807 0.5292153589315526 0.7493734335839599 0.4958263772954925 0.7330827067669173 0.4741235392320534 0.7142857142857143 0.4774624373956594 0.6892230576441103 0.4574290484140234 0.6679197994987469 0.4273789649415693 0.6553884711779449 0.41736227045075125 0.631578947368421 0.4056761268781302 0.6215538847117794 0.4006677796327212 0.5964912280701754 0.3823038397328882 0.5701754385964912 0.37061769616026713 0.543859649122807 0.38731218697829717 0.5338345864661654 0.4040066777963272 0.5150375939849624 0.42070116861435725 0.5087719298245614 0.4357262103505843 0.5012531328320802 0.4574290484140234 0.49373433583959897 0.4691151919866444 0.47869674185463656 0.49248747913188645 0.4548872180451128 0.5258764607679466 0.44862155388471175 0.5475792988313857 0.4573934837092732 0.5626043405676127 0.46616541353383456 0.5742904841402338 0.5037593984962406 0.5776293823038398 0.5401002506265664 0.5776293823038398 0.5701754385964912 0.5843071786310517 0.5952380952380952 0.5826377295492488 0.5914786967418546 0.5542570951585977 0.6090225563909775 0.5425709515859767 0.6353383458646616 0.5258764607679466 0.6741854636591479 0.5292153589315526 0.6867167919799498 0.5425709515859767 0.7080200501253133 0.5709515859766278 0.7030075187969925 0.6010016694490818 0.7092731829573935 0.6193656093489148 0.7142857142857143 0.6176961602671118 0.7230576441102757 0.6010016694490818
3 0.981203007518797 0.41569282136894825 0.981203007518797 0.4090150250417362 0.9799498746867168 0.3989983305509182 0.9761904761904762 0.38731218697829717 0.9611528822055138 0.36894824707846413 0.949874686716792 0.3622704507512521 0.9298245614035088 0.3606010016694491 0.9235588972431078 0.3672787979966611 0.9197994987468672 0.3806343906510851 0.9235588972431078 0.39565943238731216 0.9285714285714286 0.41903171953255425 0.943609022556391 0.4307178631051753 0.9573934837092731 0.4257095158597663 0.9661654135338346 0.4240400667779633 0.981203007518797 0.41569282136894825
3 0.8947368421052632 0.4991652754590985 0.8734335839598998 0.5108514190317195 0.8596491228070176 0.5108514190317195 0.8471177944862155 0.5141903171953256 0.8383458646616542 0.5342237061769616 0.8421052631578947 0.5475792988313857 0.8546365914786967 0.5559265442404007 0.8609022556390977 0.5592654424040067 0.8796992481203008 0.5659432387312187 0.8972431077694235 0.5709515859766278 0.9085213032581454 0.5642737896494157 0.9160401002506265 0.5559265442404007 0.9223057644110275 0.5358931552587646 0.9273182957393483 0.5225375626043406 0.931077694235589 0.5075125208681135 0.9335839598997494 0.49081803005008345 0.9360902255639098 0.4707846410684474 0.9360902255639098 0.4507512520868113 0.9385964912280702 0.44240400667779634 0.9398496240601504 0.4323873121869783 0.9360902255639098 0.4257095158597663 0.9298245614035088 0.4240400667779633 0.924812030075188 0.4307178631051753 0.9060150375939849 0.46410684474123537 0.899749373433584 0.48247078464106846 0.8947368421052632 0.4991652754590985
3 0.9135338345864662 0.42070116861435725 0.9135338345864662 0.4090150250417362 0.9110275689223057 0.3973288814691152 0.9072681704260651 0.38731218697829717 0.8959899749373433 0.3772954924874791 0.8847117794486216 0.38898163606010017 0.8822055137844611 0.4056761268781302 0.8809523809523809 0.42237061769616024 0.8872180451127819 0.4357262103505843 0.893483709273183 0.44574290484140233 0.9022556390977443 0.44908180300500833 0.9110275689223057 0.44240400667779634 0.9122807017543859 0.4357262103505843 0.9135338345864662 0.42070116861435725
5 0.899749373433584 0.328881469115192 0.9010025062656641 0.33889816360601 0.9010025062656641 0.34891485809682804 0.9060150375939849 0.34891485809682804 0.9122807017543859 0.34891485809682804 0.9172932330827067 0.34891485809682804 0.9197994987468672 0.34390651085141904 0.9197994987468672 0.337228714524207 0.918546365914787 0.328881469115192 0.9160401002506265 0.31886477462437396 0.9097744360902256 0.3105175292153589 0.9047619047619048 0.3021702838063439 0.8984962406015038 0.29716193656093487 0.8922305764411027 0.2921535893155259 0.893483709273183 0.3071786310517529 0.8947368421052632 0.31552587646076796 0.8972431077694235 0.32387312186978295 0.899749373433584 0.328881469115192
5 0.21679197994987467 0.46410684474123537 0.10401002506265664 0.4240400667779633 0.09147869674185463 0.48580968280467446 0.19799498746867167 0.5242070116861436 0.21679197994987467 0.46410684474123537
0 0.7005012531328321 0.5342237061769616 0.6954887218045113 0.5208681135225376 0.6904761904761905 0.5125208681135225 0.6854636591478697 0.5008347245409015 0.6854636591478697 0.49248747913188645 0.681704260651629 0.4791318864774624 0.6754385964912281 0.4607679465776294 0.6729323308270677 0.44574290484140233 0.6704260651629073 0.4240400667779633 0.6654135338345865 0.41402337228714525 0.6679197994987469 0.44908180300500833 0.6704260651629073 0.4707846410684474 0.6741854636591479 0.5008347245409015 0.681704260651629 0.5141903171953256 0.6904761904761905 0.5292153589315526 0.6979949874686717 0.5459098497495827 0.7055137844611529 0.5709515859766278 0.706766917293233 0.5642737896494157 0.7055137844611529 0.5525876460767947 0.7005012531328321 0.5342237061769616
8 0.5451127819548872 0.7095158597662772 0.5338345864661654 0.7011686143572621 0.5325814536340853 0.7161936560934892 0.5413533834586466 0.7328881469115192 0.5614035087719298 0.7295492487479132 0.575187969924812 0.666110183639399 0.5664160401002506 0.667779632721202 0.5588972431077694 0.6828046744574291 0.5513784461152882 0.6978297161936561 0.5451127819548872 0.7095158597662772