8 0.787085514834206 0.39211136890951276 0.794066317626527 0.37587006960556846 0.7993019197207679 0.35730858468677495 0.8115183246073299 0.345707656612529 0.8132635253054101 0.3689095127610209 0.8045375218150087 0.3874709976798144 0.7923211169284468 0.40835266821345706
8 0.7294938917975567 0.41299303944315546 0.7521815008726004 0.37354988399071926 0.7661431064572426 0.3642691415313225 0.7766143106457243 0.3689095127610209 0.774869109947644 0.3874709976798144 0.7556719022687609 0.4060324825986079 0.743455497382199 0.42691415313225056
8 0.6544502617801047 0.46403712296983757 0.6579406631762653 0.43387470997679817 0.6823734729493892 0.4176334106728538 0.6980802792321117 0.4222737819025522 0.6945898778359512 0.45243619489559167 0.680628272251309 0.4617169373549884
8 0.7661431064572426 0.4918793503480278 0.7888307155322862 0.4918793503480278 0.8010471204188482 0.4872389791183295 0.8150087260034904 0.48491879350348027 0.8289703315881326 0.4872389791183295 0.8202443280977313 0.5104408352668214 0.7958115183246073 0.5174013921113689 0.7766143106457243 0.5174013921113689 0.7609075043630017 0.5127610208816705
8 0.7835951134380453 0.5777262180974478 0.7975567190226877 0.5545243619489559 0.806282722513089 0.5243619489559165 0.8219895287958116 0.5174013921113689 0.8272251308900523 0.5336426914153132 0.8150087260034904 0.5545243619489559 0.7958115183246073 0.5707656612529002
8 0.8760907504363001 0.43387470997679817 0.8865619546247818 0.41067285382830626 0.8970331588132635 0.39443155452436196 0.900523560209424 0.40835266821345706 0.8691099476439791 0.4733178654292343 0.8586387434554974 0.4918793503480278
8 0.8080279232111692 0.39211136890951276 0.8254799301919721 0.37587006960556846 0.8324607329842932 0.35730858468677495 0.8411867364746946 0.33874709976798145 0.8586387434554974 0.3271461716937355 0.8760907504363001 0.345707656612529 0.8795811518324608 0.3642691415313225 0.8586387434554974 0.37587006960556846 0.8342059336823735 0.39211136890951276 0.8237347294938918 0.41067285382830626
8 0.7364746945898778 0.5893271461716937 0.7626527050610821 0.5568445475638051 0.7696335078534031 0.5475638051044084 0.7801047120418848 0.5614849187935035 0.7643979057591623 0.580046403712297 0.7452006980802792 0.5962877030162413 0.7347294938917975 0.6102088167053364
8 0.7068062827225131 0.6334106728538283 0.7085514834205934 0.617169373549884 0.7102966841186736 0.5846867749419954 0.7260034904013961 0.5777262180974478 0.7277486910994765 0.6009280742459396 0.7207678883071553 0.6194895591647331 0.7172774869109948 0.6380510440835266
3 0.7329842931937173 0.3805104408352668 0.7661431064572426 0.35730858468677495 0.7993019197207679 0.3433874709976798 0.8289703315881326 0.3294663573085847 0.8795811518324608 0.3294663573085847 0.9144851657940664 0.33642691415313225 0.9336823734729494 0.35730858468677495 0.9354275741710296 0.39443155452436196 0.9354275741710296 0.42691415313225056 0.9232111692844677 0.46403712296983757 0.9075043630017452 0.4872389791183295 0.8865619546247818 0.5104408352668214 0.8534031413612565 0.5336426914153132 0.8237347294938918 0.5498839907192575 0.794066317626527 0.5730858468677494 0.7591623036649214 0.5939675174013921 0.7294938917975567 0.6148491879350348 0.7102966841186736 0.5893271461716937 0.6910994764397905 0.5545243619489559 0.6910994764397905 0.5266821345707656 0.6910994764397905 0.4918793503480278 0.6963350785340314 0.4431554524361949 0.6980802792321117 0.39675174013921116 0.7207678883071553 0.3619489559164733 0.7417102966841187 0.35498839907192575
5 0.08900523560209424 0.605568445475638 0.14834205933682373 0.6450116009280742 0.14659685863874344 0.7215777262180975 0.08900523560209424 0.6682134570765661