3 0.5259481037924152 0.4157754010695187 0.5359281437125748 0.3729946524064171 0.5419161676646707 0.3409090909090909 0.5239520958083832 0.3302139037433155 0.501996007984032 0.30080213903743314 0.48602794411177647 0.2767379679144385 0.48403193612774453 0.2553475935828877 0.4940119760479042 0.23663101604278075 0.5199600798403193 0.2286096256684492 0.5419161676646707 0.2286096256684492 0.563872255489022 0.2286096256684492 0.5778443113772455 0.2286096256684492 0.5738522954091816 0.21524064171122995 0.5419161676646707 0.2179144385026738 0.5099800399201597 0.2179144385026738 0.4740518962075848 0.2179144385026738 0.44011976047904194 0.2179144385026738 0.40219560878243515 0.20989304812834225 0.40818363273453095 0.2286096256684492 0.42015968063872255 0.2580213903743315 0.4441117764471058 0.3088235294117647 0.4660678642714571 0.3462566844919786 0.4880239520958084 0.3783422459893048 0.5059880239520959 0.3997326203208556 0.5259481037924152 0.4157754010695187
4 0.5798403193612774 0.856951871657754 0.5858283433133733 0.8542780748663101 0.593812375249501 0.8542780748663101 0.5998003992015968 0.8516042780748663 0.591816367265469 0.8462566844919787 0.5838323353293413 0.8409090909090909 0.5778443113772455 0.8355614973262032 0.5718562874251497 0.8328877005347594 0.563872255489022 0.8248663101604278 0.5558882235528942 0.8168449197860963 0.5499001996007984 0.8114973262032086 0.5419161676646707 0.8114973262032086 0.5379241516966068 0.81951871657754 0.5459081836327345 0.8355614973262032 0.5558882235528942 0.8462566844919787 0.563872255489022 0.856951871657754 0.5718562874251497 0.8542780748663101 0.5798403193612774 0.856951871657754
8 0.45808383233532934 0.8676470588235294 0.4620758483033932 0.8729946524064172 0.4660678642714571 0.8729946524064172 0.47005988023952094 0.8649732620320856 0.4720558882235529 0.856951871657754 0.4720558882235529 0.8489304812834224 0.4740518962075848 0.8409090909090909 0.4740518962075848 0.8355614973262032 0.4720558882235529 0.8328877005347594 0.47005988023952094 0.8355614973262032 0.4660678642714571 0.8435828877005348 0.46407185628742514 0.8489304812834224 0.4620758483033932 0.8542780748663101 0.45808383233532934 0.8596256684491979 0.45808383233532934 0.8676470588235294
8 0.4500998003992016 0.8783422459893048 0.4481037924151697 0.8836898395721925 0.4500998003992016 0.8890374331550802 0.4500998003992016 0.8917112299465241 0.4540918163672655 0.8917112299465241 0.4560878243512974 0.8917112299465241 0.4560878243512974 0.8890374331550802 0.4560878243512974 0.8836898395721925 0.4540918163672655 0.8783422459893048 0.4500998003992016 0.8783422459893048
8 0.468063872255489 0.8917112299465241 0.46407185628742514 0.8970588235294118 0.45808383233532934 0.9024064171122995 0.4600798403193613 0.910427807486631 0.46407185628742514 0.9077540106951871 0.47005988023952094 0.9024064171122995 0.4740518962075848 0.8970588235294118 0.4780439121756487 0.8890374331550802 0.4820359281437126 0.8756684491978609 0.4780439121756487 0.8756684491978609 0.4740518962075848 0.8836898395721925 0.468063872255489 0.8917112299465241
8 0.468063872255489 0.9131016042780749 0.47005988023952094 0.9157754010695187 0.4740518962075848 0.9157754010695187 0.4740518962075848 0.9077540106951871 0.4720558882235529 0.9077540106951871 0.468063872255489 0.9131016042780749
8 0.5 0.8435828877005348 0.49800399201596807 0.8462566844919787 0.4940119760479042 0.8516042780748663 0.49600798403193613 0.856951871657754 0.5 0.856951871657754 0.5039920159680639 0.8489304812834224 0.5099800399201597 0.8382352941176471 0.5119760479041916 0.8302139037433155 0.5139720558882236 0.8248663101604278 0.5119760479041916 0.81951871657754 0.5079840319361277 0.81951871657754 0.5059880239520959 0.8248663101604278 0.5059880239520959 0.8302139037433155 0.501996007984032 0.8382352941176471 0.5 0.8435828877005348
4 0.6516966067864272 0.8703208556149733 0.6497005988023952 0.8756684491978609 0.6457085828343313 0.8783422459893048 0.6457085828343313 0.8863636363636364 0.6516966067864272 0.8863636363636364 0.653692614770459 0.8863636363636364 0.6596806387225549 0.8863636363636364 0.6636726546906188 0.8783422459893048 0.6636726546906188 0.8703208556149733 0.655688622754491 0.8703208556149733 0.6516966067864272 0.8703208556149733
5 0.5568862275449101 1 0.5598802395209581 0.9933155080213903 0.5678642714570858 0.9745989304812834 0.5698602794411177 0.9558823529411765 0.5758483033932136 0.9318181818181818 0.5778443113772455 0.9131016042780749 0.5818363273453094 0.8890374331550802 0.5698602794411177 0.8703208556149733 0.5598802395209581 0.856951871657754 0.5518962075848304 0.8462566844919787 0.5459081836327345 0.8355614973262032 0.5399201596806387 0.8275401069518716 0.5299401197604791 0.8248663101604278 0.5259481037924152 0.8435828877005348 0.5179640718562875 0.8542780748663101 0.5119760479041916 0.8622994652406417 0.5079840319361277 0.8810160427807486 0.5039920159680639 0.8997326203208557 0.49600798403193613 0.929144385026738 0.49201596806387227 0.9478609625668449 0.4880239520958084 0.9772727272727273 0.48403193612774453 0.9959893048128342 0.48283433133732534 1 0.5568862275449101 1
5 0.6261477045908184 1 0.6337325349301397 0.9745989304812834 0.6417165668662674 0.9451871657754011 0.6477045908183633 0.9131016042780749 0.6357285429141717 0.9131016042780749 0.6297405189620758 0.9398395721925134 0.6217564870259481 0.9692513368983957 0.6117764471057884 0.9986631016042781 0.6114135369261476 1 0.6261477045908184 1
3 0.436127744510978 0.9318181818181818 0.42614770459081835 0.929144385026738 0.4161676646706587 0.929144385026738 0.4121756487025948 0.9425133689839572 0.42015968063872255 0.9558823529411765 0.4281437125748503 0.9719251336898396 0.436127744510978 0.9799465240641712 0.4481037924151697 0.9852941176470589 0.4540918163672655 0.9745989304812834 0.4540918163672655 0.9558823529411765 0.4441117764471058 0.9425133689839572 0.436127744510978 0.9318181818181818
3 0.5059880239520959 0.7232620320855615 0.4940119760479042 0.7152406417112299 0.4740518962075848 0.7125668449197861 0.4560878243512974 0.7259358288770054 0.4500998003992016 0.7446524064171123 0.4500998003992016 0.7767379679144385 0.4441117764471058 0.8008021390374331 0.4421157684630739 0.856951871657754 0.45209580838323354 0.8890374331550802 0.4600798403193613 0.9131016042780749 0.48003992015968067 0.9344919786096256 0.48602794411177647 0.9050802139037433 0.49600798403193613 0.8783422459893048 0.5079840319361277 0.856951871657754 0.5199600798403193 0.8435828877005348 0.5279441117764471 0.8248663101604278 0.5319361277445109 0.7954545454545454 0.5399201596806387 0.7687165775401069 0.5179640718562875 0.7393048128342246 0.5059880239520959 0.7232620320855615
5 0.689620758483034 0.7312834224598931 0.689620758483034 0.7473262032085561 0.6996007984031936 0.7606951871657754 0.7115768463073853 0.7794117647058824 0.7255489021956087 0.7981283422459893 0.7375249500998003 0.803475935828877 0.7375249500998003 0.7847593582887701 0.7395209580838323 0.7473262032085561 0.7395209580838323 0.7232620320855615 0.7395209580838323 0.6885026737967914 0.7375249500998003 0.6564171122994652 0.7355289421157685 0.6270053475935828 0.7275449101796407 0.589572192513369 0.7115768463073853 0.5628342245989305 0.6976047904191617 0.5441176470588235 0.6816367265469062 0.5334224598930482 0.6836327345309381 0.5548128342245989 0.6856287425149701 0.5762032085561497 0.687624750499002 0.5975935828877005 0.689620758483034 0.6270053475935828 0.689620758483034 0.6483957219251337 0.689620758483034 0.6724598930481284 0.689620758483034 0.6991978609625669 0.689620758483034 0.7312834224598931
0 0.5379241516966068 0.3462566844919786 0.5219560878243513 0.4157754010695187 0.5459081836327345 0.41310160427807485 0.5499001996007984 0.3409090909090909 0.5379241516966068 0.3462566844919786
5 0.69431724750499 1 0.6996007984031936 0.9879679144385026 0.717564870259481 0.9264705882352942 0.7255489021956087 0.8703208556149733 0.7235528942115769 0.8435828877005348 0.7135728542914171 0.8221925133689839 0.7055888223552894 0.803475935828877 0.6956087824351297 0.7874331550802139 0.6796407185628742 0.7767379679144385 0.6636726546906188 0.8810160427807486 0.6437125748502994 0.9478609625668449 0.6263000319361277 1 0.69431724750499 1
0 0.3502994011976048 0.23663101604278075 0.3902195608782435 0.21524064171122995 0.4281437125748503 0.2232620320855615 0.5678642714570858 0.22058823529411764 0.5698602794411177 0.20989304812834225 0.4101796407185629 0.196524064171123 0.3842315369261477 0.19385026737967914 0.3602794411177645 0.20989304812834225 0.3502994011976048 0.23663101604278075
0 0.48303393213572854 1 0.48602794411177647 0.9852941176470589 0.5039920159680639 0.9184491978609626 0.5219560878243513 0.8756684491978609 0.5359281437125748 0.8435828877005348 0.5419161676646707 0.8248663101604278 0.5459081836327345 0.8061497326203209 0.5558882235528942 0.7713903743315508 0.56187624750499 0.7366310160427807 0.5598802395209581 0.6991978609625669 0.5419161676646707 0.6778074866310161 0.5359281437125748 0.6537433155080213 0.5299401197604791 0.6296791443850267 0.5239520958083832 0.589572192513369 0.5159680638722555 0.5735294117647058 0.4221556886227545 0.3836898395721925 0.37624750499001997 0.2874331550802139 0.37624750499001997 0.3088235294117647 0.40818363273453095 0.3997326203208556 0.48403193612774453 0.6002673796791443 0.49600798403193613 0.6350267379679144 0.5099800399201597 0.6911764705882353 0.5319361277445109 0.7419786096256684 0.5319361277445109 0.766042780748663 0.5239520958083832 0.8008021390374331 0.5199600798403193 0.8355614973262032 0.501996007984032 0.8542780748663101 0.49001996007984033 0.8836898395721925 0.4720558882235529 0.9344919786096256 0.46407185628742514 0.9745989304812834 0.4606242055888224 1 0.48303393213572854 1
0 0.5838323353293413 0.23663101604278075 0.593812375249501 0.2446524064171123 0.6017964071856288 0.23663101604278075 0.6077844311377245 0.2232620320855615 0.6017964071856288 0.2018716577540107 0.5818363273453094 0.1751336898395722 0.563872255489022 0.19919786096256684 0.5838323353293413 0.23663101604278075