3 0.48034188034188036 0.5452380952380952 0.5042735042735043 0.5071428571428571 0.5521367521367522 0.5 0.6 0.4976190476190476 0.6820512820512821 0.49523809523809526 0.7316239316239316 0.5 0.7846153846153846 0.5333333333333333 0.8170940170940171 0.5666666666666667 0.8427350427350427 0.638095238095238 0.8239316239316239 0.6523809523809524 0.7931623931623931 0.611904761904762 0.7316239316239316 0.5785714285714286 0.6717948717948717 0.5785714285714286 0.5965811965811966 0.611904761904762 0.5675213675213675 0.638095238095238 0.5418803418803418 0.680952380952381 0.5299145299145299 0.719047619047619 0.5247863247863248 0.7571428571428571 0.5213675213675214 0.7928571428571428 0.5247863247863248 0.85 0.4666666666666667 0.8357142857142857 0.47863247863247865 0.5666666666666667
1 0.48034188034188036 0.6619047619047619 0.48717948717948717 0.6714285714285714 0.49401709401709404 0.6880952380952381 0.4905982905982906 0.6952380952380952 0.48376068376068376 0.6952380952380952 0.47692307692307695 0.6857142857142857 0.47692307692307695 0.6761904761904762
1 0.7743589743589744 0.8071428571428572 0.7811965811965812 0.819047619047619 0.7829059829059829 0.8357142857142857 0.7675213675213676 0.8357142857142857 0.7487179487179487 0.8261904761904761 0.7264957264957265 0.8166666666666667 0.7162393162393162 0.8047619047619048 0.7196581196581197 0.7952380952380952 0.7350427350427351 0.7976190476190477
1 0.7128205128205128 0.8261904761904761 0.7213675213675214 0.830952380952381 0.7264957264957265 0.8380952380952381 0.7264957264957265 0.8476190476190476 0.7213675213675214 0.8547619047619047 0.7162393162393162 0.8476190476190476 0.7111111111111111 0.8380952380952381 0.7076923076923077 0.830952380952381
1 0.7452991452991453 0.8571428571428571 0.7538461538461538 0.8666666666666667 0.7658119658119659 0.8738095238095238 0.7589743589743589 0.8857142857142857 0.7538461538461538 0.8928571428571429 0.747008547008547 0.9 0.7452991452991453 0.8904761904761904 0.7401709401709402 0.8738095238095238 0.7401709401709402 0.8666666666666667
1 0.7401709401709402 0.8928571428571429 0.7333333333333333 0.9 0.7264957264957265 0.9 0.7196581196581197 0.9071428571428571 0.7247863247863248 0.9095238095238095 0.7384615384615385 0.9
1 0.694017094017094 0.8666666666666667 0.6991452991452991 0.8690476190476191 0.705982905982906 0.8761904761904762 0.7076923076923077 0.8857142857142857 0.7076923076923077 0.8928571428571429 0.7076923076923077 0.9 0.7076923076923077 0.9071428571428571 0.7025641025641025 0.9119047619047619 0.694017094017094 0.9166666666666666 0.6923076923076923 0.9095238095238095 0.6991452991452991 0.9047619047619048 0.7025641025641025 0.9 0.6957264957264957 0.8976190476190476 0.6888888888888889 0.8952380952380953 0.6905982905982906 0.8785714285714286
1 0.6324786324786325 0.8285714285714286 0.6427350427350428 0.8214285714285714 0.6512820512820513 0.819047619047619 0.652991452991453 0.830952380952381 0.6427350427350428 0.830952380952381
1 0.6068376068376068 0.7738095238095238 0.6170940170940171 0.7785714285714286 0.611965811965812 0.7833333333333333 0.6136752136752137 0.7928571428571428 0.6068376068376068 0.7785714285714286
1 0.6461538461538462 0.7857142857142857 0.6495726495726496 0.7904761904761904 0.6461538461538462 0.7952380952380952 0.6410256410256411 0.7904761904761904
1 0.6461538461538462 0.7333333333333333 0.6495726495726496 0.7404761904761905 0.6461538461538462 0.7547619047619047 0.6444444444444445 0.7452380952380953
1 0.8478632478632478 0.6928571428571428 0.8615384615384616 0.6928571428571428 0.8717948717948718 0.6857142857142857 0.8837606837606837 0.6833333333333333 0.8803418803418803 0.6904761904761905 0.8700854700854701 0.6976190476190476 0.8547008547008547 0.6976190476190476
0 0.8478632478632478 0.6285714285714286 0.8256410256410256 0.6571428571428571 0.7982905982905983 0.6261904761904762
0 0.28717948717948716 0.430952380952381 0.3367521367521368 0.430952380952381 0.38974358974358975 0.4142857142857143 0.3658119658119658 0.38571428571428573 0.35555555555555557 0.3761904761904762 0.3384615384615385 0.3547619047619048 0.3230769230769231 0.34523809523809523 0.29743589743589743 0.3595238095238095 0.27350427350427353 0.3952380952380952 0.27521367521367524 0.4166666666666667
0 0.4547008547008547 0.4595238095238095 0.4598290598290598 0.4785714285714286 0.4683760683760684 0.5285714285714286 0.4752136752136752 0.580952380952381 0.48034188034188036 0.6142857142857143 0.48034188034188036 0.65 0.48034188034188036 0.6880952380952381 0.48034188034188036 0.7166666666666667 0.47863247863247865 0.7404761904761905 0.4752136752136752 0.7761904761904762 0.4717948717948718 0.8023809523809524 0.4700854700854701 0.8285714285714286 0.46153846153846156 0.8333333333333334 0.46324786324786327 0.7738095238095238 0.4666666666666667 0.6952380952380952 0.46495726495726497 0.6285714285714286 0.4581196581196581 0.5595238095238095 0.4547008547008547 0.5071428571428571 0.4444444444444444 0.45714285714285713