0 0.5182134930313589 1 0.5130662020905923 0.9941724941724942 0.4886759581881533 0.9242424242424242 0.47822299651567945 0.8566433566433567 0.47473867595818814 0.7750582750582751 0.5043554006968641 0.7587412587412588 0.4991289198606272 0.7097902097902098 0.4381533101045296 0.7517482517482518 0.4259581881533101 0.754079254079254 0.42421602787456447 0.7191142191142191 0.42770034843205573 0.6282051282051282 0.4381533101045296 0.5536130536130536 0.4573170731707317 0.5233100233100233 0.4799651567944251 0.5 0.4695121951219512 0.4696969696969697 0.48693379790940766 0.43006993006993005 0.4817073170731707 0.3484848484848485 0.3440766550522648 0.4184149184149184 0.2952961672473868 0.4347319347319347 0.27090592334494773 0.44638694638694637 0.25522648083623695 0.4347319347319347 0.24303135888501742 0.4627039627039627 0.24477351916376305 0.479020979020979 0.25 0.46736596736596736 0.25174216027874563 0.479020979020979 0.24825783972125434 0.5186480186480187 0.2465156794425087 0.5652680652680653 0.25174216027874563 0.6794871794871795 0.2569686411149826 0.7657342657342657 0.2761324041811847 0.8496503496503497 0.29006968641114983 0.9032634032634033 0.30923344947735193 0.9522144522144522 0.32665505226480834 0.9801864801864801 0.3394889668989547 1 0.5182134930313589 1
3 0.5881035348432057 1 0.5897212543554007 0.9848484848484849 0.5932055749128919 0.9662004662004662 0.5949477351916377 0.9475524475524476 0.587979094076655 0.9242424242424242 0.5949477351916377 0.9195804195804196 0.6001742160278746 0.9125874125874126 0.6019163763066202 0.9079254079254079 0.6088850174216028 0.8916083916083916 0.6210801393728222 0.865967365967366 0.6280487804878049 0.837995337995338 0.6297909407665505 0.8053613053613053 0.6263066202090593 0.7657342657342657 0.6210801393728222 0.7377622377622378 0.6158536585365854 0.7307692307692307 0.6054006968641115 0.7214452214452215 0.5966898954703833 0.7214452214452215 0.5897212543554007 0.7261072261072261 0.5810104529616724 0.7354312354312355 0.5757839721254355 0.747086247086247 0.5705574912891986 0.7610722610722611 0.5601045296167247 0.7680652680652681 0.544425087108014 0.7703962703962703 0.5409407665505227 0.7727272727272727 0.5322299651567944 0.7634032634032634 0.514808362369338 0.7610722610722611 0.5008710801393729 0.7773892773892774 0.5078397212543554 0.796037296037296 0.5078397212543554 0.8426573426573427 0.509581881533101 0.865967365967366 0.5182926829268293 0.9055944055944056 0.5252613240418118 0.9382284382284383 0.539198606271777 0.9685314685314685 0.5548780487804879 1 0.5881035348432057 1
0 0.5322299651567944 0.4557109557109557 0.5479094076655052 0.42074592074592077 0.5722996515679443 0.3554778554778555 0.5932055749128919 0.30186480186480186 0.5914634146341463 0.28321678321678323 0.6036585365853658 0.2948717948717949 0.6123693379790941 0.2925407925407925 0.6210801393728222 0.2902097902097902 0.6315331010452961 0.28088578088578087 0.6297909407665505 0.25990675990675993 0.6297909407665505 0.24592074592074592 0.6332752613240418 0.2365967365967366 0.6280487804878049 0.22494172494172493 0.6123693379790941 0.21561771561771562 0.5862369337979094 0.2296037296037296 0.5618466898954704 0.24592074592074592 0.5270034843205574 0.24825174825174826 0.5026132404181185 0.24358974358974358 0.48519163763066203 0.24358974358974358 0.4642857142857143 0.22261072261072262 0.45034843205574915 0.21095571095571095 0.4329268292682927 0.19696969696969696 0.42073170731707316 0.19230769230769232 0.406794425087108 0.19463869463869463 0.3980836236933798 0.18997668997668998 0.3858885017421603 0.19230769230769232 0.37543554006968644 0.1993006993006993 0.382404181184669 0.21794871794871795 0.3980836236933798 0.22494172494172493 0.3980836236933798 0.23892773892773891 0.39634146341463417 0.25757575757575757 0.406794425087108 0.25990675990675993 0.4329268292682927 0.25990675990675993 0.4520905923344948 0.26456876456876455 0.4712543554006969 0.28321678321678323 0.48519163763066203 0.3181818181818182 0.490418118466899 0.34382284382284384 0.47822299651567945 0.34382284382284384 0.40331010452961674 0.39044289044289043 0.41202090592334495 0.45104895104895104 0.4189895470383275 0.5163170163170163 0.4381533101045296 0.5396270396270396 0.48693379790940766 0.4976689976689977 0.5322299651567944 0.4557109557109557
3 0.5653310104529616 0.2062937062937063 0.5409407665505227 0.20163170163170163 0.5217770034843205 0.20862470862470864 0.5078397212543554 0.22494172494172493 0.49390243902439024 0.23892773892773891 0.4834494773519164 0.24592074592074592 0.4817073170731707 0.2529137529137529 0.5026132404181185 0.24592074592074592 0.5287456445993032 0.24825174825174826 0.5618466898954704 0.24592074592074592 0.6019163763066202 0.2202797202797203 0.6088850174216028 0.21794871794871795 0.6036585365853658 0.21794871794871795 0.5810104529616724 0.20862470862470864 0.5653310104529616 0.2062937062937063
0 0.2935540069686411 0.4347319347319347 0.3162020905923345 0.43006993006993005 0.4102787456445993 0.38578088578088576 0.42421602787456447 0.4813519813519814 0.460801393728223 0.46736596736596736 0.4799651567944251 0.34382284382284384 0.4921602787456446 0.34382284382284384 0.4729965156794425 0.28554778554778554 0.44860627177700346 0.26456876456876455 0.39634146341463417 0.25524475524475526 0.352787456445993 0.25757575757575757 0.32142857142857145 0.26223776223776224 0.29181184668989546 0.27855477855477856 0.27090592334494773 0.3041958041958042 0.27439024390243905 0.4114219114219114 0.2935540069686411 0.4347319347319347
4 0.5426829268292683 0.6655011655011654 0.5461672473867596 0.6561771561771562 0.5461672473867596 0.6515151515151515 0.544425087108014 0.6398601398601399 0.5426829268292683 0.6351981351981352 0.539198606271777 0.6305361305361306 0.5339721254355401 0.6561771561771562 0.5270034843205574 0.6724941724941725 0.5235191637630662 0.6888111888111889 0.5200348432055749 0.7074592074592074 0.5217770034843205 0.7331002331002331 0.5252613240418118 0.7424242424242424 0.5270034843205574 0.7494172494172494 0.5339721254355401 0.7447552447552448 0.539198606271777 0.7354312354312355 0.539198606271777 0.7284382284382285 0.5322299651567944 0.7191142191142191 0.5339721254355401 0.7097902097902098 0.5409407665505227 0.7074592074592074 0.5479094076655052 0.7004662004662005 0.5374564459930313 0.6911421911421911 0.5339721254355401 0.6841491841491841 0.5409407665505227 0.6748251748251748 0.5426829268292683 0.6655011655011654
4 0.5792682926829268 0.6981351981351981 0.5792682926829268 0.7074592074592074 0.5792682926829268 0.7237762237762237 0.5792682926829268 0.7400932400932401 0.5844947735191638 0.7517482517482518 0.5914634146341463 0.7773892773892774 0.5966898954703833 0.7843822843822844 0.6001742160278746 0.782051282051282 0.5966898954703833 0.7657342657342657 0.5932055749128919 0.7400932400932401 0.5897212543554007 0.7284382284382285 0.5897212543554007 0.7121212121212122 0.5897212543554007 0.6864801864801865 0.5862369337979094 0.6701631701631702 0.5810104529616724 0.6678321678321678 0.5792682926829268 0.6981351981351981
4 0.6332752613240418 0.5769230769230769 0.6332752613240418 0.5629370629370629 0.6315331010452961 0.5536130536130536 0.6263066202090593 0.548951048951049 0.6245644599303136 0.5582750582750583 0.6245644599303136 0.5745920745920746 0.6280487804878049 0.5955710955710956 0.6315331010452961 0.6095571095571095 0.6315331010452961 0.6212121212121212 0.6350174216027874 0.6258741258741258 0.6385017421602788 0.6188811188811189 0.6367595818815331 0.5955710955710956 0.6332752613240418 0.5769230769230769
4 0.5461672473867596 0.5209790209790209 0.544425087108014 0.5186480186480187 0.5409407665505227 0.513986013986014 0.5374564459930313 0.5116550116550117 0.5304878048780488 0.5116550116550117 0.5304878048780488 0.5163170163170163 0.5304878048780488 0.5186480186480187 0.5357142857142857 0.5186480186480187 0.544425087108014 0.5256410256410257 0.5479094076655052 0.5303030303030303 0.5461672473867596 0.5209790209790209
4 0.5409407665505227 0.49533799533799533 0.5426829268292683 0.49067599067599066 0.5426829268292683 0.486013986013986 0.5409407665505227 0.4813519813519814 0.5357142857142857 0.4836829836829837 0.5339721254355401 0.49533799533799533 0.5304878048780488 0.5023310023310024 0.5304878048780488 0.5093240093240093 0.5357142857142857 0.5046620046620046 0.539198606271777 0.5 0.5409407665505227 0.49533799533799533
4 0.5182926829268293 0.548951048951049 0.5165505226480837 0.548951048951049 0.5165505226480837 0.541958041958042 0.5182926829268293 0.534965034965035 0.5165505226480837 0.534965034965035 0.5130662020905923 0.5396270396270396 0.5113240418118467 0.5442890442890443 0.5113240418118467 0.5512820512820513 0.5113240418118467 0.5582750582750583 0.5113240418118467 0.5652680652680653 0.5130662020905923 0.5675990675990676 0.5165505226480837 0.5722610722610723 0.5182926829268293 0.5582750582750583 0.5182926829268293 0.548951048951049
4 0.5496515679442509 0.5675990675990676 0.5496515679442509 0.5629370629370629 0.5531358885017421 0.5536130536130536 0.5548780487804879 0.548951048951049 0.5566202090592335 0.541958041958042 0.5566202090592335 0.5396270396270396 0.5566202090592335 0.534965034965035 0.5548780487804879 0.5256410256410257 0.5513937282229965 0.527972027972028 0.5496515679442509 0.5396270396270396 0.5479094076655052 0.548951048951049 0.5461672473867596 0.5536130536130536 0.544425087108014 0.5606060606060606 0.5426829268292683 0.5722610722610723 0.5426829268292683 0.5792540792540792 0.5461672473867596 0.5815850815850816 0.5479094076655052 0.5722610722610723 0.5496515679442509 0.5675990675990676
4 0.5618466898954704 0.5769230769230769 0.5566202090592335 0.5769230769230769 0.5548780487804879 0.5885780885780886 0.5548780487804879 0.5932400932400932 0.5601045296167247 0.5909090909090909 0.563588850174216 0.5885780885780886 0.563588850174216 0.5815850815850816 0.5618466898954704 0.5769230769230769
4 0.5653310104529616 0.5466200466200466 0.5653310104529616 0.5372960372960373 0.563588850174216 0.5326340326340326 0.5583623693379791 0.5466200466200466 0.5601045296167247 0.5536130536130536 0.563588850174216 0.5559440559440559 0.5653310104529616 0.5512820512820513 0.5653310104529616 0.5466200466200466
4 0.5897212543554007 0.47202797202797203 0.5897212543554007 0.46736596736596736 0.587979094076655 0.458041958041958 0.5844947735191638 0.4533799533799534 0.5827526132404182 0.44638694638694637 0.587979094076655 0.4324009324009324 0.587979094076655 0.4230769230769231 0.5932055749128919 0.4114219114219114 0.5949477351916377 0.38344988344988346 0.6001742160278746 0.3741258741258741 0.6001742160278746 0.36480186480186483 0.6054006968641115 0.3508158508158508 0.6071428571428571 0.34382284382284384 0.6071428571428571 0.3368298368298368 0.6054006968641115 0.3298368298368298 0.6019163763066202 0.33916083916083917 0.587979094076655 0.3484848484848485 0.5932055749128919 0.36013986013986016 0.5897212543554007 0.3717948717948718 0.587979094076655 0.38344988344988346 0.5810104529616724 0.3997668997668998 0.5844947735191638 0.40675990675990675 0.5827526132404182 0.41375291375291373 0.5792682926829268 0.4254079254079254 0.5775261324041812 0.43006993006993005 0.5705574912891986 0.4347319347319347 0.5757839721254355 0.45104895104895104 0.5775261324041812 0.4557109557109557 0.5810104529616724 0.46736596736596736 0.5844947735191638 0.47435897435897434 0.5897212543554007 0.47202797202797203
4 0.6054006968641115 0.47202797202797203 0.5984320557491289 0.47435897435897434 0.5984320557491289 0.4836829836829837 0.5932055749128919 0.493006993006993 0.5897212543554007 0.4976689976689977 0.5949477351916377 0.5 0.6019163763066202 0.49533799533799533 0.6071428571428571 0.4766899766899767 0.6054006968641115 0.47202797202797203
4 0.563588850174216 0.40442890442890445 0.5601045296167247 0.3974358974358974 0.568815331010453 0.3974358974358974 0.5757839721254355 0.4020979020979021 0.5792682926829268 0.4020979020979021 0.5775261324041812 0.3951048951048951 0.5670731707317073 0.39044289044289043 0.5601045296167247 0.39044289044289043 0.5566202090592335 0.3927738927738928 0.5566202090592335 0.4020979020979021 0.5583623693379791 0.40675990675990675 0.5601045296167247 0.4160839160839161 0.5653310104529616 0.42074592074592077 0.5653310104529616 0.4114219114219114 0.563588850174216 0.40442890442890445
4 0.6141114982578397 0.3111888111888112 0.6141114982578397 0.30186480186480186 0.6158536585365854 0.2972027972027972 0.6158536585365854 0.2902097902097902 0.6158536585365854 0.28554778554778554 0.6123693379790941 0.2902097902097902 0.6088850174216028 0.2972027972027972 0.6036585365853658 0.3135198135198135 0.6019163763066202 0.32517482517482516 0.6001742160278746 0.3275058275058275 0.5984320557491289 0.3368298368298368 0.5984320557491289 0.34382284382284384 0.6071428571428571 0.33916083916083917 0.6088850174216028 0.3344988344988345 0.6106271777003485 0.31585081585081587 0.6141114982578397 0.3111888111888112
4 0.5566202090592335 0.9055944055944056 0.5601045296167247 0.8916083916083916 0.5583623693379791 0.8846153846153846 0.5548780487804879 0.8822843822843823 0.5513937282229965 0.8822843822843823 0.5479094076655052 0.8869463869463869 0.544425087108014 0.8892773892773893 0.5409407665505227 0.8892773892773893 0.5409407665505227 0.8752913752913752 0.5426829268292683 0.8636363636363636 0.539198606271777 0.8589743589743589 0.5322299651567944 0.8682983682983683 0.5270034843205574 0.8822843822843823 0.5252613240418118 0.8939393939393939 0.5235191637630662 0.9032634032634033 0.5235191637630662 0.9102564102564102 0.5287456445993032 0.9102564102564102 0.5357142857142857 0.9102564102564102 0.539198606271777 0.9102564102564102 0.544425087108014 0.9242424242424242 0.5513937282229965 0.9102564102564102 0.5566202090592335 0.9055944055944056
4 0.544425087108014 0.7657342657342657 0.5357142857142857 0.7703962703962703 0.5339721254355401 0.7797202797202797 0.5357142857142857 0.7843822843822844 0.539198606271777 0.7843822843822844 0.5426829268292683 0.7843822843822844 0.5513937282229965 0.7750582750582751 0.5513937282229965 0.7680652680652681 0.544425087108014 0.7657342657342657
4 0.6141114982578397 0.803030303030303 0.617595818815331 0.7983682983682984 0.6193379790940766 0.7913752913752914 0.617595818815331 0.7867132867132867 0.6158536585365854 0.7773892773892774 0.6158536585365854 0.7680652680652681 0.6141114982578397 0.7587412587412588 0.6106271777003485 0.7494172494172494 0.6071428571428571 0.7517482517482518 0.6071428571428571 0.7703962703962703 0.6106271777003485 0.782051282051282 0.6123693379790941 0.7913752913752914 0.6106271777003485 0.8006993006993007 0.6036585365853658 0.803030303030303 0.5984320557491289 0.8076923076923077 0.6036585365853658 0.8123543123543123 0.6088850174216028 0.8076923076923077 0.6141114982578397 0.803030303030303
4 0.5426829268292683 0.6072261072261073 0.5426829268292683 0.5955710955710956 0.5409407665505227 0.5862470862470862 0.5339721254355401 0.5932400932400932 0.5304878048780488 0.6048951048951049 0.5287456445993032 0.6212121212121212 0.5304878048780488 0.6258741258741258 0.5357142857142857 0.6212121212121212 0.539198606271777 0.6118881118881119 0.5426829268292683 0.6072261072261073
4 0.5740418118466899 0.6841491841491841 0.5722996515679443 0.6678321678321678 0.5722996515679443 0.6561771561771562 0.5670731707317073 0.6398601398601399 0.5583623693379791 0.6585081585081585 0.5583623693379791 0.6771561771561772 0.5583623693379791 0.6818181818181818 0.5601045296167247 0.6934731934731935 0.563588850174216 0.7144522144522144 0.5722996515679443 0.6958041958041958 0.5740418118466899 0.6841491841491841
4 0.5165505226480837 0.6748251748251748 0.5113240418118467 0.6771561771561772 0.509581881533101 0.6841491841491841 0.5078397212543554 0.6911421911421911 0.5165505226480837 0.6888111888111889 0.5182926829268293 0.6794871794871795 0.5165505226480837 0.6748251748251748
4 0.5043554006968641 0.6025641025641025 0.5008710801393729 0.5885780885780886 0.49390243902439024 0.6118881118881119 0.49390243902439024 0.6235431235431236 0.49564459930313587 0.6282051282051282 0.5026132404181185 0.6258741258741258 0.5060975609756098 0.6188811188811189 0.5043554006968641 0.6095571095571095 0.5043554006968641 0.6025641025641025
3 0.563588850174216 0.36713286713286714 0.5531358885017421 0.3927738927738928 0.5601045296167247 0.4020979020979021 0.5583623693379791 0.4114219114219114 0.5479094076655052 0.4090909090909091 0.5374564459930313 0.42074592074592077 0.5339721254355401 0.44871794871794873 0.5287456445993032 0.48834498834498835 0.514808362369338 0.534965034965035 0.5078397212543554 0.5652680652680653 0.5008710801393729 0.6025641025641025 0.49390243902439024 0.6375291375291375 0.490418118466899 0.7004662004662005 0.4886759581881533 0.7610722610722611 0.49738675958188155 0.7750582750582751 0.5130662020905923 0.7447552447552448 0.5270034843205574 0.6538461538461539 0.5531358885017421 0.5442890442890443 0.5844947735191638 0.4114219114219114 0.617595818815331 0.28554778554778554 0.5932055749128919 0.28554778554778554 0.568815331010453 0.3484848484848485 0.563588850174216 0.36713286713286714
0 0.5794693118466899 1 0.5409407665505227 0.9125874125874126 0.5304878048780488 0.87995337995338 0.5252613240418118 0.8053613053613053 0.5235191637630662 0.7587412587412588 0.5182926829268293 0.7261072261072261 0.5078397212543554 0.7004662004662005 0.5060975609756098 0.6631701631701632 0.5113240418118467 0.6142191142191142 0.5182926829268293 0.5652680652680653 0.5252613240418118 0.5186480186480187 0.509581881533101 0.5209790209790209 0.49564459930313587 0.5652680652680653 0.4886759581881533 0.6305361305361306 0.4886759581881533 0.6981351981351981 0.49738675958188155 0.782051282051282 0.5078397212543554 0.8589743589743589 0.5165505226480837 0.9102564102564102 0.5287456445993032 0.9428904428904429 0.5513937282229965 0.9918414918414918 0.5605400696864111 1 0.5794693118466899 1