8 0.43107769423558895 0.6705685618729097 0.45614035087719296 0.6588628762541806 0.47619047619047616 0.6622073578595318 0.45112781954887216 0.6755852842809364 0.4323308270676692 0.6872909698996655
8 0.506265664160401 0.5702341137123745 0.5137844611528822 0.5836120401337793 0.5162907268170426 0.5919732441471572 0.5100250626566416 0.5919732441471572 0.5025062656641605 0.5869565217391305
8 0.5100250626566416 0.5752508361204013 0.5300751879699248 0.5652173913043478 0.5639097744360902 0.5451505016722408 0.5776942355889725 0.5501672240802675 0.581453634085213 0.5652173913043478 0.556390977443609 0.5752508361204013 0.5363408521303258 0.5886287625418061 0.531328320802005 0.580267558528428 0.5225563909774437 0.5886287625418061 0.5162907268170426 0.596989966555184
8 0.5852130325814536 0.5384615384615384 0.5939849624060151 0.5317725752508361 0.600250626566416 0.5451505016722408 0.5889724310776943 0.5501672240802675
8 0.48872180451127817 0.6588628762541806 0.5162907268170426 0.6404682274247492 0.5125313283208021 0.6538461538461539 0.5 0.6789297658862876 0.4799498746867168 0.7274247491638796 0.47117794486215536 0.7207357859531772 0.4724310776942356 0.7023411371237458 0.4824561403508772 0.6939799331103679 0.48872180451127817 0.6822742474916388 0.48370927318295737 0.6722408026755853
8 0.4799498746867168 0.6705685618729097 0.4799498746867168 0.6822742474916388 0.46616541353383456 0.7207357859531772 0.4598997493734336 0.7391304347826086 0.45864661654135336 0.7240802675585284
8 0.424812030075188 0.725752508361204 0.4423558897243108 0.7240802675585284 0.4523809523809524 0.7224080267558528 0.45363408521303256 0.7324414715719063 0.43734335839599 0.7341137123745819 0.42606516290726815 0.7374581939799331
8 0.6190476190476191 0.568561872909699 0.6340852130325815 0.5668896321070234 0.6290726817042607 0.580267558528428
8 0.6328320802005013 0.5852842809364549 0.6428571428571429 0.5836120401337793 0.6378446115288221 0.596989966555184
8 0.5238095238095238 0.6070234113712375 0.531328320802005 0.6153846153846154 0.5325814536340853 0.6237458193979933 0.5263157894736842 0.6304347826086957
8 0.5463659147869674 0.6086956521739131 0.568922305764411 0.5886287625418061 0.581453634085213 0.5836120401337793 0.5877192982456141 0.5919732441471572 0.5639097744360902 0.6020066889632107 0.5526315789473685 0.6103678929765887
8 0.5914786967418546 0.5886287625418061 0.6040100250626567 0.5752508361204013 0.6177944862155389 0.568561872909699 0.62531328320802 0.5852842809364549 0.6340852130325815 0.5953177257525084 0.6390977443609023 0.6086956521739131 0.6290726817042607 0.6220735785953178 0.6203007518796992 0.6120401337792643 0.62531328320802 0.6020066889632107 0.6190476190476191 0.5886287625418061 0.6115288220551378 0.580267558528428 0.6015037593984962 0.5886287625418061
0 0.8809523809523809 0.5434782608695652 0.8947368421052632 0.5367892976588629 0.9035087719298246 0.5284280936454849 0.9147869674185464 0.5234113712374582 0.9273182957393483 0.5033444816053512 0.9348370927318296 0.4782608695652174 0.9360902255639098 0.4498327759197324 0.9373433583959899 0.4280936454849498 0.931077694235589 0.4197324414715719 0.9160401002506265 0.41471571906354515 0.8959899749373433 0.4297658862876254 0.8909774436090225 0.45819397993311034 0.8859649122807017 0.4916387959866221 0.8784461152882206 0.5100334448160535 0.8771929824561403 0.5234113712374582
6 0.8947368421052632 0.3996655518394649 0.9047619047619048 0.3963210702341137 0.9110275689223057 0.3862876254180602 0.9072681704260651 0.3795986622073579 0.9010025062656641 0.3779264214046823 0.8959899749373433 0.38461538461538464
3 0.8847117794486216 0.4431438127090301 0.8784461152882206 0.40301003344481606 0.8859649122807017 0.3745819397993311 0.8771929824561403 0.3494983277591973 0.8822055137844611 0.33277591973244147 0.8922305764411027 0.32274247491638797 0.9072681704260651 0.31438127090301005 0.9210526315789473 0.30267558528428096 0.9298245614035088 0.31270903010033446 0.9385964912280702 0.33612040133779264 0.9373433583959899 0.3595317725752508 0.9360902255639098 0.3712374581939799 0.918546365914787 0.3795986622073579 0.9047619047619048 0.391304347826087 0.8984962406015038 0.4096989966555184 0.8947368421052632 0.43478260869565216
2 0.9298245614035088 0.31605351170568563 0.9323308270676691 0.34448160535117056 0.9298245614035088 0.36789297658862874 0.949874686716792 0.3745819397993311 0.9448621553884712 0.3494983277591973
0 0.9348370927318296 0.33277591973244147 0.943609022556391 0.3494983277591973 0.9536340852130326 0.36622073578595316 0.9523809523809523 0.38127090301003347 0.9423558897243107 0.38294314381270905 0.9285714285714286 0.38127090301003347 0.9273182957393483 0.3712374581939799 0.9335839598997494 0.36454849498327757 0.9348370927318296 0.35618729096989965 0.9285714285714286 0.3311036789297659
0 0.8972431077694235 0.391304347826087 0.8909774436090225 0.3779264214046823 0.893483709273183 0.3712374581939799 0.899749373433584 0.3729096989966555 0.9060150375939849 0.3795986622073579 0.9085213032581454 0.3879598662207358 0.9072681704260651 0.39464882943143814