0 0.26788218793828894 0.7105263157894737 0.3267882187938289 0.7142857142857143 0.4375876577840112 0.7236842105263158 0.5497896213183731 0.7255639097744361 0.6479663394109397 0.7218045112781954 0.7082748948106592 0.7180451127819549 0.729312762973352 0.7274436090225563 0.7517531556802244 0.7593984962406015 0.7573632538569425 0.7857142857142857 0.7643758765778401 0.8383458646616542 0.7026647966339411 0.8609022556390977 0.6521739130434783 0.8703007518796992 0.6493688639551192 0.8834586466165414 0.6409537166900421 0.9154135338345865 0.6213183730715287 0.9154135338345865 0.5722300140252454 0.9078947368421053 0.4838709677419355 0.8928571428571429 0.48246844319775595 0.9210526315789473 0.47685834502103785 0.924812030075188 0.47124824684431976 0.9229323308270677 0.4684431977559607 0.9172932330827067 0.4670406732117812 0.8947368421052632 0.4586255259467041 0.8909774436090225 0.42075736325385693 0.9116541353383458 0.39270687237026647 0.9360902255639098 0.35624123422159887 0.9624060150375939 0.3267882187938289 0.9793233082706767 0.2973352033660589 0.9943609022556391 0.29453015427769985 0.9887218045112782 0.2959326788218794 0.981203007518797 0.29453015427769985 0.9699248120300752 0.2917251051893408 0.9624060150375939 0.29453015427769985 0.9530075187969925 0.3211781206171108 0.9285714285714286 0.29873772791023845 0.9060150375939849 0.2552594670406732 0.8834586466165414 0.21598877980364656 0.8552631578947368 0.15568022440392706 0.8120300751879699 0.211781206171108 0.825187969924812 0.22580645161290322 0.7593984962406015 0.23983169705469845 0.7274436090225563 0.2538569424964937 0.7180451127819549
0 0.20476858345021037 0.36466165413533835 0.33099579242636745 0.37406015037593987 0.4838709677419355 0.37593984962406013 0.6199158485273493 0.37406015037593987 0.7769985974754559 0.36466165413533835 0.7713884992987378 0.39473684210526316 0.7517531556802244 0.45864661654135336 0.7307152875175316 0.5037593984962406 0.729312762973352 0.5300751879699248 0.7054698457223001 0.5714285714285714 0.6521739130434783 0.5845864661654135 0.5778401122019635 0.5921052631578947 0.4740532959326788 0.5902255639097744 0.37166900420757365 0.5827067669172933 0.27349228611500703 0.5601503759398496 0.25806451612903225 0.5225563909774437 0.21598877980364656 0.41541353383458646
8 0.30995792426367463 0.6654135338345865 0.3267882187938289 0.6766917293233082 0.3281907433380084 0.7030075187969925 0.30434782608695654 0.706766917293233 0.2861150070126227 0.6954887218045113 0.28751753155680226 0.6898496240601504 0.3071528751753156 0.6973684210526315 0.3155680224403927 0.6973684210526315 0.3141654978962132 0.6785714285714286 0.302945301542777 0.6654135338345865
8 0.41935483870967744 0.6691729323308271 0.4375876577840112 0.6597744360902256 0.4488078541374474 0.6635338345864662 0.4488078541374474 0.6710526315789473 0.4305750350631136 0.6710526315789473 0.41935483870967744 0.6766917293233082
8 0.22300140252454417 0.6954887218045113 0.25666199158485276 0.7086466165413534 0.23842917251051893 0.7236842105263158 0.2300140252454418 0.7368421052631579 0.2005610098176718 0.7330827067669173 0.19635343618513323 0.7330827067669173 0.20336605890603085 0.7161654135338346 0.211781206171108 0.7011278195488722
8 0.16129032258064516 0.7368421052631579 0.1767180925666199 0.7406015037593985 0.17812061711079943 0.7330827067669173 0.18934081346423562 0.7349624060150376 0.18934081346423562 0.7406015037593985 0.2244039270687237 0.7462406015037594 0.2244039270687237 0.75 0.18934081346423562 0.75 0.17812061711079943 0.7518796992481203 0.17391304347826086 0.7612781954887218 0.16129032258064516 0.7575187969924813 0.1584852734922861 0.7612781954887218 0.17391304347826086 0.768796992481203 0.1879382889200561 0.7650375939849624 0.19074333800841514 0.7706766917293233 0.17391304347826086 0.7763157894736842 0.18653576437587657 0.7781954887218046 0.20476858345021037 0.7800751879699248 0.21458625525946703 0.7800751879699248 0.20757363253856942 0.7894736842105263 0.1935483870967742 0.7969924812030075 0.17251051893408134 0.7894736842105263 0.1570827489481066 0.7894736842105263 0.13604488078541374 0.7781954887218046 0.10799438990182328 0.7650375939849624 0.12482468443197756 0.7706766917293233 0.13183730715287517 0.768796992481203 0.13744740532959326 0.7650375939849624 0.13604488078541374 0.7593984962406015 0.14446002805049088 0.7631578947368421 0.1514726507713885 0.7612781954887218 0.1570827489481066 0.7537593984962406
8 0.6367461430575035 0.6710526315789473 0.6507713884992987 0.6710526315789473 0.6563814866760168 0.6842105263157895 0.6521739130434783 0.7086466165413534 0.6521739130434783 0.693609022556391 0.6507713884992987 0.6785714285714286 0.6465638148667602 0.6766917293233082 0.635343618513324 0.674812030075188
8 0.5273492286115007 0.6729323308270677 0.5511921458625526 0.6729323308270677 0.5511921458625526 0.6766917293233082 0.5273492286115007 0.6785714285714286
8 0.5231416549789621 0.6992481203007519 0.5343618513323983 0.7011278195488722 0.5343618513323983 0.7048872180451128 0.5231416549789621 0.7030075187969925
8 0.49789621318373073 0.6672932330827067 0.5035063113604488 0.6898496240601504 0.5007012622720898 0.6917293233082706 0.4950911640953717 0.6804511278195489 0.4950911640953717 0.6672932330827067
8 0.4684431977559607 0.6992481203007519 0.48246844319775595 0.7011278195488722 0.47545582047685836 0.7086466165413534 0.46984572230014027 0.7086466165413534
8 0.42917251051893407 0.7142857142857143 0.4361851332398317 0.7142857142857143 0.4361851332398317 0.7180451127819549 0.42917251051893407 0.7199248120300752
8 0.26367461430575034 0.650375939849624 0.3015427769985975 0.6466165413533834 0.3267882187938289 0.6541353383458647 0.32538569424964936 0.6672932330827067 0.30995792426367463 0.6635338345864662 0.2903225806451613 0.6597744360902256 0.27489481065918653 0.6541353383458647 0.2650771388499299 0.6541353383458647
8 0.2973352033660589 0.6409774436090225 0.302945301542777 0.6372180451127819 0.3169705469845722 0.6372180451127819 0.3169705469845722 0.6409774436090225 0.3071528751753156 0.6409774436090225 0.29873772791023845 0.6428571428571429
8 0.5624123422159888 0.7011278195488722 0.5694249649368864 0.6954887218045113 0.5722300140252454 0.7011278195488722 0.5638148667601683 0.7030075187969925
8 0.5876577840112202 0.6729323308270677 0.5988779803646563 0.6710526315789473 0.5988779803646563 0.674812030075188 0.5890603085553997 0.6785714285714286
8 0.24684431977559607 0.650375939849624 0.2594670406732118 0.6522556390977443 0.2538569424964937 0.6597744360902256 0.22580645161290322 0.6597744360902256 0.22861150070126227 0.650375939849624
3 0.6465638148667602 0.6447368421052632 0.6732117812061711 0.6691729323308271 0.6633941093969145 0.6954887218045113 0.6493688639551192 0.7105263157894737 0.6297335203366059 0.6860902255639098 0.6255259467040674 0.674812030075188 0.638148667601683 0.6428571428571429
3 0.7180925666199158 0.6390977443609023 0.7110799438990182 0.6691729323308271 0.7251051893408135 0.6879699248120301 0.7335203366058906 0.674812030075188 0.7335203366058906 0.650375939849624 0.729312762973352 0.6390977443609023
3 0.7727910238429172 0.6334586466165414 0.7643758765778401 0.6428571428571429 0.7699859747545582 0.6560150375939849 0.7755960729312763 0.6484962406015038 0.7784011220196353 0.6353383458646616
5 0.11220196353436185 0.6823308270676691 0.12903225806451613 0.6898496240601504 0.14446002805049088 0.7048872180451128 0.1570827489481066 0.7274436090225563 0.1584852734922861 0.7462406015037594 0.15427769985974754 0.7575187969924813 0.14726507713884993 0.7612781954887218 0.13604488078541374 0.7575187969924813 0.12622720897615708 0.7481203007518797 0.1150070126227209 0.731203007518797 0.10659186535764376 0.7142857142857143 0.10378681626928471 0.7030075187969925 0.10238429172510519 0.693609022556391 0.10659186535764376 0.6860902255639098
5 0.8359046283309958 0.7048872180451128 0.8457223001402524 0.6973684210526315 0.8583450210378681 0.6954887218045113 0.8625525946704067 0.7011278195488722 0.8625525946704067 0.7124060150375939 0.8541374474053296 0.7293233082706767 0.8457223001402524 0.7443609022556391 0.8373071528751753 0.7556390977443609 0.8288920056100981 0.7631578947368421 0.8176718092566619 0.7669172932330827 0.8106591865357644 0.7631578947368421 0.8092566619915849 0.7575187969924813 0.8092566619915849 0.7443609022556391 0.8162692847124825 0.7293233082706767 0.8274894810659187 0.7142857142857143