5 0.4770034843205575 1 0.4764808362369338 0.9988344988344988 0.4695121951219512 0.9871794871794872 0.4642857142857143 0.9731934731934732 0.45034843205574915 0.9498834498834499 0.3998257839721254 0.9428904428904429 0.4102787456445993 0.9708624708624709 0.42247386759581884 0.9895104895104895 0.43423344947735193 1 0.4770034843205575 1
6 0.19773519163763068 0.5862470862470862 0.1994773519163763 0.5769230769230769 0.20121951219512196 0.5582750582750583 0.21167247386759583 0.5512820512820513 0.21689895470383275 0.541958041958042 0.2221254355400697 0.5163170163170163 0.21689895470383275 0.493006993006993 0.20993031358885017 0.486013986013986 0.20121951219512196 0.486013986013986 0.19250871080139373 0.48834498834498835 0.18902439024390244 0.5 0.19076655052264807 0.5885780885780886 0.19773519163763068 0.5862470862470862
8 0.2778745644599303 0.4533799533799534 0.2865853658536585 0.4603729603729604 0.2970383275261324 0.4603729603729604 0.30923344947735193 0.4627039627039627 0.32665505226480834 0.4603729603729604 0.3475609756097561 0.44405594405594406 0.36498257839721254 0.4184149184149184 0.3806620209059233 0.4020979020979021 0.40156794425087106 0.38344988344988346 0.4172473867595819 0.36713286713286714 0.4259581881533101 0.3508158508158508 0.42770034843205573 0.3275058275058275 0.42421602787456447 0.32051282051282054 0.35801393728222997 0.3554778554778555 0.30052264808362367 0.38344988344988346 0.22386759581881532 0.41375291375291373 0.24477351916376305 0.4184149184149184 0.2569686411149826 0.4230769230769231 0.26742160278745647 0.4393939393939394 0.2778745644599303 0.4533799533799534
8 0.27961672473867594 0.5815850815850816 0.2813588850174216 0.6235431235431236 0.28310104529616725 0.6375291375291375 0.2883275261324042 0.6655011655011654 0.2952961672473868 0.7004662004662005 0.30052264808362367 0.7167832167832168 0.31097560975609756 0.7074592074592074 0.3144599303135889 0.6818181818181818 0.3162020905923345 0.6305361305361306 0.31968641114982577 0.5885780885780886 0.3231707317073171 0.5722610722610723 0.3249128919860627 0.5629370629370629 0.2970383275261324 0.5652680652680653 0.28310104529616725 0.5652680652680653 0.27961672473867594 0.5372960372960373 0.2761324041811847 0.5256410256410257 0.2691637630662021 0.506993006993007 0.2604529616724739 0.5 0.25174216027874563 0.4976689976689977 0.2534843205574913 0.5046620046620046 0.26393728222996515 0.5093240093240093 0.27090592334494773 0.5256410256410257 0.2761324041811847 0.5606060606060606 0.27961672473867594 0.5815850815850816
8 0.4936120783972125 1 0.490418118466899 0.9871794871794872 0.4886759581881533 0.9685314685314685 0.48519163763066203 0.9545454545454546 0.4834494773519164 0.9452214452214452 0.4729965156794425 0.9335664335664335 0.4416376306620209 0.9289044289044289 0.43989547038327526 0.9405594405594405 0.44860627177700346 0.9498834498834499 0.4538327526132404 0.9592074592074592 0.4625435540069686 0.9755244755244755 0.4729965156794425 0.9918414918414918 0.47756968641114983 1 0.4936120783972125 1
8 0.32839721254355403 0.6678321678321678 0.31794425087108014 0.6818181818181818 0.3162020905923345 0.7004662004662005 0.3074912891986063 0.7214452214452215 0.32142857142857145 0.7121212121212122 0.33013937282229966 0.7237762237762237 0.3353658536585366 0.7237762237762237 0.3353658536585366 0.7097902097902098 0.3318815331010453 0.7074592074592074 0.32665505226480834 0.6958041958041958 0.32839721254355403 0.6818181818181818 0.33013937282229966 0.6771561771561772 0.33013937282229966 0.6748251748251748 0.32839721254355403 0.6678321678321678
8 0.47822299651567945 0.5 0.47473867595818814 0.5023310023310024 0.4712543554006969 0.5046620046620046 0.4712543554006969 0.5093240093240093 0.4764808362369338 0.5186480186480187 0.4729965156794425 0.5233100233100233 0.4729965156794425 0.5326340326340326 0.4764808362369338 0.5326340326340326 0.4799651567944251 0.5326340326340326 0.4817073170731707 0.5303030303030303 0.48519163763066203 0.5256410256410257 0.4886759581881533 0.5209790209790209 0.4921602787456446 0.5116550116550117 0.4921602787456446 0.5046620046620046 0.4886759581881533 0.4976689976689977 0.48519163763066203 0.49533799533799533 0.4817073170731707 0.4976689976689977 0.47822299651567945 0.5
8 0.5322299651567944 0.7214452214452215 0.5270034843205574 0.7191142191142191 0.5235191637630662 0.7167832167832168 0.5235191637630662 0.7097902097902098 0.5252613240418118 0.6981351981351981 0.5270034843205574 0.6911421911421911 0.5200348432055749 0.6864801864801865 0.5182926829268293 0.6888111888111889 0.5165505226480837 0.6958041958041958 0.5165505226480837 0.6981351981351981 0.5182926829268293 0.7074592074592074 0.5165505226480837 0.7144522144522144 0.5182926829268293 0.7261072261072261 0.5235191637630662 0.7307692307692307 0.5287456445993032 0.7307692307692307 0.5339721254355401 0.7261072261072261 0.5374564459930313 0.7191142191142191 0.5374564459930313 0.7144522144522144 0.5339721254355401 0.7167832167832168 0.5322299651567944 0.7214452214452215
8 0.509581881533101 0.48834498834498835 0.5043554006968641 0.486013986013986 0.5043554006968641 0.49533799533799533 0.5008710801393729 0.5023310023310024 0.5008710801393729 0.5093240093240093 0.5060975609756098 0.5093240093240093 0.5078397212543554 0.5163170163170163 0.5008710801393729 0.5372960372960373 0.5043554006968641 0.548951048951049 0.5078397212543554 0.5512820512820513 0.5060975609756098 0.5606060606060606 0.5060975609756098 0.5699300699300699 0.5078397212543554 0.5792540792540792 0.5130662020905923 0.5885780885780886 0.5165505226480837 0.5979020979020979 0.5235191637630662 0.6002331002331003 0.5270034843205574 0.6002331002331003 0.5287456445993032 0.6002331002331003 0.5357142857142857 0.5955710955710956 0.539198606271777 0.5862470862470862 0.539198606271777 0.5815850815850816 0.5339721254355401 0.583916083916084 0.5322299651567944 0.5862470862470862 0.5287456445993032 0.5909090909090909 0.5252613240418118 0.5932400932400932 0.5217770034843205 0.5932400932400932 0.5182926829268293 0.5932400932400932 0.514808362369338 0.5862470862470862 0.509581881533101 0.5769230769230769 0.509581881533101 0.5629370629370629 0.5113240418118467 0.5582750582750583 0.5182926829268293 0.5536130536130536 0.5217770034843205 0.541958041958042 0.5235191637630662 0.527972027972028 0.5270034843205574 0.5046620046620046 0.5270034843205574 0.49533799533799533 0.5200348432055749 0.49533799533799533 0.514808362369338 0.49533799533799533 0.509581881533101 0.48834498834498835
8 0.544425087108014 0.4090909090909091 0.5374564459930313 0.41375291375291373 0.5304878048780488 0.41375291375291373 0.5287456445993032 0.41375291375291373 0.5322299651567944 0.4160839160839161 0.5409407665505227 0.42074592074592077 0.5479094076655052 0.41375291375291373 0.5548780487804879 0.40442890442890445 0.5548780487804879 0.3951048951048951 0.5496515679442509 0.3951048951048951 0.5479094076655052 0.40442890442890445 0.544425087108014 0.4090909090909091
8 0.34930313588850176 0.9032634032634033 0.35452961672473865 0.9195804195804196 0.35801393728222997 0.9312354312354313 0.3614982578397213 0.9289044289044289 0.3614982578397213 0.9172494172494172 0.35452961672473865 0.8962703962703963 0.34930313588850176 0.8776223776223776 0.34930313588850176 0.8706293706293706 0.3423344947735192 0.8706293706293706 0.3353658536585366 0.872960372960373 0.33013937282229966 0.87995337995338 0.32839721254355403 0.8916083916083916 0.3336236933797909 0.8962703962703963 0.33710801393728224 0.8892773892773893 0.3423344947735192 0.8846153846153846 0.34581881533101044 0.8846153846153846 0.34930313588850176 0.9032634032634033
8 0.3702090592334495 0.7400932400932401 0.36846689895470386 0.7214452214452215 0.3667247386759582 0.7167832167832168 0.3632404181184669 0.7167832167832168 0.35801393728222997 0.7144522144522144 0.352787456445993 0.7167832167832168 0.352787456445993 0.7284382284382285 0.3475609756097561 0.7400932400932401 0.34581881533101044 0.754079254079254 0.3475609756097561 0.7657342657342657 0.34581881533101044 0.7750582750582751 0.3423344947735192 0.7797202797202797 0.3475609756097561 0.7773892773892774 0.3510452961672474 0.7680652680652681 0.3510452961672474 0.7517482517482518 0.35452961672473865 0.7447552447552448 0.35627177700348434 0.7424242424242424 0.3614982578397213 0.747086247086247 0.3632404181184669 0.7564102564102564 0.3632404181184669 0.7703962703962703 0.3667247386759582 0.7797202797202797 0.3702090592334495 0.7773892773892774 0.3702090592334495 0.7610722610722611 0.3702090592334495 0.754079254079254 0.3702090592334495 0.7400932400932401
8 0.42770034843205573 0.7447552447552448 0.42421602787456447 0.7610722610722611 0.4259581881533101 0.7727272727272727 0.42770034843205573 0.789044289044289 0.4294425087108014 0.7983682983682984 0.4381533101045296 0.8216783216783217 0.4451219512195122 0.8636363636363636 0.4538327526132404 0.87995337995338 0.4520905923344948 0.8636363636363636 0.44860627177700346 0.8426573426573427 0.4451219512195122 0.831002331002331 0.44337979094076657 0.8053613053613053 0.44337979094076657 0.7843822843822844 0.44686411149825783 0.7703962703962703 0.4416376306620209 0.7564102564102564 0.4346689895470383 0.7494172494172494 0.42770034843205573 0.7447552447552448
8 0.27264808362369336 0.9289044289044289 0.2778745644599303 0.9358974358974359 0.2813588850174216 0.9382284382284383 0.28310104529616725 0.9358974358974359 0.2813588850174216 0.9289044289044289 0.2778745644599303 0.921911421911422 0.27439024390243905 0.914918414918415 0.27090592334494773 0.914918414918415 0.27090592334494773 0.921911421911422 0.27264808362369336 0.9289044289044289
0 0.5360409407665505 1 0.5322299651567944 0.9941724941724942 0.5217770034843205 0.9685314685314685 0.5078397212543554 0.9289044289044289 0.49738675958188155 0.87995337995338 0.4834494773519164 0.8286713286713286 0.46777003484320556 0.7517482517482518 0.4538327526132404 0.6678321678321678 0.44686411149825783 0.6282051282051282 0.436411149825784 0.5512820512820513 0.4451219512195122 0.49533799533799533 0.45557491289198604 0.47202797202797203 0.490418118466899 0.4254079254079254 0.509581881533101 0.3881118881118881 0.5339721254355401 0.33916083916083917 0.5583623693379791 0.2925407925407925 0.5827526132404182 0.24592074592074592 0.5966898954703833 0.21328671328671328 0.6088850174216028 0.20163170163170163 0.5949477351916377 0.20163170163170163 0.5844947735191638 0.21794871794871795 0.43989547038327526 0.44871794871794873 0.42247386759581884 0.479020979020979 0.4172473867595819 0.5186480186480187 0.4172473867595819 0.5582750582750583 0.42073170731707316 0.6025641025641025 0.43118466898954705 0.6678321678321678 0.44686411149825783 0.7447552447552448 0.46602787456445993 0.8403263403263403 0.47822299651567945 0.8892773892773893 0.49390243902439024 0.9382284382284383 0.509581881533101 0.9848484848484849 0.5177603554006969 1 0.5360409407665505 1
0 0.3667247386759582 0.7750582750582751 0.39285714285714285 0.7680652680652681 0.40853658536585363 0.7680652680652681 0.40505226480836237 0.7074592074592074 0.38414634146341464 0.7097902097902098 0.37369337979094075 0.6958041958041958 0.3597560975609756 0.6724941724941725 0.352787456445993 0.6771561771561772 0.3510452961672474 0.7773892773892774 0.3667247386759582 0.7750582750582751
0 0.4381533101045296 0.3531468531468531 0.436411149825784 0.32284382284382285 0.4329268292682927 0.30652680652680653 0.4189895470383275 0.31585081585081587 0.4189895470383275 0.3508158508158508 0.39285714285714285 0.38344988344988346 0.3719512195121951 0.4090909090909091 0.3667247386759582 0.43006993006993005 0.382404181184669 0.4254079254079254 0.40853658536585363 0.4020979020979021 0.42247386759581884 0.39044289044289043 0.4381533101045296 0.3787878787878788 0.4381533101045296 0.3531468531468531