8 0.15849056603773584 0.5826377295492488 0.15345911949685534 0.5843071786310517 0.14968553459119496 0.5909849749582637 0.15345911949685534 0.5943238731218697 0.15723270440251572 0.5943238731218697 0.1610062893081761 0.5943238731218697 0.1660377358490566 0.5893155258764607 0.1710691823899371 0.5876460767946577 0.16981132075471697 0.5809682804674458 0.16352201257861634 0.5809682804674458 0.15849056603773584 0.5826377295492488
8 0.11823899371069183 0.6393989983305509 0.11949685534591195 0.6343906510851419 0.11823899371069183 0.6293823038397329 0.11572327044025157 0.6277128547579299 0.1119496855345912 0.6293823038397329 0.1119496855345912 0.6343906510851419 0.11320754716981132 0.6410684474123539 0.11823899371069183 0.6393989983305509
8 0.3433962264150943 0.4040066777963272 0.3433962264150943 0.41068447412353926 0.3433962264150943 0.41402337228714525 0.3471698113207547 0.41903171953255425 0.3484276729559748 0.4273789649415693 0.3534591194968553 0.42070116861435725 0.3534591194968553 0.41068447412353926 0.35471698113207545 0.4040066777963272 0.3534591194968553 0.3973288814691152 0.3471698113207547 0.39398998330550916 0.3433962264150943 0.3973288814691152 0.3433962264150943 0.4040066777963272
6 0.5572327044025157 0.3105175292153589 0.5383647798742138 0.32387312186978295 0.5283018867924528 0.330550918196995 0.5182389937106918 0.34724540901502504 0.5132075471698113 0.3589315525876461 0.5018867924528302 0.36894824707846413 0.5006289308176101 0.38731218697829717 0.5132075471698113 0.3739565943238731 0.5081761006289308 0.3989983305509182 0.5069182389937107 0.4507512520868113 0.5132075471698113 0.4073455759599332 0.5232704402515723 0.38898163606010017 0.5220125786163522 0.3789649415692821 0.529559748427673 0.3722871452420701 0.5371069182389937 0.37061769616026713 0.5421383647798742 0.35225375626043404 0.5333333333333333 0.35225375626043404 0.5446540880503145 0.335559265442404 0.5610062893081761 0.32053422370617696 0.5572327044025157 0.3105175292153589
6 0.3069182389937107 0.41068447412353926 0.30062893081761005 0.41068447412353926 0.2893081761006289 0.41736227045075125 0.29056603773584905 0.4273789649415693 0.30440251572327043 0.44407345575959933 0.30566037735849055 0.4574290484140234 0.3081761006289308 0.46410684474123537 0.3119496855345912 0.46243739565943237 0.30943396226415093 0.44240400667779634 0.30440251572327043 0.4340567612687813 0.30062893081761005 0.4240400667779633 0.30943396226415093 0.41903171953255425 0.3069182389937107 0.41068447412353926
8 0.31069182389937106 0.41402337228714525 0.3069182389937107 0.4273789649415693 0.31446540880503143 0.42237061769616024 0.32452830188679244 0.41569282136894825 0.33459119496855344 0.41235392320534225 0.3433962264150943 0.4056761268781302 0.3383647798742138 0.4023372287145242 0.32955974842767294 0.4056761268781302 0.31069182389937106 0.41402337228714525
6 0.8754716981132076 0.18196994991652754 0.8754716981132076 0.19031719532554256 0.8754716981132076 0.1986644407345576 0.879245283018868 0.2020033388981636 0.8754716981132076 0.20701168614357263 0.8754716981132076 0.21035058430717862 0.8742138364779874 0.21535893155258765 0.8742138364779874 0.22036727879799667 0.8742138364779874 0.22370617696160267 0.8754716981132076 0.22370617696160267 0.8767295597484277 0.22036727879799667 0.8779874213836478 0.21702838063439064 0.879245283018868 0.21368948247078465 0.8805031446540881 0.21035058430717862 0.8817610062893082 0.20701168614357263 0.8817610062893082 0.2036727879799666 0.8817610062893082 0.2020033388981636 0.8830188679245283 0.2003338898163606 0.8842767295597485 0.2036727879799666 0.8842767295597485 0.20534223706176963 0.8855345911949686 0.20868113522537562 0.8880503144654088 0.21035058430717862 0.889308176100629 0.21202003338898165 0.8918238993710692 0.21202003338898165 0.8905660377358491 0.2020033388981636 0.8855345911949686 0.19198664440734559 0.8817610062893082 0.18196994991652754 0.8754716981132076 0.18196994991652754
6 0.8767295597484277 0.27545909849749584 0.8779874213836478 0.28046744574290483 0.879245283018868 0.2888146911519199 0.879245283018868 0.29716193656093487 0.8805031446540881 0.2988313856427379 0.8817610062893082 0.29549248747913187 0.8817610062893082 0.2854757929883139 0.8805031446540881 0.28046744574290483 0.8805031446540881 0.2704507512520868 0.8779874213836478 0.2654424040066778 0.8779874213836478 0.2570951585976628 0.8779874213836478 0.24707846410684475 0.8767295597484277 0.2387312186978297 0.8767295597484277 0.2287145242070117 0.8754716981132076 0.25041736227045075 0.8754716981132076 0.2637729549248748 0.8767295597484277 0.27545909849749584
8 0.8503144654088051 0.327212020033389 0.8515723270440252 0.332220367278798 0.8578616352201258 0.332220367278798 0.8616352201257862 0.327212020033389 0.8578616352201258 0.32554257095158595 0.8553459119496856 0.32554257095158595 0.8503144654088051 0.327212020033389
8 0.8855345911949686 0.4073455759599332 0.8855345911949686 0.41235392320534225 0.8880503144654088 0.41736227045075125 0.8905660377358491 0.41402337228714525 0.889308176100629 0.4073455759599332 0.889308176100629 0.4023372287145242 0.889308176100629 0.39565943238731216 0.8867924528301887 0.3973288814691152 0.8867924528301887 0.4023372287145242 0.8855345911949686 0.4073455759599332
8 0.1610062893081761 0.12186978297161936 0.1660377358490566 0.12186978297161936 0.16855345911949685 0.11686143572621036 0.17987421383647798 0.11519198664440734 0.19748427672955976 0.11853088480801335 0.2188679245283019 0.12020033388981637 0.2339622641509434 0.11686143572621036 0.22767295597484277 0.11185308848080133 0.21257861635220127 0.11185308848080133 0.20125786163522014 0.11185308848080133 0.1811320754716981 0.11018363939899833 0.16981132075471697 0.11018363939899833 0.16226415094339622 0.10684474123539232 0.15345911949685534 0.1018363939899833 0.1509433962264151 0.10684474123539232 0.15220125786163521 0.11519198664440734 0.1610062893081761 0.12186978297161936
6 0.8050314465408805 0.14023372287145242 0.8050314465408805 0.14357262103505844 0.8037735849056604 0.14524207011686144 0.8025157232704403 0.14524207011686144 0.8 0.14357262103505844 0.7974842767295598 0.14357262103505844 0.7962264150943397 0.14524207011686144 0.7962264150943397 0.14691151919866444 0.7937106918238994 0.14691151919866444 0.7886792452830189 0.14691151919866444 0.7836477987421384 0.14691151919866444 0.7836477987421384 0.15025041736227046 0.7811320754716982 0.14858096828046743 0.7811320754716982 0.14691151919866444 0.7773584905660378 0.14691151919866444 0.7761006289308177 0.14524207011686144 0.7735849056603774 0.14524207011686144 0.7723270440251573 0.14691151919866444 0.7723270440251573 0.15191986644407346 0.7735849056603774 0.15525876460767946 0.7748427672955975 0.15525876460767946 0.7761006289308177 0.15859766277128548 0.7811320754716982 0.15692821368948248 0.7823899371069183 0.15525876460767946 0.7836477987421384 0.15692821368948248 0.7861635220125787 0.16026711185308848 0.789937106918239 0.15859766277128548 0.7949685534591195 0.15358931552587646 0.7974842767295598 0.15525876460767946 0.8075471698113208 0.15358931552587646 0.810062893081761 0.14357262103505844 0.8088050314465409 0.14023372287145242 0.8075471698113208 0.14023372287145242 0.8050314465408805 0.14023372287145242
8 0.03018867924528302 0.1302170283806344 0.03773584905660377 0.12687813021702837 0.04025157232704402 0.12687813021702837 0.04150943396226415 0.11519198664440734 0.04025157232704402 0.11686143572621036 0.033962264150943396 0.12186978297161936 0.03018867924528302 0.12520868113522537 0.02389937106918239 0.1285475792988314 0.01761006289308176 0.1285475792988314 0.01509433962264151 0.1302170283806344 0.010062893081761006 0.1335559265442404 0.016352201257861635 0.1352253756260434 0.025157232704402517 0.1318864774624374 0.03018867924528302 0.1302170283806344
8 0.7320754716981132 0.08514190317195326 0.7371069182389937 0.08514190317195326 0.7459119496855345 0.08514190317195326 0.7496855345911949 0.08180300500834725 0.7446540880503144 0.08013355592654424 0.7358490566037735 0.07846410684474124 0.7320754716981132 0.08514190317195326
8 0.13459119496855346 0.05342237061769616 0.13584905660377358 0.05843071786310518 0.13836477987421383 0.05342237061769616 0.13836477987421383 0.05008347245409015 0.13962264150943396 0.038397328881469114 0.13962264150943396 0.0333889816360601 0.13836477987421383 0.03005008347245409 0.13333333333333333 0.028380634390651086 0.13081761006289308 0.03171953255425709 0.13333333333333333 0.035058430717863104 0.13584905660377358 0.04006677796327212 0.13584905660377358 0.045075125208681135 0.13836477987421383 0.04674457429048414 0.13459119496855346 0.05342237061769616
3 0.7610062893081762 0.0667779632721202 0.769811320754717 0.09348914858096828 0.7672955974842768 0.1352253756260434 0.7849056603773585 0.13689482470784642 0.8176100628930818 0.13689482470784642 0.8238993710691824 0.13689482470784642 0.8402515723270441 0.15191986644407346 0.8603773584905661 0.1652754590984975 0.8616352201257862 0.1001669449081803 0.8540880503144654 0.06176961602671119 0.8528301886792453 0.02671118530884808 0.8238993710691824 0.0333889816360601 0.7886792452830189 0.025041736227045076 0.769811320754717 0.028380634390651086 0.7610062893081762 0.0667779632721202
8 0.3622641509433962 0.5125208681135225 0.3559748427672956 0.48414023372287146 0.3559748427672956 0.4741235392320534 0.34591194968553457 0.4707846410684474 0.3471698113207547 0.49248747913188645 0.3534591194968553 0.5125208681135225 0.3534591194968553 0.5208681135225376 0.3622641509433962 0.5191986644407346 0.3622641509433962 0.5125208681135225
3 0.8377358490566038 0.2704507512520868 0.8251572327044026 0.3071786310517529 0.8251572327044026 0.31552587646076796 0.8264150943396227 0.32053422370617696 0.8364779874213837 0.330550918196995 0.8477987421383648 0.332220367278798 0.8540880503144654 0.333889816360601 0.8716981132075472 0.327212020033389 0.8842767295597485 0.32053422370617696 0.89937106918239 0.31552587646076796 0.9157232704402516 0.3021702838063439 0.9144654088050315 0.2838063439065108 0.9106918238993711 0.25041736227045075 0.89937106918239 0.22203672787979967 0.8805031446540881 0.18030050083472454 0.8654088050314466 0.2020033388981636 0.8553459119496856 0.2337228714524207 0.8377358490566038 0.2704507512520868
8 0.11069182389937107 0.42237061769616024 0.1220125786163522 0.42237061769616024 0.12452830188679245 0.42070116861435725 0.1220125786163522 0.41235392320534225 0.1169811320754717 0.41235392320534225 0.11069182389937107 0.41235392320534225 0.10062893081761007 0.41402337228714525 0.09937106918238994 0.41903171953255425 0.11069182389937107 0.42237061769616024
3 0.8817610062893082 0.39565943238731216 0.8817610062893082 0.41569282136894825 0.8880503144654088 0.41903171953255425 0.8955974842767296 0.4006677796327212 0.9056603773584906 0.3756260434056761 0.919496855345912 0.3622704507512521 0.9245283018867925 0.34557595993322204 0.9245283018867925 0.333889816360601 0.9119496855345912 0.34724540901502504 0.9031446540880503 0.3639398998330551 0.8905660377358491 0.38397328881469117 0.8817610062893082 0.39565943238731216
3 0.579874213836478 0.2838063439065108 0.579874213836478 0.2570951585976628 0.5371069182389937 0.28213689482470783 0.5044025157232704 0.32554257095158595 0.4716981132075472 0.38564273789649417 0.4641509433962264 0.4307178631051753 0.4578616352201258 0.48080133555926546 0.4716981132075472 0.5258764607679466 0.49559748427672956 0.5525876460767947 0.5245283018867924 0.5392320534223706 0.5408805031446541 0.49248747913188645 0.5672955974842767 0.4707846410684474 0.5874213836477987 0.41736227045075125 0.6012578616352201 0.3789649415692821 0.6553459119496855 0.332220367278798 0.690566037735849 0.2888146911519199 0.6591194968553459 0.29716193656093487 0.6012578616352201 0.3121869782971619 0.579874213836478 0.2838063439065108
3 0.33459119496855344 0.38564273789649417 0.3421383647798742 0.4240400667779633 0.3660377358490566 0.4323873121869783 0.3949685534591195 0.42070116861435725 0.410062893081761 0.4006677796327212 0.44654088050314467 0.35392320534223703 0.41132075471698115 0.34056761268781305 0.36981132075471695 0.34557595993322204 0.33459119496855344 0.38564273789649417
3 0.9245283018867925 0.34557595993322204 0.9220125786163522 0.3555926544240401 0.9220125786163522 0.36894824707846413 0.9383647798742139 0.3739565943238731 0.9509433962264151 0.3606010016694491 0.9534591194968554 0.34557595993322204 0.9421383647798742 0.34056761268781305 0.9383647798742139 0.33889816360601 0.9245283018867925 0.34557595993322204
3 0.7446540880503144 0.018363939899833055 0.6716981132075471 0.01001669449081803 0.5861635220125786 0.015025041736227046 0.49937106918238994 0.01001669449081803 0.4490566037735849 0.018363939899833055 0.4276729559748428 0.05342237061769616 0.4377358490566038 0.09849749582637729 0.5069182389937107 0.1285475792988314 0.5861635220125786 0.1285475792988314 0.6238993710691824 0.1285475792988314 0.5761006289308176 0.20868113522537562 0.5169811320754717 0.27545909849749584 0.4817610062893082 0.35225375626043404 0.5132075471698113 0.35058430717863104 0.5836477987421383 0.2854757929883139 0.6767295597484276 0.19198664440734559 0.7559748427672957 0.1419031719532554 0.7446540880503144 0.07512520868113523 0.7446540880503144 0.018363939899833055
8 0.4666666666666667 0.6477462437395659 0.4641509433962264 0.6510851419031719 0.46163522012578617 0.656093489148581 0.46037735849056605 0.662771285475793 0.46163522012578617 0.671118530884808 0.4679245283018868 0.669449081803005 0.4679245283018868 0.662771285475793 0.47044025157232705 0.6510851419031719 0.4729559748427673 0.6444073455759599 0.4716981132075472 0.6377295492487479 0.4679245283018868 0.6444073455759599 0.4666666666666667 0.6477462437395659
8 0.4930817610062893 0.7161936560934892 0.4981132075471698 0.7195325542570952 0.5018867924528302 0.7045075125208681 0.5031446540880503 0.6944908180300501 0.5056603773584906 0.679465776293823 0.5006289308176101 0.6911519198664441 0.49559748427672956 0.7028380634390651 0.4930817610062893 0.7161936560934892
3 0.3635220125786163 0.333889816360601 0.007547169811320755 0.4240400667779633 0.013836477987421384 0.66110183639399 0.3672955974842767 0.5275459098497496 0.3635220125786163 0.333889816360601
0 0.37610062893081764 0.5726210350584308 0.379874213836478 0.5208681135225376 0.37610062893081764 0.3973288814691152 0.37484276729559746 0.330550918196995 0.36477987421383645 0.2621035058430718 0.3534591194968553 0.2036727879799666 0.3333333333333333 0.15191986644407346 0.3433962264150943 0.22370617696160267 0.35471698113207545 0.34390651085141904 0.35471698113207545 0.4273789649415693 0.36855345911949683 0.5158597662771286 0.37610062893081764 0.5726210350584308
0 0.9144654088050315 0.3121869782971619 0.919496855345912 0.2904841402337229 0.8566037735849057 0.328881469115192 0.8377358490566038 0.31886477462437396 0.8654088050314466 0.3572621035058431 0.9144654088050315 0.3121869782971619