8 0.6215554194053209 1 0.621283255086072 0.9955456570155902 0.621283255086072 0.9710467706013363 0.6244131455399061 0.9443207126948775 0.6244131455399061 0.9376391982182628 0.6134585289514867 0.9265033407572383 0.6071987480438185 0.9198218262806236 0.6025039123630673 0.9131403118040089 0.596244131455399 0.9487750556792873 0.5978090766823161 0.9866369710467706 0.5973148841940532 1 0.6215554194053209 1
8 0.6525821596244131 1 0.6525821596244131 0.9866369710467706 0.6572769953051644 0.9710467706013363 0.647887323943662 0.9643652561247216 0.6384976525821596 0.9532293986636972 0.6275430359937402 0.9443207126948775 0.6290477902973396 1 0.6525821596244131 1
8 0.6651017214397497 0.9933184855233853 0.6682316118935837 0.9866369710467706 0.6651017214397497 0.9821826280623608 0.6619718309859155 0.9866369710467706 0.6651017214397497 0.9933184855233853
8 0.6838810641627543 0.9910913140311804 0.6776212832550861 0.9888641425389755 0.6791862284820032 0.9955456570155902 0.6823161189358372 1 0.6838810641627543 0.9910913140311804
8 0.676056338028169 0.7973273942093542 0.6697965571205008 0.799554565701559 0.6697965571205008 0.8062360801781737 0.672926447574335 0.8151447661469933 0.6823161189358372 0.8151447661469933 0.6807511737089202 0.8040089086859689 0.676056338028169 0.7973273942093542
8 0.6604068857589984 0.7282850779510023 0.6619718309859155 0.7193763919821826 0.6635367762128326 0.7104677060133631 0.6604068857589984 0.7060133630289532 0.6525821596244131 0.7104677060133631 0.6494522691705791 0.7149220489977728 0.6463223787167449 0.7193763919821826 0.6463223787167449 0.7282850779510023 0.6463223787167449 0.7371937639198218 0.647887323943662 0.7438752783964365 0.647887323943662 0.7461024498886414 0.6588419405320813 0.7483296213808464 0.6635367762128326 0.7438752783964365 0.6604068857589984 0.734966592427617 0.6604068857589984 0.7282850779510023
8 0.7245696400625978 0.821826280623608 0.7261345852895149 0.8262806236080178 0.729264475743349 0.8240534521158129 0.730829420970266 0.8173719376391982 0.729264475743349 0.8151447661469933 0.7245696400625978 0.8173719376391982 0.7245696400625978 0.821826280623608
8 0.7183098591549296 0.5946547884187082 0.7120500782472613 0.5835189309576837 0.7057902973395931 0.5879732739420935 0.704225352112676 0.6035634743875279 0.7089201877934272 0.6124721603563474 0.7151799687010955 0.6013363028953229 0.7183098591549296 0.5946547884187082
8 0.7777777777777778 0.7639198218262806 0.7715179968701096 0.77728285077951 0.7668231611893583 0.7839643652561247 0.7683881064162754 0.7884187082405345 0.7730829420970265 0.7884187082405345 0.7777777777777778 0.779510022271715 0.7824726134585289 0.7706013363028953 0.7856025039123631 0.7661469933184856 0.7809076682316118 0.7594654788418709 0.7777777777777778 0.7639198218262806
8 0.6854460093896714 0.8106904231625836 0.6823161189358372 0.8129175946547884 0.6838810641627543 0.8195991091314031 0.6870109546165885 0.8151447661469933 0.6854460093896714 0.8106904231625836
8 0.5524256651017214 0.3674832962138085 0.543035993740219 0.3674832962138085 0.5305164319248826 0.3674832962138085 0.514866979655712 0.3674832962138085 0.49921752738654146 0.3674832962138085 0.49765258215962443 0.3741648106904232 0.5633802816901409 0.3741648106904232 0.5633802816901409 0.3674832962138085 0.5524256651017214 0.3674832962138085
8 0.38341158059467917 0.10690423162583519 0.36932707355242567 0.10244988864142539 0.3474178403755869 0.10467706013363029 0.3536776212832551 0.12472160356347439 0.3536776212832551 0.1492204899777283 0.35837245696400627 0.16258351893095768 0.3615023474178404 0.1870824053452116 0.3615023474178404 0.2026726057906459 0.3677621283255086 0.20935412026726058 0.36932707355242567 0.20044543429844097 0.36932707355242567 0.17817371937639198 0.37715179968701096 0.1759465478841871 0.38497652582159625 0.17371937639198218 0.3865414710485133 0.14253897550111358 0.38341158059467917 0.10690423162583519