0 0.5486537147239263 0 0.5283742331288344 0.05808656036446469 0.526840490797546 0.11731207289293849 0.531441717791411 0.1492027334851936 0.531441717791411 0.1947608200455581 0.5421779141104295 0.24715261958997722 0.5559815950920245 0.28132118451025057 0.5682515337423313 0.3428246013667426 0.5943251533742331 0.48405466970387245 0.6111963190184049 0.5068337129840547 0.6265337423312883 0.5182232346241458 0.6265337423312883 0.5 0.6357361963190185 0.4407744874715262 0.6434049079754601 0.37699316628701596 0.6526073619631901 0.3223234624145786 0.6648773006134969 0.28132118451025057 0.6756134969325154 0.25626423690205014 0.6679447852760736 0.1970387243735763 0.6587423312883436 0.13553530751708429 0.6434049079754601 0.05580865603644647 0.6273006134969326 0 0.5486537147239263 0
0 0.37116564417177916 0 0.3504601226993865 0.09225512528473805 0.3289877300613497 0.1788154897494305 0.330521472392638 0.2539863325740319 0.3427914110429448 0.2608200455580866 0.37806748466257667 0.265375854214123 0.4087423312883436 0.26765375854214124 0.45475460122699385 0.30637813211845105 0.47162576687116564 0.3451025056947608 0.5023006134969326 0.3678815489749431 0.5084355828220859 0.32687927107061504 0.5053680981595092 0.26765375854214124 0.47776073619631904 0.24259681093394078 0.46855828220858897 0.1970387243735763 0.4700920245398773 0.1674259681093394 0.4746932515337423 0.11047835990888383 0.47929447852760737 0.0489749430523918 0.49616564417177916 0.010250569476082005 0.5006875398773006 0 0.37116564417177916 0
0 0.522239263803681 0.06264236902050115 0.5053680981595092 0.03986332574031891 0.4808282208588957 0.06492027334851937 0.4746932515337423 0.09681093394077449 0.4746932515337423 0.13325740318906606 0.46855828220858897 0.19248291571753987 0.4746932515337423 0.2266514806378132 0.48849693251533743 0.2608200455580866 0.5023006134969326 0.265375854214123 0.5207055214723927 0.2767653758542141 0.5283742331288344 0.26765375854214124 0.5329754601226994 0.21298405466970388 0.5329754601226994 0.13553530751708429 0.526840490797546 0.08314350797266515 0.522239263803681 0.06264236902050115
3 0.5007668711656442 0.2767653758542141 0.49616564417177916 0.30182232346241455 0.5069018404907976 0.35193621867881547 0.5253067484662577 0.3428246013667426 0.5283742331288344 0.28132118451025057 0.5007668711656442 0.2767653758542141
8 0.4762269938650307 0.5546697038724373 0.46702453987730064 0.5615034168564921 0.46702453987730064 0.5888382687927107 0.47162576687116564 0.623006833712984 0.48236196319018404 0.6708428246013668 0.49309815950920244 0.7323462414578588 0.5069018404907976 0.7619589977220956 0.5176380368098159 0.7687927107061503 0.5145705521472392 0.7437357630979499 0.5023006134969326 0.6867881548974943 0.4976993865030675 0.6503416856492027 0.4946319018404908 0.6047835990888383 0.49003067484662577 0.5933940774487472 0.4869631901840491 0.5523917995444191 0.4762269938650307 0.5546697038724373
8 0.49616564417177916 0.7482915717539863 0.49003067484662577 0.7437357630979499 0.49003067484662577 0.7733485193621867 0.4915644171779141 0.8097949886104784 0.5069018404907976 0.8189066059225513 0.5053680981595092 0.7892938496583144 0.5023006134969326 0.7574031890660592 0.49616564417177916 0.7482915717539863
8 0.424079754601227 0.5865603644646925 0.42714723926380366 0.6138952164009112 0.43328220858895705 0.6457858769931663 0.4409509202453988 0.6890660592255126 0.473159509202454 0.6981776765375854 0.473159509202454 0.6389521640091116 0.4639570552147239 0.5933940774487472 0.45475460122699385 0.5615034168564921 0.424079754601227 0.5865603644646925
8 0.4746932515337423 0.7255125284738041 0.4746932515337423 0.7414578587699316 0.47776073619631904 0.7687927107061503 0.48236196319018404 0.8439635535307517 0.48236196319018404 0.8553530751708428 0.49309815950920244 0.8462414578587699 0.49309815950920244 0.8234624145785877 0.49003067484662577 0.7574031890660592 0.4838957055214724 0.7369020501138952 0.48236196319018404 0.7232346241457859 0.4746932515337423 0.7255125284738041
8 0.46088957055214724 0.755125284738041 0.46549079754601225 0.7984054669703873 0.4700920245398773 0.8553530751708428 0.4762269938650307 0.8804100227790432 0.47929447852760737 0.8530751708428246 0.47776073619631904 0.8348519362186788 0.47776073619631904 0.8052391799544419 0.4746932515337423 0.7687927107061503 0.46549079754601225 0.7414578587699316 0.46088957055214724 0.755125284738041
8 0.4854294478527607 0.9305239179954442 0.4854294478527607 0.9419134396355353 0.4915644171779141 0.9783599088838268 0.5038343558282209 0.9988610478359908 0.5069018404907976 0.9851936218678815 0.5053680981595092 0.9646924829157175 0.49309815950920244 0.9305239179954442 0.4854294478527607 0.9305239179954442
8 0.5345092024539877 0.29043280182232345 0.5375766871165644 0.2972665148063781 0.5483128834355828 0.3086560364464693 0.5575153374233128 0.33826879271070615 0.5651840490797546 0.35193621867881547 0.5636503067484663 0.3451025056947608 0.5575153374233128 0.31548974943052394 0.5452453987730062 0.29043280182232345 0.5391104294478528 0.2835990888382688 0.5345092024539877 0.29043280182232345
8 0.5391104294478528 0.9031890660592256 0.5391104294478528 0.9168564920273349 0.5437116564417178 0.9760820045558086 0.5544478527607362 0.9943052391799544 0.5513803680981595 0.9328018223234624 0.5452453987730062 0.9031890660592256 0.5391104294478528 0.9031890660592256
8 0.4915644171779141 0.8530751708428246 0.48849693251533743 0.8667425968109339 0.49003067484662577 0.9100227790432802 0.4976993865030675 0.9054669703872438 0.4976993865030675 0.8507972665148064 0.4915644171779141 0.8530751708428246
6 0.525620467791411 1 0.526840490797546 0.9943052391799544 0.5099693251533742 0.9419134396355353 0.5069018404907976 0.907744874715262 0.49923312883435583 0.857630979498861 0.49309815950920244 0.784738041002278 0.4915644171779141 0.7369020501138952 0.48236196319018404 0.664009111617312 0.4700920245398773 0.643507972665148 0.45475460122699385 0.6845102505694761 0.4639570552147239 0.7482915717539863 0.473159509202454 0.8849658314350797 0.4854294478527607 0.9715261958997722 0.4974118098159509 1 0.525620467791411 1
5 0.5021568251533742 0 0.49309815950920244 0.023917995444191344 0.4854294478527607 0.05580865603644647 0.5345092024539877 0.07175398633257403 0.5511167561349694 0 0.5021568251533742 0