0 0.12390924956369982 0.5591647331786543 0.14659685863874344 0.5939675174013921 0.1762652705061082 0.6102088167053364 0.2164048865619546 0.6334106728538283 0.23734729493891799 0.6844547563805105 0.2513089005235602 0.7308584686774942 0.268760907504363 0.7679814385150812 0.2530541012216405 0.7865429234338747 0.22164048865619546 0.7703016241299304 0.18324607329842932 0.7494199535962877 0.12914485165794065 0.7146171693735499 0.1169284467713787 0.665893271461717 0.09424083769633508 0.5916473317865429 0.09598603839441536 0.5591647331786543
0 0.525305410122164 0.6566125290023201 0.537521815008726 0.6334106728538283 0.5636998254799301 0.617169373549884 0.5898778359511344 0.6241299303944315 0.581151832460733 0.6589327146171694 0.5636998254799301 0.6867749419953596 0.5392670157068062 0.703016241299304 0.5218150087260035 0.6821345707656613
8 0.19022687609075042 0.4779582366589327 0.2164048865619546 0.4733178654292343 0.22338568935427575 0.4779582366589327 0.2164048865619546 0.4965197215777262 0.19895287958115182 0.505800464037123 0.18324607329842932 0.4988399071925754
8 0.23734729493891799 0.48491879350348027 0.2670157068062827 0.48259860788863107 0.28970331588132636 0.4872389791183295 0.2844677137870855 0.505800464037123 0.2530541012216405 0.5081206496519721 0.2338568935427574 0.505800464037123
8 0.30017452006980805 0.5011600928074246 0.3333333333333333 0.5011600928074246 0.3542757417102967 0.5150812064965197 0.32460732984293195 0.531322505800464 0.3089005235602094 0.531322505800464 0.2931937172774869 0.531322505800464 0.2670157068062827 0.4965197215777262
8 0.25654450261780104 0.6334106728538283 0.28272251308900526 0.6334106728538283 0.2949389179755672 0.6496519721577726 0.2914485165794066 0.6774941995359629 0.2617801047120419 0.6682134570765661 0.2443280977312391 0.6473317865429234 0.24083769633507854 0.62877030162413
8 0.31762652705061084 0.6380510440835266 0.3368237347294939 0.642691415313225 0.34554973821989526 0.6705336426914154 0.34904013961605584 0.6937354988399071 0.32809773123909247 0.6937354988399071 0.3158813263525305 0.6589327146171694 0.3036649214659686 0.642691415313225
8 0.43106457242582896 0.642691415313225 0.4572425828970332 0.6357308584686775 0.4781849912739965 0.6357308584686775 0.49912739965095987 0.6334106728538283 0.518324607329843 0.6357308584686775 0.5113438045375218 0.6589327146171694 0.4956369982547993 0.665893271461717 0.4712041884816754 0.6705336426914154 0.45200698080279234 0.6612529002320185 0.4293193717277487 0.6612529002320185
6 0.45549738219895286 0.7192575406032483 0.47643979057591623 0.7308584686774942 0.47469458987783597 0.7563805104408353 0.4572425828970332 0.7563805104408353 0.4467713787085515 0.740139211136891
6 0.581151832460733 0.6635730858468677 0.6038394415357766 0.6566125290023201 0.6160558464223386 0.6774941995359629 0.612565445026178 0.703016241299304 0.5951134380453752 0.7006960556844548
6 0.2181500872600349 0.45243619489559167 0.2338568935427574 0.4593967517401392 0.23211169284467714 0.4733178654292343 0.22164048865619546 0.4709976798143852
6 0.2530541012216405 0.46635730858468677 0.268760907504363 0.46867749419953597 0.27399650959860383 0.48259860788863107 0.2582897033158813 0.4895591647331787
6 0.13263525305410123 0.3294663573085847 0.1256544502617801 0.35266821345707655 0.11867364746945899 0.3689095127610209 0.11343804537521815 0.3874709976798144 0.1082024432809773 0.4060324825986079 0.09947643979057591 0.4431554524361949 0.10645724258289703 0.41299303944315546 0.10296684118673648 0.4802784222737819 0.09947643979057591 0.5174013921113689 0.09947643979057591 0.38979118329466356
3 0.1256544502617801 0.3689095127610209 0.14834205933682373 0.40835266821345706 0.1343804537521815 0.43155452436194897 0.14136125654450263 0.4617169373549884 0.15008726003490402 0.4779582366589327 0.14834205933682373 0.5011600928074246 0.13787085514834205 0.5104408352668214 0.11343804537521815 0.5290023201856149 0.1099476439790576 0.5522041763341067 0.09424083769633508 0.54292343387471 0.09075043630017451 0.5220417633410673 0.08551483420593368 0.4918793503480278 0.08202443280977312 0.46867749419953597 0.08551483420593368 0.45243619489559167 0.09773123909249563 0.4245939675174014 0.1012216404886562 0.39675174013921116 0.11169284467713787 0.37819025522041766