8 0.49624060150375937 0.4607679465776294 0.518796992481203 0.4540901502504174 0.531328320802005 0.44240400667779634 0.5463659147869674 0.4273789649415693 0.5588972431077694 0.41736227045075125 0.5726817042606517 0.4090150250417362 0.5939849624060151 0.3989983305509182 0.606516290726817 0.3989983305509182 0.6240601503759399 0.3973288814691152 0.6428571428571429 0.38397328881469117 0.6616541353383458 0.39065108514190316 0.6779448621553885 0.3806343906510851 0.6942355889724311 0.3806343906510851 0.6929824561403509 0.39065108514190316 0.7130325814536341 0.38564273789649417 0.7368421052631579 0.3739565943238731 0.7368421052631579 0.38898163606010017 0.7731829573934837 0.38898163606010017 0.7919799498746867 0.38898163606010017 0.7593984962406015 0.4056761268781302 0.7593984962406015 0.41903171953255425 0.7568922305764411 0.4273789649415693 0.7330827067669173 0.4307178631051753 0.7192982456140351 0.4373956594323873 0.7092731829573935 0.44240400667779634 0.7180451127819549 0.4257095158597663 0.7393483709273183 0.41903171953255425 0.7493734335839599 0.41903171953255425 0.7481203007518797 0.4040066777963272 0.7180451127819549 0.4023372287145242 0.6929824561403509 0.4090150250417362 0.6691729323308271 0.4090150250417362 0.6691729323308271 0.41903171953255425 0.6541353383458647 0.4257095158597663 0.6365914786967418 0.41402337228714525 0.6190476190476191 0.4090150250417362 0.5939849624060151 0.4273789649415693 0.5802005012531328 0.4373956594323873 0.5601503759398496 0.44741235392320533 0.5350877192982456 0.4540901502504174 0.518796992481203 0.46243739565943237 0.5012531328320802 0.4724540901502504 0.48872180451127817 0.4674457429048414
8 0.6591478696741855 0.5292153589315526 0.6679197994987469 0.5258764607679466 0.6754385964912281 0.5225375626043406 0.6854636591478697 0.5191986644407346 0.6854636591478697 0.5075125208681135 0.6729323308270677 0.5125208681135225 0.6604010025062657 0.5175292153589316
8 0.6766917293233082 0.5459098497495827 0.6704260651629073 0.5559265442404007 0.6629072681704261 0.5692821368948247 0.6578947368421053 0.5843071786310517 0.6553884711779449 0.5926544240400667 0.650375939849624 0.5876460767946577 0.650375939849624 0.5826377295492488 0.6541353383458647 0.5726210350584308 0.6616541353383458 0.5609348914858097 0.6679197994987469 0.5492487479131887 0.6716791979949874 0.5442404006677797
0 0.4974937343358396 0.48580968280467446 0.4423558897243108 0.48247078464106846 0.41102756892230574 0.4774624373956594 0.38471177944862156 0.4757929883138564 0.37092731829573933 0.4791318864774624 0.3533834586466165 0.4974958263772955 0.3308270676691729 0.5392320534223706 0.31954887218045114 0.5325542570951586 0.33208020050125314 0.48247078464106846 0.3433583959899749 0.4657762938230384 0.3182957393483709 0.4557595993322204 0.3082706766917293 0.4540901502504174 0.3057644110275689 0.4357262103505843 0.29949874686716793 0.4240400667779633 0.2794486215538847 0.4056761268781302 0.21553884711779447 0.335559265442404 0.19799498746867167 0.31719532554257096 0.19548872180451127 0.3088480801335559 0.19423558897243107 0.3038397328881469 0.19674185463659147 0.3021702838063439 0.19924812030075187 0.3021702838063439 0.20802005012531327 0.3055091819699499 0.22305764411027568 0.32387312186978295 0.2556390977443609 0.35392320534223703 0.30200501253132833 0.4006677796327212 0.3233082706766917 0.4273789649415693 0.32456140350877194 0.43906510851419034 0.32456140350877194 0.44574290484140233 0.3308270676691729 0.44574290484140233 0.3483709273182957 0.44574290484140233 0.37343358395989973 0.44741235392320533 0.40350877192982454 0.44908180300500833 0.4323308270676692 0.4557595993322204 0.4674185463659148 0.4657762938230384 0.48872180451127817 0.4691151919866444 0.5162907268170426 0.46410684474123537
3 0.8070175438596491 0.6193656093489148 0.8107769423558897 0.6043405676126878 0.8195488721804511 0.5859766277128547 0.8308270676691729 0.5642737896494157 0.8408521303258145 0.5375626043405676 0.8471177944862155 0.5208681135225376 0.849624060150376 0.5025041736227045 0.849624060150376 0.48580968280467446 0.8483709273182958 0.4707846410684474 0.8483709273182958 0.4590984974958264 0.8345864661654135 0.44574290484140233 0.8333333333333334 0.41903171953255425 0.8320802005012531 0.39565943238731216 0.8283208020050126 0.3756260434056761 0.8370927318295739 0.335559265442404 0.8521303258145363 0.32220367278797996 0.8634085213032582 0.3121869782971619 0.87468671679198 0.3038397328881469 0.8847117794486216 0.29716193656093487 0.8959899749373433 0.2938230383973289 0.9022556390977443 0.2838063439065108 0.9097744360902256 0.28046744574290483 0.8721804511278195 0.5692821368948247 0.8646616541353384 0.5742904841402338 0.8583959899749374 0.5776293823038398 0.849624060150376 0.5843071786310517 0.8458646616541353 0.5876460767946577 0.8370927318295739 0.5909849749582637 0.8308270676691729 0.5976627712854758 0.8170426065162907 0.6126878130217028
3 0.7869674185463659 0.43906510851419034 0.7982456140350878 0.41402337228714525 0.8007518796992481 0.39398998330550916 0.7982456140350878 0.3722871452420701 0.7781954887218046 0.35392320534223703 0.7606516290726817 0.35225375626043404 0.7180451127819549 0.34390651085141904 0.6967418546365914 0.337228714524207 0.6704260651629073 0.328881469115192 0.6491228070175439 0.328881469115192 0.6240601503759399 0.328881469115192 0.6015037593984962 0.333889816360601 0.5902255639097744 0.34223706176961605 0.5726817042606517 0.3555926544240401 0.5588972431077694 0.3656093489148581 0.5463659147869674 0.3772954924874791 0.5275689223057645 0.38564273789649417 0.5175438596491229 0.38731218697829717 0.5 0.38898163606010017 0.48621553884711777 0.39232053422370616 0.46115288220551376 0.3989983305509182 0.44611528822055135 0.4073455759599332 0.424812030075188 0.41402337228714525 0.40476190476190477 0.42237061769616024 0.38847117794486213 0.43906510851419034 0.38220551378446116 0.4524207011686144 0.3684210526315789 0.46410684474123537 0.3583959899749373 0.4774624373956594 0.35463659147869675 0.49081803005008345 0.3533834586466165 0.5041736227045075 0.36716791979949875 0.49248747913188645 0.40476190476190477 0.49248747913188645 0.43734335839599 0.4958263772954925 0.45363408521303256 0.48914858096828046 0.48120300751879697 0.48414023372287146 0.506265664160401 0.48414023372287146 0.5263157894736842 0.48080133555926546 0.543859649122807 0.4791318864774624 0.5488721804511278 0.48914858096828046 0.5513784461152882 0.5075125208681135 0.556390977443609 0.5225375626043406 0.5626566416040101 0.5375626043405676 0.5776942355889725 0.5509181969949917 0.5914786967418546 0.5542570951585977 0.606516290726817 0.5575959933222037 0.6278195488721805 0.5592654424040067 0.6466165413533834 0.5642737896494157 0.6516290726817042 0.5776293823038398 0.6591478696741855 0.5809682804674458 0.6691729323308271 0.5709515859766278 0.6729323308270677 0.5542570951585977 0.6829573934837093 0.5392320534223706 0.6954887218045113 0.5208681135225376 0.706766917293233 0.5041736227045075 0.7180451127819549 0.49248747913188645 0.7293233082706767 0.48414023372287146 0.7368421052631579 0.4741235392320534 0.7468671679197995 0.4674457429048414 0.7593984962406015 0.4590984974958264 0.7719298245614035 0.4507512520868113
5 0.19423558897243107 0.2704507512520868 0.19298245614035087 0.27378964941569284 0.19298245614035087 0.27712854757929883 0.19172932330827067 0.28046744574290483 0.19172932330827067 0.2838063439065108 0.19172932330827067 0.2871452420701169 0.19047619047619047 0.2904841402337229 0.19298245614035087 0.2938230383973289 0.19423558897243107 0.29549248747913187 0.19423558897243107 0.2988313856427379 0.19548872180451127 0.3055091819699499 0.18922305764411027 0.3088480801335559 0.18546365914786966 0.3105175292153589 0.18295739348370926 0.3105175292153589 0.18170426065162906 0.31385642737896496 0.18045112781954886 0.3105175292153589 0.18045112781954886 0.3071786310517529 0.17919799498746866 0.3038397328881469 0.17794486215538846 0.3005008347245409 0.17919799498746866 0.29716193656093487 0.18045112781954886 0.2938230383973289 0.18295739348370926 0.2904841402337229 0.18421052631578946 0.2871452420701169 0.18671679197994986 0.2838063439065108 0.18922305764411027 0.27545909849749584
0 0.32957393483709274 0.5392320534223706 0.37218045112781956 0.5525876460767947 0.4273182957393484 0.5626043405676127 0.4699248120300752 0.5642737896494157 0.5125313283208021 0.5642737896494157 0.5375939849624061 0.5642737896494157 0.5476190476190477 0.5442404006677797 0.556390977443609 0.5292153589315526 0.5701754385964912 0.5141903171953256 0.5789473684210527 0.4974958263772955 0.5789473684210527 0.48080133555926546 0.5601503759398496 0.4757929883138564 0.5263157894736842 0.4741235392320534 0.4924812030075188 0.4741235392320534 0.4473684210526316 0.4757929883138564 0.41102756892230574 0.4707846410684474 0.38596491228070173 0.4741235392320534 0.36716791979949875 0.48414023372287146 0.34962406015037595 0.5041736227045075
0 0.6365914786967418 0.6427378964941569 0.6090225563909775 0.6444073455759599 0.5401002506265664 0.6527545909849749 0.5350877192982456 0.6444073455759599 0.5363408521303258 0.6243739565943238 0.5426065162907269 0.6026711185308848 0.5476190476190477 0.5826377295492488 0.550125313283208 0.5659432387312187 0.5426065162907269 0.5609348914858097 0.5275689223057645 0.5642737896494157 0.5375939849624061 0.5776293823038398 0.5350877192982456 0.5943238731218697 0.5288220551378446 0.6110183639398998 0.5238095238095238 0.6277128547579299 0.5213032581453634 0.6410684474123539 0.5225563909774437 0.654424040066778 0.5263157894736842 0.662771285475793 0.5350877192982456 0.667779632721202 0.6127819548872181 0.666110183639399 0.6290726817042607 0.66110183639399
0 0.8634085213032582 0.5742904841402338 0.8734335839598998 0.5392320534223706 0.8784461152882206 0.5041736227045075 0.8972431077694235 0.4273789649415693 0.9047619047619048 0.39065108514190316 0.9097744360902256 0.3639398998330551 0.9122807017543859 0.34223706176961605 0.9147869674185464 0.32387312186978295 0.9147869674185464 0.3071786310517529 0.9122807017543859 0.2988313856427379 0.9060150375939849 0.3038397328881469 0.9010025062656641 0.32554257095158595 0.899749373433584 0.34891485809682804 0.8909774436090225 0.4023372287145242 0.8847117794486216 0.42237061769616024 0.8796992481203008 0.44407345575959933 0.8734335839598998 0.48080133555926546 0.8659147869674185 0.4991652754590985 0.8596491228070176 0.5108514190317195 0.8533834586466166 0.5208681135225376 0.8583959899749374 0.5308848080133556 0.8596491228070176 0.5375626043405676 0.8571428571428571 0.5626043405676127 0.8546365914786967 0.5792988313856428
0 0.8395989974937343 0.28046744574290483 0.7832080200501254 0.3038397328881469 0.7042606516290727 0.332220367278798 0.6679197994987469 0.35392320534223703 0.6353383458646616 0.3772954924874791 0.6052631578947368 0.4056761268781302 0.6516290726817042 0.38397328881469117 0.7155388471177945 0.34891485809682804 0.7756892230576441 0.32387312186978295 0.8220551378446115 0.3038397328881469 0.8370927318295739 0.2921535893155259
0 0.818295739348371 0.5692821368948247 0.8295739348370927 0.5141903171953256 0.8295739348370927 0.48247078464106846 0.818295739348371 0.4590984974958264 0.8020050125313283 0.44073455759599334 0.8270676691729323 0.44240400667779634 0.8446115288220551 0.4574290484140234 0.8521303258145363 0.48080133555926546 0.849624060150376 0.5141903171953256 0.8458646616541353 0.5392320534223706 0.8283208020050126 0.5659432387312187
5 0.17919799498746866 0.42070116861435725 0.2606516290726817 0.5292153589315526 0.2619047619047619 0.5859766277128547 0.18045112781954886 0.4741235392320534