8 0.45036496350364963 0.5247603833865815 0.464963503649635 0.4976038338658147 0.4737226277372263 0.49121405750798725 0.47226277372262776 0.4784345047923323 0.46058394160583943 0.4720447284345048 0.4401459854014598 0.542332268370607 0.41094890510948906 0.6381789137380192 0.4124087591240876 0.6413738019169329 0.4299270072992701 0.5950479233226837 0.45036496350364963 0.5247603833865815
8 0.39343065693430657 0.7388178913738019 0.3948905109489051 0.7260383386581469 0.3905109489051095 0.7228434504792333 0.3875912408759124 0.7388178913738019 0.38467153284671535 0.7531948881789138 0.3948905109489051 0.7531948881789138 0.39343065693430657 0.7388178913738019
3 0.6956204379562044 0.5071884984025559 0.6985401459854015 0.5199680511182109 0.7131386861313869 0.5231629392971247 0.7160583941605839 0.5455271565495208 0.7102189781021898 0.5726837060702875 0.6985401459854015 0.5934504792332268 0.7058394160583942 0.5934504792332268 0.7 0.615814696485623 0.7145985401459855 0.5886581469648562 0.7291970802919708 0.5407348242811502 0.7364963503649635 0.5039936102236422 0.7335766423357665 0.4305111821086262 0.7291970802919708 0.3586261980830671 0.7087591240875912 0.2755591054313099 0.6927007299270073 0.21645367412140576 0.6649635036496351 0.213258785942492 0.6474452554744525 0.23242811501597443 0.6226277372262774 0.26757188498402557 0.6401459854014598 0.3282747603833866 0.6562043795620438 0.39217252396166136 0.6722627737226278 0.46405750798722045 0.6737226277372262 0.4928115015974441 0.6766423357664234 0.4960063897763578 0.6883211678832116 0.5007987220447284 0.6956204379562044 0.5071884984025559
4 0.7875912408759124 0.43370607028753994 0.7613138686131387 0.41293929712460065 0.7510948905109489 0.39057507987220447 0.7744525547445256 0.3793929712460064 0.810948905109489 0.38258785942492013 0.7978102189781022 0.3490415335463259 0.7583941605839416 0.2979233226837061 0.7335766423357665 0.25 0.7145985401459855 0.2595846645367412 0.718978102189781 0.2819488817891374 0.7248175182481752 0.3011182108626198 0.7262773722627737 0.3282747603833866 0.737956204379562 0.3937699680511182 0.7423357664233576 0.4145367412140575 0.7467153284671533 0.4416932907348243 0.7408759124087592 0.505591054313099 0.7496350364963503 0.5103833865814696 0.7507299270072992 0.5119808306709265 0.7525547445255475 0.5119808306709265 0.7544589021897811 0.5175371581469648 0.7642335766423358 0.5343450479233227 0.7565534744525548 0.5236491182108626 0.756934306569343 0.5247603833865815 0.7744525547445256 0.5630990415335463 0.7875912408759124 0.5583067092651757 0.8036496350364963 0.4784345047923323 0.7875912408759124 0.43370607028753994
8 0.33357664233576645 0.9672523961661342 0.3437956204379562 0.9672523961661342 0.34817518248175183 0.9640575079872205 0.3583941605839416 0.9528753993610224 0.37445255474452555 0.944888178913738 0.39343065693430657 0.9305111821086262 0.3788321167883212 0.9353035143769968 0.3656934306569343 0.9400958466453674 0.33795620437956203 0.9624600638977636 0.3218978102189781 0.9608626198083067 0.32043795620437954 0.9688498402555911 0.3248175182481752 0.9672523961661342 0.33357664233576645 0.9672523961661342
8 0.8182481751824817 0.4736421725239617 0.8065693430656934 0.48801916932907347 0.8138686131386861 0.4928115015974441 0.8153284671532847 0.5023961661341853 0.8124087591240876 0.5151757188498403 0.8197080291970803 0.5071884984025559 0.827007299270073 0.46884984025559107 0.8313868613138686 0.46565495207667734 0.8357664233576643 0.4784345047923323 0.8386861313868613 0.48801916932907347 0.8474452554744526 0.49440894568690097 0.8489051094890511 0.5071884984025559 0.8547445255474453 0.505591054313099 0.8547445255474453 0.49121405750798725 0.8605839416058394 0.48642172523961663 0.8635036496350365 0.4704472843450479 0.8518248175182481 0.4784345047923323 0.845985401459854 0.4784345047923323 0.8445255474452554 0.46405750798722045 0.8416058394160584 0.45926517571884984 0.8343065693430657 0.45926517571884984 0.82992700729927 0.4560702875399361 0.8255474452554744 0.4145367412140575 0.8182481751824817 0.4225239616613419 0.8182481751824817 0.44009584664536744 0.8182481751824817 0.4544728434504792 0.8182481751824817 0.4736421725239617
4 0.7802919708029197 0.4480830670926518 0.7802919708029197 0.43370607028753994 0.775912408759124 0.43210862619808305 0.7744525547445256 0.4496805111821086 0.7671532846715329 0.4560702875399361 0.7613138686131387 0.45926517571884984 0.7525547445255475 0.4560702875399361 0.7496350364963503 0.46086261980830673 0.7496350364963503 0.46884984025559107 0.7598540145985402 0.4672523961661342 0.7671532846715329 0.46884984025559107 0.7671532846715329 0.48482428115015974 0.7613138686131387 0.4768370607028754 0.756934306569343 0.48801916932907347 0.7613138686131387 0.4928115015974441 0.754014598540146 0.5071884984025559 0.7525547445255475 0.5199680511182109 0.7481751824817519 0.518370607028754 0.7467153284671533 0.5119808306709265 0.7467153284671533 0.505591054313099 0.7408759124087592 0.49440894568690097 0.7291970802919708 0.5391373801916933 0.7248175182481752 0.5519169329073482 0.7233576642335766 0.5583067092651757 0.7335766423357665 0.555111821086262 0.7364963503649635 0.5503194888178914 0.7408759124087592 0.5503194888178914 0.7423357664233576 0.5375399361022364 0.7481751824817519 0.5391373801916933 0.7437956204379562 0.555111821086262 0.737956204379562 0.555111821086262 0.7277372262773723 0.579073482428115 0.718978102189781 0.5774760383386581 0.7160583941605839 0.59185303514377 0.7248175182481752 0.5886581469648562 0.7218978102189781 0.5966453674121406 0.7204379562043796 0.6078274760383386 0.7160583941605839 0.6078274760383386 0.7087591240875912 0.6206070287539937 0.7131386861313869 0.6285942492012779 0.7072992700729926 0.6269968051118211 0.6985401459854015 0.6461661341853036 0.7043795620437956 0.6477635782747604 0.7014598540145985 0.6509584664536742 0.6956204379562044 0.6493610223642172 0.6897810218978102 0.6621405750798722 0.6927007299270073 0.6685303514376997 0.6985401459854015 0.6717252396166135 0.7014598540145985 0.6653354632587859 0.7058394160583942 0.6637380191693291 0.7102189781021898 0.6605431309904153 0.7306569343065693 0.6174121405750799 0.7452554744525547 0.6174121405750799 0.7364963503649635 0.6301916932907349 0.7364963503649635 0.6429712460063898 0.7321167883211679 0.6509584664536742 0.7291970802919708 0.6557507987220448 0.7248175182481752 0.6621405750798722 0.718978102189781 0.6701277955271565 0.7175182481751825 0.6797124600638977 0.7233576642335766 0.6813099041533547 0.7321167883211679 0.6605431309904153 0.7364963503649635 0.6509584664536742 0.7394160583941606 0.6509584664536742 0.756934306569343 0.6110223642172524 0.7773722627737226 0.5599041533546326 0.7744525547445256 0.5535143769968051 0.772992700729927 0.5391373801916933 0.7773722627737226 0.5247603833865815 0.7861313868613139 0.5343450479233227 0.7963503649635036 0.48801916932907347 0.7992700729927007 0.46565495207667734 0.791970802919708 0.4496805111821086 0.7875912408759124 0.4544728434504792 0.7832116788321168 0.444888178913738 0.7802919708029197 0.4480830670926518
4 0.7613138686131387 0.4305111821086262 0.7613138686131387 0.43370607028753994 0.7583941605839416 0.43210862619808305 0.756934306569343 0.44329073482428116 0.7598540145985402 0.444888178913738 0.7627737226277372 0.4464856230031949 0.7642335766423358 0.444888178913738 0.7671532846715329 0.444888178913738 0.7715328467153285 0.43849840255591055 0.7700729927007299 0.43210862619808305 0.7671532846715329 0.4305111821086262 0.7627737226277372 0.4289137380191693 0.7613138686131387 0.4225239616613419 0.7583941605839416 0.4225239616613419 0.756934306569343 0.4289137380191693 0.7613138686131387 0.4305111821086262
4 0.6693430656934306 0.7068690095846646 0.6781021897810219 0.700479233226837 0.6795620437956205 0.6924920127795527 0.6824817518248175 0.6924920127795527 0.6854014598540146 0.6972843450479234 0.6897810218978102 0.6956869009584664 0.6912408759124088 0.6940894568690096 0.6927007299270073 0.6924920127795527 0.6956204379562044 0.6924920127795527 0.6970802919708029 0.6940894568690096 0.7 0.6972843450479234 0.7058394160583942 0.6988817891373802 0.7058394160583942 0.6924920127795527 0.7087591240875912 0.6908945686900958 0.7116788321167883 0.6972843450479234 0.7175182481751825 0.6988817891373802 0.7218978102189781 0.6829073482428115 0.7204379562043796 0.6813099041533547 0.7175182481751825 0.6845047923322684 0.7043795620437956 0.6781150159744409 0.7014598540145985 0.6749201277955271 0.6970802919708029 0.6765175718849841 0.6970802919708029 0.6797124600638977 0.6941605839416058 0.6781150159744409 0.6941605839416058 0.6749201277955271 0.6897810218978102 0.6749201277955271 0.6839416058394161 0.6861022364217252 0.6795620437956205 0.6861022364217252 0.6795620437956205 0.6813099041533547 0.6766423357664234 0.6813099041533547 0.6635036496350365 0.7068690095846646 0.6664233576642336 0.7084664536741214 0.6693430656934306 0.7068690095846646
4 0.6751824817518248 0.737220447284345 0.6781021897810219 0.7356230031948882 0.6795620437956205 0.7324281150159745 0.6795620437956205 0.7292332268370607 0.6795620437956205 0.7260383386581469 0.6766423357664234 0.7244408945686901 0.6795620437956205 0.7228434504792333 0.6781021897810219 0.7180511182108626 0.6751824817518248 0.7164536741214057 0.6751824817518248 0.7148562300319489 0.6781021897810219 0.713258785942492 0.6810218978102189 0.7100638977635783 0.6824817518248175 0.7084664536741214 0.6839416058394161 0.7068690095846646 0.6839416058394161 0.7036741214057508 0.6795620437956205 0.702076677316294 0.6781021897810219 0.7036741214057508 0.6766423357664234 0.7036741214057508 0.6722627737226278 0.7052715654952076 0.6693430656934306 0.7084664536741214 0.6664233576642336 0.713258785942492 0.6635036496350365 0.7148562300319489 0.6635036496350365 0.7116613418530351 0.6605839416058394 0.7116613418530351 0.6576642335766424 0.7180511182108626 0.6605839416058394 0.7180511182108626 0.6620437956204379 0.7164536741214057 0.6605839416058394 0.7212460063897763 0.6532846715328468 0.7356230031948882 0.6562043795620438 0.7388178913738019 0.6503649635036496 0.7468051118210862 0.6489051094890511 0.7436102236421726 0.6445255474452555 0.7436102236421726 0.6416058394160584 0.7388178913738019 0.6401459854014598 0.7436102236421726 0.6416058394160584 0.7452076677316294 0.6416058394160584 0.7484025559105432 0.6474452554744525 0.75 0.6401459854014598 0.7643769968051118 0.6459854014598541 0.7659744408945687 0.6518248175182482 0.7531948881789138 0.6562043795620438 0.7531948881789138 0.6620437956204379 0.7452076677316294 0.6664233576642336 0.7436102236421726 0.6664233576642336 0.7388178913738019 0.6708029197080292 0.7388178913738019 0.6708029197080292 0.7404153354632588 0.6751824817518248 0.7420127795527156 0.6781021897810219 0.7436102236421726 0.6751824817518248 0.7468051118210862 0.6751824817518248 0.75 0.6795620437956205 0.75 0.6897810218978102 0.7356230031948882 0.7 0.7228434504792333 0.7 0.7196485623003195 0.6941605839416058 0.7196485623003195 0.6839416058394161 0.7356230031948882 0.6810218978102189 0.7388178913738019 0.6781021897810219 0.7388178913738019 0.6751824817518248 0.737220447284345
4 0.6313868613138686 0.7851437699680511 0.6343065693430657 0.7835463258785943 0.6372262773722628 0.7771565495207667 0.6372262773722628 0.7739616613418531 0.6343065693430657 0.7739616613418531 0.6328467153284671 0.7755591054313099 0.6284671532846715 0.7755591054313099 0.627007299270073 0.7803514376996805 0.6313868613138686 0.7819488817891374 0.6313868613138686 0.7851437699680511
4 0.6299270072992701 0.7899361022364217 0.6328467153284671 0.7899361022364217 0.6328467153284671 0.7851437699680511 0.6284671532846715 0.7851437699680511 0.6284671532846715 0.7835463258785943 0.6255474452554745 0.7835463258785943 0.6255474452554745 0.7883386581469649 0.6299270072992701 0.7883386581469649 0.6299270072992701 0.7899361022364217
4 0.6401459854014598 0.7531948881789138 0.6416058394160584 0.7547923322683706 0.6445255474452555 0.7547923322683706 0.6459854014598541 0.7515974440894568 0.6401459854014598 0.75 0.6401459854014598 0.7484025559105432 0.6372262773722628 0.7484025559105432 0.6372262773722628 0.7547923322683706 0.6386861313868614 0.7547923322683706 0.6401459854014598 0.7531948881789138
4 0.6562043795620438 0.7947284345047924 0.6664233576642336 0.786741214057508 0.6956204379562044 0.7388178913738019 0.6912408759124088 0.7356230031948882 0.6781021897810219 0.7547923322683706 0.6722627737226278 0.762779552715655 0.6693430656934306 0.762779552715655 0.6562043795620438 0.7947284345047924
4 0.5905109489051095 0.896964856230032 0.5686131386861314 0.9129392971246006 0.572992700729927 0.9177316293929713 0.5934306569343065 0.9033546325878594 0.5905109489051095 0.896964856230032
4 0.5934306569343065 0.9161341853035144 0.6021897810218978 0.8921725239616614 0.5978102189781022 0.8921725239616614 0.589051094890511 0.9097444089456869 0.5934306569343065 0.9161341853035144
4 0.7262773722627737 0.6908945686900958 0.7233576642335766 0.689297124600639 0.7145985401459855 0.7036741214057508 0.7233576642335766 0.700479233226837 0.7306569343065693 0.6988817891373802 0.7262773722627737 0.6956869009584664 0.7262773722627737 0.6908945686900958
4 0.7627737226277372 0.347444089456869 0.7671532846715329 0.36501597444089456 0.7788321167883212 0.36501597444089456 0.772992700729927 0.36022364217252395 0.7700729927007299 0.3506389776357827 0.7642335766423358 0.3330670926517572 0.7627737226277372 0.347444089456869
4 0.7948905109489051 0.3777955271565495 0.7948905109489051 0.3746006389776358 0.789051094890511 0.3730031948881789 0.7773722627737226 0.3746006389776358 0.772992700729927 0.3730031948881789 0.7715328467153285 0.37140575079872207 0.7686131386861313 0.37140575079872207 0.7686131386861313 0.3761980830670926 0.7875912408759124 0.3761980830670926 0.7948905109489051 0.3777955271565495
4 0.6532846715328468 0.20207667731629392 0.6474452554744525 0.19728434504792333 0.6416058394160584 0.21805111821086262 0.6489051094890511 0.21964856230031948 0.6532846715328468 0.20207667731629392
4 0.6489051094890511 0.18610223642172524 0.6489051094890511 0.19089456869009586 0.6562043795620438 0.20047923322683706 0.6562043795620438 0.21166134185303515 0.6605839416058394 0.213258785942492 0.6591240875912409 0.19568690095846644 0.6547445255474452 0.18929712460063897 0.6489051094890511 0.18610223642172524
4 0.7 0.4257188498402556 0.7350364963503649 0.420926517571885 0.7306569343065693 0.41613418530351437 0.7102189781021898 0.41773162939297126 0.6956204379562044 0.4193290734824281 0.6766423357664234 0.43210862619808305 0.6562043795620438 0.43370607028753994 0.6605839416058394 0.4416932907348243 0.6912408759124088 0.4289137380191693 0.7 0.4257188498402556
8 0.7160583941605839 0.5247603833865815 0.7233576642335766 0.5119808306709265 0.7204379562043796 0.505591054313099 0.7175182481751825 0.5167731629392971 0.7116788321167883 0.5119808306709265 0.7072992700729926 0.5103833865814696 0.7145985401459855 0.44329073482428116 0.7102189781021898 0.4416932907348243 0.6985401459854015 0.5167731629392971 0.7058394160583942 0.5199680511182109 0.7116788321167883 0.5199680511182109 0.7160583941605839 0.5247603833865815
8 0.718978102189781 0.48642172523961663 0.7248175182481752 0.4784345047923323 0.7350364963503649 0.48003194888178913 0.7350364963503649 0.49121405750798725 0.7277372262773723 0.5103833865814696 0.7233576642335766 0.5311501597444089 0.7291970802919708 0.5343450479233227 0.7321167883211679 0.5199680511182109 0.7321167883211679 0.5119808306709265 0.737956204379562 0.4960063897763578 0.7423357664233576 0.4960063897763578 0.7452554744525547 0.5007987220447284 0.7481751824817519 0.46884984025559107 0.7467153284671533 0.4496805111821086 0.7394160583941606 0.444888178913738 0.7321167883211679 0.44329073482428116 0.7306569343065693 0.46086261980830673 0.7306569343065693 0.4704472843450479 0.7233576642335766 0.4736421725239617 0.7116788321167883 0.4752396166134185 0.7116788321167883 0.48482428115015974 0.7145985401459855 0.48961661341853036 0.718978102189781 0.48642172523961663
0 0.5394160583941606 0.6365814696485623 0.5817518248175182 0.7084664536741214 0.6459854014598541 0.5758785942492013 0.6620437956204379 0.5343450479233227 0.6678832116788321 0.5199680511182109 0.6751824817518248 0.46086261980830673 0.6445255474452555 0.33626198083067094 0.6226277372262774 0.26757188498402557 0.5204379562043796 0.3027156549520767 0.44306569343065694 0.3506389776357827 0.48394160583941603 0.5103833865814696 0.5394160583941606 0.6365814696485623
1 0.5992700729927007 0.7739616613418531 0.5934306569343065 0.7739616613418531 0.5817518248175182 0.7675718849840255 0.5788321167883211 0.7723642172523961 0.5861313868613138 0.7835463258785943 0.5773722627737227 0.7835463258785943 0.5744525547445255 0.786741214057508 0.5671532846715328 0.7963258785942492 0.572992700729927 0.7963258785942492 0.5744525547445255 0.8011182108626198 0.57007299270073 0.8027156549520766 0.5613138686131387 0.810702875399361 0.5583941605839416 0.8202875399361023 0.5642335766423358 0.8266773162939297 0.5686131386861314 0.8218849840255591 0.5832116788321168 0.8346645367412141 0.6124087591240875 0.7691693290734825 0.6094890510948905 0.7675718849840255 0.6065693430656934 0.7723642172523961 0.5992700729927007 0.7739616613418531
1 0.6197080291970803 0.7436102236421726 0.6182481751824818 0.7579872204472844 0.6328467153284671 0.7340255591054313 0.6240875912408759 0.7340255591054313 0.6182481751824818 0.7388178913738019 0.6197080291970803 0.7436102236421726
0 0.7218978102189781 0.6142172523961661 0.7583941605839416 0.5343450479233227 0.7715328467153285 0.4672523961661342 0.775912408759124 0.41293929712460065 0.772992700729927 0.3793929712460064 0.7613138686131387 0.3698083067092652 0.7335766423357665 0.384185303514377 0.7394160583941606 0.420926517571885 0.7364963503649635 0.5023961661341853 0.7 0.6062300319488818 0.6343065693430657 0.7340255591054313 0.6065693430656934 0.7755591054313099 0.5773722627737227 0.847444089456869 0.537956204379562 0.9384984025559105 0.5656934306569343 0.920926517571885 0.6197080291970803 0.8027156549520766 0.6562043795620438 0.7308306709265175 0.6897810218978102 0.6765175718849841 0.7218978102189781 0.6142172523961661