8 0.6544502617801047 0.289002557544757 0.6509598603839442 0.28388746803069054 0.6369982547993019 0.29411764705882354 0.6387434554973822 0.30179028132992325 0.6544502617801047 0.289002557544757
8 0.631762652705061 0.30434782608695654 0.6282722513089005 0.2966751918158568 0.612565445026178 0.319693094629156 0.6160558464223386 0.3248081841432225 0.631762652705061 0.30434782608695654
8 0.6387434554973822 0.3171355498721228 0.6195462478184991 0.3171355498721228 0.6178010471204188 0.3248081841432225 0.6387434554973822 0.3248081841432225 0.6387434554973822 0.3171355498721228
8 0.7452006980802792 0.28388746803069054 0.7329842931937173 0.28388746803069054 0.7260034904013961 0.2864450127877238 0.7260034904013961 0.2915601023017903 0.7277486910994765 0.29923273657289 0.7364746945898778 0.2966751918158568 0.7469458987783595 0.2966751918158568 0.7539267015706806 0.2915601023017903 0.7626527050610821 0.289002557544757 0.7731239092495636 0.289002557544757 0.7783595113438045 0.2864450127877238 0.7766143106457243 0.2813299232736573 0.7713787085514834 0.2813299232736573 0.7609075043630017 0.2813299232736573 0.7539267015706806 0.2813299232736573 0.7452006980802792 0.28388746803069054
8 0.7294938917975567 0.40153452685422 0.7242582897033158 0.3989769820971867 0.7207678883071553 0.40664961636828645 0.7277486910994765 0.4092071611253197 0.7294938917975567 0.40153452685422
8 0.7015706806282722 0.4219948849104859 0.6928446771378709 0.4219948849104859 0.6945898778359512 0.4296675191815857 0.7015706806282722 0.4296675191815857 0.7015706806282722 0.4219948849104859
8 0.6701570680628273 0.4117647058823529 0.6684118673647469 0.39641943734015345 0.6614310645724258 0.39641943734015345 0.6579406631762653 0.4143222506393862 0.6666666666666666 0.4117647058823529 0.6701570680628273 0.4117647058823529
5 0.806282722513089 0.09974424552429667 0.794066317626527 0.08695652173913043 0.7818499127399651 0.08184143222506395 0.7661431064572426 0.0741687979539642 0.7521815008726004 0.0741687979539642 0.7347294938917975 0.0741687979539642 0.7172774869109948 0.0741687979539642 0.7242582897033158 0.09974424552429667 0.731239092495637 0.12020460358056266 0.7382198952879581 0.1329923273657289 0.743455497382199 0.15089514066496162 0.7504363001745201 0.16879795396419436 0.7539267015706806 0.1918158567774936 0.7591623036649214 0.20971867007672634 0.7609075043630017 0.21739130434782608 0.7766143106457243 0.21483375959079284 0.7905759162303665 0.21739130434782608 0.8115183246073299 0.21227621483375958 0.8307155322862129 0.20971867007672634 0.8394415357766143 0.20971867007672634 0.8342059336823735 0.17391304347826086 0.8272251308900523 0.1432225063938619 0.8202443280977313 0.12531969309462915 0.806282722513089 0.09974424552429667
3 0.7678883071553229 0.22250639386189258 0.7574171029668412 0.22762148337595908 0.7678883071553229 0.24552429667519182 0.7783595113438045 0.2710997442455243 0.7835951134380453 0.2915601023017903 0.7905759162303665 0.3145780051150895 0.7923211169284468 0.3375959079283887 0.7905759162303665 0.36828644501278773 0.7905759162303665 0.3989769820971867 0.7888307155322862 0.4296675191815857 0.7923211169284468 0.45268542199488493 0.794066317626527 0.4833759590792839 0.7993019197207679 0.4884910485933504 0.8080279232111692 0.47570332480818417 0.8167539267015707 0.4629156010230179 0.8307155322862129 0.4475703324808184 0.8429319371727748 0.43478260869565216 0.8481675392670157 0.4143222506393862 0.8551483420593369 0.391304347826087 0.8621291448516579 0.3631713554987212 0.8621291448516579 0.3248081841432225 0.8568935427574171 0.2864450127877238 0.8551483420593369 0.26342710997442453 0.8516579406631762 0.23529411764705882 0.837696335078534 0.21994884910485935 0.8150087260034904 0.21739130434782608 0.7975567190226877 0.21994884910485935 0.7818499127399651 0.22250639386189258 0.7678883071553229 0.22250639386189258
8 0.6771378708551483 0.28388746803069054 0.6614310645724258 0.2966751918158568 0.6492146596858639 0.3171355498721228 0.6544502617801047 0.3375959079283887 0.6596858638743456 0.34782608695652173 0.675392670157068 0.37084398976982097 0.680628272251309 0.3887468030690537 0.68760907504363 0.4092071611253197 0.6910994764397905 0.42455242966751916 0.6963350785340314 0.44501278772378516 0.7015706806282722 0.4680306905370844 0.7033158813263525 0.4884910485933504 0.7190226876090751 0.5063938618925832 0.7242582897033158 0.5242966751918159 0.7260034904013961 0.5549872122762148 0.7260034904013961 0.5754475703324808 0.7382198952879581 0.5626598465473146 0.7469458987783595 0.5498721227621484 0.7556719022687609 0.5345268542199488 0.7678883071553229 0.5217391304347826 0.7766143106457243 0.5140664961636828 0.7853403141361257 0.49872122762148335 0.794066317626527 0.49104859335038364 0.7905759162303665 0.45268542199488493 0.7888307155322862 0.4143222506393862 0.7888307155322862 0.37851662404092073 0.7888307155322862 0.35038363171355497 0.7888307155322862 0.32225063938618925 0.7853403141361257 0.30179028132992325 0.7783595113438045 0.2710997442455243 0.774869109947644 0.25831202046035806 0.7696335078534031 0.2531969309462916 0.7452006980802792 0.25831202046035806 0.7277486910994765 0.26854219948849106 0.7015706806282722 0.2813299232736573 0.6771378708551483 0.28388746803069054
8 0.6666666666666666 0.4833759590792839 0.6614310645724258 0.4859335038363171 0.6579406631762653 0.49104859335038364 0.6544502617801047 0.4936061381074169 0.6561954624781849 0.4961636828644501 0.6614310645724258 0.4961636828644501 0.6631762652705061 0.49104859335038364 0.6684118673647469 0.4884910485933504 0.6736474694589878 0.4859335038363171 0.6788830715532286 0.4833759590792839 0.680628272251309 0.48081841432225064 0.6858638743455497 0.48081841432225064 0.6841186736474695 0.4731457800511509 0.680628272251309 0.47570332480818417 0.675392670157068 0.4782608695652174 0.6701570680628273 0.48081841432225064 0.6666666666666666 0.4833759590792839
5 0.8691099476439791 0.21483375959079284 0.8726003490401396 0.22762148337595908 0.8848167539267016 0.22762148337595908 0.893542757417103 0.21994884910485935 0.893542757417103 0.2071611253196931 0.893542757417103 0.1969309462915601 0.8848167539267016 0.1867007672634271 0.8726003490401396 0.18925831202046037 0.8691099476439791 0.19948849104859334 0.8691099476439791 0.21483375959079284
3 0.8603839441535777 0.2071611253196931 0.8638743455497382 0.21994884910485935 0.8691099476439791 0.24296675191815856 0.8743455497382199 0.25831202046035806 0.8778359511343804 0.27877237851662406 0.881326352530541 0.2966751918158568 0.8883071553228621 0.2966751918158568 0.8917975567190227 0.30179028132992325 0.900523560209424 0.29923273657289 0.9057591623036649 0.2915601023017903 0.9057591623036649 0.27621483375959077 0.9075043630017452 0.25831202046035806 0.900523560209424 0.23529411764705882 0.8970331588132635 0.22506393861892582 0.893542757417103 0.21227621483375958 0.8830715532286213 0.18925831202046037 0.8726003490401396 0.17902813299232737 0.8551483420593369 0.17135549872122763 0.8568935427574171 0.1815856777493606 0.8568935427574171 0.19437340153452684 0.8603839441535777 0.2071611253196931
3 0.6596858638743456 0.3657289002557545 0.5951134380453752 0.391304347826087 0.5794066317626527 0.4194373401534527 0.5759162303664922 0.47058823529411764 0.5951134380453752 0.5242966751918159 0.6143106457242583 0.5524296675191815 0.6858638743455497 0.48081841432225064 0.6823734729493892 0.43478260869565216 0.6596858638743456 0.3657289002557545
5 0.31413612565445026 0.3887468030690537 0.17975567190226877 0.35038363171355497 0.17277486910994763 0.4296675191815857 0.2914485165794066 0.48081841432225064 0.31413612565445026 0.3887468030690537
0 0.6090750436300174 0.061381074168797956 0.6020942408376964 0.07672634271099744 0.6003490401396161 0.1432225063938619 0.5951134380453752 0.1867007672634271 0.6020942408376964 0.21483375959079284 0.6055846422338569 0.23273657289002558 0.62478184991274 0.29411764705882354 0.6474694589877836 0.3452685421994885 0.6579406631762653 0.3631713554987212 0.6719022687609075 0.42710997442455245 0.6858638743455497 0.4782608695652174 0.6910994764397905 0.5012787723785166 0.7033158813263525 0.5191815856777494 0.7085514834205934 0.5396419437340153 0.7102966841186736 0.5601023017902813 0.7102966841186736 0.5728900255754475 0.7102966841186736 0.5907928388746803 0.7102966841186736 0.6035805626598465 0.7085514834205934 0.6214833759590793 0.7068062827225131 0.6317135549872123 0.7050610820244329 0.6445012787723785 0.7277486910994765 0.6342710997442456 0.7905759162303665 0.5370843989769821 0.7975567190226877 0.47570332480818417 0.7923211169284468 0.4117647058823529 0.794066317626527 0.35294117647058826 0.7958115183246073 0.309462915601023 0.7801047120418848 0.2531969309462916 0.7626527050610821 0.22506393861892582 0.7504363001745201 0.17135549872122763 0.7068062827225131 0.043478260869565216 0.6963350785340314 0.03836317135549872 0.6614310645724258 0.043478260869565216 0.643979057591623 0.04859335038363171 0.6265270506108203 0.05115089514066496 0.6090750436300174 0.061381074168797956
3 0.6020942408376964 0.1329923273657289 0.6038394415357766 0.09462915601023018 0.6020942408376964 0.07161125319693094 0.5933682373472949 0.06905370843989769 0.5759162303664922 0.08695652173913043 0.5514834205933682 0.1483375959079284 0.5497382198952879 0.2020460358056266 0.5724258289703316 0.19437340153452684 0.5916230366492147 0.17391304347826086 0.6020942408376964 0.1329923273657289
3 0.6736474694589878 0.03580562659846547 0.6527050610820244 0.01278772378516624 0.6178010471204188 0.01278772378516624 0.5933682373472949 0.017902813299232736 0.5706806282722513 0.030690537084398978 0.5497382198952879 0.04603580562659847 0.5445026178010471 0.0639386189258312 0.5602094240837696 0.10230179028132992 0.6020942408376964 0.07161125319693094 0.6352530541012217 0.056265984654731455 0.6631762652705061 0.04859335038363171 0.6736474694589878 0.03580562659846547