8 0.3352192362093352 0.46706586826347307 0.536067892503536 0.47904191616766467 0.5671852899575672 0.5189620758483033 0.49222065063649223 0.5289421157684631 0.4144271570014144 0.5129740518962076 0.33663366336633666 0.4870259481037924
8 0.3521923620933522 0.44510978043912175 0.5134370579915134 0.4590818363273453 0.5205091937765205 0.47105788423153694 0.347949080622348 0.4590818363273453
8 0.19094766619519093 0.27345309381237526 0.2050919377652051 0.27345309381237526 0.19519094766619519 0.24550898203592814 0.18104667609618105 0.24750499001996007
8 0.1867043847241867 0.4091816367265469 0.19519094766619519 0.4111776447105788 0.19943422913719944 0.4351297405189621 0.1867043847241867 0.437125748502994
8 0.14285714285714285 0.36327345309381237 0.157001414427157 0.36127744510978044 0.157001414427157 0.3772455089820359 0.1456859971711457 0.3812375249500998
3 0.8330975954738331 0.32934131736526945 0.8486562942008486 0.3473053892215569 0.8330975954738331 0.3872255489021956 0.8132956152758133 0.3712574850299401
1 0.31683168316831684 0.7305389221556886 0.3635077793493635 0.7504990019960079 0.4101838755304102 0.7984031936127745 0.44130127298444133 0.8542914171656687 0.413012729844413 0.8642714570858283 0.4115983026874116 0.8542914171656687 0.41725601131541723 0.8383233532934131 0.4031117397454031 0.8143712574850299 0.37057991513437055 0.782435129740519 0.314002828854314 0.7425149700598802
1 0.2871287128712871 0.7425149700598802 0.28995756718529 0.7924151696606786 0.2984441301272984 0.7904191616766467 0.297029702970297 0.7425149700598802
1 0.30975954738330974 0.8183632734530938 0.3352192362093352 0.8343313373253493 0.3606789250353607 0.8323353293413174 0.36633663366336633 0.8483033932135728 0.3451202263083451 0.8542914171656687 0.32107496463932106 0.8423153692614771 0.30975954738330974 0.8303393213572854
1 0.3917963224893918 0.8263473053892215 0.4002828854314003 0.8263473053892215 0.4016973125884017 0.8323353293413174 0.3932107496463932 0.8383233532934131
1 0.347949080622348 0.8622754491017964 0.39038189533239037 0.8522954091816367 0.3917963224893918 0.8622754491017964 0.3536067892503536 0.874251497005988
1 0.19377652050919378 0.7225548902195609 0.19519094766619519 0.7385229540918163 0.16407355021216408 0.7604790419161677 0.1456859971711457 0.780439121756487 0.13012729844413012 0.8083832335329342 0.12588401697312587 0.8063872255489022 0.13295615275813297 0.7784431137724551 0.1471004243281471 0.7485029940119761 0.16831683168316833 0.7345309381237525
1 0.26166902404526166 0.9840319361277445 0.2956152758132956 0.9920159680638723 0.33097595473833097 0.9900199600798403 0.33804809052333806 0.998003992015968 0.25176803394625175 1
1 0.18104667609618105 0.9221556886227545 0.1768033946251768 0.9301397205588823 0.1867043847241867 0.9520958083832335 0.1867043847241867 0.9800399201596807 0.19377652050919378 0.9720558882235529 0.1966053748231966 0.9540918163672655 0.19519094766619519 0.9401197604790419
1 0.13578500707213578 0.8782435129740519 0.15134370579915135 0.9201596806387226 0.17963224893917965 0.9600798403193613 0.1753889674681754 0.9760479041916168 0.14992927864214992 0.9481037924151696 0.13861386138613863 0.9301397205588823 0.12588401697312587 0.936127744510978 0.11315417256011315 0.9041916167664671 0.11456859971711457 0.8862275449101796 0.12588401697312587 0.872255489021956
1 0.26591230551626593 0.7425149700598802 0.272984441301273 0.7425149700598802 0.27722772277227725 0.7784431137724551 0.27157001414427157 0.782435129740519
1 0.44837340876944837 0.8782435129740519 0.4526166902404526 0.9041916167664671 0.4526166902404526 0.93812375249501 0.42857142857142855 0.9960079840319361 0.4045261669024045 0.9800399201596807 0.39462517680339465 0.9680638722554891 0.4031117397454031 0.9540918163672655 0.41725601131541723 0.9301397205588823 0.4328147100424328 0.9141716566866267 0.44271570014144274 0.906187624750499 0.44130127298444133 0.8802395209580839
1 0.33097595473833097 0.872255489021956 0.33804809052333806 0.8862275449101796 0.32956152758132956 0.9021956087824351 0.32248939179632247 0.8982035928143712 0.32531824611032534 0.8762475049900199
1 0.22913719943422914 0.8602794411177644 0.21357850070721357 0.8782435129740519 0.23055162659123055 0.8982035928143712 0.24328147100424327 0.8922155688622755 0.2333804809052334 0.8802395209580839 0.2333804809052334 0.8662674650698603
1 0.2446958981612447 0.9041916167664671 0.2446958981612447 0.9341317365269461 0.26025459688826025 0.9481037924151696 0.27864214992927866 0.93812375249501 0.27864214992927866 0.9281437125748503 0.26025459688826025 0.9301397205588823 0.25176803394625175 0.9101796407185628
1 0.3493635077793494 0.9201596806387226 0.38048090523338046 0.9600798403193613 0.36775106082036774 0.9560878243512974 0.3465346534653465 0.9421157684630739 0.3465346534653465 0.9281437125748503
1 0.31541725601131543 0.9680638722554891 0.32956152758132956 0.9860279441117764 0.32814710042432815 0.9720558882235529 0.32107496463932106 0.9660678642714571