3 0.5094621513944223 0 0.5073041168658698 0.0019880715705765406 0.4847277556440903 0.061630218687872766 0.4674634794156706 0.11133200795228629 0.4435590969455511 0.15705765407554673 0.43824701195219123 0.1908548707753479 0.448871181938911 0.21073558648111332 0.46879150066401065 0.22465208747514911 0.5033200531208499 0.20874751491053678 0.5325365205843293 0.18290258449304175 0.5564409030544488 0.15705765407554673 0.5883134130146083 0.06958250497017893 0.5909694555112882 0.04771371769383698 0.5936254980079682 0.033797216699801194 0.590400304116866 0 0.5094621513944223 0
3 0.4555112881806109 0.22465208747514911 0.4316069057104914 0.24652087475149106 0.43293492695883135 0.27037773359840955 0.45285524568393093 0.2962226640159046 0.47410358565737054 0.28429423459244535 0.4913678618857902 0.2524850894632207 0.49800796812749004 0.21669980119284293 0.4754316069057105 0.21272365805168986 0.4555112881806109 0.22465208747514911
8 0.4860557768924303 0.14910536779324055 0.4807436918990704 0.18886679920477137 0.4807436918990704 0.20079522862823063 0.4847277556440903 0.1988071570576541 0.48738379814077026 0.17693836978131214 0.4900398406374502 0.15904572564612326 0.4900398406374502 0.14910536779324055 0.4860557768924303 0.14910536779324055
8 0.4913678618857902 0.1411530815109344 0.49269588313413015 0.12524850894632206 0.48738379814077026 0.12524850894632206 0.48738379814077026 0.1411530815109344 0.4913678618857902 0.1411530815109344
8 0.4900398406374502 0.09741550695825049 0.4900398406374502 0.11530815109343936 0.4940239043824701 0.11928429423459244 0.4953519256308101 0.1073558648111332 0.4953519256308101 0.09741550695825049 0.4953519256308101 0.0874751491053678 0.4900398406374502 0.09741550695825049
8 0.5046480743691899 0.02385685884691849 0.5046480743691899 0.009940357852882704 0.5033200531208499 0.003976143141153081 0.50066401062417 0.011928429423459244 0.4940239043824701 0.06958250497017893 0.49269588313413015 0.07952286282306163 0.49667994687915007 0.08349900596421471 0.49933598937583 0.073558648111332 0.49933598937583 0.061630218687872766 0.5033200531208499 0.04572564612326044 0.5046480743691899 0.02385685884691849
6 0.43691899070385126 0.44532803180914515 0.4448871181938911 0.44930417495029823 0.45152722443559096 0.42147117296222664 0.43691899070385126 0.42147117296222664 0.42895086321381143 0.4254473161033797 0.43691899070385126 0.44532803180914515
6 0.5126162018592297 0.2544731610337972 0.5099601593625498 0.24453280318091453 0.4940239043824701 0.2624254473161034 0.4754316069057105 0.27236580516898606 0.46879150066401065 0.2882703777335984 0.4714475431606906 0.2982107355864811 0.4807436918990704 0.2783300198807157 0.4913678618857902 0.27236580516898606 0.5033200531208499 0.2644135188866799 0.5126162018592297 0.2544731610337972
6 0.46879150066401065 0.30417495029821073 0.4714475431606906 0.27435387673956263 0.4754316069057105 0.2524850894632207 0.47808764940239046 0.23061630218687873 0.47277556440903057 0.22465208747514911 0.4701195219123506 0.24453280318091453 0.4581673306772908 0.33001988071570576 0.448871181938911 0.3856858846918489 0.45152722443559096 0.415506958250497 0.4541832669322709 0.40159045725646125 0.45683930942895085 0.37773359840954274 0.46082337317397076 0.3399602385685885 0.46879150066401065 0.30417495029821073
8 0.4435590969455511 0.3220675944333996 0.4409030544488712 0.3359840954274354 0.4316069057104914 0.40357852882703776 0.4302788844621514 0.4194831013916501 0.4342629482071713 0.415506958250497 0.43824701195219123 0.3856858846918489 0.44223107569721115 0.35984095427435386 0.44754316069057104 0.3240556660039761 0.4435590969455511 0.3220675944333996
6 0.4581673306772908 0.26043737574552683 0.4594953519256308 0.24254473161033796 0.4541832669322709 0.24652087475149106 0.44621513944223107 0.28628230616302186 0.4448871181938911 0.31610337972166996 0.44621513944223107 0.3260437375745527 0.450199203187251 0.31411530815109345 0.45152722443559096 0.2982107355864811 0.4541832669322709 0.2823061630218688 0.4581673306772908 0.26043737574552683
6 0.43691899070385126 0.12326043737574553 0.43824701195219123 0.10139165009940358 0.4262948207171315 0.1073558648111332 0.4169986719787517 0.14910536779324055 0.40903054448871184 0.19483101391650098 0.4077025232403719 0.2147117296222664 0.4116865869853918 0.220675944333996 0.41832669322709165 0.1908548707753479 0.42363877822045154 0.15705765407554673 0.4262948207171315 0.13916500994035785 0.43691899070385126 0.12326043737574553
3 0.4103585657370518 0.5268389662027833 0.42231075697211157 0.5288270377733598 0.4342629482071713 0.5208747514910537 0.44621513944223107 0.4990059642147117 0.450199203187251 0.47713717693836977 0.45152722443559096 0.4572564612326044 0.4555112881806109 0.45129224652087474 0.46879150066401065 0.4393638170974155 0.47808764940239046 0.4274353876739563 0.47808764940239046 0.4115308151093439 0.4648074369189907 0.40159045725646125 0.44621513944223107 0.40357852882703776 0.41434262948207173 0.43339960238568587 0.3944223107569721 0.44532803180914515 0.38247011952191234 0.4393638170974155 0.37184594953519257 0.4433399602385686 0.36387782204515273 0.4592445328031809 0.3612217795484728 0.47713717693836977 0.3652058432934927 0.49105367793240556 0.3758300132802125 0.4990059642147117 0.3904382470119522 0.510934393638171 0.40106241699867196 0.5168986083499006 0.4103585657370518 0.5268389662027833
3 0.5657370517928287 0.46123260437375746 0.5683930942895087 0.43737574552683894 0.5630810092961488 0.40556660039761433 0.5577689243027888 0.3836978131212724 0.5524568393094289 0.36381709741550694 0.5444887118193891 0.35785288270377735 0.5325365205843293 0.35785288270377735 0.5312084993359893 0.3817097415506958 0.5298804780876494 0.40159045725646125 0.5285524568393094 0.43538767395626243 0.5272244355909694 0.4592445328031809 0.5378486055776892 0.4731610337972167 0.5551128818061088 0.47514910536779326 0.5657370517928287 0.46123260437375746
0 0.3784860557768924 0.4831013916500994 0.398406374501992 0.49502982107355864 0.4156706507304117 0.5049701789264414 0.4316069057104914 0.5248508946322068 0.450199203187251 0.5407554671968191 0.4395750332005312 0.5228628230616302 0.4355909694555113 0.5129224652087475 0.42895086321381143 0.4990059642147117 0.41832669322709165 0.4870775347912525 0.4077025232403719 0.47912524850894633 0.39707835325365204 0.4731610337972167 0.38247011952191234 0.4691848906560636 0.3691899070385126 0.46520874751491054 0.35723771580345287 0.4592445328031809 0.3545816733067729 0.4671968190854871 0.3652058432934927 0.47514910536779326 0.3784860557768924 0.4831013916500994
5 0.4907987104913679 0 0.4634794156706507 0.20278330019880716 0.4435590969455511 0.32007952286282304 0.42895086321381143 0.42147117296222664 0.4355909694555113 0.441351888667992 0.44621513944223107 0.45129224652087474 0.4807436918990704 0.2147117296222664 0.49667994687915007 0.08946322067594434 0.5053950863213812 0 0.4907987104913679 0
6 0.46613545816733065 0.08548707753479125 0.46879150066401065 0.09542743538767395 0.4701195219123506 0.10139165009940358 0.4754316069057105 0.08349900596421471 0.4714475431606906 0.07554671968190854 0.46879150066401065 0.06560636182902585 0.4634794156706507 0.07554671968190854 0.46613545816733065 0.08548707753479125
8 0.3665338645418327 0.4850894632206759 0.4103585657370518 0.5168986083499006 0.4196547144754316 0.5089463220675944 0.3745019920318725 0.47912524850894633 0.3665338645418327 0.4850894632206759
8 0.43691899070385126 0.09145129224652088 0.450199203187251 0.03180914512922465 0.4435590969455511 0.02584493041749503 0.4316069057104914 0.08349900596421471 0.43691899070385126 0.09145129224652088