1 0.5828729281767956 0.3631889763779528 0.5839779005524862 0.35531496062992124 0.581767955801105 0.32381889763779526 0.5806629834254143 0.3021653543307087 0.5762430939226519 0.28838582677165353 0.5707182320441989 0.2844488188976378 0.5574585635359116 0.29232283464566927 0.5629834254143646 0.3080708661417323 0.5707182320441989 0.3159448818897638 0.567403314917127 0.3375984251968504 0.5685082872928177 0.34744094488188976 0.5729281767955801 0.3572834645669291 0.5828729281767956 0.3631889763779528
1 0.5453038674033149 0.5187007874015748 0.5519337016574586 0.5029527559055118 0.5596685082872929 0.48523622047244097 0.5651933701657459 0.45767716535433073 0.5651933701657459 0.4360236220472441 0.5685082872928177 0.4124015748031496 0.5729281767955801 0.38484251968503935 0.5651933701657459 0.3809055118110236 0.5596685082872929 0.39468503937007876 0.5519337016574586 0.4045275590551181 0.5497237569060773 0.4281496062992126 0.5475138121546961 0.45570866141732286 0.5475138121546961 0.47539370078740156 0.5441988950276243 0.49901574803149606 0.5386740331491713 0.5226377952755905 0.5453038674033149 0.5187007874015748
1 0.5939226519337016 0.40255905511811024 0.5883977900552486 0.3986220472440945 0.5806629834254143 0.4005905511811024 0.5806629834254143 0.41437007874015747 0.592817679558011 0.4124015748031496 0.5939226519337016 0.40255905511811024
1 0.5939226519337016 0.5875984251968503 0.5828729281767956 0.5974409448818898 0.5762430939226519 0.5875984251968503 0.5696132596685083 0.5994094488188977 0.5773480662983426 0.6072834645669292 0.5850828729281768 0.6131889763779528 0.5961325966850829 0.6033464566929134 0.5939226519337016 0.5875984251968503
1 0.5773480662983426 0.5423228346456693 0.5707182320441989 0.5442913385826772 0.5629834254143646 0.5501968503937008 0.5585635359116022 0.5600393700787402 0.5629834254143646 0.5718503937007874 0.5707182320441989 0.5718503937007874 0.581767955801105 0.5580708661417323 0.5773480662983426 0.5423228346456693
1 0.5629834254143646 0.5895669291338582 0.5552486187845304 0.5816929133858267 0.5519337016574586 0.5679133858267716 0.5486187845303867 0.5501968503937008 0.5430939226519337 0.5364173228346457 0.5375690607734807 0.5285433070866141 0.5331491712707183 0.5383858267716536 0.5386740331491713 0.5600393700787402 0.5453038674033149 0.5738188976377953 0.550828729281768 0.5895669291338582 0.5574585635359116 0.5954724409448819 0.5629834254143646 0.5895669291338582
1 0.6790055248618785 0.6131889763779528 0.6734806629834255 0.6131889763779528 0.6657458563535912 0.6151574803149606 0.6569060773480663 0.6210629921259843 0.6524861878453039 0.6210629921259843 0.643646408839779 0.6210629921259843 0.6359116022099448 0.6171259842519685 0.6259668508287293 0.6210629921259843 0.6392265193370166 0.6269685039370079 0.6546961325966851 0.6269685039370079 0.6657458563535912 0.6230314960629921 0.6767955801104972 0.6190944881889764 0.6790055248618785 0.6131889763779528
6 0.6546961325966851 0.343503937007874 0.649171270718232 0.33562992125984253 0.6425414364640883 0.34744094488188976 0.649171270718232 0.3494094488188976 0.6546961325966851 0.343503937007874
8 0.6325966850828729 0.37106299212598426 0.6325966850828729 0.35531496062992124 0.6337016574585635 0.3454724409448819 0.6370165745856353 0.32381889763779526 0.6403314917127072 0.3080708661417323 0.638121546961326 0.29429133858267714 0.6292817679558012 0.3218503937007874 0.6259668508287293 0.33562992125984253 0.6248618784530386 0.35531496062992124 0.6248618784530386 0.37106299212598426 0.6325966850828729 0.37106299212598426
8 0.5441988950276243 0.4793307086614173 0.541988950276243 0.4675196850393701 0.5408839779005525 0.4478346456692913 0.5430939226519337 0.4360236220472441 0.5397790055248619 0.422244094488189 0.5331491712707183 0.43208661417322836 0.530939226519337 0.45177165354330706 0.530939226519337 0.46358267716535434 0.5353591160220994 0.48326771653543305 0.5408839779005525 0.48720472440944884 0.5441988950276243 0.4793307086614173
3 0.5331491712707183 0.5187007874015748 0.5453038674033149 0.5344488188976378 0.5585635359116022 0.5738188976377953 0.5707182320441989 0.5994094488188977 0.581767955801105 0.6151574803149606 0.6060773480662983 0.6072834645669292 0.587292817679558 0.5757874015748031 0.581767955801105 0.5501968503937008 0.5773480662983426 0.5246062992125984 0.5828729281767956 0.48523622047244097 0.5895027624309392 0.4498031496062992 0.5994475138121547 0.4183070866141732 0.587292817679558 0.39665354330708663 0.581767955801105 0.36515748031496065 0.5773480662983426 0.3316929133858268 0.5751381215469613 0.29429133858267714 0.5640883977900553 0.28051181102362205 0.5441988950276243 0.2706692913385827 0.5320441988950276 0.28641732283464566 0.5121546961325967 0.28838582677165353 0.5011049723756906 0.3061023622047244 0.4988950276243094 0.3572834645669291 0.5044198895027624 0.3927165354330709 0.5165745856353591 0.4242125984251969 0.5276243093922652 0.4498031496062992 0.530939226519337 0.48720472440944884 0.5287292817679557 0.5088582677165354 0.5331491712707183 0.5187007874015748
3 0.5497237569060773 0.6466535433070866 0.5585635359116022 0.6210629921259843 0.5718232044198895 0.6131889763779528 0.5640883977900553 0.5954724409448819 0.5574585635359116 0.5659448818897638 0.5464088397790056 0.5403543307086615 0.5353591160220994 0.5206692913385826 0.525414364640884 0.5265748031496063 0.5298342541436464 0.5718503937007874 0.5375690607734807 0.5974409448818898 0.5353591160220994 0.6269685039370079 0.5408839779005525 0.656496062992126 0.5497237569060773 0.6466535433070866
8 0.45469613259668507 0.4360236220472441 0.4558011049723757 0.4104330708661417 0.4580110497237569 0.3828740157480315 0.46243093922651934 0.359251968503937 0.4613259668508287 0.3375984251968504 0.46464088397790054 0.31200787401574803 0.45469613259668507 0.31200787401574803 0.4480662983425414 0.33562992125984253 0.4458563535911602 0.35531496062992124 0.4447513812154696 0.37106299212598426 0.44696132596685084 0.4045275590551181 0.4458563535911602 0.4301181102362205 0.44917127071823204 0.45767716535433073 0.45469613259668507 0.4360236220472441
8 0.4591160220994475 0.5600393700787402 0.4613259668508287 0.5482283464566929 0.46243093922651934 0.5383858267716536 0.46243093922651934 0.5206692913385826 0.46243093922651934 0.5068897637795275 0.4580110497237569 0.5009842519685039 0.4580110497237569 0.5167322834645669 0.4569060773480663 0.530511811023622 0.4569060773480663 0.5423228346456693 0.4558011049723757 0.5521653543307087 0.4569060773480663 0.5659448818897638 0.4591160220994475 0.5600393700787402
3 0.46243093922651934 0.48523622047244097 0.474585635359116 0.47539370078740156 0.4922651933701657 0.4596456692913386 0.4977900552486188 0.43799212598425197 0.5022099447513813 0.4045275590551181 0.4966850828729282 0.3828740157480315 0.494475138121547 0.3671259842519685 0.4977900552486188 0.33562992125984253 0.5 0.30413385826771655 0.4900552486187845 0.3021653543307087 0.48011049723756904 0.3021653543307087 0.4723756906077348 0.3021653543307087 0.46243093922651934 0.3061023622047244 0.46243093922651934 0.33562992125984253 0.46243093922651934 0.3612204724409449 0.4591160220994475 0.3887795275590551 0.4569060773480663 0.406496062992126 0.4569060773480663 0.43208661417322836 0.45469613259668507 0.45177165354330706 0.4558011049723757 0.4714566929133858 0.45469613259668507 0.4911417322834646 0.46243093922651934 0.48523622047244097