6 0.6356521739130435 0.34767441860465115 0.6373913043478261 0.37093023255813956 0.6391304347826087 0.40348837209302324 0.6443478260869565 0.3872093023255814 0.6426086956521739 0.3430232558139535 0.6443478260869565 0.31511627906976747 0.6426086956521739 0.29186046511627906 0.6356521739130435 0.2709302325581395 0.6234782608695653 0.26395348837209304 0.6321739130434783 0.28255813953488373 0.6356521739130435 0.3058139534883721 0.6356521739130435 0.3267441860465116 0.6356521739130435 0.34767441860465115
8 0.668695652173913 0.28488372093023256 0.6652173913043479 0.31976744186046513 0.6756521739130434 0.3058139534883721 0.6773913043478261 0.2709302325581395 0.6739130434782609 0.23604651162790696 0.6704347826086956 0.20813953488372092 0.6652173913043479 0.18255813953488373 0.6565217391304348 0.15930232558139534 0.6495652173913044 0.14534883720930233 0.6426086956521739 0.13837209302325582 0.6530434782608696 0.18488372093023256 0.66 0.21744186046511627 0.6669565217391304 0.2569767441860465 0.668695652173913 0.28488372093023256
8 0.6878260869565217 0.3755813953488372 0.6982608695652174 0.363953488372093 0.7 0.34767441860465115 0.6930434782608695 0.35930232558139535 0.6826086956521739 0.3686046511627907 0.6808695652173913 0.3546511627906977 0.6808695652173913 0.336046511627907 0.6756521739130434 0.363953488372093 0.6634782608695652 0.37790697674418605 0.6721739130434783 0.38953488372093026 0.6878260869565217 0.3755813953488372
8 0.6756521739130434 0.20348837209302326 0.6565217391304348 0.20813953488372092 0.6443478260869565 0.21046511627906977 0.6565217391304348 0.21511627906976744 0.6739130434782609 0.21046511627906977 0.6860869565217391 0.20813953488372092 0.6756521739130434 0.20348837209302326
8 0.6756521739130434 0.1755813953488372 0.66 0.17093023255813952 0.6460869565217391 0.1755813953488372 0.6565217391304348 0.18023255813953487 0.6669565217391304 0.17790697674418604 0.6756521739130434 0.1755813953488372
8 0.6808695652173913 0.2313953488372093 0.6826086956521739 0.21976744186046512 0.6704347826086956 0.21976744186046512 0.6530434782608696 0.22209302325581395 0.6582608695652173 0.2313953488372093 0.6773913043478261 0.24302325581395348 0.6808695652173913 0.2313953488372093
8 0.6478260869565218 0.1127906976744186 0.6408695652173914 0.10813953488372093 0.6339130434782608 0.11744186046511627 0.6478260869565218 0.1127906976744186
8 0.628695652173913 0.00813953488372093 0.6095652173913043 0.0011627906976744186 0.5956521739130435 0.0011627906976744186 0.6043478260869565 0.00813953488372093 0.62 0.012790697674418604 0.628695652173913 0.00813953488372093
8 0.6443478260869565 0.09186046511627907 0.6269565217391304 0.09186046511627907 0.6373913043478261 0.10116279069767442 0.6582608695652173 0.09883720930232558 0.6443478260869565 0.09186046511627907
6 0.6408695652173914 0.09883720930232558 0.6426086956521739 0.10348837209302325 0.6478260869565218 0.10348837209302325 0.6478260869565218 0.09651162790697675 0.6460869565217391 0.09186046511627907 0.6443478260869565 0.0872093023255814 0.6408695652173914 0.08488372093023255 0.6391304347826087 0.0941860465116279 0.6408695652173914 0.09883720930232558
8 0.4860869565217391 0.14534883720930233 0.48434782608695653 0.1313953488372093 0.4791304347826087 0.11744186046511627 0.4826086956521739 0.14767441860465116 0.4860869565217391 0.1569767441860465 0.4860869565217391 0.14534883720930233
4 0.6304347826086957 0.015116279069767442 0.6008695652173913 0.015116279069767442 0.6217391304347826 0.08488372093023255 0.6478260869565218 0.08023255813953488 0.6304347826086957 0.015116279069767442
0 0.5434782608695652 0.663953488372093 0.5521739130434783 0.763953488372093 0.5556521739130434 0.7848837209302325 0.5591304347826087 0.7616279069767442 0.5521739130434783 0.6546511627906977 0.5434782608695652 0.663953488372093
0 0.4559006208695652 0 0.45652173913043476 0.0011627906976744186 0.47391304347826085 0.05930232558139535 0.48782608695652174 0.12906976744186047 0.4930434782608696 0.1872093023255814 0.5034782608695653 0.3127906976744186 0.5121739130434783 0.4569767441860465 0.5156521739130435 0.4848837209302326 0.46 0.7034883720930233 0.47043478260869565 0.7034883720930233 0.4826086956521739 0.6732558139534883 0.5034782608695653 0.6011627906976744 0.5382608695652173 0.4848837209302326 0.5556521739130434 0.40581395348837207 0.5539130434782609 0.3686046511627907 0.5591304347826087 0.3616279069767442 0.5765217391304348 0.3546511627906977 0.5904347826086956 0.3546511627906977 0.6026086956521739 0.35930232558139535 0.6095652173913043 0.37790697674418605 0.62 0.4127906976744186 0.6234782608695653 0.44534883720930235 0.6147826086956522 0.48023255813953486 0.6252173913043478 0.48023255813953486 0.6356521739130435 0.45232558139534884 0.6373913043478261 0.42674418604651165 0.6339130434782608 0.40348837209302324 0.6304347826086957 0.3755813953488372 0.6269565217391304 0.3430232558139535 0.6304347826086957 0.2895348837209302 0.6391304347826087 0.2686046511627907 0.6391304347826087 0.19883720930232557 0.6391304347826087 0.14069767441860465 0.62 0.07093023255813953 0.59604488 0 0.4559006208695652 0
0 0.5452173913043479 0.6616279069767442 0.571304347826087 0.6197674418604651 0.6095652173913043 0.5337209302325582 0.62 0.48255813953488375 0.6269565217391304 0.4290697674418605 0.6130434782608696 0.35 0.6026086956521739 0.33372093023255817 0.5747826086956521 0.33372093023255817 0.5539130434782609 0.33372093023255817 0.548695652173913 0.42674418604651165 0.5173913043478261 0.5406976744186046 0.46869565217391307 0.708139534883721 0.4965217391304348 0.7058139534883721 0.5191304347826087 0.6918604651162791 0.5452173913043479 0.6616279069767442
5 0.46810068695652174 0 0.4808695652173913 0.03604651162790698 0.4965217391304348 0.11046511627906977 0.5069565217391304 0.17093023255813952 0.5104347826086957 0.24302325581395348 0.5156521739130435 0.31046511627906975 0.5191304347826087 0.3453488372093023 0.5417391304347826 0.32209302325581396 0.5695652173913044 0.3174418604651163 0.5991304347826087 0.3127906976744186 0.62 0.28488372093023256 0.628695652173913 0.22441860465116278 0.6269565217391304 0.14302325581395348 0.62 0.10813953488372093 0.5834782608695652 0.005813953488372093 0.5797993304347826 0 0.46810068695652174 0
3 0.4860869565217391 0.09186046511627907 0.4808695652173913 0.07790697674418605 0.4791304347826087 0.0941860465116279 0.4791304347826087 0.10116279069767442 0.4826086956521739 0.11744186046511627 0.4860869565217391 0.14534883720930233 0.48782608695652174 0.16627906976744186 0.49130434782608695 0.18488372093023256 0.5 0.20813953488372092 0.49826086956521737 0.1686046511627907 0.4930434782608696 0.1313953488372093 0.4860869565217391 0.09186046511627907