1 0.48272017837235226 0.8349900596421471 0.48717948717948717 0.8071570576540755 0.4760312151616499 0.8011928429423459 0.46711259754738016 0.8131212723658051 0.4593088071348941 0.831013916500994 0.46488294314381273 0.8449304174950298 0.463768115942029 0.8667992047713717 0.45819397993311034 0.8747514910536779 0.45261984392419174 0.882703777335984 0.45819397993311034 0.9005964214711729 0.4693422519509476 0.9085487077534792 0.47491638795986624 0.8807157057654076 0.48272017837235226 0.8349900596421471
1 0.5027870680044593 0.7455268389662028 0.5094760312151616 0.7276341948310139 0.49498327759197325 0.731610337972167 0.5027870680044593 0.7455268389662028
1 0.46488294314381273 0.6222664015904572 0.463768115942029 0.6461232604373758 0.4593088071348941 0.6620278330019881 0.45707915273132665 0.68389662027833 0.46265328874024525 0.7077534791252486 0.4604236343366778 0.7296222664015904 0.47157190635451507 0.7753479125248509 0.47491638795986624 0.7634194831013916 0.47045707915273133 0.7435387673956262 0.4738015607580825 0.7196819085487077 0.47157190635451507 0.6421471172962226 0.47491638795986624 0.6202783300198808 0.4682274247491639 0.5825049701789264 0.46488294314381273 0.5526838966202783 0.46153846153846156 0.5685884691848907 0.46265328874024525 0.5805168986083499 0.46488294314381273 0.6003976143141153 0.46488294314381273 0.6222664015904572
1 0.483835005574136 0.415506958250497 0.47714604236343366 0.43538767395626243 0.48049052396878483 0.441351888667992 0.48940914158305465 0.415506958250497 0.483835005574136 0.415506958250497
1 0.5105908584169454 0.4711729622266402 0.5183946488294314 0.4831013916500994 0.5206243032329989 0.4691848906560636 0.5150501672240803 0.46322067594433397 0.5105908584169454 0.4711729622266402
1 0.5284280936454849 0.39165009940357853 0.5261984392419174 0.3836978131212724 0.5206243032329989 0.3817097415506958 0.5161649944258639 0.38966202783300197 0.5105908584169454 0.3956262425447316 0.5128205128205128 0.40556660039761433 0.5183946488294314 0.40159045725646125 0.5261984392419174 0.40159045725646125 0.5284280936454849 0.39165009940357853
1 0.5484949832775919 0.39363817097415504 0.5395763656633222 0.3797216699801193 0.5340022296544036 0.3697813121272366 0.5306577480490524 0.3797216699801193 0.5384615384615384 0.39165009940357853 0.5451505016722408 0.3996023856858847 0.5484949832775919 0.39363817097415504
3 0.5161649944258639 0.3757455268389662 0.5039018952062431 0.40357852882703776 0.49498327759197325 0.4234592445328032 0.48717948717948717 0.44731610337972166 0.4793756967670011 0.47713717693836977 0.46711259754738016 0.5089463220675944 0.45819397993311034 0.5288270377733598 0.43812709030100333 0.5526838966202783 0.431438127090301 0.5646123260437376 0.4158305462653289 0.5725646123260437 0.39687848383500557 0.588469184890656 0.3879598662207358 0.6222664015904572 0.3935340022296544 0.6540755467196819 0.4013377926421405 0.6759443339960238 0.4013377926421405 0.6998011928429424 0.3935340022296544 0.7216699801192843 0.3979933110367893 0.7415506958250497 0.39018952062430323 0.7673956262425448 0.3835005574136009 0.7952286282306164 0.3801560758082497 0.8210735586481114 0.3656633221850613 0.8429423459244533 0.3600891861761427 0.8807157057654076 0.3835005574136009 0.8946322067594433 0.4136008918617614 0.9145129224652088 0.42474916387959866 0.9304174950298211 0.45707915273132665 0.9184890656063618 0.47157190635451507 0.904572564612326 0.4793756967670011 0.8548707753479126 0.49052396878483834 0.7972166998011928 0.5016722408026756 0.7475149105367793 0.5217391304347826 0.7077534791252486 0.5128205128205128 0.6739562624254473 0.5061315496098104 0.5964214711729622 0.5105908584169454 0.5188866799204771 0.5206243032329989 0.4711729622266402 0.5284280936454849 0.4254473161033797 0.5540691192865106 0.38767395626242546 0.5785953177257525 0.3538767395626243 0.5585284280936454 0.34791252485089463 0.5395763656633222 0.3399602385685885 0.5239687848383501 0.3558648111332008 0.5161649944258639 0.3757455268389662
8 0.46488294314381273 0.49105367793240556 0.47268673355629875 0.46520874751491054 0.4760312151616499 0.45129224652087474 0.4882943143812709 0.42147117296222664 0.5027870680044593 0.3836978131212724 0.4816053511705686 0.41749502982107356 0.47157190635451507 0.4532803180914513 0.46488294314381273 0.4691848906560636 0.45707915273132665 0.48111332007952284 0.45484949832775917 0.5029821073558648 0.4414715719063545 0.5288270377733598 0.44704570791527315 0.5288270377733598 0.45484949832775917 0.5168986083499006 0.46488294314381273 0.49105367793240556
8 0.4983277591973244 0.4831013916500994 0.5061315496098104 0.4850894632206759 0.5094760312151616 0.47912524850894633 0.4983277591973244 0.47514910536779326 0.4927536231884058 0.4711729622266402 0.48494983277591974 0.47912524850894633 0.48494983277591974 0.4870775347912525 0.49052396878483834 0.4831013916500994 0.4983277591973244 0.4831013916500994
8 0.47491638795986624 0.3240556660039761 0.47491638795986624 0.43538767395626243 0.4782608695652174 0.4095427435387674 0.47714604236343366 0.36182902584493043 0.47491638795986624 0.3240556660039761
8 0.5484949832775919 0.805168986083499 0.5440356744704571 0.8151093439363817 0.5429208472686734 0.8389662027833003 0.5473801560758083 0.8369781312127237 0.5484949832775919 0.8151093439363817 0.5484949832775919 0.805168986083499
8 0.5641025641025641 0.8489065606361829 0.5641025641025641 0.8628230616302187 0.5741360089186176 0.856858846918489 0.5730211817168339 0.8489065606361829 0.5641025641025641 0.8489065606361829
8 0.5050167224080268 0.7514910536779325 0.5016722408026756 0.7733598409542743 0.5050167224080268 0.7713717693836978 0.5072463768115942 0.7554671968190855 0.5050167224080268 0.7514910536779325
8 0.4659977703455964 0.831013916500994 0.47045707915273133 0.8151093439363817 0.4816053511705686 0.805168986083499 0.47157190635451507 0.8071570576540755 0.46153846153846156 0.831013916500994 0.463768115942029 0.8667992047713717 0.4459308807134894 0.8946322067594433 0.44816053511705684 0.9005964214711729 0.46711259754738016 0.8667992047713717 0.4659977703455964 0.831013916500994
8 0.4659977703455964 0.705765407554672 0.4604236343366778 0.6779324055666004 0.4682274247491639 0.6381709741550696 0.4682274247491639 0.6023856858846919 0.4659977703455964 0.5447316103379721 0.46153846153846156 0.5506958250497018 0.46488294314381273 0.610337972166998 0.463768115942029 0.6262425447316103 0.46488294314381273 0.6441351888667992 0.4559643255295429 0.68389662027833 0.46153846153846156 0.709741550695825 0.4604236343366778 0.7375745526838966 0.47157190635451507 0.7713717693836978 0.47491638795986624 0.7673956262425448 0.46488294314381273 0.7335984095427436 0.4659977703455964 0.705765407554672
8 0.4403567447045708 0.6302186878727635 0.43701226309921964 0.6481113320079522 0.4414715719063545 0.6500994035785288 0.443701226309922 0.6341948310139165 0.4403567447045708 0.6302186878727635
8 0.44704570791527315 0.610337972166998 0.44704570791527315 0.6341948310139165 0.4503901895206243 0.6322067594433399 0.451505016722408 0.614314115308151 0.44704570791527315 0.610337972166998
3 0.44258639910813824 0.5069582504970179 0.4414715719063545 0.5308151093439364 0.44704570791527315 0.5407554671968191 0.46265328874024525 0.5149105367793241 0.4738015607580825 0.47713717693836977 0.4816053511705686 0.4552683896620278 0.4882943143812709 0.43141153081510936 0.49944258639910816 0.40556660039761433 0.5050167224080268 0.3797216699801193 0.5027870680044593 0.36779324055666 0.4927536231884058 0.3499005964214712 0.48494983277591974 0.34791252485089463 0.47491638795986624 0.3399602385685885 0.4659977703455964 0.3658051689860835 0.46711259754738016 0.39363817097415504 0.4693422519509476 0.43141153081510936 0.463768115942029 0.44930417495029823 0.451505016722408 0.47713717693836977 0.44258639910813824 0.5069582504970179
3 0.5195094760312151 0.8170974155069582 0.5183946488294314 0.8131212723658051 0.5161649944258639 0.8151093439363817 0.5172798216276477 0.8190854870775348 0.5195094760312151 0.8170974155069582
3 0.5172798216276477 0.8767395626242545 0.5161649944258639 0.8727634194831014 0.5139353400222966 0.878727634194831 0.5161649944258639 0.8807157057654076 0.5172798216276477 0.8767395626242545
3 0.5373467112597548 0.8807157057654076 0.5395763656633222 0.8846918489065606 0.5406911928651059 0.8807157057654076 0.5395763656633222 0.8767395626242545 0.5373467112597548 0.8807157057654076
3 0.5027870680044593 0.8151093439363817 0.5050167224080268 0.8190854870775348 0.5061315496098104 0.8151093439363817 0.5050167224080268 0.8131212723658051 0.5027870680044593 0.8151093439363817
3 0.4882943143812709 0.9860834990059643 0.4927536231884058 0.9900596421471173 0.4938684503901895 0.9840954274353877 0.4916387959866221 0.9821073558648111 0.4882943143812709 0.9860834990059643
3 0.48049052396878483 0.952286282306163 0.48049052396878483 0.9562624254473161 0.48272017837235226 0.9562624254473161 0.48272017837235226 0.952286282306163 0.48049052396878483 0.952286282306163
3 0.47491638795986624 0.9602385685884692 0.47491638795986624 0.9642147117296223 0.47714604236343366 0.9642147117296223 0.47714604236343366 0.9602385685884692 0.47491638795986624 0.9602385685884692
3 0.4659977703455964 0.9662027833001988 0.4659977703455964 0.9701789264413518 0.4682274247491639 0.9701789264413518 0.4682274247491639 0.9662027833001988 0.4659977703455964 0.9662027833001988
3 0.45261984392419174 0.9781312127236581 0.45261984392419174 0.9801192842942346 0.4537346711259755 0.9801192842942346 0.4537346711259755 0.9781312127236581 0.45261984392419174 0.9781312127236581
3 0.4659977703455964 0.9502982107355865 0.4659977703455964 0.9542743538767395 0.4682274247491639 0.9542743538767395 0.4682274247491639 0.9502982107355865 0.4659977703455964 0.9502982107355865
3 0.46711259754738016 0.9383697813121272 0.46711259754738016 0.9363817097415507 0.4659977703455964 0.9363817097415507 0.4659977703455964 0.9383697813121272 0.46711259754738016 0.9383697813121272
3 0.4983277591973244 0.9204771371769384 0.4983277591973244 0.9264413518886679 0.5005574136008919 0.9264413518886679 0.5005574136008919 0.9204771371769384 0.4983277591973244 0.9204771371769384
0 0.47045707915273133 0.8608349900596421 0.46265328874024525 0.8946322067594433 0.44704570791527315 0.9125248508946322 0.42028985507246375 0.9165009940357853 0.42920847268673357 0.9383697813121272 0.4537346711259755 0.9324055666003976 0.47268673355629875 0.9204771371769384 0.48049052396878483 0.9025844930417495 0.4972129319955407 0.8011928429423459 0.5061315496098104 0.7673956262425448 0.5250836120401338 0.7236580516898609 0.5172798216276477 0.7077534791252486 0.5005574136008919 0.731610337972167 0.4882943143812709 0.7614314115308151 0.48049052396878483 0.8071570576540755 0.47045707915273133 0.8608349900596421