3 0.32519280205655526 0.5161290322580645 0.32519280205655526 0.4959677419354839 0.3264781491002571 0.4657258064516129 0.3110539845758355 0.4495967741935484 0.2943444730077121 0.4375 0.30719794344473006 0.4213709677419355 0.30077120822622105 0.4012096774193548 0.2827763496143959 0.3951612903225806 0.2699228791773779 0.38911290322580644 0.2596401028277635 0.38306451612903225 0.2416452442159383 0.3810483870967742 0.2262210796915167 0.3790322580645161 0.20822622107969152 0.3810483870967742 0.19023136246786632 0.3971774193548387 0.16580976863753213 0.4274193548387097 0.19794344473007713 0.4475806451612903
8 0.34704370179948585 0.3004032258064516 0.35347043701799485 0.3024193548387097 0.35347043701799485 0.3084677419354839 0.34575835475578404 0.31451612903225806 0.3393316195372751 0.3185483870967742 0.32904884318766064 0.3245967741935484 0.31748071979434445 0.33064516129032256 0.3033419023136247 0.3387096774193548 0.2892030848329049 0.3487903225806452 0.2737789203084833 0.3588709677419355 0.2647814910025707 0.3649193548387097 0.2583547557840617 0.3709677419354839 0.2480719794344473 0.3709677419354839 0.2390745501285347 0.375 0.22879177377892032 0.375 0.2185089974293059 0.3790322580645161 0.2095115681233933 0.3810483870967742 0.20179948586118251 0.3850806451612903 0.19665809768637532 0.3870967741935484 0.19665809768637532 0.38306451612903225 0.20179948586118251 0.3790322580645161 0.2095115681233933 0.37298387096774194 0.2210796915167095 0.3689516129032258 0.2365038560411311 0.3649193548387097 0.2519280205655527 0.3588709677419355 0.2647814910025707 0.3487903225806452 0.2827763496143959 0.3407258064516129 0.2969151670951157 0.33064516129032256 0.31233933161953725 0.3185483870967742 0.32904884318766064 0.31048387096774194 0.34190231362467866 0.30443548387096775
8 0.17994858611825193 0.39919354838709675 0.18508997429305912 0.4012096774193548 0.19151670951156813 0.4012096774193548 0.19408740359897173 0.4012096774193548 0.19665809768637532 0.40725806451612906 0.19408740359897173 0.4112903225806452 0.18766066838046272 0.4112903225806452 0.18251928020565553 0.4112903225806452 0.17737789203084833 0.4112903225806452 0.17737789203084833 0.40524193548387094
8 0.2236503856041131 0.4092741935483871 0.2275064267352185 0.40524193548387094 0.23136246786632392 0.4012096774193548 0.2352185089974293 0.4012096774193548 0.2403598971722365 0.4012096774193548 0.24293059125964012 0.40524193548387094 0.2390745501285347 0.4112903225806452 0.2326478149100257 0.4153225806451613 0.22879177377892032 0.4213709677419355 0.2236503856041131 0.4213709677419355 0.22236503856041132 0.4173387096774194
8 0.19794344473007713 0.3971774193548387 0.20308483290488433 0.4012096774193548 0.20822622107969152 0.40725806451612906 0.2133676092544987 0.4112903225806452 0.21979434447300772 0.4173387096774194 0.21979434447300772 0.42338709677419356 0.2120822622107969 0.4213709677419355 0.20822622107969152 0.41330645161290325 0.2043701799485861 0.4092741935483871 0.19922879177377892 0.40524193548387094
8 0.17737789203084833 0.3790322580645161 0.17994858611825193 0.37701612903225806 0.18251928020565553 0.375 0.18380462724935734 0.37701612903225806 0.18380462724935734 0.3810483870967742 0.18251928020565553 0.3810483870967742 0.17994858611825193 0.3810483870967742 0.17737789203084833 0.3810483870967742
8 0.16838046272493573 0.39919354838709675 0.16966580976863754 0.3971774193548387 0.17223650385604114 0.39314516129032256 0.17352185089974292 0.3911290322580645 0.17609254498714652 0.39314516129032256 0.17480719794344474 0.3951612903225806 0.17352185089974292 0.3971774193548387 0.17095115681233933 0.39919354838709675 0.16966580976863754 0.4012096774193548 0.16838046272493573 0.4032258064516129
8 0.16580976863753213 0.40725806451612906 0.16838046272493573 0.40725806451612906 0.17223650385604114 0.40524193548387094 0.17352185089974292 0.40725806451612906 0.17095115681233933 0.4092741935483871 0.16838046272493573 0.4112903225806452 0.16709511568123395 0.4112903225806452
6 0.20565552699228792 0.4475806451612903 0.21079691516709512 0.4475806451612903 0.2159383033419023 0.4475806451612903 0.2185089974293059 0.4495967741935484 0.2185089974293059 0.45564516129032256 0.2159383033419023 0.4576612903225806 0.21079691516709512 0.45564516129032256 0.2069408740359897 0.45161290322580644 0.2043701799485861 0.45161290322580644
6 0.2326478149100257 0.4475806451612903 0.23393316195372751 0.4435483870967742 0.23393316195372751 0.43951612903225806 0.23393316195372751 0.43548387096774194 0.23136246786632392 0.43951612903225806 0.22879177377892032 0.4435483870967742 0.2275064267352185 0.4475806451612903 0.2262210796915167 0.4536290322580645 0.23136246786632392 0.4536290322580645 0.23393316195372751 0.4576612903225806 0.2377892030848329 0.4596774193548387 0.2416452442159383 0.46169354838709675 0.2442159383033419 0.4637096774193548 0.2493573264781491 0.4657258064516129 0.2519280205655527 0.46975806451612906 0.2544987146529563 0.46975806451612906 0.2570694087403599 0.4657258064516129 0.2519280205655527 0.4596774193548387 0.2467866323907455 0.4576612903225806 0.2403598971722365 0.45564516129032256 0.2365038560411311 0.4536290322580645 0.23393316195372751 0.45161290322580644
4 0.2917737789203085 0.3810483870967742 0.2969151670951157 0.3810483870967742 0.2994858611825193 0.38306451612903225 0.2994858611825193 0.38911290322580644 0.2943444730077121 0.39314516129032256 0.2892030848329049 0.39314516129032256 0.2866323907455013 0.3911290322580645 0.2879177377892031 0.3850806451612903
4 0.32904884318766064 0.3709677419354839 0.33547557840616965 0.3709677419354839 0.3380462724935733 0.3790322580645161 0.3393316195372751 0.3850806451612903 0.33676092544987146 0.38911290322580644 0.33161953727506427 0.3951612903225806 0.32904884318766064 0.3971774193548387 0.32390745501285345 0.4012096774193548 0.3213367609254499 0.4032258064516129 0.3149100257069409 0.4032258064516129 0.31362467866323906 0.3971774193548387 0.3161953727506427 0.3870967741935484 0.3226221079691517 0.3870967741935484 0.3264781491002571 0.3850806451612903 0.32904884318766064 0.3810483870967742 0.32904884318766064 0.375
4 0.33547557840616965 0.4032258064516129 0.34061696658097684 0.4032258064516129 0.34318766066838047 0.4032258064516129 0.34704370179948585 0.40725806451612906 0.3496143958868895 0.4112903225806452 0.34704370179948585 0.41330645161290325 0.3444730077120823 0.4153225806451613 0.3393316195372751 0.41330645161290325 0.33676092544987146 0.4153225806451613 0.3341902313624679 0.41330645161290325 0.3341902313624679 0.4092741935483871
4 0.33547557840616965 0.3588709677419355 0.34061696658097684 0.35685483870967744 0.34190231362467866 0.36088709677419356 0.34061696658097684 0.36693548387096775 0.33676092544987146 0.3649193548387097
4 0.36375321336760924 0.42338709677419356 0.36632390745501286 0.4213709677419355 0.37017994858611825 0.42338709677419356 0.36889460154241643 0.4274193548387097 0.36503856041131105 0.42943548387096775
0 0.6812339331619537 0.37701612903225806 0.6786632390745502 0.3850806451612903 0.6748071979434447 0.39919354838709675 0.6670951156812339 0.41330645161290325 0.6568123393316195 0.42338709677419356 0.6426735218508998 0.43951612903225806 0.6118251928020566 0.46169354838709675 0.5719794344473008 0.4899193548387097 0.5514138817480719 0.5060483870967742 0.5359897172236504 0.5120967741935484 0.5218508997429306 0.5100806451612904 0.5089974293059126 0.5141129032258065 0.493573264781491 0.5141129032258065 0.4897172236503856 0.5181451612903226 0.47429305912596403 0.5221774193548387 0.45115681233933164 0.532258064516129 0.42159383033419023 0.5423387096774194 0.4023136246786632 0.5504032258064516 0.390745501285347 0.5564516129032258 0.38431876606683807 0.5604838709677419 0.38046272493573263 0.5665322580645161 0.37660668380462725 0.5604838709677419 0.3676092544987147 0.5584677419354839 0.35989717223650386 0.5604838709677419 0.3560411311053985 0.5665322580645161 0.34190231362467866 0.5604838709677419 0.32519280205655526 0.5504032258064516 0.2943444730077121 0.5443548387096774 0.2609254498714653 0.5262096774193549 0.2634961439588689 0.5161290322580645 0.2917737789203085 0.5282258064516129 0.3161953727506427 0.5362903225806451 0.36375321336760924 0.5403225806451613 0.39331619537275064 0.5221774193548387 0.41773778920308485 0.5080645161290323 0.45115681233933164 0.49193548387096775 0.5025706940874036 0.4737903225806452 0.5308483290488432 0.4737903225806452 0.5449871465295629 0.46975806451612906 0.5604113110539846 0.4596774193548387 0.5809768637532133 0.4495967741935484 0.5989717223650386 0.4375 0.6272493573264781 0.4254032258064516 0.6465295629820051 0.41330645161290325 0.6568123393316195 0.40524193548387094 0.6632390745501285 0.4012096774193548 0.6722365038560412 0.3911290322580645