8 0.11756168359941944 0.6447105788423154 0.11901306240928883 0.6606786427145709 0.13062409288824384 0.6666666666666666 0.11756168359941944 0.6447105788423154
8 0.11566768505079826 0.6478815409181637 0.12336719883889695 0.6526946107784432 0.11756168359941944 0.6407185628742516 0.11566768505079826 0.6478815409181637
8 0.11566768505079826 0.6478815409181637 0.10740203193033382 0.6427145708582834 0.11175616835994194 0.6626746506986028 0.11566768505079826 0.6478815409181637
8 0.11030478955007257 0.7604790419161677 0.14223512336719885 0.7784431137724551 0.18722786647314948 0.7924151696606786 0.21480406386066764 0.8043912175648703 0.20609579100145137 0.7864271457085829 0.16981132075471697 0.7764471057884231 0.13352685050798258 0.7604790419161677 0.10740203193033382 0.7425149700598802 0.11030478955007257 0.7604790419161677
4 0.42380261248185774 0.48502994011976047 0.4281567489114659 0.4810379241516966 0.4310595065312046 0.4590818363273453 0.41509433962264153 0.45708582834331335 0.4020319303338171 0.4750499001996008 0.42380261248185774 0.48502994011976047
8 0.2772133526850508 0.810379241516966 0.2946298984034833 0.8023952095808383 0.2844702467343977 0.7924151696606786 0.2728592162554427 0.7844311377245509 0.2597968069666183 0.7864271457085829 0.25689404934687954 0.8003992015968064 0.2772133526850508 0.810379241516966
4 0.2539912917271408 0.7604790419161677 0.22641509433962265 0.7604790419161677 0.21335268505079827 0.7924151696606786 0.22641509433962265 0.810379241516966 0.26850507982583455 0.810379241516966 0.29753265602322204 0.8143712574850299 0.34252539912917274 0.8143712574850299 0.33381712626995647 0.7884231536926147 0.29172714078374457 0.7724550898203593 0.2539912917271408 0.7604790419161677
8 0.5370101596516691 0.9021956087824351 0.5587808417997098 0.9161676646706587 0.555878084179971 0.9021956087824351 0.5370101596516691 0.9021956087824351
4 0.2888243831640058 0.8383233532934131 0.2656023222060958 0.8183632734530938 0.23367198838896952 0.8183632734530938 0.20754716981132076 0.8403193612774451 0.21335268505079827 0.8642714570858283 0.17851959361393324 0.872255489021956 0.19738751814223512 0.8922155688622755 0.25834542815674894 0.9041916167664671 0.262699564586357 0.9041916167664671 0.2656023222060958 0.8782435129740519 0.3076923076923077 0.872255489021956 0.32220609579100146 0.8542914171656687 0.2888243831640058 0.8383233532934131
8 0.3918722786647315 0.9021956087824351 0.39477503628447025 0.9181636726546906 0.40493468795355586 0.906187624750499 0.3918722786647315 0.9021956087824351
2 0.0899854862119013 0.47704590818363274 0.08853410740203194 0.5209580838323353 0.08708272859216255 0.5528942115768463 0.0899854862119013 0.5948103792415169 0.09288824383164006 0.6147704590818364 0.10740203193033382 0.626746506986028 0.13933236574746008 0.6427145708582834 0.16400580551523947 0.6467065868263473 0.18722786647314948 0.6506986027944112 0.17561683599419448 0.6187624750499002 0.16690856313497823 0.5808383233532934 0.15529753265602322 0.5389221556886228 0.14804063860667635 0.5069860279441117 0.14513788098693758 0.4810379241516966 0.1378809869375907 0.4550898203592814 0.13497822931785197 0.4291417165668663 0.11465892597968069 0.4291417165668663 0.09724238026124818 0.437125748502994 0.09143686502177069 0.4471057884231537 0.0899854862119013 0.47704590818363274