3 0.6717948717948717 0.5539112050739958 0.6679487179487179 0.53276955602537 0.65 0.53276955602537 0.6410256410256411 0.547568710359408 0.6461538461538462 0.5687103594080338 0.6423076923076924 0.5919661733615222 0.6461538461538462 0.6088794926004228 0.6435897435897436 0.6236786469344608 0.6358974358974359 0.6363636363636364 0.6371794871794871 0.6511627906976745 0.6371794871794871 0.6723044397463002 0.6358974358974359 0.6955602536997886 0.691025641025641 0.6955602536997886 0.7141025641025641 0.6849894291754757 0.7166666666666667 0.6617336152219874 0.7141025641025641 0.6363636363636364 0.7064102564102565 0.6109936575052854 0.7012820512820512 0.5919661733615222 0.6858974358974359 0.5792811839323467 0.6782051282051282 0.5687103594080338 0.6717948717948717 0.5539112050739958
8 0.5871794871794872 0.5116279069767442 0.5935897435897436 0.5116279069767442 0.6076923076923076 0.5095137420718816 0.6141025641025641 0.507399577167019 0.5987179487179487 0.507399577167019 0.5897435897435898 0.5052854122621564 0.5871794871794872 0.507399577167019 0.5871794871794872 0.5116279069767442
8 0.6089743589743589 0.5243128964059197 0.6025641025641025 0.5221987315010571 0.5987179487179487 0.5264270613107822 0.5923076923076923 0.5243128964059197 0.591025641025641 0.5200845665961945 0.5871794871794872 0.5264270613107822 0.5935897435897436 0.5285412262156448 0.6064102564102564 0.5306553911205074 0.6294871794871795 0.5306553911205074 0.6346153846153846 0.5285412262156448 0.6217948717948718 0.5285412262156448 0.617948717948718 0.5264270613107822 0.6141025641025641 0.5221987315010571 0.6089743589743589 0.5243128964059197
3 0.5576923076923077 0.37209302325581395 0.5576923076923077 0.3572938689217759 0.558974358974359 0.3382663847780127 0.5576923076923077 0.3171247357293869 0.558974358974359 0.27061310782241016 0.55 0.24312896405919662 0.5384615384615384 0.22832980972515857 0.5192307692307693 0.23890063424947147 0.5128205128205128 0.25158562367864695 0.5128205128205128 0.2854122621564482 0.5102564102564102 0.3107822410147992 0.5051282051282051 0.34460887949260044 0.4987179487179487 0.37209302325581395 0.48717948717948717 0.3784355179704017 0.4807692307692308 0.38477801268498946 0.4666666666666667 0.39957716701902746 0.4564102564102564 0.40380549682875266 0.43974358974358974 0.41226215644820297 0.4346153846153846 0.42917547568710357 0.43205128205128207 0.4503171247357294 0.4256410256410256 0.4799154334038055 0.4307692307692308 0.49682875264270615 0.43974358974358974 0.5052854122621564 0.4576923076923077 0.5116279069767442 0.46923076923076923 0.5179704016913319 0.4846153846153846 0.5369978858350951 0.4948717948717949 0.547568710359408 0.5064102564102564 0.5644820295983086 0.5205128205128206 0.5792811839323467 0.532051282051282 0.5750528541226215 0.5448717948717948 0.5602536997885835 0.5538461538461539 0.5433403805496829 0.5564102564102564 0.5221987315010571 0.5641025641025641 0.5010570824524313 0.5666666666666667 0.48414376321353064 0.5692307692307692 0.4608879492600423 0.5705128205128205 0.4376321353065539 0.5641025641025641 0.41014799154334036 0.5628205128205128 0.3974630021141649 0.5602564102564103 0.38266384778012685 0.5576923076923077 0.37209302325581395
8 0.5384615384615384 0.6025369978858351 0.5384615384615384 0.6088794926004228 0.5705128205128205 0.6109936575052854 0.5820512820512821 0.6109936575052854 0.5871794871794872 0.6088794926004228 0.573076923076923 0.6088794926004228 0.5576923076923077 0.6067653276955602 0.5474358974358975 0.6046511627906976 0.5384615384615384 0.6025369978858351
6 0.5282051282051282 0.5983086680761099 0.5294871794871795 0.6088794926004228 0.5346153846153846 0.5940803382663847 0.5397435897435897 0.587737843551797 0.5679487179487179 0.5517970401691332 0.5538461538461539 0.5665961945031712 0.5435897435897435 0.5792811839323467 0.5307692307692308 0.5919661733615222 0.5282051282051282 0.5983086680761099
6 0.5448717948717948 0.6236786469344608 0.5487179487179488 0.642706131078224 0.5525641025641026 0.6617336152219874 0.5564102564102564 0.6744186046511628 0.5525641025641026 0.653276955602537 0.5487179487179488 0.6363636363636364 0.5448717948717948 0.6194503171247357 0.5397435897435897 0.6025369978858351 0.5358974358974359 0.5919661733615222 0.5346153846153846 0.5940803382663847 0.5384615384615384 0.6067653276955602 0.5448717948717948 0.6236786469344608
4 0.6435897435897436 0.587737843551797 0.6435897435897436 0.5940803382663847 0.6474358974358975 0.5940803382663847 0.6487179487179487 0.6025369978858351 0.6512820512820513 0.6109936575052854 0.6576923076923077 0.6131078224101479 0.6602564102564102 0.6088794926004228 0.6628205128205128 0.6004228329809725 0.6602564102564102 0.5898520084566596 0.6576923076923077 0.5813953488372093 0.6525641025641026 0.5792811839323467 0.6474358974358975 0.5835095137420718 0.6435897435897436 0.587737843551797
6 0.48717948717948717 0.45665961945031713 0.48717948717948717 0.46723044397463004 0.48717948717948717 0.47357293868921774 0.4858974358974359 0.47780126849894294 0.4858974358974359 0.4820295983086681 0.48846153846153845 0.4883720930232558 0.491025641025641 0.492600422832981 0.4935897435897436 0.492600422832981 0.49615384615384617 0.4904862579281184 0.49743589743589745 0.48625792811839325 0.5 0.47568710359408034 0.5025641025641026 0.4693446088794926 0.5038461538461538 0.4608879492600423 0.5038461538461538 0.45454545454545453 0.5038461538461538 0.44820295983086683 0.4948717948717949 0.44820295983086683 0.49230769230769234 0.44820295983086683 0.48846153846153845 0.452431289640592 0.48717948717948717 0.45665961945031713
6 0.44743589743589746 0.47568710359408034 0.44871794871794873 0.4820295983086681 0.45 0.48414376321353064 0.4512820512820513 0.4883720930232558 0.45256410256410257 0.492600422832981 0.4551282051282051 0.4989429175475687 0.4576923076923077 0.49682875264270615 0.45897435897435895 0.4904862579281184 0.4576923076923077 0.48625792811839325 0.4564102564102564 0.48414376321353064 0.45256410256410257 0.4714587737843552 0.45256410256410257 0.46511627906976744 0.44743589743589746 0.46723044397463004 0.44743589743589746 0.4714587737843552 0.44743589743589746 0.47568710359408034
6 0.48717948717948717 0.5200845665961945 0.4858974358974359 0.5137420718816068 0.48333333333333334 0.5116279069767442 0.4794871794871795 0.5095137420718816 0.4794871794871795 0.5200845665961945 0.4807692307692308 0.5243128964059197 0.48717948717948717 0.5243128964059197 0.48717948717948717 0.5200845665961945
6 0.4653846153846154 0.4989429175475687 0.4756410256410256 0.5095137420718816 0.46923076923076923 0.4904862579281184 0.4653846153846154 0.492600422832981 0.4653846153846154 0.4989429175475687
8 0.6974358974358974 0.6067653276955602 0.6833333333333333 0.6215644820295984 0.6794871794871795 0.642706131078224 0.6846153846153846 0.6617336152219874 0.691025641025641 0.6871035940803383 0.6961538461538461 0.7124735729386892 0.7025641025641025 0.7272727272727273 0.7064102564102565 0.718816067653277 0.7076923076923077 0.693446088794926 0.7038461538461539 0.6680761099365751 0.7064102564102565 0.6342494714587738 0.7064102564102565 0.6088794926004228 0.7025641025641025 0.5835095137420718 0.6961538461538461 0.5898520084566596 0.6974358974358974 0.6067653276955602
0 0.5846153846153846 0.53276955602537 0.5884615384615385 0.5116279069767442 0.5833333333333334 0.507399577167019 0.5769230769230769 0.5221987315010571 0.5653846153846154 0.5369978858350951 0.5461538461538461 0.5539112050739958 0.517948717948718 0.5813953488372093 0.5307692307692308 0.6088794926004228 0.5717948717948718 0.5581395348837209 0.5846153846153846 0.53276955602537
0 0.5833333333333334 0.6765327695560254 0.5602564102564103 0.6744186046511628 0.5487179487179488 0.6744186046511628 0.5564102564102564 0.6871035940803383 0.5717948717948718 0.6892177589852009 0.6256410256410256 0.6997885835095138 0.6538461538461539 0.7040169133192389 0.6833333333333333 0.6997885835095138 0.6974358974358974 0.693446088794926 0.708974358974359 0.6871035940803383 0.708974358974359 0.678646934460888 0.6897435897435897 0.6744186046511628 0.6679487179487179 0.6807610993657506 0.6397435897435897 0.6828752642706131 0.6115384615384616 0.6828752642706131 0.5833333333333334 0.6765327695560254