8 0.7326388888888888 0.3967136150234742 0.7430555555555556 0.3873239436619718 0.703125 0.4061032863849765 0.7170138888888888 0.4014084507042254 0.7326388888888888 0.3967136150234742
8 0.7291666666666666 0.49295774647887325 0.7222222222222222 0.4694835680751174 0.71875 0.44835680751173707 0.7100694444444444 0.42488262910798125 0.7013888888888888 0.4084507042253521 0.7291666666666666 0.49295774647887325
1 0.7326388888888888 0.528169014084507 0.7552083333333334 0.5093896713615024 0.7413194444444444 0.5023474178403756 0.7222222222222222 0.5023474178403756 0.7326388888888888 0.528169014084507
3 0.5381944444444444 0.4624413145539906 0.5729166666666666 0.45305164319248825 0.6024305555555556 0.4507042253521127 0.6423611111111112 0.45539906103286387 0.6805555555555556 0.4647887323943662 0.703125 0.49061032863849763 0.7881944444444444 0.5140845070422535 0.8125 0.4624413145539906 0.7760416666666666 0.41784037558685444 0.71875 0.392018779342723 0.6753472222222222 0.392018779342723 0.6180555555555556 0.4131455399061033 0.546875 0.431924882629108 0.4826388888888889 0.45539906103286387 0.4809027777777778 0.48826291079812206 0.5381944444444444 0.4624413145539906
3 0.2881944444444444 0.6103286384976526 0.3784722222222222 0.6549295774647887 0.3871527777777778 0.5328638497652582 0.3854166666666667 0.5093896713615024 0.3836805555555556 0.47417840375586856 0.3784722222222222 0.4272300469483568 0.3576388888888889 0.431924882629108 0.3454861111111111 0.44835680751173707 0.3402777777777778 0.47417840375586856 0.3298611111111111 0.49295774647887325 0.3125 0.5070422535211268 0.2951388888888889 0.5164319248826291 0.2465277777777778 0.5563380281690141 0.2881944444444444 0.6103286384976526
3 0.3888888888888889 0.568075117370892 0.4131944444444444 0.5633802816901409 0.4322916666666667 0.5633802816901409 0.4392361111111111 0.5328638497652582 0.4548611111111111 0.49765258215962443 0.421875 0.4953051643192488 0.3923611111111111 0.49765258215962443 0.3888888888888889 0.568075117370892
3 0.4722222222222222 0.3779342723004695 0.4670138888888889 0.3826291079812207 0.4635416666666667 0.38967136150234744 0.4565972222222222 0.4154929577464789 0.4618055555555556 0.44835680751173707 0.4791666666666667 0.45305164319248825 0.5069444444444444 0.4460093896713615 0.5260416666666666 0.431924882629108 0.53125 0.4131455399061033 0.5225694444444444 0.37089201877934275 0.484375 0.3685446009389671 0.4722222222222222 0.3779342723004695
0 0.7222222222222222 0.5211267605633803 0.7517361111111112 0.5704225352112676 0.7725694444444444 0.6408450704225352 0.78125 0.6948356807511737 0.7881944444444444 0.7511737089201878 0.8194444444444444 0.7535211267605634 0.8871527777777778 0.7464788732394366 0.9618055555555556 0.704225352112676 0.9930555555555556 0.6596244131455399 0.9982638888888888 0.5093896713615024 0.9826388888888888 0.5211267605633803 0.9565972222222222 0.528169014084507 0.9288194444444444 0.5211267605633803 0.8489583333333334 0.5117370892018779 0.7916666666666666 0.5046948356807511 0.7222222222222222 0.49295774647887325 0.7222222222222222 0.5211267605633803
4 0 0.6173708920187794 0.001736111111111111 0.6173708920187794 0.015625 0.6173708920187794 0.03298611111111111 0.6126760563380281 0.0625 0.6056338028169014 0.07465277777777778 0.5915492957746479 0.10416666666666667 0.5938967136150235 0.12152777777777778 0.5821596244131455 0.14583333333333334 0.5985915492957746 0.1753472222222222 0.5892018779342723 0.21006944444444445 0.5915492957746479 0.22569444444444445 0.5727699530516432 0.2361111111111111 0.5469483568075117 0.14930555555555555 0.5375586854460094 0.027777777777777776 0.5258215962441315 0 0.5258215962441315 0 0.6173708920187794
4 0.3333333333333333 0.5 0.3454861111111111 0.4694835680751174 0.3263888888888889 0.45539906103286387 0.3020833333333333 0.4460093896713615 0.2725694444444444 0.4507042253521127 0.2465277777777778 0.460093896713615 0.22395833333333334 0.4671361502347418 0.19791666666666666 0.4812206572769953 0.1440972222222222 0.528169014084507 0.2673611111111111 0.5352112676056338 0.3333333333333333 0.5
0 0.6111111111111112 0.8568075117370892 0.6319444444444444 0.8568075117370892 0.6493055555555556 0.852112676056338 0.6822916666666666 0.8474178403755869 0.7013888888888888 0.8427230046948356 0.7204861111111112 0.823943661971831 0.734375 0.8028169014084507 0.7413194444444444 0.7769953051643192 0.7482638888888888 0.7511737089201878 0.7569444444444444 0.7253521126760564 0.7604166666666666 0.7089201877934272 0.7604166666666666 0.687793427230047 0.7586805555555556 0.6549295774647887 0.7534722222222222 0.6291079812206573 0.7430555555555556 0.607981220657277 0.7378472222222222 0.5845070422535211 0.7291666666666666 0.5563380281690141 0.7204861111111112 0.5422535211267606 0.7118055555555556 0.5328638497652582 0.703125 0.5234741784037559 0.6892361111111112 0.5093896713615024 0.671875 0.4953051643192488 0.6579861111111112 0.48826291079812206 0.6319444444444444 0.4788732394366197 0.6041666666666666 0.4788732394366197 0.5642361111111112 0.48826291079812206 0.5347222222222222 0.4953051643192488 0.5121527777777778 0.5117370892018779 0.484375 0.5492957746478874 0.4635416666666667 0.5938967136150235 0.4548611111111111 0.647887323943662 0.4513888888888889 0.6807511737089202 0.4548611111111111 0.7230046948356808 0.4670138888888889 0.7676056338028169 0.4774305555555556 0.795774647887324 0.4947916666666667 0.8145539906103286 0.5416666666666666 0.8427230046948356 0.5868055555555556 0.852112676056338 0.6111111111111112 0.8568075117370892
0 0.3680555555555556 0.3755868544600939 0.375 0.45305164319248825 0.3802083333333333 0.528169014084507 0.3784722222222222 0.5938967136150235 0.3732638888888889 0.6197183098591549 0.3732638888888889 0.6737089201877934 0.3697916666666667 0.6924882629107981 0.3524305555555556 0.704225352112676 0.3576388888888889 0.7300469483568075 0.3715277777777778 0.7276995305164319 0.3697916666666667 0.7112676056338029 0.3836805555555556 0.6995305164319249 0.3923611111111111 0.6737089201877934 0.3975694444444444 0.5586854460093896 0.3975694444444444 0.5093896713615024 0.4079861111111111 0.49295774647887325 0.40625 0.4507042253521127 0.3958333333333333 0.4084507042253521 0.3819444444444444 0.352112676056338 0.3697916666666667 0.3051643192488263 0.3506944444444444 0.27699530516431925 0.34375 0.2934272300469484 0.3611111111111111 0.3286384976525822 0.3680555555555556 0.3755868544600939