8 0.2706766917293233 0.735 0.2669172932330827 0.7433333333333333 0.2669172932330827 0.7516666666666667 0.2681704260651629 0.76 0.2719298245614035 0.77 0.2781954887218045 0.7783333333333333 0.2844611528822055 0.78 0.2907268170426065 0.77 0.29197994987468673 0.7566666666666667 0.29197994987468673 0.7466666666666667 0.2894736842105263 0.7316666666666667 0.2894736842105263 0.725 0.2807017543859649 0.725 0.2756892230576441 0.7283333333333334 0.2706766917293233 0.735
6 0.41854636591478694 0.6766666666666666 0.42105263157894735 0.6833333333333333 0.4273182957393484 0.685 0.4348370927318296 0.685 0.44360902255639095 0.6816666666666666 0.449874686716792 0.6783333333333333 0.4548872180451128 0.6666666666666666 0.4423558897243108 0.6666666666666666 0.42857142857142855 0.67 0.4197994987468672 0.6716666666666666 0.41854636591478694 0.6766666666666666
6 0.30451127819548873 0.735 0.30952380952380953 0.73 0.31453634085213034 0.72 0.3082706766917293 0.72 0.3007518796992481 0.725 0.2982456140350877 0.7316666666666667 0.30451127819548873 0.735
6 0.38471177944862156 0.6933333333333334 0.38847117794486213 0.6983333333333334 0.38847117794486213 0.69 0.38471177944862156 0.6933333333333334
6 0.5162907268170426 0.625 0.5175438596491229 0.6333333333333333 0.5238095238095238 0.6266666666666667 0.5288220551378446 0.62 0.5363408521303258 0.62 0.5325814536340853 0.6133333333333333 0.5288220551378446 0.615 0.5238095238095238 0.6166666666666667 0.5200501253132832 0.62 0.5162907268170426 0.625
6 0.506265664160401 0.6633333333333333 0.5075187969924813 0.6533333333333333 0.5012531328320802 0.6533333333333333 0.4974937343358396 0.66 0.5025062656641605 0.6633333333333333 0.506265664160401 0.6633333333333333
6 0.33458646616541354 0.7016666666666667 0.3383458646616541 0.7016666666666667 0.3383458646616541 0.6883333333333334 0.3308270676691729 0.69 0.32706766917293234 0.6933333333333334 0.3283208020050125 0.7 0.33458646616541354 0.7016666666666667
1 0.6942355889724311 0.5966666666666667 0.6867167919799498 0.6033333333333334 0.6779448621553885 0.605 0.6666666666666666 0.61 0.6591478696741855 0.6133333333333333 0.6528822055137845 0.6166666666666667 0.6466165413533834 0.6216666666666667 0.6428571428571429 0.6266666666666667 0.6403508771929824 0.6316666666666667 0.6378446115288221 0.64 0.6365914786967418 0.6533333333333333 0.6390977443609023 0.66 0.6453634085213033 0.6616666666666666 0.650375939849624 0.6566666666666666 0.6591478696741855 0.6566666666666666 0.6641604010025063 0.6533333333333333 0.6691729323308271 0.6466666666666666 0.6766917293233082 0.6416666666666667 0.6879699248120301 0.6366666666666667 0.6942355889724311 0.6333333333333333 0.7030075187969925 0.63 0.7080200501253133 0.625 0.7180451127819549 0.615 0.7243107769423559 0.6083333333333333 0.7280701754385965 0.6033333333333334 0.7293233082706767 0.5966666666666667 0.7293233082706767 0.5916666666666667 0.7268170426065163 0.5766666666666667 0.7142857142857143 0.58 0.7105263157894737 0.5816666666666667 0.7017543859649122 0.5883333333333334 0.6942355889724311 0.5966666666666667
1 0.62531328320802 0.565 0.6240601503759399 0.56 0.6228070175438597 0.555 0.6052631578947368 0.5616666666666666 0.6090225563909775 0.5633333333333334 0.6127819548872181 0.5683333333333334 0.6203007518796992 0.5733333333333334 0.62531328320802 0.565
1 0.6140350877192983 0.5733333333333334 0.6165413533834586 0.5766666666666667 0.6190476190476191 0.5783333333333334 0.6228070175438597 0.575 0.6265664160401002 0.5716666666666667 0.6290726817042607 0.5683333333333334 0.6303258145363408 0.565 0.6303258145363408 0.5633333333333334 0.6290726817042607 0.5616666666666666 0.6278195488721805 0.56 0.6265664160401002 0.555 0.6265664160401002 0.5533333333333333 0.6240601503759399 0.5483333333333333 0.6203007518796992 0.5466666666666666 0.6177944862155389 0.545 0.6152882205513784 0.545 0.6127819548872181 0.5466666666666666 0.6115288220551378 0.5483333333333333 0.6102756892230576 0.5516666666666666 0.6090225563909775 0.5533333333333333 0.6077694235588973 0.555 0.606516290726817 0.5583333333333333 0.606516290726817 0.56 0.606516290726817 0.5616666666666666 0.6052631578947368 0.565 0.6090225563909775 0.5683333333333334 0.6115288220551378 0.5716666666666667 0.6127819548872181 0.5733333333333334 0.6140350877192983 0.5733333333333334
1 0.2556390977443609 0.675 0.2506265664160401 0.6733333333333333 0.24937343358395989 0.6733333333333333 0.24812030075187969 0.6766666666666666 0.24937343358395989 0.68 0.2556390977443609 0.6833333333333333 0.2631578947368421 0.6866666666666666 0.2694235588972431 0.6883333333333334 0.2756892230576441 0.69 0.2719298245614035 0.6883333333333334 0.2644110275689223 0.6833333333333333 0.2593984962406015 0.6783333333333333 0.2556390977443609 0.675
1 0.21428571428571427 0.63 0.21679197994987467 0.6366666666666667 0.22305764411027568 0.64 0.22681704260651628 0.635 0.22681704260651628 0.6283333333333333 0.22431077694235588 0.6216666666666667 0.22305764411027568 0.6183333333333333 0.22305764411027568 0.61 0.22055137844611528 0.6133333333333333 0.21804511278195488 0.62 0.21553884711779447 0.6233333333333333 0.21428571428571427 0.63
3 0.8145363408521303 0.5183333333333333 0.8032581453634086 0.5283333333333333 0.7982456140350878 0.5333333333333333 0.7957393483709273 0.5433333333333333 0.7944862155388471 0.5483333333333333 0.7982456140350878 0.5533333333333333 0.8020050125313283 0.555 0.8070175438596491 0.555 0.8170426065162907 0.5566666666666666 0.8245614035087719 0.5566666666666666 0.8320802005012531 0.5516666666666666 0.8333333333333334 0.545 0.8345864661654135 0.54 0.8370927318295739 0.535 0.8383458646616542 0.5283333333333333 0.8395989974937343 0.5233333333333333 0.8395989974937343 0.5183333333333333 0.8421052631578947 0.5116666666666667 0.8395989974937343 0.5116666666666667 0.8295739348370927 0.5133333333333333 0.8220551378446115 0.5166666666666667 0.8145363408521303 0.5183333333333333
0 0.8145363408521303 0.5583333333333333 0.8270676691729323 0.555 0.8320802005012531 0.5533333333333333 0.8358395989974937 0.5466666666666666 0.8370927318295739 0.535 0.8408521303258145 0.5183333333333333 0.8283208020050126 0.525 0.8208020050125313 0.5266666666666666 0.8145363408521303 0.5316666666666666 0.8145363408521303 0.5583333333333333
5 0.18045112781954886 0.5283333333333333 0.09899749373433583 0.48833333333333334 0.09649122807017543 0.53 0.17293233082706766 0.5833333333333334 0.18045112781954886 0.5283333333333333
3 0.22431077694235588 0.5 0.22180451127819548 0.48833333333333334 0.21804511278195488 0.4816666666666667 0.20927318295739347 0.47833333333333333 0.20300751879699247 0.48333333333333334 0.19799498746867167 0.49 0.19799498746867167 0.5033333333333333 0.19924812030075187 0.5183333333333333 0.20175438596491227 0.5266666666666666 0.20802005012531327 0.53 0.21679197994987467 0.5283333333333333 0.22305764411027568 0.5216666666666666 0.22431077694235588 0.51 0.22431077694235588 0.5