3 0.4531746031746032 0.5587002096436059 0.45 0.5377358490566038 0.42777777777777776 0.5230607966457023 0.3896825396825397 0.550314465408805 0.3865079365079365 0.5985324947589099 0.403968253968254 0.6320754716981132 0.430952380952381 0.6215932914046122 0.4531746031746032 0.5712788259958071 0.4531746031746032 0.5587002096436059
3 0.44206349206349205 0.16457023060796647 0.42936507936507934 0.1310272536687631 0.4261904761904762 0.13522012578616352 0.42777777777777776 0.1708595387840671 0.4452380952380952 0.2148846960167715 0.44206349206349205 0.16457023060796647
3 0.42142857142857143 0.0429769392033543 0.4166666666666667 0.02830188679245283 0.4119047619047619 0.02830188679245283 0.4119047619047619 0.06184486373165619 0.4246031746031746 0.11425576519916142 0.4261904761904762 0.06813417190775681 0.42142857142857143 0.0429769392033543
6 0.4150793650793651 0 0.4150793650793651 0.005241090146750524 0.4103174603174603 0.005241090146750524 0.4103174603174603 0.007337526205450734 0.42142857142857143 0.011530398322851153 0.42018140634920637 0 0.4150793650793651 0
6 0.42936507936507934 0.16037735849056603 0.4261904761904762 0.13522012578616352 0.43253968253968256 0.14779874213836477 0.44206349206349205 0.15618448637316562 0.43412698412698414 0.12683438155136267 0.42777777777777776 0.11844863731656184 0.4246031746031746 0.11215932914046121 0.4166666666666667 0.08280922431865828 0.4119047619047619 0.059748427672955975 0.4119047619047619 0.03459119496855346 0.40555555555555556 0.03249475890985325 0.40714285714285714 0.040880503144654086 0.40714285714285714 0.059748427672955975 0.4087301587301587 0.08071278825995808 0.41349206349206347 0.09329140461215933 0.4166666666666667 0.11006289308176101 0.4150793650793651 0.12054507337526206 0.42142857142857143 0.149895178197065 0.4261904761904762 0.1792452830188679 0.44047619047619047 0.2610062893081761 0.44365079365079363 0.2169811320754717 0.42936507936507934 0.16037735849056603
6 0.4166666666666667 0.01781970649895178 0.4150793650793651 0.0220125786163522 0.41825396825396827 0.03459119496855346 0.423015873015873 0.040880503144654086 0.423015873015873 0.03459119496855346 0.42142857142857143 0.0220125786163522 0.4166666666666667 0.01781970649895178
6 0.44365079365079363 0.22955974842767296 0.44047619047619047 0.2610062893081761 0.4388888888888889 0.29874213836477986 0.44841269841269843 0.2945492662473795 0.45 0.22955974842767296 0.44365079365079363 0.22955974842767296
6 0.43412698412698414 0.31341719077568136 0.430952380952381 0.31551362683438156 0.430952380952381 0.3218029350104822 0.4357142857142857 0.319706498951782 0.43412698412698414 0.31341719077568136
6 0.5357142857142857 0.1792452830188679 0.530952380952381 0.17714884696016772 0.5277777777777778 0.14360587002096437 0.5246031746031746 0.149895178197065 0.5277777777777778 0.1918238993710692 0.5388888888888889 0.1918238993710692 0.5357142857142857 0.1792452830188679
0 0.44206349206349205 0.29035639412997905 0.41349206349206347 0.34276729559748426 0.3738095238095238 0.4392033542976939 0.3404761904761905 0.5461215932914046 0.30873015873015874 0.6740041928721174 0.31666666666666665 0.6844863731656184 0.34523809523809523 0.5838574423480084 0.38015873015873014 0.4790356394129979 0.4166666666666667 0.3867924528301887 0.4658730158730159 0.3050314465408805 0.44206349206349205 0.29035639412997905
5 0.5944444444444444 0.2169811320754717 0.5785714285714286 0.21069182389937108 0.5801587301587302 0.31761006289308175 0.596031746031746 0.3259958071278826 0.5944444444444444 0.2169811320754717
8 0.5564980158730158 0 0.5611111111111111 0.03249475890985325 0.5753968253968254 0.07232704402515723 0.5785714285714286 0.12683438155136267 0.5880952380952381 0.16247379454926625 0.5928571428571429 0.18763102725366876 0.6087301587301587 0.1540880503144654 0.5944444444444444 0.08280922431865828 0.569047619047619 0.005241090146750524 0.5584656079365079 0 0.5564980158730158 0
3 0.5246031746031746 0.4559748427672956 0.5373015873015873 0.4371069182389937 0.5119047619047619 0.3972746331236897 0.48968253968253966 0.3972746331236897 0.4801587301587302 0.42452830188679247 0.48333333333333334 0.46645702306079667 0.5246031746031746 0.4559748427672956
0 0.4179107682539683 0 0.4246031746031746 0.040880503144654086 0.44365079365079363 0.149895178197065 0.4515873015873016 0.20649895178197064 0.5182539682539683 0.22746331236897274 0.5293650793650794 0.20230607966457023 0.5246031746031746 0.14779874213836477 0.5119047619047619 0.07442348008385745 0.49058344126984127 0 0.4179107682539683 0
0 0.5198412698412699 0.4916142557651992 0.5198412698412699 0.5083857442348009 0.5293650793650794 0.5020964360587002 0.5325396825396825 0.4748427672955975 0.5325396825396825 0.449685534591195 0.5373015873015873 0.4140461215932914 0.530952380952381 0.4140461215932914 0.5261904761904762 0.45178197064989517 0.5198412698412699 0.4916142557651992