8 0.6257046223224352 0.6519114688128773 0.6234498308906427 0.635814889336016 0.6200676437429538 0.635814889336016 0.6223224351747464 0.6539235412474849 0.6223224351747464 0.670020120724346 0.6245772266065389 0.670020120724346 0.6257046223224352 0.6519114688128773
8 0.5129650507328072 0.9275653923541247 0.5140924464487034 0.9839034205231388 0.5197294250281849 0.9738430583501007 0.5163472378804961 0.9215291750503019 0.5129650507328072 0.9275653923541247
8 0.5197294250281849 0.6921529175050302 0.5197294250281849 0.7525150905432596 0.52423900789177 0.7022132796780685 0.5197294250281849 0.6881287726358148 0.5197294250281849 0.6921529175050302
8 0.5174746335963923 0.5835010060362174 0.5163472378804961 0.6016096579476862 0.52423900789177 0.5875251509054326 0.5174746335963923 0.579476861167002 0.5174746335963923 0.5835010060362174
8 0.5501691093573844 0.6177062374245473 0.5479143179255919 0.5995975855130785 0.5467869222096956 0.6458752515090543 0.5467869222096956 0.704225352112676 0.5501691093573844 0.6659959758551308 0.5501691093573844 0.6177062374245473
8 0.580608793686584 0.7243460764587525 0.5772266065388951 0.7203219315895373 0.5760992108229989 0.7223340040241448 0.5760992108229989 0.7605633802816901 0.5760992108229989 0.7746478873239436 0.5794813979706878 0.7585513078470825 0.580608793686584 0.7243460764587525
8 0.5862457722660653 0.6197183098591549 0.5794813979706878 0.6197183098591549 0.5783540022547914 0.6197183098591549 0.5794813979706878 0.6680080482897385 0.5794813979706878 0.6921529175050302 0.5828635851183765 0.6720321931589537 0.5862457722660653 0.6197183098591549
8 0.588500563697858 0.5774647887323944 0.5772266065388951 0.5674044265593562 0.5783540022547914 0.607645875251509 0.5839909808342728 0.5915492957746479 0.5941375422773394 0.5935613682092555 0.588500563697858 0.5774647887323944
8 0.5400225479143179 0.5935613682092555 0.5422773393461104 0.6338028169014085 0.5456595264937993 0.5875251509054326 0.5411499436302142 0.5955734406438632 0.5400225479143179 0.5935613682092555
8 0.5434047350620068 0.5372233400402414 0.5445321307779031 0.5814889336016097 0.5490417136414881 0.5553319919517102 0.5501691093573844 0.5352112676056338 0.5434047350620068 0.5372233400402414
8 0.5062006764374295 0.6458752515090543 0.5073280721533259 0.6659959758551308 0.5140924464487034 0.6579476861167002 0.5140924464487034 0.6217303822937625 0.5140924464487034 0.5855130784708249 0.5129650507328072 0.5855130784708249 0.5095828635851184 0.6156941649899397 0.5062006764374295 0.6458752515090543
8 0.677564825253664 0.41851106639839036 0.685456595264938 0.4084507042253521 0.6809470124013529 0.3963782696177062 0.6798196166854565 0.3963782696177062 0.6719278466741826 0.4104627766599598 0.6685456595264938 0.42052313883299797 0.6719278466741826 0.4225352112676056 0.677564825253664 0.41851106639839036
8 0.6674182638105975 0.30181086519114686 0.6629086809470124 0.2937625754527163 0.657271702367531 0.27565392354124746 0.6527621195039459 0.2635814889336016 0.6538895152198422 0.2837022132796781 0.6583990980834273 0.29979879275653926 0.6640360766629086 0.30985915492957744 0.6674182638105975 0.30181086519114686
8 0.5941375422773394 0.08853118712273642 0.5907553551296505 0.0925553319919517 0.588500563697858 0.10663983903420524 0.5963923337091319 0.1006036217303823 0.5975197294250282 0.09456740442655935 0.5941375422773394 0.08853118712273642
1 0.4644870349492672 0.4305835010060362 0.4791431792559188 0.4607645875251509 0.48928974069898534 0.4768611670020121 0.4983089064261556 0.46680080482897385 0.4915445321307779 0.448692152917505 0.48478015783540024 0.43259557344064387 0.48027057497181513 0.4084507042253521 0.4746335963923337 0.39436619718309857 0.47350620067643745 0.37424547283702214 0.47125140924464487 0.35412474849094566 0.4633596392333709 0.2917505030181087 0.4633596392333709 0.3380281690140845 0.46110484780157834 0.36619718309859156 0.4588500563697858 0.4044265593561368 0.4644870349492672 0.4305835010060362
8 0.47350620067643745 0.6579476861167002 0.4746335963923337 0.6941649899396378 0.4746335963923337 0.7303822937625755 0.4746335963923337 0.7645875251509054 0.47576099210823 0.8048289738430584 0.47801578354002255 0.8430583501006036 0.47801578354002255 0.8732394366197183 0.48928974069898534 0.8913480885311871 0.48928974069898534 0.8551307847082495 0.48928974069898534 0.7706237424547284 0.48703494926719276 0.738430583501006 0.48703494926719276 0.6921529175050302 0.48703494926719276 0.6659959758551308 0.4859075535512965 0.6156941649899397 0.48928974069898534 0.5955734406438632 0.48928974069898534 0.5472837022132797 0.4881623449830891 0.5251509054325956 0.48928974069898534 0.5110663983903421 0.4746335963923337 0.49295774647887325 0.4746335963923337 0.5372233400402414 0.47576099210823 0.579476861167002 0.47576099210823 0.6217303822937625 0.47350620067643745 0.6579476861167002
8 0.5197294250281849 0.6016096579476862 0.5186020293122886 0.5774647887323944 0.5050732807215332 0.5734406438631791 0.5062006764374295 0.6197183098591549 0.5062006764374295 0.6438631790744467 0.5174746335963923 0.6338028169014085 0.5197294250281849 0.6016096579476862
6 0.4227733934611049 0.3038229376257545 0.41939120631341603 0.3058350100603622 0.4182638105975197 0.3158953722334004 0.4205186020293123 0.3199195171026157 0.4250281848928974 0.3158953722334004 0.4227733934611049 0.3038229376257545
8 0.5400225479143179 0.6981891348088531 0.5400225479143179 0.6659959758551308 0.5411499436302142 0.641851106639839 0.5411499436302142 0.6116700201207244 0.5400225479143179 0.5915492957746479 0.5287485907553551 0.5955734406438632 0.5276211950394588 0.6338028169014085 0.5276211950394588 0.6680080482897385 0.5298759864712514 0.6941649899396378 0.5400225479143179 0.6981891348088531
8 0.5411499436302142 0.5291750503018109 0.532130777903044 0.5352112676056338 0.532130777903044 0.5573440643863179 0.5445321307779031 0.5714285714285714 0.5501691093573844 0.5513078470824949 0.5411499436302142 0.5291750503018109
8 0.5659526493799324 0.5593561368209256 0.5659526493799324 0.5855130784708249 0.5772266065388951 0.5955734406438632 0.5783540022547914 0.5734406438631791 0.5659526493799324 0.5593561368209256
8 0.5839909808342728 0.7625754527162978 0.588500563697858 0.7062374245472837 0.588500563697858 0.676056338028169 0.588500563697858 0.641851106639839 0.588500563697858 0.6237424547283702 0.5749718151071026 0.6297786720321932 0.5749718151071026 0.676056338028169 0.5749718151071026 0.7122736418511066 0.5749718151071026 0.7605633802816901 0.5839909808342728 0.7625754527162978
8 0.5456595264937993 0.6740442655935613 0.5569334836527621 0.6780684104627767 0.5580608793686584 0.6539235412474849 0.5546786922209695 0.607645875251509 0.5479143179255919 0.6277665995975855 0.5479143179255919 0.6498993963782697 0.5456595264937993 0.6740442655935613
8 0.48027057497181513 0.8953722334004024 0.48252536640360766 0.9014084507042254 0.48478015783540024 0.8531187122736419 0.4859075535512965 0.7847082494969819 0.4859075535512965 0.6981891348088531 0.48252536640360766 0.6780684104627767 0.4813979706877114 0.6800804828973843 0.48027057497181513 0.7303822937625755 0.48027057497181513 0.8088531187122736 0.48027057497181513 0.8672032193158954 0.48027057497181513 0.8953722334004024
8 0.5636978579481398 0.7002012072434608 0.5580608793686584 0.7283702213279678 0.5682074408117249 0.7142857142857143 0.5727170236753101 0.6841046277665996 0.5727170236753101 0.6438631790744467 0.5727170236753101 0.5995975855130785 0.5715896279594137 0.5573440643863179 0.5670800450958287 0.5573440643863179 0.5670800450958287 0.5895372233400402 0.5670800450958287 0.6277665995975855 0.5659526493799324 0.6720321931589537 0.5636978579481398 0.7002012072434608
3 0.2993235625704622 0 0.2976324689966178 0.01006036217303823 0.2807215332581736 0.08048289738430583 0.2807215332581736 0.158953722334004 0.2919954904171364 0.2152917505030181 0.3134160090191657 0.2535211267605634 0.34723788049605414 0.2917505030181087 0.3833145434047351 0.29577464788732394 0.4081172491544532 0.2655935613682093 0.4306651634723788 0.19718309859154928 0.4374295377677565 0.14084507042253522 0.44419391206313413 0.08249496981891348 0.4419391206313416 0.04426559356136821 0.42390078917700114 0.008048289738430584 0.4189246978579481 0 0.2993235625704622 0
8 0.5298759864712514 0.6639839034205232 0.5310033821871477 0.7002012072434608 0.5343855693348365 0.6659959758551308 0.5343855693348365 0.6237424547283702 0.5343855693348365 0.5995975855130785 0.5366403607666291 0.5754527162977867 0.5388951521984217 0.5472837022132797 0.5400225479143179 0.5271629778672032 0.5332581736189402 0.5231388329979879 0.5310033821871477 0.5593561368209256 0.5310033821871477 0.5935613682092555 0.5298759864712514 0.6257545271629779 0.5298759864712514 0.6639839034205232
3 0.3483652762119504 0.9698189134808853 0.38444193912063135 0.9839034205231388 0.43291995490417134 0.9698189134808853 0.4588500563697858 0.9396378269617707 0.4791431792559188 0.9255533199195171 0.4791431792559188 0.8812877263581489 0.47801578354002255 0.8189134808853119 0.47125140924464487 0.744466800804829 0.4689966178128523 0.676056338028169 0.46223224351747466 0.641851106639839 0.46223224351747466 0.5955734406438632 0.44081172491544535 0.5694164989939637 0.40022547914317924 0.5935613682092555 0.3664036076662909 0.6016096579476862 0.3438556933483653 0.6297786720321932 0.322435174746336 0.6780684104627767 0.3100338218714769 0.7464788732394366 0.3134160090191657 0.8732394366197183 0.314543404735062 0.9356136820925554 0.3483652762119504 0.9698189134808853
8 0.47801578354002255 0.6237424547283702 0.4768883878241263 0.6519114688128773 0.4768883878241263 0.6720321931589537 0.48027057497181513 0.6680080482897385 0.48252536640360766 0.6297786720321932 0.48478015783540024 0.5955734406438632 0.4836527621195039 0.5573440643863179 0.48252536640360766 0.5271629778672032 0.48027057497181513 0.49295774647887325 0.4768883878241263 0.482897384305835 0.47801578354002255 0.5090543259557344 0.47801578354002255 0.5472837022132797 0.48027057497181513 0.5875251509054326 0.47801578354002255 0.6237424547283702
3 0.4464487034949267 0.3782696177062374 0.44532130777903045 0.4024144869215292 0.455467869222097 0.45271629778672035 0.4689966178128523 0.4949698189134809 0.4768883878241263 0.5754527162977867 0.47576099210823 0.6720321931589537 0.4813979706877114 0.7283702213279678 0.5005636978579482 0.772635814889336 0.5377677564825254 0.7525150905432596 0.5738444193912063 0.7464788732394366 0.5963923337091319 0.7062374245472837 0.616685456595265 0.6096579476861167 0.6155580608793687 0.5835010060362174 0.552423900789177 0.5311871227364185 0.5140924464487034 0.47484909456740443 0.4881623449830891 0.3963782696177062 0.46786922209695603 0.289738430583501 0.45659526493799324 0.30181086519114686 0.4487034949267193 0.317907444668008 0.4487034949267193 0.34808853118712274 0.4464487034949267 0.3782696177062374
1 0.4588500563697858 0.3641851106639839 0.4599774520856821 0.3702213279678068 0.4599774520856821 0.38028169014084506 0.4599774520856821 0.39436619718309857 0.46223224351747466 0.4104627766599598 0.46674182638105977 0.42655935613682094 0.47350620067643745 0.4507042253521127 0.47801578354002255 0.45875251509054327 0.4915445321307779 0.45875251509054327 0.4881623449830891 0.4507042253521127 0.48252536640360766 0.4386317907444668 0.48027057497181513 0.4245472837022133 0.4768883878241263 0.40643863179074446 0.4701240135287486 0.39436619718309857 0.4689966178128523 0.38028169014084506 0.47237880496054113 0.3702213279678068 0.4768883878241263 0.36619718309859156 0.47576099210823 0.36016096579476864 0.47125140924464487 0.36016096579476864 0.46561443066516345 0.3319919517102616 0.4644870349492672 0.3299798792756539 0.4633596392333709 0.3440643863179074 0.4633596392333709 0.352112676056338 0.46110484780157834 0.36016096579476864 0.4588500563697858 0.3641851106639839
8 0.4532130777903044 0.2837022132796781 0.44419391206313413 0.3118712273641851 0.4464487034949267 0.3460764587525151 0.45659526493799324 0.3682092555331992 0.4599774520856821 0.3460764587525151 0.4588500563697858 0.31388329979879276 0.4532130777903044 0.2837022132796781
1 0.46786922209695603 0.27565392354124746 0.46561443066516345 0.2837022132796781 0.46561443066516345 0.28772635814889336 0.46561443066516345 0.29979879275653926 0.46786922209695603 0.3199195171026157 0.4689966178128523 0.317907444668008 0.4689966178128523 0.2776659959758551 0.46786922209695603 0.27565392354124746
0 0.45199173280721533 0 0.4599774520856821 0.02012072434607646 0.47237880496054113 0.05432595573440644 0.4836527621195039 0.09054325955734406 0.49379932356257045 0.052313883299798795 0.4813979706877114 0.012072434607645875 0.4768883878241263 0 0.45199173280721533 0
0 0.5118376550169109 0.5191146881287726 0.496054114994363 0.4909456740442656 0.49379932356257045 0.46680080482897385 0.48252536640360766 0.43259557344064387 0.46561443066516345 0.39235412474849096 0.45208568207440814 0.386317907444668 0.42841037204058624 0.36217303822937624 0.40022547914317924 0.33400402414486924 0.3765501691093574 0.31388329979879276 0.36753100338218714 0.32193158953722334 0.44306651634723787 0.4124748490945674 0.4599774520856821 0.44466800804828976 0.4746335963923337 0.4869215291750503 0.4881623449830891 0.5211267605633803 0.5028184892897407 0.5533199195171026 0.5186020293122886 0.5774647887323944 0.5411499436302142 0.6016096579476862 0.5636978579481398 0.6177062374245473 0.5817361894024803 0.6237424547283702 0.6031567080045096 0.6338028169014085 0.616685456595265 0.6498993963782697 0.6245772266065389 0.6338028169014085 0.6054114994363021 0.6116700201207244 0.5614430665163472 0.5814889336016097 0.5355129650507328 0.5553319919517102 0.5118376550169109 0.5191146881287726