8 0.8052763819095478 0.3969849246231156 0.7638190954773869 0.3852596314907873 0.7047738693467337 0.3852596314907873 0.6721105527638191 0.3852596314907873 0.664572864321608 0.4020100502512563 0.7135678391959799 0.4154103852596315 0.742462311557789 0.4120603015075377 0.7663316582914573 0.4120603015075377 0.792713567839196 0.4154103852596315 0.8165829145728644 0.4204355108877722 0.8266331658291457 0.4103852596314908
8 0.7675879396984925 0.4187604690117253 0.7537688442211056 0.423785594639866 0.7738693467336684 0.44221105527638194 0.7864321608040201 0.4472361809045226 0.8140703517587939 0.4472361809045226 0.8153266331658291 0.4371859296482412 0.7914572864321608 0.4204355108877722
8 0.8341708542713567 0.49413735343383586 0.8203517587939698 0.49748743718592964 0.8253768844221105 0.5142378559463987 0.8417085427135679 0.5159128978224455 0.8592964824120602 0.5192629815745393 0.8819095477386935 0.5209380234505863 0.8731155778894473 0.5025125628140703 0.8555276381909548 0.4991624790619765
8 0.7738693467336684 0.5025125628140703 0.7587939698492462 0.509212730318258 0.7738693467336684 0.52428810720268 0.7989949748743719 0.5309882747068677 0.8178391959798995 0.5376884422110553 0.8291457286432161 0.5376884422110553 0.8241206030150754 0.5209380234505863 0.8103015075376885 0.5125628140703518 0.7939698492462312 0.509212730318258
8 0.8316582914572864 0.45058626465661644 0.8153266331658291 0.45226130653266333 0.8040201005025126 0.4539363484087102 0.7814070351758794 0.46063651591289784 0.7964824120603015 0.47738693467336685 0.821608040201005 0.474036850921273 0.842964824120603 0.46901172529313234 0.8592964824120602 0.46063651591289784 0.8454773869346733 0.4472361809045226
8 0.664572864321608 0.41708542713567837 0.6507537688442211 0.4137353433835846 0.6369346733668342 0.4137353433835846 0.6180904522613065 0.4187604690117253 0.6369346733668342 0.4338358458961474 0.6520100502512562 0.4338358458961474 0.6733668341708543 0.4338358458961474
8 0.6608040201005025 0.440536013400335 0.6419597989949749 0.440536013400335 0.628140703517588 0.440536013400335 0.6206030150753769 0.4539363484087102 0.6344221105527639 0.46063651591289784 0.6482412060301508 0.45896147403685095 0.6708542713567839 0.457286432160804 0.6834170854271356 0.4489112227805695 0.6733668341708543 0.440536013400335
8 0.7562814070351759 0.5025125628140703 0.7462311557788944 0.5008375209380235 0.7386934673366834 0.5008375209380235 0.7261306532663316 0.5041876046901173 0.7437185929648241 0.5108877721943048 0.7525125628140703 0.5108877721943048 0.7600502512562815 0.509212730318258 0.7625628140703518 0.49748743718592964
8 0.6834170854271356 0.474036850921273 0.6746231155778895 0.474036850921273 0.6608040201005025 0.474036850921273 0.6520100502512562 0.4807370184254606 0.664572864321608 0.48743718592964824 0.6746231155778895 0.48743718592964824 0.6871859296482412 0.48576214405360135 0.6972361809045227 0.48408710217755446 0.6922110552763819 0.4723618090452261
8 0.5364321608040201 0.6800670016750419 0.5213567839195979 0.6750418760469011 0.5263819095477387 0.6817420435510888 0.5339195979899497 0.6917922948073701 0.5452261306532663 0.6968174204355109
8 0.5201005025125628 0.6984924623115578 0.5100502512562815 0.6917922948073701 0.5 0.6867671691792295 0.4937185929648241 0.6917922948073701 0.507537688442211 0.7051926298157454 0.5150753768844221 0.7102177554438861 0.5213567839195979 0.711892797319933
8 0.41331658291457285 0.6063651591289783 0.4020100502512563 0.5979899497487438 0.3907035175879397 0.5963149078726968 0.37185929648241206 0.5912897822445561 0.36432160804020103 0.5812395309882747 0.3555276381909548 0.5728643216080402 0.34296482412060303 0.5711892797319933 0.3417085427135678 0.5829145728643216 0.35175879396984927 0.5946398659966499 0.38316582914572866 0.6130653266331658 0.39949748743718594 0.6231155778894473 0.40703517587939697 0.6298157453936348 0.42085427135678394 0.628140703517588 0.41708542713567837 0.6130653266331658
8 0.3241206030150754 0.5829145728643216 0.32663316582914576 0.5946398659966499 0.3379396984924623 0.5996649916247906 0.3479899497487437 0.6030150753768844 0.35678391959798994 0.6113902847571189 0.35050251256281406 0.592964824120603 0.34296482412060303 0.5879396984924623 0.3379396984924623 0.5812395309882747 0.32160804020100503 0.576214405360134
8 0.25879396984924624 0.5577889447236181 0.2600502512562814 0.5711892797319933 0.27261306532663315 0.5812395309882747 0.27889447236180903 0.5845896147403685 0.30527638190954776 0.592964824120603 0.3128140703517588 0.5879396984924623 0.3065326633165829 0.5711892797319933 0.29020100502512564 0.5711892797319933 0.28015075376884424 0.5661641541038526 0.271356783919598 0.5561139028475712
8 0.478643216080402 0.525963149078727 0.4748743718592965 0.541038525963149 0.48115577889447236 0.5494137353433836 0.4861809045226131 0.5460636515912898 0.4824120603015075 0.5360134003350083
8 0.41959798994974873 0.4120603015075377 0.4082914572864322 0.4120603015075377 0.39949748743718594 0.4103852596314908 0.3944723618090452 0.41708542713567837 0.4007537688442211 0.4221105527638191 0.4158291457286432 0.4271356783919598 0.42462311557788945 0.4304857621440536 0.435929648241206 0.42546063651591287 0.42839195979899497 0.4204355108877722
8 0.43090452261306533 0.4807370184254606 0.42462311557788945 0.47571189279731996 0.41708542713567837 0.47571189279731996 0.41708542713567837 0.47906197654941374 0.4371859296482412 0.490787269681742 0.4258793969849246 0.49246231155778897
8 0.6293969849246231 0.7705192629815746 0.6080402010050251 0.7638190954773869 0.6080402010050251 0.7788944723618091 0.628140703517588 0.7889447236180904 0.6381909547738693 0.7939698492462312
8 0.5150753768844221 0.34003350083752093 0.5251256281407035 0.34673366834170855 0.5276381909547738 0.3601340033500838 0.5364321608040201 0.3785594639865997 0.550251256281407 0.38358458961474035 0.5640703517587939 0.3852596314907873 0.5665829145728644 0.39865996649916247 0.5590452261306532 0.40033500837520936 0.5477386934673367 0.3969849246231156 0.535175879396985 0.39028475711892796 0.5238693467336684 0.38358458961474035 0.5175879396984925 0.36348408710217756
8 0.5376884422110553 0.40703517587939697 0.5527638190954773 0.423785594639866 0.5640703517587939 0.4321608040201005 0.5728643216080402 0.4539363484087102 0.5628140703517588 0.4556113902847571 0.5540201005025126 0.4556113902847571 0.542713567839196 0.45896147403685095 0.5414572864321608 0.46901172529313234 0.5414572864321608 0.4824120603015075 0.5439698492462312 0.49413735343383586 0.5414572864321608 0.509212730318258 0.5288944723618091 0.48576214405360135 0.5263819095477387 0.45058626465661644 0.5213567839195979 0.4187604690117253 0.5213567839195979 0.3969849246231156
8 0.5439698492462312 0.6398659966499163 0.5314070351758794 0.628140703517588 0.5213567839195979 0.6247906197654941 0.5087939698492462 0.6231155778894473 0.4937185929648241 0.6214405360134003 0.5087939698492462 0.644891122278057 0.5301507537688442 0.6515912897822446 0.5477386934673367 0.6532663316582915
3 0.010050251256281407 0.07035175879396985 0.135678391959799 0.10217755443886097 0.228643216080402 0.12227805695142378 0.3128140703517588 0.16415410385259632 0.42085427135678394 0.16917922948073702 0.5 0.20603015075376885 0.5087939698492462 0.24120603015075376 0.42462311557788945 0.24120603015075376 0.2889447236180904 0.22613065326633167 0.18090452261306533 0.18425460636515914 0.08542713567839195 0.16080402010050251 0.011306532663316583 0.1323283082077052 0.002512562814070352 0.07537688442211055