5 0.2706766917293233 0.44240400667779634 0.2706766917293233 0.4357262103505843 0.2644110275689223 0.4240400667779633 0.2568922305764411 0.41903171953255425 0.2506265664160401 0.41569282136894825 0.24436090225563908 0.41402337228714525 0.23558897243107768 0.41235392320534225 0.22807017543859648 0.41903171953255425 0.22556390977443608 0.4307178631051753 0.23057644110275688 0.44407345575959933 0.23558897243107768 0.4507512520868113 0.24310776942355888 0.4540901502504174 0.2556390977443609 0.4557595993322204 0.2631578947368421 0.4557595993322204 0.2706766917293233 0.4557595993322204
5 0.38345864661654133 0.41736227045075125 0.38596491228070173 0.4090150250417362 0.38596491228070173 0.3973288814691152 0.38471177944862156 0.38564273789649417 0.38220551378446116 0.3756260434056761 0.37719298245614036 0.3672787979966611 0.36716791979949875 0.3589315525876461 0.3609022556390977 0.3639398998330551 0.3583959899749373 0.3722871452420701 0.35714285714285715 0.38397328881469117 0.35714285714285715 0.39565943238731216 0.3583959899749373 0.4056761268781302 0.3634085213032581 0.41903171953255425 0.3684210526315789 0.4240400667779633 0.37719298245614036 0.4240400667779633
0 0.550125313283208 0.667779632721202 0.5413533834586466 0.6427378964941569 0.5375939849624061 0.6293823038397329 0.5300751879699248 0.6193656093489148 0.5213032581453634 0.6076794657762938 0.5100250626566416 0.5943238731218697 0.4949874686716792 0.5909849749582637 0.4699248120300752 0.5909849749582637 0.4548872180451128 0.5976627712854758 0.4448621553884712 0.6010016694490818 0.4323308270676692 0.6126878130217028 0.42606516290726815 0.6243739565943238 0.4197994987468672 0.6310517529215359 0.41353383458646614 0.6477462437395659 0.40601503759398494 0.669449081803005 0.40350877192982454 0.6878130217028381 0.40100250626566414 0.7011686143572621 0.40100250626566414 0.7128547579298832 0.40225563909774437 0.7278797996661102 0.40476190476190477 0.7378964941569283 0.4197994987468672 0.7629382303839732 0.42606516290726815 0.7662771285475793 0.43107769423558895 0.7629382303839732 0.43734335839599 0.7662771285475793 0.44360902255639095 0.7779632721202003 0.44862155388471175 0.7896494156928213 0.45864661654135336 0.8063439065108514 0.4674185463659148 0.8113522537562604 0.5037593984962406 0.8230383973288815 0.5150375939849624 0.8263772954924875 0.5213032581453634 0.8263772954924875 0.531328320802005 0.8263772954924875 0.543859649122807 0.8247078464106845 0.5538847117794486 0.8196994991652755 0.5601503759398496 0.8096828046744574 0.5639097744360902 0.8013355592654424 0.5651629072681704 0.7946577629382304 0.5651629072681704 0.7829716193656093 0.5639097744360902 0.7729549248747913 0.5639097744360902 0.7662771285475793 0.5614035087719298 0.7562604340567612 0.5601503759398496 0.7345575959933222 0.5588972431077694 0.7212020033388982 0.5576441102756893 0.7111853088480802 0.556390977443609 0.6961602671118531 0.5538847117794486 0.6878130217028381 0.5488721804511278 0.6811352253756261
0 0.518796992481203 0.5993322203672788 0.5325814536340853 0.6176961602671118 0.5526315789473685 0.5909849749582637 0.5714285714285714 0.5742904841402338 0.5864661654135338 0.5609348914858097 0.5776942355889725 0.5442404006677797 0.5676691729323309 0.5492487479131887 0.5526315789473685 0.5626043405676127 0.531328320802005 0.5809682804674458
0 0.5714285714285714 0.7712854757929883 0.6127819548872181 0.7779632721202003 0.6478696741854637 0.7829716193656093 0.6954887218045113 0.7863105175292153 0.7606516290726817 0.7863105175292153 0.7819548872180451 0.7846410684474123 0.7807017543859649 0.7963272120200334 0.7117794486215538 0.8013355592654424 0.6766917293233082 0.8030050083472454 0.6403508771929824 0.8013355592654424 0.6027568922305765 0.7946577629382304 0.5739348370927319 0.7896494156928213 0.568922305764411 0.7813021702838063
0 0.9348370927318296 0.4791318864774624 0.9072681704260651 0.48414023372287146 0.8796992481203008 0.4958263772954925 0.8421052631578947 0.5125208681135225 0.8120300751879699 0.5275459098497496 0.7857142857142857 0.5442404006677797 0.7669172932330827 0.5575959933222037 0.7769423558897243 0.5676126878130217 0.7894736842105263 0.5575959933222037 0.8132832080200502 0.5425709515859767 0.8508771929824561 0.5225375626043406 0.8671679197994987 0.5158597662771286 0.8884711779448622 0.5041736227045075 0.9172932330827067 0.49081803005008345 0.9323308270676691 0.48580968280467446
6 0.506265664160401 0.48080133555926546 0.49373433583959897 0.4724540901502504 0.4799498746867168 0.4707846410684474 0.4724310776942356 0.4657762938230384 0.4649122807017544 0.4691151919866444 0.47117794486215536 0.4791318864774624 0.47869674185463656 0.48414023372287146 0.4824561403508772 0.48747913188647746 0.487468671679198 0.49081803005008345 0.49373433583959897 0.49248747913188645 0.49874686716791977 0.49081803005008345
6 0.5902255639097744 0.6060100166944908 0.5914786967418546 0.5926544240400667 0.5914786967418546 0.5809682804674458 0.581453634085213 0.5759599332220368 0.5701754385964912 0.5809682804674458 0.5588972431077694 0.5843071786310517 0.5513784461152882 0.5926544240400667 0.5451127819548872 0.6076794657762938 0.5451127819548872 0.6193656093489148 0.5488721804511278 0.6227045075125208 0.5576441102756893 0.6260434056761269 0.5651629072681704 0.6293823038397329 0.5764411027568922 0.6243739565943238 0.5789473684210527 0.6193656093489148
6 0.5100250626566416 0.5141903171953256 0.49874686716791977 0.5091819699499165 0.48120300751879697 0.5091819699499165 0.47869674185463656 0.5158597662771286 0.47869674185463656 0.5275459098497496 0.48621553884711777 0.5325542570951586 0.506265664160401 0.5325542570951586 0.5125313283208021 0.5275459098497496
6 0.37468671679197996 0.4741235392320534 0.37593984962406013 0.48414023372287146 0.37593984962406013 0.5025041736227045 0.3659147869674185 0.5025041736227045 0.35714285714285715 0.4941569282136895 0.34461152882205515 0.48747913188647746 0.34210526315789475 0.4757929883138564 0.3458646616541353 0.4707846410684474 0.35463659147869675 0.4741235392320534 0.3609022556390977 0.48080133555926546
6 0.3032581453634085 0.4257095158597663 0.3258145363408521 0.4273789649415693 0.33458646616541354 0.4273789649415693 0.34210526315789475 0.4323873121869783 0.3358395989974937 0.44073455759599334 0.3233082706766917 0.44574290484140233 0.31954887218045114 0.4524207011686144 0.31203007518796994 0.4524207011686144 0.3082706766917293 0.44407345575959933
3 0.41228070175438597 0.5709515859766278 0.4197994987468672 0.5659432387312187 0.4348370927318296 0.5575959933222037 0.4473684210526316 0.5542570951585977 0.46365914786967416 0.5509181969949917 0.47869674185463656 0.5542570951585977 0.4899749373433584 0.5626043405676127 0.5100250626566416 0.5859766277128547 0.5200501253132832 0.5959933222036727 0.5288220551378446 0.5976627712854758 0.5413533834586466 0.5792988313856428 0.5526315789473685 0.5692821368948247 0.5664160401002506 0.5509181969949917 0.5701754385964912 0.5325542570951586 0.5639097744360902 0.5158597662771286 0.5513784461152882 0.4974958263772955 0.5388471177944862 0.49081803005008345 0.5200501253132832 0.48080133555926546 0.49373433583959897 0.4707846410684474 0.48370927318295737 0.4674457429048414 0.47117794486215536 0.4657762938230384 0.4523809523809524 0.46410684474123537 0.4323308270676692 0.46243739565943237 0.41854636591478694 0.4590984974958264 0.39724310776942356 0.4507512520868113 0.3684210526315789 0.44240400667779634 0.35714285714285715 0.4373956594323873 0.3258145363408521 0.42237061769616024 0.30200501253132833 0.4090150250417362 0.2744360902255639 0.3973288814691152 0.2593984962406015 0.39398998330550916 0.23684210526315788 0.4023372287145242 0.22807017543859648 0.41903171953255425 0.22681704260651628 0.4323873121869783 0.21553884711779447 0.46243739565943237 0.21553884711779447 0.5091819699499165 0.22180451127819548 0.5342237061769616 0.22431077694235588 0.5459098497495827 0.23684210526315788 0.5659432387312187 0.2543859649122807 0.5859766277128547 0.2631578947368421 0.6026711185308848 0.2807017543859649 0.6193656093489148 0.3032581453634085 0.6343906510851419 0.31954887218045114 0.6444073455759599 0.3358395989974937 0.6510851419031719 0.3533834586466165 0.6510851419031719 0.3684210526315789 0.6510851419031719 0.38596491228070173 0.6527545909849749 0.38972431077694236 0.6277128547579299 0.38972431077694236 0.6160267111853088 0.39598997493734334 0.6026711185308848 0.40476190476190477 0.5809682804674458
5 0.8583959899749374 0.672787979966611 0.9423558897243107 0.6126878130217028 0.9423558897243107 0.667779632721202 0.8583959899749374 0.7262103505843072
6 0.5964912280701754 0.5943238731218697 0.6102756892230576 0.6043405676126878 0.6240601503759399 0.6193656093489148 0.631578947368421 0.6410684474123539 0.6340852130325815 0.672787979966611 0.631578947368421 0.6978297161936561 0.6240601503759399 0.7111853088480802 0.6015037593984962 0.6978297161936561 0.5902255639097744 0.6944908180300501 0.5789473684210527 0.6994991652754591 0.5701754385964912 0.7262103505843072 0.5601503759398496 0.6861435726210351 0.5526315789473685 0.664440734557596 0.5538847117794486 0.6460767946577629 0.5664160401002506 0.6293823038397329
0 0.39974937343358397 0.6393989983305509 0.40977443609022557 0.6293823038397329 0.41478696741854637 0.6143572621035058 0.4197994987468672 0.5959933222036727 0.42105263157894735 0.5826377295492488 0.4223057644110276 0.5676126878130217 0.41228070175438597 0.5742904841402338 0.40350877192982454 0.5893155258764607 0.39974937343358397 0.6043405676126878 0.39724310776942356 0.6243739565943238