8 0.7549407114624506 0.6638888888888889 0.7628458498023716 0.6555555555555556 0.7766798418972332 0.6527777777777778 0.7727272727272727 0.6638888888888889 0.7549407114624506 0.6722222222222223
8 0.7351778656126482 0.7027777777777777 0.7430830039525692 0.6916666666666667 0.7470355731225297 0.675 0.758893280632411 0.6694444444444444 0.7608695652173914 0.6805555555555556 0.7529644268774703 0.6833333333333333 0.7529644268774703 0.6888888888888889 0.758893280632411 0.6888888888888889 0.7569169960474308 0.7027777777777777 0.7509881422924901 0.7111111111111111 0.7391304347826086 0.7111111111111111 0.7430830039525692 0.7027777777777777
8 0.766798418972332 0.6888888888888889 0.7687747035573123 0.675 0.7747035573122529 0.6666666666666666 0.7766798418972332 0.6861111111111111
8 0.7608695652173914 0.6944444444444444 0.7747035573122529 0.6888888888888889 0.7885375494071146 0.6805555555555556 0.7944664031620553 0.6888888888888889 0.7786561264822134 0.6972222222222222 0.7687747035573123 0.7 0.7608695652173914 0.7027777777777777
8 0.7766798418972332 0.7138888888888889 0.782608695652174 0.7027777777777777 0.7885375494071146 0.7111111111111111 0.782608695652174 0.7194444444444444
8 0.7549407114624506 0.7222222222222222 0.7648221343873518 0.7083333333333334 0.7727272727272727 0.725 0.7628458498023716 0.7416666666666667 0.7569169960474308 0.7361111111111112 0.741106719367589 0.7416666666666667 0.7312252964426877 0.7416666666666667 0.7351778656126482 0.7305555555555555 0.7272727272727273 0.7222222222222222 0.7351778656126482 0.7166666666666667 0.7470355731225297 0.7222222222222222 0.7470355731225297 0.7305555555555555 0.7549407114624506 0.7305555555555555
8 0.7292490118577075 0.5555555555555556 0.7391304347826086 0.55 0.7470355731225297 0.5527777777777778 0.7490118577075099 0.5638888888888889 0.7351778656126482 0.575 0.7272727272727273 0.5666666666666667
3 0.25889328063241107 0.5666666666666667 0.28063241106719367 0.5916666666666667 0.2885375494071146 0.6111111111111112 0.26877470355731226 0.6055555555555555 0.2608695652173913 0.5888888888888889
3 0.7687747035573123 0.475 0.7549407114624506 0.48333333333333334 0.7213438735177866 0.49722222222222223 0.6996047430830039 0.5083333333333333 0.691699604743083 0.5194444444444445 0.7035573122529645 0.5472222222222223 0.7252964426877471 0.5472222222222223 0.7470355731225297 0.5472222222222223 0.7628458498023716 0.5444444444444444 0.7687747035573123 0.5083333333333333
0 0.766798418972332 0.4777777777777778 0.7944664031620553 0.48055555555555557 0.8122529644268774 0.4722222222222222 0.8142292490118577 0.44722222222222224 0.8260869565217391 0.4666666666666667 0.8320158102766798 0.5361111111111111 0.8221343873517787 0.5833333333333334 0.7786561264822134 0.5972222222222222 0.7470355731225297 0.5694444444444444
8 0.22727272727272727 0.7805555555555556 0.233201581027668 0.7638888888888888 0.25296442687747034 0.7888888888888889 0.24110671936758893 0.8 0.233201581027668 0.7916666666666666
0 0.7845849802371542 0.7805555555555556 0.7766798418972332 0.7416666666666667 0.7055335968379447 0.7611111111111111 0.6264822134387352 0.7777777777777778 0.3715415019762846 0.8027777777777778 0.3102766798418972 0.7972222222222223 0.25889328063241107 0.7972222222222223 0.2509881422924901 0.8083333333333333 0.25296442687747034 0.8222222222222222 0.308300395256917 0.8388888888888889 0.43478260869565216 0.8416666666666667 0.6442687747035574 0.8194444444444444 0.7312252964426877 0.8
0 0.19960474308300397 0.4777777777777778 0.20948616600790515 0.49722222222222223 0.22332015810276679 0.5027777777777778 0.24110671936758893 0.5111111111111111 0.25691699604743085 0.5055555555555555 0.2628458498023715 0.55 0.26877470355731226 0.6138888888888889 0.24703557312252963 0.6194444444444445 0.24308300395256918 0.5305555555555556 0.22727272727272727 0.5277777777777778 0.20355731225296442 0.5222222222222223 0.1956521739130435 0.5083333333333333 0.18972332015810275 0.48333333333333334
0 0.2015810276679842 0.5972222222222222 0.2134387351778656 0.6166666666666667 0.22727272727272727 0.6194444444444445 0.24308300395256918 0.625 0.2391304347826087 0.6416666666666667 0.21541501976284586 0.6416666666666667 0.19960474308300397 0.6277777777777778 0.1857707509881423 0.6083333333333333