8 0.08165829145728644 0.5041876046901173 0.09170854271356783 0.5142378559463987 0.10301507537688442 0.5192629815745393 0.1092964824120603 0.5142378559463987 0.09547738693467336 0.5041876046901173 0.07537688442211055 0.48911222780569513 0.08165829145728644 0.5041876046901173
8 0.08417085427135679 0.48911222780569513 0.09798994974874371 0.48911222780569513 0.11306532663316583 0.48911222780569513 0.12060301507537688 0.47906197654941374 0.12437185929648241 0.47068676716917923 0.12814070351758794 0.4723618090452261 0.1457286432160804 0.47738693467336685 0.14698492462311558 0.4656616415410385 0.13442211055276382 0.4639865996649916 0.12311557788944724 0.4556113902847571 0.11557788944723618 0.4656616415410385 0.11055276381909548 0.47571189279731996 0.10050251256281408 0.4824120603015075 0.08793969849246232 0.4807370184254606 0.07788944723618091 0.474036850921273 0.08417085427135679 0.48911222780569513
8 0.16331658291457288 0.48408710217755446 0.17462311557788945 0.507537688442211 0.18090452261306533 0.5226130653266332 0.1708542713567839 0.5293132328308208 0.1771356783919598 0.5393634840871022 0.1972361809045226 0.5544388609715243 0.21733668341708542 0.5745393634840871 0.22236180904522612 0.5812395309882747 0.23241206030150754 0.5845896147403685 0.22487437185929648 0.5644891122278057 0.2022613065326633 0.52428810720268 0.18341708542713567 0.49581239530988275 0.15954773869346733 0.46901172529313234 0.16331658291457288 0.48408710217755446
8 0.39949748743718594 0.5829145728643216 0.4020100502512563 0.5912897822445561 0.40954773869346733 0.5896147403685092 0.4082914572864322 0.5812395309882747 0.4007537688442211 0.5812395309882747 0.39949748743718594 0.5829145728643216
8 0.114321608040201 0.5376884422110553 0.11306532663316583 0.5293132328308208 0.10678391959798995 0.5125628140703518 0.10050251256281408 0.507537688442211 0.0942211055276382 0.5025125628140703 0.08668341708542714 0.49748743718592964 0.08040201005025126 0.49413735343383586 0.06407035175879397 0.4723618090452261 0.05778894472361809 0.4723618090452261 0.05150753768844221 0.47738693467336685 0.04648241206030151 0.48576214405360135 0.05150753768844221 0.4991624790619765 0.05778894472361809 0.5125628140703518 0.06532663316582915 0.52428810720268 0.07412060301507538 0.5343383584589615 0.08919597989949749 0.5561139028475712 0.114321608040201 0.5376884422110553
8 0.4886934673366834 0.5829145728643216 0.49120603015075376 0.5896147403685092 0.49748743718592964 0.5912897822445561 0.5 0.5829145728643216 0.4899497487437186 0.5795644891122278 0.4886934673366834 0.5829145728643216
8 0.14949748743718594 0.5108877721943048 0.1620603015075377 0.5175879396984925 0.1708542713567839 0.5209380234505863 0.17462311557788945 0.5125628140703518 0.16834170854271358 0.509212730318258 0.16080402010050251 0.5041876046901173 0.15326633165829145 0.49748743718592964 0.14949748743718594 0.490787269681742 0.14321608040201006 0.48576214405360135 0.13819095477386933 0.49748743718592964 0.14949748743718594 0.5108877721943048
8 0.19095477386934673 0.5443886097152428 0.2022613065326633 0.5527638190954773 0.20979899497487436 0.5611390284757118 0.21608040201005024 0.5745393634840871 0.22738693467336685 0.5896147403685092 0.228643216080402 0.5745393634840871 0.2198492462311558 0.5644891122278057 0.20854271356783918 0.5510887772194305 0.20100502512562815 0.541038525963149 0.19597989949748743 0.5376884422110553 0.19095477386934673 0.5276381909547738 0.18467336683417085 0.525963149078727 0.17839195979899497 0.5276381909547738 0.19095477386934673 0.5443886097152428
8 0.21105527638190955 0.5025125628140703 0.2198492462311558 0.509212730318258 0.228643216080402 0.509212730318258 0.23869346733668342 0.5142378559463987 0.24371859296482412 0.5226130653266332 0.24874371859296482 0.52428810720268 0.24371859296482412 0.5125628140703518 0.23366834170854273 0.5025125628140703 0.2236180904522613 0.49246231155778897 0.21105527638190955 0.490787269681742 0.21105527638190955 0.5025125628140703
8 0.3768844221105528 0.4472361809045226 0.3693467336683417 0.4489112227805695 0.3793969849246231 0.4623115577889447 0.38944723618090454 0.47068676716917923 0.4020100502512563 0.47738693467336685 0.4057788944723618 0.4656616415410385 0.4020100502512563 0.4556113902847571 0.38819095477386933 0.45226130653266333 0.3768844221105528 0.4472361809045226
8 0.38944723618090454 0.48743718592964824 0.3869346733668342 0.49413735343383586 0.38944723618090454 0.5008375209380235 0.3793969849246231 0.5008375209380235 0.3768844221105528 0.507537688442211 0.37814070351758794 0.5142378559463987 0.38819095477386933 0.5192629815745393 0.3969849246231156 0.52428810720268 0.39949748743718594 0.5343383584589615 0.4108040201005025 0.5393634840871022 0.4108040201005025 0.5025125628140703 0.4045226130653266 0.49413735343383586 0.3969849246231156 0.49246231155778897 0.38944723618090454 0.48743718592964824
8 0.5552763819095478 0.5343383584589615 0.5339195979899497 0.5159128978224455 0.5301507537688442 0.5175879396984925 0.5515075376884422 0.5393634840871022 0.5552763819095478 0.5343383584589615
8 0.4108040201005025 0.4991624790619765 0.4120603015075377 0.5125628140703518 0.4120603015075377 0.52428810720268 0.4120603015075377 0.5343383584589615 0.41457286432160806 0.5460636515912898 0.42085427135678394 0.5393634840871022 0.42462311557788945 0.525963149078727 0.42336683417085424 0.507537688442211 0.42336683417085424 0.49748743718592964 0.42336683417085424 0.490787269681742 0.4221105527638191 0.4824120603015075 0.41708542713567837 0.4807370184254606 0.4120603015075377 0.48576214405360135 0.4108040201005025 0.4991624790619765
8 0.5314070351758794 0.5226130653266332 0.5364321608040201 0.5293132328308208 0.542713567839196 0.5343383584589615 0.5489949748743719 0.5393634840871022 0.5414572864321608 0.5142378559463987 0.5452261306532663 0.5209380234505863 0.5489949748743719 0.5276381909547738 0.5527638190954773 0.5326633165829145 0.5552763819095478 0.5360134003350083 0.5376884422110553 0.5025125628140703 0.5288944723618091 0.5108877721943048 0.5314070351758794 0.5226130653266332
8 0.507537688442211 0.5360134003350083 0.5150753768844221 0.542713567839196 0.5201005025125628 0.5494137353433836 0.5251256281407035 0.5510887772194305 0.5326633165829145 0.5510887772194305 0.5251256281407035 0.5360134003350083 0.5175879396984925 0.52428810720268 0.5125628140703518 0.5175879396984925 0.5037688442211056 0.5142378559463987 0.5012562814070352 0.525963149078727 0.507537688442211 0.5360134003350083
5 0.6155778894472361 0.4120603015075377 0.6821608040201005 0.40871021775544386 0.6796482412060302 0.39865996649916247 0.6494974874371859 0.3768844221105528 0.6118090452261307 0.3500837520938023 0.6155778894472361 0.4120603015075377
8 0.457286432160804 0.5795644891122278 0.45226130653266333 0.5845896147403685 0.44597989949748745 0.5896147403685092 0.44597989949748745 0.5996649916247906 0.4547738693467337 0.5946398659966499 0.4635678391959799 0.592964824120603 0.4685929648241206 0.5896147403685092 0.4748743718592965 0.5845896147403685 0.48115577889447236 0.5778894472361809 0.46984924623115576 0.576214405360134 0.4635678391959799 0.576214405360134 0.457286432160804 0.5795644891122278
8 0.36809045226130654 0.592964824120603 0.3693467336683417 0.5996649916247906 0.37814070351758794 0.6030150753768844 0.3743718592964824 0.5912897822445561 0.3706030150753769 0.5845896147403685 0.3630653266331658 0.5795644891122278 0.35678391959798994 0.5812395309882747 0.36809045226130654 0.592964824120603
8 0.5025125628140703 0.45226130653266333 0.5138190954773869 0.4539363484087102 0.5100502512562815 0.4438860971524288 0.5025125628140703 0.44221105527638194 0.4937185929648241 0.44221105527638194 0.4886934673366834 0.440536013400335 0.49246231155778897 0.45058626465661644 0.5025125628140703 0.45226130653266333
6 0.6809045226130653 0.5226130653266332 0.6796482412060302 0.5309882747068677 0.6859296482412061 0.5343383584589615 0.6884422110552764 0.5276381909547738 0.6871859296482412 0.5175879396984925 0.6884422110552764 0.5058626465661642 0.6871859296482412 0.49748743718592964 0.6809045226130653 0.49413735343383586 0.6809045226130653 0.5226130653266332
8 0.5464824120603015 0.45896147403685095 0.5527638190954773 0.4656616415410385 0.5653266331658291 0.47738693467336685 0.5766331658291457 0.48911222780569513 0.5829145728643216 0.4991624790619765 0.5891959798994975 0.5008375209380235 0.5979899497487438 0.5058626465661642 0.6042713567839196 0.5125628140703518 0.6105527638190955 0.5159128978224455 0.6105527638190955 0.5058626465661642 0.6005025125628141 0.49581239530988275 0.592964824120603 0.48911222780569513 0.5791457286432161 0.4824120603015075 0.5653266331658291 0.46733668341708545 0.542713567839196 0.4489112227805695 0.5276381909547738 0.4472361809045226 0.5339195979899497 0.4556113902847571 0.5464824120603015 0.45896147403685095
6 0.8706030150753769 0.5963149078726968 0.8706030150753769 0.5862646566164154 0.8693467336683417 0.576214405360134 0.864321608040201 0.5628140703517588 0.8592964824120602 0.5527638190954773 0.8567839195979899 0.5443886097152428 0.8630653266331658 0.5393634840871022 0.8605527638190955 0.5343383584589615 0.8542713567839196 0.5343383584589615 0.8492462311557789 0.5360134003350083 0.8442211055276382 0.525963149078727 0.8379396984924623 0.509212730318258 0.8329145728643216 0.5008375209380235 0.8253768844221105 0.4991624790619765 0.8228643216080402 0.5025125628140703 0.8266331658291457 0.507537688442211 0.8329145728643216 0.5125628140703518 0.8379396984924623 0.5175879396984925 0.8404522613065326 0.52428810720268 0.8366834170854272 0.525963149078727 0.8278894472361809 0.5209380234505863 0.8178391959798995 0.5142378559463987 0.8077889447236181 0.5125628140703518 0.7914572864321608 0.507537688442211 0.7801507537688442 0.507537688442211 0.7650753768844221 0.507537688442211 0.7512562814070352 0.5142378559463987 0.7412060301507538 0.5175879396984925 0.7336683417085427 0.5209380234505863 0.7386934673366834 0.5276381909547738 0.7525125628140703 0.5226130653266332 0.7675879396984925 0.5175879396984925 0.7814070351758794 0.5142378559463987 0.7939698492462312 0.5175879396984925 0.8115577889447236 0.5209380234505863 0.8228643216080402 0.525963149078727 0.835427135678392 0.5343383584589615 0.842964824120603 0.5443886097152428 0.8467336683417085 0.5527638190954773 0.8505025125628141 0.5628140703517588 0.8555276381909548 0.559463986599665 0.8592964824120602 0.5661641541038526 0.8605527638190955 0.5745393634840871 0.8655778894472361 0.5829145728643216 0.864321608040201 0.5979899497487438 0.8706030150753769 0.5963149078726968
8 0.5866834170854272 0.46733668341708545 0.592964824120603 0.47068676716917923 0.6030150753768844 0.47738693467336685 0.6092964824120602 0.48408710217755446 0.6180904522613065 0.49581239530988275 0.6243718592964824 0.49581239530988275 0.6306532663316583 0.49413735343383586 0.6130653266331658 0.47738693467336685 0.5954773869346733 0.4639865996649916 0.585427135678392 0.4556113902847571 0.5690954773869347 0.4472361809045226 0.5778894472361809 0.4656616415410385 0.5866834170854272 0.46733668341708545
6 0.8668341708542714 0.6113902847571189 0.8693467336683417 0.6180904522613065 0.8743718592964824 0.6130653266331658 0.8731155778894473 0.6063651591289783 0.8680904522613065 0.6030150753768844 0.8668341708542714 0.6113902847571189
8 0.6231155778894473 0.474036850921273 0.6306532663316583 0.47738693467336685 0.6344221105527639 0.48576214405360135 0.6419597989949749 0.49246231155778897 0.6407035175879398 0.48408710217755446 0.6369346733668342 0.47571189279731996 0.628140703517588 0.46733668341708545 0.621859296482412 0.457286432160804 0.6105527638190955 0.4556113902847571 0.614321608040201 0.46733668341708545 0.6231155778894473 0.474036850921273
6 0.8680904522613065 0.644891122278057 0.871859296482412 0.6432160804020101 0.8731155778894473 0.6415410385259631 0.8706030150753769 0.6348408710217756 0.8668341708542714 0.6398659966499163 0.8680904522613065 0.644891122278057
8 0.6507537688442211 0.48408710217755446 0.6381909547738693 0.490787269681742 0.6293969849246231 0.49413735343383586 0.6193467336683417 0.5008375209380235 0.614321608040201 0.509212730318258 0.6042713567839196 0.5142378559463987 0.5979899497487438 0.5142378559463987 0.585427135678392 0.5192629815745393 0.5703517587939698 0.5209380234505863 0.5628140703517588 0.525963149078727 0.5540201005025126 0.5326633165829145 0.542713567839196 0.541038525963149 0.535175879396985 0.5477386934673367 0.5452261306532663 0.5577889447236181 0.5565326633165829 0.5577889447236181 0.5628140703517588 0.5477386934673367 0.5703517587939698 0.5376884422110553 0.5791457286432161 0.5360134003350083 0.5904522613065326 0.5309882747068677 0.5979899497487438 0.5276381909547738 0.6180904522613065 0.5293132328308208 0.6268844221105527 0.52428810720268 0.6369346733668342 0.5142378559463987 0.6482412060301508 0.509212730318258 0.6557788944723618 0.5058626465661642 0.6695979899497487 0.4991624790619765 0.678391959798995 0.49581239530988275 0.6796482412060302 0.48743718592964824 0.6633165829145728 0.4807370184254606 0.6507537688442211 0.48408710217755446
8 0.13190954773869346 0.45226130653266333 0.10804020100502512 0.4539363484087102 0.11180904522613065 0.46063651591289784 0.12688442211055276 0.4623115577889447 0.14195979899497488 0.46063651591289784 0.16080402010050251 0.45896147403685095 0.1708542713567839 0.4556113902847571 0.16834170854271358 0.4539363484087102 0.15326633165829145 0.4489112227805695 0.13190954773869346 0.45226130653266333
8 0.6708542713567839 0.541038525963149 0.6746231155778895 0.5460636515912898 0.6746231155778895 0.5343383584589615 0.6695979899497487 0.5209380234505863 0.657035175879397 0.5209380234505863 0.6620603015075377 0.5293132328308208 0.6708542713567839 0.541038525963149
3 0.12814070351758794 0.5293132328308208 0.1507537688442211 0.5293132328308208 0.1658291457286432 0.5360134003350083 0.18216080402010051 0.5443886097152428 0.19472361809045227 0.5393634840871022 0.18592964824120603 0.507537688442211 0.16331658291457288 0.47738693467336685 0.1407035175879397 0.46063651591289784 0.11557788944723618 0.4656616415410385 0.0992462311557789 0.48743718592964824 0.08668341708542714 0.509212730318258 0.08165829145728644 0.5276381909547738 0.09296482412060302 0.5477386934673367 0.11306532663316583 0.5360134003350083 0.12814070351758794 0.5293132328308208
8 0.6796482412060302 0.5125628140703518 0.6746231155778895 0.4991624790619765 0.6733668341708543 0.5159128978224455 0.6796482412060302 0.5125628140703518
3 0.4296482412060301 0.48576214405360135 0.4472361809045226 0.47738693467336685 0.4510050251256281 0.4438860971524288 0.44472361809045224 0.4321608040201005 0.41457286432160806 0.4338358458961474 0.41331658291457285 0.4371859296482412 0.4120603015075377 0.47738693467336685 0.4296482412060301 0.48576214405360135
8 0.6796482412060302 0.5192629815745393 0.6809045226130653 0.5293132328308208 0.6871859296482412 0.5309882747068677 0.6871859296482412 0.5192629815745393 0.6884422110552764 0.5108877721943048 0.6834170854271356 0.490787269681742 0.6821608040201005 0.507537688442211 0.6796482412060302 0.5192629815745393
3 0.3203517587939699 0.507537688442211 0.3479899497487437 0.5393634840871022 0.3768844221105528 0.541038525963149 0.40326633165829145 0.5226130653266332 0.40703517587939697 0.49246231155778897 0.4007537688442211 0.46063651591289784 0.3844221105527638 0.44221105527638194 0.3530150753768844 0.4338358458961474 0.3316582914572864 0.4489112227805695 0.3165829145728643 0.48743718592964824 0.3203517587939699 0.507537688442211
8 0.6582914572864321 0.5745393634840871 0.657035175879397 0.5778894472361809 0.6520100502512562 0.5946398659966499 0.6620603015075377 0.5996649916247906 0.6721105527638191 0.5946398659966499 0.6733668341708543 0.5812395309882747 0.6733668341708543 0.5661641541038526 0.6670854271356784 0.5561139028475712 0.6658291457286433 0.5477386934673367 0.6545226130653267 0.5393634840871022 0.6582914572864321 0.5611390284757118 0.6582914572864321 0.5745393634840871
3 0.45603015075376885 0.5879396984924623 0.4798994974874372 0.5795644891122278 0.47738693467336685 0.5661641541038526 0.43844221105527637 0.5644891122278057 0.43844221105527637 0.5896147403685092 0.45603015075376885 0.5879396984924623
8 0.8379396984924623 0.5376884422110553 0.8467336683417085 0.5477386934673367 0.8530150753768844 0.5611390284757118 0.8605527638190955 0.5728643216080402 0.8655778894472361 0.5879396984924623 0.8655778894472361 0.5996649916247906 0.8680904522613065 0.6130653266331658 0.871859296482412 0.6247906197654941 0.8743718592964824 0.6080402010050251 0.8743718592964824 0.5946398659966499 0.8693467336683417 0.5745393634840871 0.8655778894472361 0.5628140703517588 0.8605527638190955 0.5460636515912898 0.8555276381909548 0.5309882747068677 0.8442211055276382 0.5226130653266332 0.8492462311557789 0.5309882747068677 0.8379396984924623 0.525963149078727 0.8379396984924623 0.5376884422110553
3 0.5339195979899497 0.5494137353433836 0.5464824120603015 0.5510887772194305 0.5690954773869347 0.5376884422110553 0.571608040201005 0.509212730318258 0.5653266331658291 0.48911222780569513 0.5577889447236181 0.47738693467336685 0.5087939698492462 0.49413735343383586 0.5125628140703518 0.5209380234505863 0.5339195979899497 0.5494137353433836
3 0.4685929648241206 0.46733668341708545 0.4962311557788945 0.48576214405360135 0.5301507537688442 0.5025125628140703 0.5515075376884422 0.49246231155778897 0.5640703517587939 0.46901172529313234 0.5678391959798995 0.4455611390284757 0.5527638190954773 0.4438860971524288 0.5201005025125628 0.4438860971524288 0.4886934673366834 0.44221105527638194 0.47361809045226133 0.4455611390284757 0.4623115577889447 0.45226130653266333 0.4685929648241206 0.46733668341708545
3 0.792713567839196 0.4991624790619765 0.792713567839196 0.5125628140703518 0.8153266331658291 0.52428810720268 0.8329145728643216 0.5326633165829145 0.8454773869346733 0.5326633165829145 0.8454773869346733 0.5125628140703518 0.8366834170854272 0.49748743718592964 0.821608040201005 0.49413735343383586 0.800251256281407 0.49413735343383586 0.792713567839196 0.4991624790619765
3 0.7525125628140703 0.525963149078727 0.7751256281407035 0.5226130653266332 0.7763819095477387 0.5159128978224455 0.785175879396985 0.4991624790619765 0.7726130653266332 0.49748743718592964 0.7587939698492462 0.5041876046901173 0.7550251256281407 0.5226130653266332 0.7525125628140703 0.525963149078727