3 0.5401028277634962 0 0.5334190231362468 0.02620967741935484 0.4897172236503856 0.22580645161290322 0.5025706940874036 0.22580645161290322 0.5218508997429306 0.22782258064516128 0.532133676092545 0.20362903225806453 0.5398457583547558 0.1774193548387097 0.5501285347043702 0.1975806451612903 0.5629820051413882 0.1875 0.5668380462724936 0.1592741935483871 0.570694087403599 0.13911290322580644 0.5745501285347043 0.12298387096774194 0.5758354755784062 0.09475806451612903 0.577120822622108 0.07056451612903226 0.5758354755784062 0.04233870967741935 0.5655526992287918 0.014112903225806451 0.5584494652956298 0 0.5401028277634962 0
8 0.6246786632390745 0.25201612903225806 0.6208226221079691 0.2318548387096774 0.615681233933162 0.2056451612903226 0.6079691516709511 0.1814516129032258 0.6015424164524421 0.1592741935483871 0.596401028277635 0.1310483870967742 0.589974293059126 0.11088709677419355 0.5861182519280206 0.08669354838709678 0.583547557840617 0.0625 0.5809768637532133 0.04435483870967742 0.577120822622108 0.03225806451612903 0.5745501285347043 0.024193548387096774 0.5719794344473008 0.024193548387096774 0.5732647814910026 0.03225806451612903 0.5758354755784062 0.04435483870967742 0.577120822622108 0.05846774193548387 0.5796915167095116 0.07459677419354839 0.5796915167095116 0.0907258064516129 0.5822622107969152 0.10483870967741936 0.5822622107969152 0.12096774193548387 0.5861182519280206 0.1310483870967742 0.589974293059126 0.14516129032258066 0.596401028277635 0.1693548387096774 0.602827763496144 0.19153225806451613 0.6079691516709511 0.21370967741935484 0.6118251928020566 0.2318548387096774 0.615681233933162 0.24798387096774194 0.6182519280205655 0.25806451612903225 0.622107969151671 0.2701612903225806 0.6259640102827764 0.2701612903225806 0.6272493573264781 0.2600806451612903 0.6246786632390745 0.25201612903225806
8 0.5565552699228792 0 0.5565552699228792 0.0020161290322580645 0.5565552699228792 0.010080645161290322 0.5565552699228792 0.020161290322580645 0.5591259640102828 0.024193548387096774 0.5629820051413882 0.020161290322580645 0.5629820051413882 0.016129032258064516 0.5629820051413882 0.006048387096774193 0.5639460154241646 0 0.5565552699228792 0
8 0.5526992287917738 0.06451612903225806 0.5501285347043702 0.06653225806451613 0.5501285347043702 0.07459677419354839 0.5539845758354756 0.08064516129032258 0.5565552699228792 0.0907258064516129 0.5604113110539846 0.0967741935483871 0.5629820051413882 0.09274193548387097 0.5629820051413882 0.0846774193548387 0.5629820051413882 0.07862903225806452 0.5604113110539846 0.07258064516129033 0.5578406169665809 0.06653225806451613 0.5526992287917738 0.06451612903225806
8 0.5604113110539846 0.028225806451612902 0.5578406169665809 0.036290322580645164 0.5552699228791774 0.04233870967741935 0.5501285347043702 0.04838709677419355 0.5488431876606684 0.06048387096774194 0.5526992287917738 0.06048387096774194 0.5565552699228792 0.05040322580645161 0.5591259640102828 0.04233870967741935 0.5629820051413882 0.034274193548387094 0.5655526992287918 0.02620967741935484 0.5604113110539846 0.028225806451612902
8 0.5758354755784062 0 0.5758354755784062 0.0020161290322580645 0.5758354755784062 0.004032258064516129 0.5784061696658098 0.004032258064516129 0.5796915167095116 0.0020161290322580645 0.5790488431876607 0 0.5758354755784062 0
6 0.5308483290488432 0.036290322580645164 0.5308483290488432 0.04032258064516129 0.5282776349614395 0.046370967741935484 0.5269922879177378 0.05443548387096774 0.5282776349614395 0.05846774193548387 0.532133676092545 0.05846774193548387 0.5334190231362468 0.05443548387096774 0.5334190231362468 0.046370967741935484 0.5334190231362468 0.038306451612903226 0.5308483290488432 0.036290322580645164
6 0.538560411311054 0.08266129032258064 0.5411311053984575 0.08266129032258064 0.538560411311054 0.07862903225806452 0.5359897172236504 0.07459677419354839 0.5334190231362468 0.07258064516129033 0.5295629820051414 0.07056451612903226 0.5295629820051414 0.07862903225806452 0.5269922879177378 0.08266129032258064 0.525706940874036 0.08870967741935484 0.5244215938303342 0.09475806451612903 0.5231362467866324 0.09879032258064516 0.5218508997429306 0.10685483870967742 0.519280205655527 0.11088709677419355 0.519280205655527 0.11491935483870967 0.5218508997429306 0.11895161290322581 0.525706940874036 0.11088709677419355 0.5269922879177378 0.1028225806451613 0.5282776349614395 0.09274193548387097 0.5295629820051414 0.08669354838709678 0.5308483290488432 0.08266129032258064 0.5334190231362468 0.08064516129032258 0.5359897172236504 0.08266129032258064 0.538560411311054 0.08266129032258064
4 0.5732647814910026 0.16733870967741934 0.5694087403598972 0.16532258064516128 0.5681233933161953 0.1693548387096774 0.5681233933161953 0.1774193548387097 0.570694087403599 0.18548387096774194 0.5745501285347043 0.18548387096774194 0.5758354755784062 0.1814516129032258 0.5758354755784062 0.17338709677419356 0.5732647814910026 0.16733870967741934
4 0.5796915167095116 0.2318548387096774 0.5758354755784062 0.2318548387096774 0.5732647814910026 0.22782258064516128 0.5719794344473008 0.2217741935483871 0.5719794344473008 0.21169354838709678 0.5655526992287918 0.20766129032258066 0.5616966580976864 0.20967741935483872 0.5616966580976864 0.21975806451612903 0.5629820051413882 0.22379032258064516 0.5655526992287918 0.2318548387096774 0.5668380462724936 0.23588709677419356 0.570694087403599 0.2439516129032258 0.5732647814910026 0.24798387096774194 0.577120822622108 0.24596774193548387 0.5822622107969152 0.24193548387096775 0.5822622107969152 0.2318548387096774 0.5796915167095116 0.2318548387096774
4 0.5578406169665809 0.2399193548387097 0.5552699228791774 0.2399193548387097 0.5539845758354756 0.2439516129032258 0.5552699228791774 0.24798387096774194 0.5539845758354756 0.2560483870967742 0.5552699228791774 0.2600806451612903 0.5565552699228792 0.26411290322580644 0.5591259640102828 0.2600806451612903 0.5616966580976864 0.2540322580645161 0.5616966580976864 0.25 0.5616966580976864 0.24193548387096775 0.5578406169665809 0.2399193548387097
4 0.5861182519280206 0.2439516129032258 0.5848329048843187 0.25 0.5886889460154242 0.25201612903225806 0.5912596401028277 0.25 0.589974293059126 0.24193548387096775 0.5861182519280206 0.2439516129032258
4 0.5449871465295629 0.28830645161290325 0.5462724935732648 0.29435483870967744 0.5488431876606684 0.2963709677419355 0.5501285347043702 0.2903225806451613 0.5488431876606684 0.2862903225806452 0.5449871465295629 0.28830645161290325
0 0.5694087403598972 0.7701612903225806 0.5629820051413882 0.7560483870967742 0.5604113110539846 0.7459677419354839 0.5552699228791774 0.7298387096774194 0.5475578406169666 0.6995967741935484 0.5398457583547558 0.655241935483871 0.532133676092545 0.6270161290322581 0.525706940874036 0.594758064516129 0.519280205655527 0.5705645161290323 0.5167095115681234 0.5483870967741935 0.5167095115681234 0.5040322580645161 0.5051413881748072 0.42338709677419356 0.4948586118251928 0.3709677419354839 0.48586118251928023 0.3326612903225806 0.47429305912596403 0.2862903225806452 0.4768637532133676 0.21169354838709678 0.4820051413881748 0.17338709677419356 0.4897172236503856 0.12903225806451613 0.4832904884318766 0.125 0.4717223650385604 0.1774193548387097 0.46786632390745503 0.22580645161290322 0.461439588688946 0.25201612903225806 0.45758354755784064 0.27419354838709675 0.461439588688946 0.28024193548387094 0.46272493573264784 0.2923387096774194 0.461439588688946 0.3064516129032258 0.45758354755784064 0.3125 0.461439588688946 0.3185483870967742 0.4640102827763496 0.3286290322580645 0.46786632390745503 0.3467741935483871 0.4730077120822622 0.37701612903225806 0.4794344473007712 0.42338709677419356 0.48586118251928023 0.4596774193548387 0.4884318766066838 0.4838709677419355 0.4910025706940874 0.4899193548387097 0.4910025706940874 0.5141129032258065 0.493573264781491 0.5342741935483871 0.4922879177377892 0.5564516129032258 0.4961439588688946 0.5806451612903226 0.506426735218509 0.6129032258064516 0.5244215938303342 0.6754032258064516 0.538560411311054 0.7237903225806451 0.5488431876606684 0.7459677419354839 0.5552699228791774 0.7620967741935484 0.5642673521850899 0.7741935483870968 0.5732647814910026 0.780241935483871 0.5784061696658098 0.7842741935483871 0.5694087403598972 0.7701612903225806