6 0.36492890995260663 0.42171189979123175 0.3807266982622433 0.4279749478079332 0.41232227488151657 0.42379958246346555 0.4107424960505529 0.40501043841336115 0.39652448657187994 0.4091858037578288 0.37756714060031593 0.407098121085595 0.3617693522906793 0.407098121085595
8 0.44549763033175355 0.42588726513569936 0.47393364928909953 0.44467640918580376 0.4960505529225908 0.46346555323590816 0.5165876777251185 0.46555323590814196 0.5466034755134281 0.5010438413361169 0.5292259083728278 0.5198329853862212 0.4960505529225908 0.5281837160751566 0.45339652448657186 0.46346555323590816
8 0.5624012638230648 0.6743215031315241 0.5750394944707741 0.6868475991649269 0.5750394944707741 0.6993736951983298 0.5608214849921012 0.6889352818371608
6 0.5007898894154819 0.3757828810020877 0.5118483412322274 0.3862212943632568 0.5213270142180095 0.3695198329853862 0.5276461295418642 0.35908141962421714 0.5102685624012638 0.3653444676409186
6 0.6224328593996841 0.605427974947808 0.641390205371248 0.6075156576200418 0.6540284360189573 0.5970772442588727 0.6477093206951027 0.5949895615866388
6 0.6540284360189573 0.5323590814196242 0.669826224328594 0.5365344467640919 0.665086887835703 0.5511482254697286 0.6540284360189573 0.5469728601252609
6 0.44075829383886256 0.3883089770354906 0.45813586097946285 0.3903966597077244 0.45813586097946285 0.40083507306889354 0.4470774091627172 0.40083507306889354
8 0.5292259083728278 0.5281837160751566 0.5560821484992101 0.5302713987473904 0.5434439178515008 0.5448851774530271 0.5292259083728278 0.5365344467640919
8 0.5007898894154819 0.6075156576200418 0.5387045813586098 0.6346555323590815 0.5418641390205371 0.615866388308977 0.5086887835703001 0.592901878914405 0.4976303317535545 0.5970772442588727
8 0.3459715639810427 0.48643006263048016 0.353870458135861 0.5073068893528184 0.3886255924170616 0.46555323590814196 0.43285939968404424 0.4551148225469729 0.4186413902053712 0.44467640918580376 0.3712480252764613 0.4572025052192067
8 0.31911532385466035 0.4718162839248434 0.325434439178515 0.5219206680584552 0.3412322274881517 0.5219206680584552 0.334913112164297 0.4780793319415449
8 0.08846761453396525 0.3653444676409186 0.11532385466034756 0.35490605427974947 0.12480252764612954 0.325678496868476 0.10584518167456557 0.29436325678496866 0.09636650868878358 0.3068893528183716
3 0.3791469194312796 0.44467640918580376 0.36334913112164297 0.4279749478079332 0.36808846761453395 0.3945720250521921 0.4075829383886256 0.37995824634655534 0.4660347551342812 0.37995824634655534 0.4960505529225908 0.3945720250521921 0.5007898894154819 0.4488517745302714 0.5387045813586098 0.4759916492693111 0.5371248025276462 0.5031315240083507 0.4913112164296998 0.5490605427974948 0.4439178515007899 0.4509394572025052
3 0.09004739336492891 0.3862212943632568 0.11216429699842022 0.35908141962421714 0.12480252764612954 0.3674321503131524 0.13428120063191154 0.31524008350730687 0.10900473933649289 0.29018789144050106 0.09004739336492891 0.3235908141962422
0 0.5750394944707741 0.6826722338204593 0.5766192733017378 0.6638830897703549 0.5924170616113744 0.6137787056367432 0.7503949447077409 0.605427974947808 0.7156398104265402 0.6659707724425887 0.6334913112164297 0.6784968684759917
0 0.5450236966824644 0.4697286012526096 0.5197472353870458 0.4384133611691023 0.5102685624012638 0.40501043841336115 0.5323854660347551 0.37995824634655534 0.6287519747235387 0.40292275574112735 0.688783570300158 0.4175365344467641 0.7235387045813586 0.48643006263048016 0.627172195892575 0.4822546972860125 0.5671406003159558 0.48851774530271397
0 0.5766192733017378 0.49269311064718163 0.4960505529225908 0.5636743215031316 0.48973143759873616 0.5281837160751566 0.47235387045813587 0.49478079331941544 0.45023696682464454 0.4718162839248434 0.42812006319115326 0.4572025052192067 0.4028436018957346 0.4551148225469729 0.3791469194312796 0.4759916492693111 0.36808846761453395 0.5010438413361169 0.36492890995260663 0.534446764091858 0.36334913112164297 0.5553235908141962 0.3617693522906793 0.5970772442588727 0.36018957345971564 0.6033402922755741 0.33649289099526064 0.605427974947808 0.34281200631911535 0.5741127348643006 0.3412322274881517 0.5511482254697286 0.3380726698262243 0.5219206680584552 0.330173775671406 0.49269311064718163 0.32701421800947866 0.4613778705636743 0.325434439178515 0.4342379958246347 0.32385466034755134 0.407098121085595 0.32385466034755134 0.3736951983298539 0.3333333333333333 0.35073068893528186 0.33965244865718797 0.3298538622129436 0.33965244865718797 0.3048016701461378 0.3412322274881517 0.2839248434237996 0.36018957345971564 0.2839248434237996 0.3712480252764613 0.2860125260960334 0.3791469194312796 0.302713987473904 0.3933649289099526 0.3068893528183716 0.4107424960505529 0.3068893528183716 0.41706161137440756 0.3173277661795407 0.4423380726698262 0.3298538622129436 0.46919431279620855 0.33820459290187893 0.4976303317535545 0.3444676409185804 0.5276461295418642 0.35490605427974947 0.584518167456556 0.3736951983298539 0.5734597156398105 0.3778705636743215 0.5339652448657188 0.3736951983298539 0.5181674565560821 0.3966597077244259 0.5150078988941548 0.4154488517745303 0.5213270142180095 0.4321503131524008 0.5371248025276462 0.453027139874739 0.5560821484992101 0.4759916492693111