0 0.45161290322580644 0.8224489795918367 0.46563814866760167 0.826530612244898 0.47124824684431976 0.8326530612244898 0.46984572230014027 0.8530612244897959 0.4670406732117812 0.8714285714285714 0.4628330995792426 0.8816326530612245 0.4586255259467041 0.8857142857142857 0.43899018232819076 0.8857142857142857 0.4277699859747546 0.8836734693877552 0.41935483870967744 0.8795918367346939 0.41374474053295934 0.8775510204081632 0.3548387096774194 0.8734693877551021 0.34642356241234223 0.8693877551020408 0.3338008415147265 0.8591836734693877 0.3225806451612903 0.8489795918367347 0.3085553997194951 0.8428571428571429 0.28330995792426367 0.8346938775510204 0.29312762973352036 0.8142857142857143 0.3155680224403927 0.8204081632653061 0.3338008415147265 0.8244897959183674 0.34221598877980364 0.8224489795918367 0.3534361851332398 0.8204081632653061 0.3590462833099579 0.8163265306122449 0.364656381486676 0.8122448979591836 0.3744740532959327 0.8122448979591836
5 0.13043478260869565 0.5551020408163265 0.14165497896213183 0.5571428571428572 0.15568022440392706 0.5673469387755102 0.17110799438990182 0.5836734693877551 0.1767180925666199 0.5938775510204082 0.19214586255259467 0.6 0.2131837307152875 0.6020408163265306 0.2314165497896213 0.6081632653061224 0.2496493688639551 0.6142857142857143 0.2664796633941094 0.6204081632653061 0.28190743338008417 0.6326530612244898 0.28892005610098176 0.6408163265306123 0.3085553997194951 0.6408163265306123 0.3127629733520337 0.6489795918367347 0.3141654978962132 0.6673469387755102 0.31136044880785413 0.673469387755102 0.2861150070126227 0.6816326530612244 0.28330995792426367 0.6877551020408164 0.2791023842917251 0.7 0.27489481065918653 0.710204081632653 0.26788218793828894 0.7163265306122449 0.25806451612903225 0.7163265306122449 0.24544179523141654 0.7163265306122449 0.23281907433380084 0.7122448979591837 0.21739130434782608 0.7040816326530612 0.20476858345021037 0.6979591836734694 0.1949509116409537 0.6918367346938775 0.18653576437587657 0.6795918367346939 0.17251051893408134 0.6755102040816326 0.16129032258064516 0.6693877551020408 0.14726507713884993 0.6551020408163265 0.1388499298737728 0.6448979591836734 0.13043478260869565 0.6306122448979592 0.12622720897615708 0.6183673469387755 0.12482468443197756 0.5959183673469388 0.12622720897615708 0.5612244897959183
0 0.12482468443197756 0.6346938775510204 0.12903225806451613 0.6448979591836734 0.13043478260869565 0.6673469387755102 0.12903225806451613 0.6836734693877551 0.11921458625525946 0.689795918367347 0.1093969144460028 0.6918367346938775 0.11079943899018233 0.6775510204081633 0.11781206171107994 0.6632653061224489 0.12482468443197756 0.6591836734693878 0.12201963534361851 0.6428571428571429 0.12061711079943899 0.6285714285714286
0 0.9326788218793829 0.35918367346938773 0.9579242636746143 0.373469387755102 0.9593267882187938 0.4306122448979592 0.94109396914446 0.46530612244897956 0.9158485273492286 0.49795918367346936 0.9256661991584852 0.4326530612244898 0.9284712482468443 0.3836734693877551 0.9284712482468443 0.3693877551020408
3 0.3744740532959327 0.5816326530612245 0.3884992987377279 0.5775510204081633 0.4109396914446003 0.5795918367346938 0.4417952314165498 0.5877551020408164 0.46563814866760167 0.5979591836734693 0.42917251051893407 0.6081632653061224 0.4179523141654979 0.610204081632653 0.40252454417952316 0.6061224489795919 0.37307152875175315 0.5959183673469388 0.29453015427769985 0.5673469387755102 0.302945301542777 0.5612244897959183 0.3436185133239832 0.5714285714285714
3 0.3267882187938289 0.7775510204081633 0.391304347826087 0.8 0.3856942496493689 0.810204081632653 0.3632538569424965 0.810204081632653 0.3548387096774194 0.8183673469387756 0.3338008415147265 0.8224489795918367 0.29453015427769985 0.8122448979591836 0.28892005610098176 0.8204081632653061 0.2776998597475456 0.8122448979591836 0.270687237026648 0.8061224489795918
3 0.5610098176718092 0.6224489795918368 0.5511921458625526 0.6489795918367347 0.5273492286115007 0.6979591836734694 0.514726507713885 0.7163265306122449 0.511921458625526 0.7142857142857143 0.5245441795231417 0.6653061224489796 0.5568022440392707 0.6183673469387755
3 0.47685834502103785 0.7857142857142857 0.43899018232819076 0.7775510204081633 0.40953716690042075 0.7938775510204081 0.3955119214586255 0.810204081632653 0.4684431977559607 0.826530612244898 0.4782608695652174 0.8040816326530612
8 0.3899018232819074 0.8020408163265306 0.4165497896213184 0.8061224489795918 0.4165497896213184 0.810204081632653 0.40252454417952316 0.810204081632653 0.3997194950911641 0.8142857142857143 0.39270687237026647 0.8142857142857143
8 0.26367461430575034 0.7612244897959184 0.29873772791023845 0.7795918367346939 0.30014025245441794 0.7857142857142857 0.29312762973352036 0.7918367346938775 0.2791023842917251 0.7816326530612245 0.2720897615708275 0.7795918367346939 0.26367461430575034 0.7653061224489796
8 0.26928471248246844 0.726530612244898 0.302945301542777 0.7326530612244898 0.30575035063113604 0.7387755102040816 0.26928471248246844 0.7306122448979592
4 0.1767180925666199 0.45102040816326533 0.1879382889200561 0.4775510204081633 0.17812061711079943 0.49387755102040815 0.17952314165497896 0.5040816326530613 0.1767180925666199 0.5122448979591837 0.16129032258064516 0.5061224489795918 0.15568022440392706 0.5 0.1570827489481066 0.49183673469387756 0.16830294530154277 0.4673469387755102 0.17251051893408134 0.45510204081632655
4 0.19915848527349228 0.49795918367346936 0.2131837307152875 0.5040816326530613 0.211781206171108 0.5102040816326531 0.20897615708274894 0.5183673469387755 0.21037868162692847 0.5306122448979592 0.20476858345021037 0.5306122448979592 0.2005610098176718 0.5204081632653061 0.20196353436185133 0.5122448979591837 0.19635343618513323 0.5061224489795918
4 0.2370266479663394 0.49183673469387756 0.2426367461430575 0.5040816326530613 0.2314165497896213 0.5122448979591837 0.22861150070126227 0.5265306122448979 0.24123422159887797 0.5346938775510204 0.24684431977559607 0.5346938775510204 0.24684431977559607 0.5244897959183673 0.23983169705469845 0.5204081632653061 0.24684431977559607 0.5122448979591837 0.2538569424964937 0.5122448979591837 0.2594670406732118 0.5102040816326531 0.2594670406732118 0.5040816326530613 0.25245441795231416 0.5040816326530613 0.24123422159887797 0.48775510204081635
4 0.3225806451612903 0.5326530612244897 0.32398316970546986 0.5387755102040817 0.3281907433380084 0.536734693877551 0.3281907433380084 0.5306122448979592
4 0.3758765778401122 0.46938775510204084 0.3744740532959327 0.4775510204081633 0.37868162692847124 0.47959183673469385 0.3814866760168303 0.47346938775510206
4 0.2664796633941094 0.5530612244897959 0.28892005610098176 0.5387755102040817 0.29453015427769985 0.5551020408163265 0.29312762973352036 0.5653061224489796
4 0.41374474053295934 0.4326530612244898 0.4305750350631136 0.43673469387755104 0.4361851332398317 0.42857142857142855 0.4179523141654979 0.4163265306122449 0.4123422159887798 0.41836734693877553
4 0.4319775596072931 0.3877551020408163 0.45722300140252453 0.3673469387755102 0.45021037868162694 0.36122448979591837 0.4361851332398317 0.37142857142857144 0.42496493688639553 0.38571428571428573
4 0.4642356241234222 0.3836734693877551 0.4740532959326788 0.37551020408163266 0.4796633941093969 0.3795918367346939 0.4894810659186536 0.37551020408163266 0.48807854137447404 0.3693877551020408 0.47124824684431976 0.3653061224489796 0.4684431977559607 0.37142857142857144 0.46143057503506313 0.3795918367346939
4 0.5427769985974754 0.38571428571428573 0.5497896213183731 0.38979591836734695 0.5568022440392707 0.3816326530612245 0.5497896213183731 0.3795918367346939 0.5427769985974754 0.3795918367346939
4 0.28330995792426367 0.4 0.332398316970547 0.4142857142857143 0.33660589060308554 0.41020408163265304 0.32398316970546986 0.3979591836734694 0.3155680224403927 0.38979591836734695 0.302945301542777 0.3979591836734694 0.2847124824684432 0.39387755102040817
4 0.20476858345021037 0.43673469387755104 0.2005610098176718 0.44285714285714284 0.20336605890603085 0.4448979591836735 0.20897615708274894 0.4387755102040816
4 0.3590462833099579 0.3836734693877551 0.3744740532959327 0.39387755102040817 0.37727910238429174 0.38979591836734695 0.364656381486676 0.3795918367346939
4 0.43478260869565216 0.5571428571428572 0.4488078541374474 0.5857142857142857 0.4544179523141655 0.5775510204081633 0.43899018232819076 0.5510204081632653
0 0.4305750350631136 0.6081632653061224 0.4796633941093969 0.6142857142857143 0.5553997194950911 0.5387755102040817 0.6185133239831697 0.49387755102040815 0.6872370266479664 0.44081632653061226 0.6830294530154277 0.4346938775510204 0.6325385694249649 0.463265306122449 0.5245441795231417 0.5326530612244897 0.48106591865357645 0.573469387755102 0.4628330995792426 0.5959183673469388
5 0.4431977559607293 0.8673469387755102 0.4361851332398317 0.8714285714285714 0.4277699859747546 0.8653061224489796 0.4221598877980365 0.8530612244897959 0.41935483870967744 0.8387755102040816 0.42075736325385693 0.8244897959183674 0.426367461430575 0.8224489795918367 0.43478260869565216 0.826530612244898 0.4417952314165498 0.8326530612244898 0.44600280504908835 0.8428571428571429 0.44600280504908835 0.8551020408163266