8 0.6248431618569636 0.6243739565943238 0.6298619824341279 0.6210350584307178 0.6361355081555834 0.6193656093489148 0.6424090338770388 0.6160267111853088 0.6486825595984943 0.6126878130217028 0.644918444165621 0.6060100166944908 0.6373902132998746 0.6110183639398998 0.6286072772898369 0.6143572621035058 0.6223337515683814 0.6176961602671118 0.6248431618569636 0.6243739565943238
8 0.6260978670012547 0.6360601001669449 0.6323713927227101 0.6327212020033389 0.6386449184441656 0.6260434056761269 0.6323713927227101 0.6260434056761269 0.6273525721455459 0.6293823038397329 0.6223337515683814 0.6327212020033389 0.6260978670012547 0.6360601001669449
8 0.6298619824341279 0.6477462437395659 0.6348808030112923 0.6477462437395659 0.64366373902133 0.6410684474123539 0.6499372647427855 0.6327212020033389 0.644918444165621 0.6343906510851419 0.6361355081555834 0.6393989983305509 0.6298619824341279 0.6410684474123539 0.6235884567126725 0.6410684474123539 0.6298619824341279 0.6477462437395659
8 0.6323713927227101 0.662771285475793 0.6373902132998746 0.659432387312187 0.6411543287327478 0.6527545909849749 0.6348808030112923 0.6527545909849749 0.6273525721455459 0.659432387312187 0.6323713927227101 0.662771285475793
8 0.6348808030112923 0.6076794657762938 0.6373902132998746 0.6076794657762938 0.6386449184441656 0.6060100166944908 0.6386449184441656 0.6026711185308848 0.6373902132998746 0.6010016694490818 0.6361355081555834 0.6010016694490818 0.6348808030112923 0.6043405676126878 0.6348808030112923 0.6076794657762938
8 0.6725219573400251 0.6243739565943238 0.6737766624843162 0.6227045075125208 0.6737766624843162 0.6193656093489148 0.6725219573400251 0.6176961602671118 0.671267252195734 0.6176961602671118 0.6687578419071518 0.6193656093489148 0.6700125470514429 0.6243739565943238 0.6725219573400251 0.6243739565943238
8 0.6737766624843162 0.6126878130217028 0.6737766624843162 0.6093489148580968 0.6750313676286073 0.6060100166944908 0.6750313676286073 0.6026711185308848 0.6725219573400251 0.5993322203672788 0.671267252195734 0.5993322203672788 0.6700125470514429 0.6010016694490818 0.6700125470514429 0.6076794657762938 0.6700125470514429 0.6093489148580968 0.671267252195734 0.6126878130217028 0.6737766624843162 0.6126878130217028
8 0.6925972396486826 0.6060100166944908 0.6938519447929736 0.6026711185308848 0.6925972396486826 0.5993322203672788 0.6913425345043914 0.5976627712854758 0.6888331242158093 0.5993322203672788 0.6900878293601004 0.6043405676126878 0.6925972396486826 0.6060100166944908
8 0.7038895859473023 0.5959933222036727 0.7038895859473023 0.5926544240400667 0.7026348808030113 0.5859766277128547 0.7001254705144291 0.5876460767946577 0.7001254705144291 0.5943238731218697 0.7038895859473023 0.5959933222036727
8 0.71267252195734 0.5943238731218697 0.7164366373902133 0.5943238731218697 0.7189460476787954 0.5909849749582637 0.7151819322459222 0.5909849749582637 0.7101631116687579 0.5943238731218697 0.71267252195734 0.5943238731218697
8 0.7151819322459222 0.5876460767946577 0.7164366373902133 0.5843071786310517 0.71267252195734 0.5843071786310517 0.7101631116687579 0.5859766277128547 0.7151819322459222 0.5876460767946577
8 0.7139272271016311 0.5809682804674458 0.7176913425345044 0.5792988313856428 0.7176913425345044 0.5759599332220368 0.7151819322459222 0.5742904841402338 0.7139272271016311 0.5776293823038398 0.7114178168130489 0.5809682804674458 0.7139272271016311 0.5809682804674458
8 0.7277289836888331 0.5792988313856428 0.7314930991217063 0.5759599332220368 0.7340025094102886 0.5759599332220368 0.7365119196988708 0.5726210350584308 0.7327478042659975 0.5692821368948247 0.7302383939774153 0.5709515859766278 0.726474278544542 0.5759599332220368 0.7252195734002509 0.5792988313856428 0.7277289836888331 0.5792988313856428
8 0.7277289836888331 0.5859766277128547 0.7314930991217063 0.5859766277128547 0.7377666248431619 0.5826377295492488 0.7415307402760352 0.5826377295492488 0.7452948557089084 0.5826377295492488 0.7490589711417817 0.5776293823038398 0.7440401505646174 0.5776293823038398 0.739021329987453 0.5776293823038398 0.7365119196988708 0.5792988313856428 0.7340025094102886 0.5809682804674458 0.7302383939774153 0.5809682804674458 0.7252195734002509 0.5809682804674458 0.7239648682559598 0.5859766277128547 0.7252195734002509 0.5893155258764607 0.7277289836888331 0.5859766277128547
8 0.7628607277289837 0.5726210350584308 0.766624843161857 0.5709515859766278 0.7703889585947302 0.5692821368948247 0.7741530740276035 0.5659432387312187 0.7754077791718946 0.5609348914858097 0.7691342534504392 0.5642737896494157 0.766624843161857 0.5659432387312187 0.7603513174404015 0.5676126878130217 0.7590966122961104 0.5709515859766278 0.7628607277289837 0.5726210350584308
3 0.9146800501882058 0.3989983305509182 0.9159347553324969 0.4090150250417362 0.9209535759096612 0.4040066777963272 0.9234629861982434 0.4006677796327212 0.9272271016311167 0.4006677796327212 0.93099121706399 0.4040066777963272 0.9385194479297365 0.41068447412353926 0.9435382685069009 0.41569282136894825 0.9485570890840652 0.41736227045075125 0.9498117942283564 0.41402337228714525 0.9535759096612296 0.4056761268781302 0.9560853199498118 0.39398998330550916 0.9548306148055207 0.38731218697829717 0.9535759096612296 0.3823038397328882 0.9510664993726474 0.3739565943238731 0.944792973651192 0.36894824707846413 0.9385194479297365 0.37061769616026713 0.9335006273525721 0.3722871452420701 0.9284818067754078 0.3772954924874791 0.9222082810539524 0.3806343906510851 0.9159347553324969 0.3772954924874791 0.9146800501882058 0.3989983305509182
3 0.8531994981179423 0.6160267111853088 0.8594730238393977 0.6110183639398998 0.8670012547051443 0.6060100166944908 0.8795483061480552 0.5976627712854758 0.8682559598494354 0.5993322203672788 0.8607277289836889 0.6010016694490818 0.8531994981179423 0.6026711185308848 0.849435382685069 0.6076794657762938 0.8469259723964868 0.6143572621035058 0.8531994981179423 0.6160267111853088
3 0.6248431618569636 0.674457429048414 0.6411543287327478 0.666110183639399 0.6587202007528231 0.6527545909849749 0.6637390213299874 0.6360601001669449 0.6637390213299874 0.6210350584307178 0.6624843161856964 0.6043405676126878 0.6624843161856964 0.5893155258764607 0.657465495608532 0.5759599332220368 0.6499372647427855 0.5642737896494157 0.6411543287327478 0.5509181969949917 0.6373902132998746 0.5392320534223706 0.6286072772898369 0.5275459098497496 0.617314930991217 0.5191986644407346 0.6097867001254705 0.5208681135225376 0.6022584692597239 0.5242070116861436 0.5972396486825596 0.5292153589315526 0.589711417816813 0.5409015025041736 0.5809284818067754 0.5492487479131887 0.5771643663739021 0.5559265442404007 0.5759096612296111 0.5726210350584308 0.5721455457967378 0.5926544240400667 0.5671267252195734 0.6126878130217028 0.5771643663739021 0.6293823038397329 0.5846925972396487 0.6393989983305509 0.5909661229611042 0.654424040066778 0.5997490589711418 0.664440734557596 0.6122961104140527 0.667779632721202 0.6248431618569636 0.674457429048414
8 0.2572145545796738 0.7462437395659433 0.2659974905897114 0.7479131886477463 0.27478042659974905 0.7495826377295493 0.2860727728983689 0.7495826377295493 0.29109159347553326 0.7495826377295493 0.30112923462986196 0.7495826377295493 0.3086574654956085 0.7512520868113522 0.3161856963613551 0.7495826377295493 0.3174404015056462 0.7412353923205343 0.3174404015056462 0.7345575959933222 0.3111668757841907 0.7378964941569283 0.30489335006273527 0.7412353923205343 0.2948557089084065 0.7429048414023373 0.2797992471769134 0.7412353923205343 0.2697616060225847 0.7412353923205343 0.2584692597239649 0.7412353923205343 0.25094102885821834 0.7429048414023373 0.24466750313676286 0.7462437395659433 0.2572145545796738 0.7462437395659433
8 0.3337515683814304 0.7529215358931552 0.34127979924717694 0.7562604340567612 0.3475533249686324 0.7579298831385642 0.35633626097867 0.7529215358931552 0.35131744040150564 0.7479131886477463 0.3437892095357591 0.7445742904841403 0.33626097867001253 0.7412353923205343 0.3312421580928482 0.7462437395659433 0.32496863237139273 0.7479131886477463 0.3337515683814304 0.7529215358931552
8 0.3462986198243413 0.7395659432387313 0.35257214554579674 0.7445742904841403 0.3588456712672522 0.7362270450751253 0.35382685069008785 0.7328881469115192 0.3462986198243413 0.7328881469115192 0.34127979924717694 0.7345575959933222 0.3462986198243413 0.7395659432387313
8 0.36511919698870765 0.7512520868113522 0.36888331242158096 0.7462437395659433 0.3713927227101631 0.7395659432387313 0.37641154328732745 0.7362270450751253 0.38017565872020076 0.7278797996661102 0.38017565872020076 0.7195325542570952 0.3751568381430364 0.7228714524207012 0.36888331242158096 0.7295492487479132 0.36511919698870765 0.7362270450751253 0.3588456712672522 0.7462437395659433 0.36511919698870765 0.7512520868113522
8 0.39146800501882056 0.7362270450751253 0.397741530740276 0.7312186978297162 0.40526976160602257 0.7228714524207012 0.3989962358845671 0.7245409015025042 0.39272271016311167 0.7278797996661102 0.3877038895859473 0.7378964941569283 0.39146800501882056 0.7362270450751253
8 0.424090338770389 0.7278797996661102 0.42910915934755334 0.7312186978297162 0.4341279799247177 0.7278797996661102 0.43914680050188204 0.7228714524207012 0.4454203262233375 0.7161936560934892 0.437892095357591 0.7161936560934892 0.42785445420326224 0.7178631051752922 0.4215809284818068 0.7228714524207012 0.424090338770389 0.7278797996661102
8 0.39397741530740277 0.7579298831385642 0.3989962358845671 0.7512520868113522 0.4077791718946048 0.7429048414023373 0.41405269761606023 0.7328881469115192 0.41656210790464243 0.7262103505843072 0.410288582183187 0.7278797996661102 0.4065244667503137 0.7328881469115192 0.3989962358845671 0.7395659432387313 0.39397741530740277 0.7445742904841403 0.39146800501882056 0.7512520868113522 0.3864491844416562 0.7595993322203672 0.39397741530740277 0.7579298831385642
8 0.41405269761606023 0.7462437395659433 0.4228356336260979 0.7462437395659433 0.43036386449184444 0.7412353923205343 0.4328732747804266 0.7345575959933222 0.424090338770389 0.7362270450751253 0.41405269761606023 0.7378964941569283 0.410288582183187 0.7445742904841403 0.4065244667503137 0.7495826377295493 0.41405269761606023 0.7462437395659433
8 0.4015056461731493 0.7762938230383973 0.4065244667503137 0.7729549248747913 0.411543287327478 0.7662771285475793 0.41656210790464243 0.7662771285475793 0.4228356336260979 0.7595993322203672 0.424090338770389 0.7529215358931552 0.4190715181932246 0.7562604340567612 0.411543287327478 0.7562604340567612 0.4077791718946048 0.7495826377295493 0.4065244667503137 0.7562604340567612 0.40401505646173147 0.7646076794657763 0.3989962358845671 0.7696160267111853 0.39523212045169387 0.7746243739565943 0.4015056461731493 0.7762938230383973
8 0.3613550815558344 0.7796327212020033 0.36637390213299875 0.7796327212020033 0.3726474278544542 0.7796327212020033 0.37892095357590966 0.7762938230383973 0.37892095357590966 0.7712854757929883 0.3726474278544542 0.7729549248747913 0.36888331242158096 0.7729549248747913 0.36260978670012545 0.7746243739565943 0.35382685069008785 0.7779632721202003 0.3613550815558344 0.7796327212020033
8 0.39397741530740277 0.8063439065108514 0.3989962358845671 0.8063439065108514 0.4027603513174404 0.8046744574290484 0.4090338770388959 0.8013355592654424 0.4090338770388959 0.7929883138564274 0.4027603513174404 0.7946577629382304 0.39648682559598497 0.7996661101836394 0.39146800501882056 0.7996661101836394 0.3864491844416562 0.8046744574290484 0.39397741530740277 0.8063439065108514
8 0.3437892095357591 0.8831385642737897 0.3450439146800502 0.8697829716193656 0.34880803011292344 0.8614357262103506 0.35508155583437895 0.8480801335559266 0.3588456712672522 0.8363939899833055 0.3613550815558344 0.8297161936560935 0.3613550815558344 0.8196994991652755 0.35633626097867 0.8280467445742905 0.35131744040150564 0.8397328881469115 0.3475533249686324 0.8514190317195326 0.3437892095357591 0.8631051752921536 0.34127979924717694 0.8747913188647746 0.33877038895859474 0.8831385642737897 0.3437892095357591 0.8831385642737897
8 0.29234629861982436 0.8931552587646077 0.2998745294855709 0.8948247078464107 0.30363864491844417 0.8948247078464107 0.3074027603513174 0.8931552587646077 0.3124215809284818 0.8931552587646077 0.3199498117942284 0.8914858096828047 0.32747804265997493 0.8914858096828047 0.3337515683814304 0.8864774624373957 0.33877038895859474 0.8797996661101837 0.3337515683814304 0.8814691151919867 0.32747804265997493 0.8831385642737897 0.3224592220828105 0.8831385642737897 0.31493099121706397 0.8848080133555927 0.3086574654956085 0.8848080133555927 0.30238393977415307 0.8864774624373957 0.2948557089084065 0.8864774624373957 0.28858218318695106 0.8881469115191987 0.29234629861982436 0.8931552587646077
8 0.36762860727728985 0.8146911519198664 0.36888331242158096 0.8080133555926544 0.36260978670012545 0.8130217028380634 0.3613550815558344 0.8196994991652755 0.36762860727728985 0.8146911519198664
8 0.3864491844416562 0.7762938230383973 0.3851944792973651 0.7696160267111853 0.38143036386449186 0.7712854757929883 0.3864491844416562 0.7762938230383973
8 0.3450439146800502 0.8347245409015025 0.34880803011292344 0.8347245409015025 0.35131744040150564 0.8313856427378965 0.34880803011292344 0.8297161936560935 0.3462986198243413 0.8313856427378965 0.342534504391468 0.8313856427378965 0.3450439146800502 0.8347245409015025
3 0.6072772898368883 0.46243739565943237 0.5922208281053952 0.4540901502504174 0.5696361355081556 0.4724540901502504 0.5821831869510665 0.5225375626043406 0.6060225846925973 0.5308848080133556 0.6072772898368883 0.46243739565943237
0 0.451693851944793 0.6811352253756261 0.46675031367628605 0.669449081803005 0.493099121706399 0.6527545909849749 0.5169385194479298 0.6410684474123539 0.5420326223337516 0.6293823038397329 0.5671267252195734 0.6393989983305509 0.5796737766624843 0.656093489148581 0.5922208281053952 0.679465776293823 0.6022584692597239 0.7045075125208681 0.6072772898368883 0.7445742904841403 0.6022584692597239 0.7913188647746243 0.6311166875784191 0.7679465776293823 0.6348808030112923 0.7529215358931552 0.6336260978670013 0.7362270450751253 0.6311166875784191 0.7061769616026711 0.6260978670012547 0.6527545909849749 0.6248431618569636 0.6193656093489148 0.6273525721455459 0.5726210350584308 0.6185696361355082 0.48414023372287146 0.617314930991217 0.4540901502504174 0.589711417816813 0.44908180300500833 0.5759096612296111 0.44908180300500833 0.4491844416562108 0.5191986644407346 0.45294855708908405 0.5308848080133556 0.45671267252195735 0.5442404006677797 0.4454203262233375 0.5642737896494157 0.4316185696361355 0.5792988313856428 0.397741530740276 0.6093489148580968 0.36888331242158096 0.6477462437395659 0.451693851944793 0.6811352253756261
0 0.05897114178168131 0.5158597662771286 0.04642409033877039 0.5409015025041736 0.037641154328732745 0.5726210350584308 0.0451693851944793 0.5993322203672788 0.05771643663739021 0.6210350584307178 0.08657465495608532 0.6377295492487479 0.11543287327478043 0.6510851419031719 0.14178168130489335 0.667779632721202 0.15056461731493098 0.7328881469115192 0.14303638644918445 0.7612687813021702 0.12421580928481807 0.8046744574290484 0.1028858218318695 0.8497495826377296 0.0890840652446675 0.8631051752921536 0.12296110414052698 0.9048414023372288 0.15056461731493098 0.9365609348914858 0.21580928481806774 0.9499165275459098 0.2998745294855709 0.9565943238731218 0.35633626097867 0.9499165275459098 0.39272271016311167 0.9282136894824707 0.39397741530740277 0.9015025041736227 0.39648682559598497 0.8697829716193656 0.4090338770388959 0.8113522537562604 0.4178168130489335 0.7729549248747913 0.437892095357591 0.7378964941569283 0.4642409033877039 0.6844741235392321 0.39523212045169387 0.656093489148581 0.3726474278544542 0.6410684474123539 0.3299874529485571 0.676126878130217 0.30614805520702637 0.6894824707846411 0.2797992471769134 0.6911519198664441 0.24843161856963614 0.7028380634390651 0.21580928481806774 0.7011686143572621 0.19573400250941028 0.6961602671118531 0.1806775407779172 0.6878130217028381 0.1668757841907152 0.669449081803005 0.16311166875784192 0.654424040066778 0.19573400250941028 0.6343906510851419 0.22961104140526975 0.6093489148580968 0.205771643663739 0.5943238731218697 0.1794228356336261 0.5943238731218697 0.15809284818067754 0.5843071786310517 0.14052697616060225 0.5759599332220368 0.11794228356336262 0.5626043405676127 0.09661229611041405 0.5409015025041736 0.08281053952321205 0.5242070116861436 0.07528230865746549 0.5058430717863105 0.05897114178168131 0.5158597662771286
0 0.9372647427854455 0.5993322203672788 0.9473023839397742 0.5626043405676127 0.9473023839397742 0.5459098497495827 0.9473023839397742 0.5258764607679466 0.9435382685069009 0.5075125208681135 0.9385194479297365 0.49248747913188645 0.9272271016311167 0.4941569282136895 0.9196988707653702 0.5058430717863105 0.9071518193224593 0.5308848080133556 0.903387703889586 0.5592654424040067 0.9058971141781681 0.5959933222036727 0.9222082810539524 0.6110183639398998 0.9372647427854455 0.5993322203672788
0 0.6210790464240903 0.5759599332220368 0.6185696361355082 0.5542570951585977 0.6085319949811794 0.5509181969949917 0.5959849435382685 0.5626043405676127 0.5947302383939774 0.5809682804674458 0.6110414052697616 0.5943238731218697 0.6210790464240903 0.5759599332220368
0 0.3174404015056462 0.6844741235392321 0.35006273525721454 0.671118530884808 0.36260978670012545 0.6527545909849749 0.37766624843161856 0.6310517529215359 0.4002509410288582 0.6010016694490818 0.4178168130489335 0.5859766277128547 0.4353826850690088 0.5692821368948247 0.4466750313676286 0.5592654424040067 0.4592220828105395 0.5492487479131887 0.45796737766624845 0.5375626043405676 0.43914680050188204 0.5325542570951586 0.39523212045169387 0.5425709515859767 0.3337515683814304 0.5642737896494157 0.26474278544542035 0.5943238731218697 0.2233375156838143 0.6143572621035058 0.1932245922208281 0.6343906510851419 0.164366373902133 0.6494156928213689 0.1618569636135508 0.659432387312187 0.17691342534504392 0.679465776293823 0.19071518193224593 0.6961602671118531 0.22082810539523212 0.7011686143572621 0.27478042659974905 0.6928213689482471 0.3174404015056462 0.6844741235392321