8 0.42606516290726815 0.6020066889632107 0.424812030075188 0.6053511705685619 0.42355889724310775 0.6137123745819398 0.424812030075188 0.6237458193979933 0.4323308270676692 0.6237458193979933 0.4323308270676692 0.6153846153846154 0.43107769423558895 0.6036789297658863 0.42606516290726815 0.6020066889632107
8 0.44110275689223055 0.5953177257525084 0.4398496240601504 0.5986622073578596 0.43859649122807015 0.6053511705685619 0.4398496240601504 0.6103678929765887 0.44360902255639095 0.6070234113712375 0.4448621553884712 0.5986622073578596 0.44110275689223055 0.5953177257525084
8 0.5112781954887218 0.45652173913043476 0.5100250626566416 0.459866220735786 0.5087719298245614 0.4665551839464883 0.5100250626566416 0.47157190635451507 0.5150375939849624 0.4665551839464883 0.5150375939849624 0.459866220735786 0.5112781954887218 0.45652173913043476
8 0.45614035087719296 0.6103678929765887 0.4548872180451128 0.6137123745819398 0.45112781954887216 0.617056856187291 0.4573934837092732 0.6204013377926422 0.46115288220551376 0.617056856187291 0.4598997493734336 0.6086956521739131 0.45614035087719296 0.6103678929765887
8 0.581453634085213 0.1454849498327759 0.575187969924812 0.14715719063545152 0.5776942355889725 0.1505016722408027 0.5789473684210527 0.15384615384615385 0.5852130325814536 0.15551839464882944 0.5852130325814536 0.14715719063545152 0.581453634085213 0.1454849498327759
8 0.47117794486215536 0.17558528428093645 0.47368421052631576 0.18227424749163879 0.4774436090225564 0.17892976588628762 0.47619047619047616 0.17391304347826086 0.47368421052631576 0.1705685618729097 0.47117794486215536 0.17558528428093645
8 0.5776942355889725 0.056856187290969896 0.5864661654135338 0.056856187290969896 0.5864661654135338 0.05351170568561873 0.5789473684210527 0.05351170568561873 0.5776942355889725 0.056856187290969896
8 0.6077694235588973 0.26421404682274247 0.6040100250626567 0.26421404682274247 0.6015037593984962 0.26588628762541805 0.5964912280701754 0.26755852842809363 0.5977443609022557 0.2725752508361204 0.6015037593984962 0.27591973244147155 0.6027568922305765 0.2809364548494983 0.6102756892230576 0.28929765886287623 0.6102756892230576 0.27591973244147155 0.6077694235588973 0.26421404682274247
8 0.4899749373433584 0.6688963210702341 0.49624060150375937 0.6688963210702341 0.5012531328320802 0.6638795986622074 0.5 0.6555183946488294 0.49624060150375937 0.6538461538461539 0.4924812030075188 0.6605351170568562 0.4899749373433584 0.6688963210702341
3 0.5050125313283208 0.45484949832775917 0.4974937343358396 0.451505016722408 0.48872180451127817 0.44816053511705684 0.4824561403508772 0.4431438127090301 0.47117794486215536 0.4397993311036789 0.46616541353383456 0.45484949832775917 0.45614035087719296 0.45819397993311034 0.45864661654135336 0.43812709030100333 0.4573934837092732 0.4230769230769231 0.4448621553884712 0.411371237458194 0.43609022556390975 0.4230769230769231 0.43358395989974935 0.4397993311036789 0.44110275689223055 0.47491638795986624 0.43859649122807015 0.4899665551839465 0.42857142857142855 0.5217391304347826 0.4223057644110276 0.5551839464882943 0.41228070175438597 0.5986622073578596 0.41604010025062654 0.6086956521739131 0.4223057644110276 0.6153846153846154 0.42857142857142855 0.6387959866220736 0.44360902255639095 0.6521739130434783 0.4573934837092732 0.6672240802675585 0.4674185463659148 0.677257525083612 0.4799498746867168 0.6789297658862876 0.49373433583959897 0.6739130434782609 0.5075187969924813 0.6638795986622074 0.5288220551378446 0.6538461538461539 0.5363408521303258 0.637123745819398 0.5426065162907269 0.6204013377926422 0.5488721804511278 0.6153846153846154 0.5576441102756893 0.6103678929765887 0.5626566416040101 0.5869565217391305 0.5726817042606517 0.560200668896321 0.5776942355889725 0.5418060200668896 0.5776942355889725 0.5301003344481605 0.575187969924812 0.5133779264214047 0.568922305764411 0.4916387959866221 0.5639097744360902 0.48494983277591974 0.5538847117794486 0.4782608695652174 0.5350877192982456 0.47157190635451507 0.525062656641604 0.4665551839464883 0.5162907268170426 0.459866220735786 0.5087719298245614 0.45819397993311034 0.5050125313283208 0.45484949832775917
6 0.40350877192982454 0.42642140468227424 0.40601503759398494 0.4214046822742475 0.40350877192982454 0.4180602006688963 0.40225563909774437 0.4214046822742475 0.40350877192982454 0.42642140468227424
6 0.4273182957393484 0.49665551839464883 0.4323308270676692 0.49665551839464883 0.4323308270676692 0.48327759197324416 0.4273182957393484 0.48327759197324416 0.4273182957393484 0.49665551839464883