3 0.5118858954041204 0.3695198329853862 0.5213946117274167 0.38413361169102295 0.5340729001584786 0.40083507306889354 0.5515055467511886 0.40501043841336115 0.5641838351822503 0.3883089770354906 0.5784469096671949 0.38413361169102295 0.5927099841521395 0.3778705636743215 0.595879556259905 0.36116910229645094 0.5990491283676703 0.348643006263048 0.6022187004754358 0.33402922755741127 0.6117274167987322 0.325678496868476 0.6291600633914421 0.325678496868476 0.6434231378763867 0.33194154488517746 0.6513470681458003 0.325678496868476 0.6561014263074485 0.31106471816283926 0.6624405705229794 0.2964509394572025 0.6671949286846276 0.2860125260960334 0.6735340729001584 0.2755741127348643 0.6703645007923931 0.267223382045929 0.6656101426307448 0.2567849686847599 0.6561014263074485 0.24843423799582465 0.6418383518225039 0.24634655532359082 0.6307448494453248 0.24008350730688935 0.6259904912836767 0.2254697286012526 0.6339144215530903 0.21294363256784968 0.6323296354992076 0.19832985386221294 0.6386687797147385 0.17954070981210857 0.6450079239302694 0.15031315240083507 0.6481774960380349 0.12317327766179541 0.6576862123613312 0.1022964509394572 0.6608557844690967 0.08559498956158663 0.6640253565768621 0.07306889352818371 0.652931854199683 0.054279749478079335 0.6434231378763867 0.05010438413361169 0.6307448494453248 0.03966597077244259 0.618066561014263 0.03966597077244259 0.6022187004754358 0.04384133611691023 0.589540412044374 0.05219206680584551 0.5800316957210776 0.05636743215031315 0.5673534072900158 0.06263048016701461 0.5530903328050714 0.06680584551148225 0.5419968304278923 0.07724425887265135 0.5388272583201268 0.0918580375782881 0.526148969889065 0.1022964509394572 0.5118858954041204 0.11899791231732777 0.5007923930269413 0.1419624217118998 0.48811410459587956 0.16075156576200417 0.47385103011093505 0.1837160751565762 0.4643423137876387 0.21085594989561587 0.4722662440570523 0.21920668058455114 0.4849445324881141 0.21920668058455114 0.5007923930269413 0.22338204592901878 0.508716323296355 0.22755741127348644 0.5150554675118859 0.2359081419624217 0.526148969889065 0.25052192066805845 0.5324881141045958 0.2588726513569937 0.5372424722662441 0.2755741127348643 0.5372424722662441 0.29018789144050106 0.5372424722662441 0.2985386221294363 0.5277337559429477 0.3068893528183716 0.5166402535657686 0.3173277661795407 0.5071315372424723 0.325678496868476 0.5055467511885895 0.33194154488517746 0.4976228209191759 0.3444676409185804 0.4928684627575277 0.35281837160751567 0.5055467511885895 0.35908141962421714 0.5118858954041204 0.3695198329853862
6 0.4865293185419968 0.7453027139874739 0.4849445324881141 0.7411273486430062 0.48019017432646594 0.7390396659707724 0.47702060221870046 0.7369519832985386 0.4754358161648177 0.7432150313152401 0.4722662440570523 0.7473903966597077 0.4754358161648177 0.7515657620041754 0.4786053882725832 0.7494780793319415 0.48177496038034867 0.7473903966597077 0.4865293185419968 0.7453027139874739
6 0.46909667194928684 0.7494780793319415 0.4659270998415214 0.7494780793319415 0.46275752773375595 0.755741127348643 0.46275752773375595 0.7599164926931107 0.4643423137876387 0.7661795407098121 0.46909667194928684 0.7682672233820459 0.4722662440570523 0.7661795407098121 0.47385103011093505 0.7620041753653445 0.4786053882725832 0.7578288100208769 0.4722662440570523 0.7536534446764092 0.46909667194928684 0.7494780793319415
2 0.751188589540412 0.22129436325678498 0.7321711568938193 0.2359081419624217 0.7147385103011094 0.24634655532359082 0.6893819334389857 0.2609603340292276 0.6782884310618067 0.26931106471816285 0.6640253565768621 0.29018789144050106 0.6576862123613312 0.31106471816283926 0.6497622820919176 0.33820459290187893 0.6481774960380349 0.3695198329853862 0.6450079239302694 0.4112734864300626 0.6450079239302694 0.4509394572025052 0.6450079239302694 0.49269311064718163 0.6481774960380349 0.6200417536534447 0.6465927099841522 0.6764091858037579 0.6465927099841522 0.7286012526096033 0.659270998415214 0.7118997912317327 0.6703645007923931 0.6847599164926931 0.6814580031695721 0.6659707724425887 0.694136291600634 0.6409185803757829 0.7068145800316957 0.6200417536534447 0.7179080824088748 0.5970772442588727 0.7290015847860539 0.5720250521920668 0.7369255150554676 0.5490605427974948 0.7432646592709984 0.5219206680584552 0.7464342313787639 0.4906054279749478 0.751188589540412 0.453027139874739 0.7543581616481775 0.4091858037578288 0.7559429477020603 0.2359081419624217 0.751188589540412 0.22129436325678498
0 0.6624405705229794 0.2630480167014614 0.659270998415214 0.2546972860125261 0.6481774960380349 0.24843423799582465 0.6386687797147385 0.2546972860125261 0.6307448494453248 0.2609603340292276 0.6196513470681458 0.2776617954070981 0.6275752773375595 0.2818371607515658 0.6354992076069731 0.2755741127348643 0.6418383518225039 0.27348643006263046 0.6497622820919176 0.2776617954070981 0.659270998415214 0.2839248434237996 0.6671949286846276 0.2839248434237996 0.6608557844690967 0.26931106471816285 0.6624405705229794 0.2630480167014614
8 0.572107765451664 0.35908141962421714 0.5673534072900158 0.35490605427974947 0.5641838351822503 0.35073068893528186 0.5578446909667195 0.3444676409185804 0.5515055467511886 0.34237995824634654 0.5451664025356577 0.33820459290187893 0.5372424722662441 0.33611691022964507 0.5277337559429477 0.33820459290187893 0.5277337559429477 0.34029227557411273 0.5340729001584786 0.34237995824634654 0.5404120443740095 0.34237995824634654 0.5451664025356577 0.3465553235908142 0.5530903328050714 0.35073068893528186 0.5578446909667195 0.35490605427974947 0.5594294770206022 0.35908141962421714 0.5657686212361331 0.36325678496868474 0.572107765451664 0.3653444676409186 0.5784469096671949 0.3653444676409186 0.5832012678288431 0.3653444676409186 0.5863708399366085 0.36325678496868474 0.5784469096671949 0.35908141962421714 0.572107765451664 0.35908141962421714
8 0.5277337559429477 0.348643006263048 0.5213946117274167 0.348643006263048 0.5150554675118859 0.348643006263048 0.508716323296355 0.35281837160751567 0.5118858954041204 0.35490605427974947 0.5198098256735341 0.35490605427974947 0.5229793977812995 0.35281837160751567 0.5277337559429477 0.3569937369519833 0.5356576862123613 0.35908141962421714 0.5388272583201268 0.3569937369519833 0.5404120443740095 0.3569937369519833 0.5356576862123613 0.35490605427974947 0.5277337559429477 0.348643006263048
8 0.5816164817749604 0.2651356993736952 0.5847860538827259 0.25260960334029225 0.5879556259904913 0.24634655532359082 0.5863708399366085 0.24425887265135698 0.5800316957210776 0.23799582463465555 0.5784469096671949 0.23382045929018788 0.5752773375594294 0.23173277661795408 0.5705229793977813 0.23173277661795408 0.5689381933438986 0.24008350730688935 0.5657686212361331 0.2546972860125261 0.5641838351822503 0.2609603340292276 0.5657686212361331 0.27139874739039666 0.5657686212361331 0.2776617954070981 0.5689381933438986 0.2818371607515658 0.572107765451664 0.2839248434237996 0.5752773375594294 0.2839248434237996 0.5768621236133122 0.27348643006263046 0.5816164817749604 0.2651356993736952
5 0.6735340729001584 0.17745302713987474 0.6481774960380349 0.1544885177453027 0.6339144215530903 0.1649269311064718 0.6339144215530903 0.23382045929018788 0.6687797147385103 0.23799582463465555 0.6735340729001584 0.17745302713987474
8 0.606973058637084 0.31315240083507306 0.6006339144215531 0.3089770354906054 0.5974643423137876 0.30062630480167013 0.6006339144215531 0.2964509394572025 0.6038034865293186 0.2839248434237996 0.6006339144215531 0.2839248434237996 0.595879556259905 0.29018789144050106 0.5942947702060222 0.2985386221294363 0.5911251980982567 0.3089770354906054 0.5879556259904913 0.31315240083507306 0.5816164817749604 0.31941544885177453 0.5736925515055468 0.32150313152400833 0.5657686212361331 0.325678496868476 0.5625990491283677 0.31941544885177453 0.5625990491283677 0.3089770354906054 0.5594294770206022 0.31106471816283926 0.5594294770206022 0.31941544885177453 0.5562599049128367 0.3235908141962422 0.554675118858954 0.325678496868476 0.5578446909667195 0.3277661795407098 0.5594294770206022 0.3298538622129436 0.5594294770206022 0.33402922755741127 0.5641838351822503 0.33194154488517746 0.5673534072900158 0.33194154488517746 0.5736925515055468 0.3298538622129436 0.5736925515055468 0.33402922755741127 0.5752773375594294 0.34029227557411273 0.5768621236133122 0.348643006263048 0.5800316957210776 0.35073068893528186 0.5832012678288431 0.35073068893528186 0.5863708399366085 0.348643006263048 0.5879556259904913 0.3465553235908142 0.5911251980982567 0.33820459290187893 0.5942947702060222 0.33402922755741127 0.595879556259905 0.3298538622129436 0.6006339144215531 0.3277661795407098 0.6053882725832013 0.325678496868476 0.6101426307448494 0.3235908141962422 0.6148969889064976 0.3235908141962422 0.6133122028526149 0.3173277661795407 0.606973058637084 0.31315240083507306
5 0.48019017432646594 0.3444676409185804 0.49920760697305866 0.35908141962421714 0.5198098256735341 0.348643006263048 0.5340729001584786 0.3089770354906054 0.5293185419968305 0.2797494780793319 0.48019017432646594 0.3444676409185804
8 0.6164817749603804 0.2839248434237996 0.6133122028526149 0.2797494780793319 0.606973058637084 0.2797494780793319 0.6117274167987322 0.2839248434237996 0.6133122028526149 0.2881002087682672 0.6164817749603804 0.29018789144050106 0.6196513470681458 0.29018789144050106 0.6228209191759112 0.29227557411273486 0.624405705229794 0.29227557411273486 0.6228209191759112 0.2881002087682672 0.6164817749603804 0.2839248434237996
5 0.5784469096671949 0.2797494780793319 0.5847860538827259 0.24425887265135698 0.5641838351822503 0.24217118997912318 0.5625990491283677 0.2776617954070981 0.5784469096671949 0.2797494780793319
8 0.6450079239302694 0.31524008350730687 0.6402535657686212 0.31524008350730687 0.6354992076069731 0.31941544885177453 0.6307448494453248 0.31941544885177453 0.6339144215530903 0.3235908141962422 0.6402535657686212 0.3235908141962422 0.6434231378763867 0.3235908141962422 0.6465927099841522 0.3235908141962422 0.6497622820919176 0.32150313152400833 0.6497622820919176 0.3173277661795407 0.6450079239302694 0.31524008350730687
5 0.5340729001584786 0.8455114822546973 0.5277337559429477 0.8622129436325678 0.5293185419968305 0.8914405010438413 0.5451664025356577 0.8935281837160751 0.5515055467511886 0.8747390396659708 0.5451664025356577 0.8538622129436325 0.5340729001584786 0.8455114822546973
0 0.6846275752773375 0.24217118997912318 0.6719492868462758 0.2359081419624217 0.6386687797147385 0.2254697286012526 0.6148969889064976 0.2045929018789144 0.5800316957210776 0.18580375782881003 0.5562599049128367 0.18789144050104384 0.5324881141045958 0.20041753653444677 0.5007923930269413 0.20668058455114824 0.45641838351822506 0.2150313152400835 0.45641838351822506 0.22129436325678498 0.5023771790808241 0.22338204592901878 0.5404120443740095 0.23173277661795408 0.5736925515055468 0.23799582463465555 0.5974643423137876 0.24217118997912318 0.6275752773375595 0.25052192066805845 0.6703645007923931 0.2567849686847599 0.6846275752773375 0.24217118997912318