6 0.4747826086956522 0.6550925925925926 0.47304347826086957 0.6643518518518519 0.48 0.6620370370370371 0.4817391304347826 0.6527777777777778
6 0.4834782608695652 0.6620370370370371 0.49217391304347824 0.6597222222222222 0.4991304347826087 0.6689814814814815 0.49217391304347824 0.6712962962962963 0.4852173913043478 0.6712962962962963
6 0.6191304347826087 0.6898148148148148 0.6365217391304347 0.6805555555555556 0.648695652173913 0.6782407407407407 0.6608695652173913 0.6782407407407407 0.6573913043478261 0.6851851851851852 0.648695652173913 0.6875 0.6365217391304347 0.6944444444444444 0.6243478260869565 0.6990740740740741
6 0.542608695652174 0.7569444444444444 0.5408695652173913 0.7314814814814815 0.5530434782608695 0.7291666666666666 0.56 0.7592592592592593
6 0.5634782608695652 0.7569444444444444 0.5878260869565217 0.7268518518518519 0.5930434782608696 0.7245370370370371 0.6034782608695652 0.7199074074074074 0.5982608695652174 0.7291666666666666 0.5843478260869566 0.7430555555555556 0.568695652173913 0.7615740740740741
6 0.6295652173913043 0.8703703703703703 0.64 0.8587962962962963 0.6452173913043479 0.8657407407407407 0.6452173913043479 0.8703703703703703 0.6556521739130434 0.8726851851851852 0.6469565217391304 0.8773148148148148 0.6382608695652174 0.875
6 0.6504347826086957 0.8611111111111112 0.6573913043478261 0.8564814814814815 0.671304347826087 0.8657407407407407 0.662608695652174 0.8726851851851852
6 0.49391304347826087 0.8472222222222222 0.5113043478260869 0.8449074074074074 0.5304347826086957 0.8402777777777778 0.5391304347826087 0.8472222222222222 0.5217391304347826 0.8495370370370371 0.5060869565217392 0.8611111111111112
6 0.5339130434782609 0.8680555555555556 0.5460869565217391 0.8703703703703703 0.5582608695652174 0.8819444444444444 0.5547826086956522 0.8842592592592593 0.5408695652173913 0.875
6 0.5704347826086956 0.8958333333333334 0.5826086956521739 0.8865740740740741 0.5965217391304348 0.8842592592592593 0.6052173913043478 0.8842592592592593 0.6 0.8888888888888888 0.5878260869565217 0.8912037037037037 0.5808695652173913 0.8958333333333334
6 0.5947826086956521 0.8425925925925926 0.6086956521739131 0.8425925925925926 0.6208695652173913 0.8449074074074074 0.6139130434782609 0.8518518518518519 0.6034782608695652 0.8495370370370371
6 0.6382608695652174 0.8541666666666666 0.6469565217391304 0.8518518518518519 0.6608695652173913 0.8518518518518519 0.6539130434782608 0.8587962962962963 0.6434782608695652 0.8611111111111112
8 0.5617391304347826 0.6435185185185185 0.5739130434782609 0.6481481481481481 0.5669565217391305 0.6458333333333334
8 0.5669565217391305 0.6504629629629629 0.5721739130434783 0.6504629629629629 0.5721739130434783 0.6435185185185185 0.56 0.6435185185185185
8 0.577391304347826 0.6712962962962963 0.5878260869565217 0.6712962962962963 0.6017391304347826 0.6759259259259259 0.6121739130434782 0.6851851851851852 0.6069565217391304 0.6875 0.5930434782608696 0.6828703703703703 0.5843478260869566 0.6805555555555556 0.577391304347826 0.6828703703703703
8 0.5669565217391305 0.6828703703703703 0.5791304347826087 0.6851851851851852 0.5895652173913043 0.6898148148148148 0.5982608695652174 0.6967592592592593 0.591304347826087 0.6990740740740741 0.5843478260869566 0.6921296296296297 0.5721739130434783 0.6898148148148148
8 0.4956521739130435 0.6574074074074074 0.5060869565217392 0.6527777777777778 0.5217391304347826 0.6504629629629629 0.5391304347826087 0.6527777777777778 0.5373913043478261 0.6574074074074074 0.528695652173913 0.6574074074074074 0.5147826086956522 0.6574074074074074 0.5043478260869565 0.6597222222222222 0.4991304347826087 0.6666666666666666
8 0.5182608695652174 0.6712962962962963 0.5373913043478261 0.6712962962962963 0.5408695652173913 0.6828703703703703 0.528695652173913 0.6828703703703703 0.52 0.6805555555555556
8 0.4539130434782609 0.6273148148148148 0.4643478260869565 0.6273148148148148 0.47304347826086957 0.6412037037037037 0.4678260869565217 0.6435185185185185 0.4643478260869565 0.6365740740740741 0.4591304347826087 0.6342592592592593
8 0.4765217391304348 0.6643518518518519 0.48695652173913045 0.6736111111111112 0.4834782608695652 0.6898148148148148 0.4782608695652174 0.7060185185185185 0.4834782608695652 0.7245370370370371 0.4834782608695652 0.7407407407407407 0.4834782608695652 0.75 0.46956521739130436 0.7453703703703703 0.46608695652173915 0.7384259259259259 0.4591304347826087 0.7268518518518519 0.4678260869565217 0.7245370370370371 0.46608695652173915 0.7152777777777778 0.46260869565217394 0.7037037037037037 0.4608695652173913 0.6898148148148148 0.46956521739130436 0.6921296296296297
8 0.48869565217391303 0.6828703703703703 0.5026086956521739 0.6736111111111112 0.5008695652173913 0.7037037037037037 0.4852173913043478 0.7175925925925926
8 0.5356521739130434 0.7013888888888888 0.528695652173913 0.7129629629629629 0.5147826086956522 0.7245370370370371 0.5217391304347826 0.7222222222222222 0.5356521739130434 0.7106481481481481
8 0.5408695652173913 0.7060185185185185 0.5478260869565217 0.7060185185185185 0.5495652173913044 0.7152777777777778 0.5408695652173913 0.7199074074074074
8 0.5878260869565217 0.7129629629629629 0.5965217391304348 0.7129629629629629 0.5982608695652174 0.7199074074074074 0.591304347826087 0.7199074074074074
8 0.4504347826086956 0.5925925925925926 0.4643478260869565 0.6018518518518519 0.4782608695652174 0.6111111111111112 0.4956521739130435 0.6180555555555556 0.5113043478260869 0.625 0.5321739130434783 0.6296296296296297 0.5252173913043479 0.6203703703703703 0.5060869565217392 0.6157407407407407 0.48869565217391303 0.6087962962962963 0.4747826086956522 0.6018518518518519 0.4608695652173913 0.5949074074074074
6 0.7843478260869565 0.49074074074074076 0.7982608695652174 0.4837962962962963 0.7982608695652174 0.4930555555555556 0.7878260869565218 0.4976851851851852
6 0.8121739130434783 0.4837962962962963 0.8260869565217391 0.47685185185185186 0.8243478260869566 0.4861111111111111
0 0.4365217391304348 0.5717592592592593 0.45565217391304347 0.5856481481481481 0.4765217391304348 0.5972222222222222 0.5095652173913043 0.6111111111111112 0.5721739130434783 0.625 0.6260869565217392 0.6342592592592593 0.6608695652173913 0.6365740740740741 0.68 0.6388888888888888 0.6852173913043478 0.6342592592592593 0.6678260869565218 0.6157407407407407 0.6521739130434783 0.5972222222222222 0.6295652173913043 0.5717592592592593 0.6173913043478261 0.5601851851851852 0.6017391304347826 0.5532407407407407 0.46608695652173915 0.5115740740740741 0.43130434782608695 0.49537037037037035 0.42434782608695654 0.4930555555555556 0.41739130434782606 0.5023148148148148 0.42086956521739133 0.5138888888888888 0.42434782608695654 0.5231481481481481 0.4295652173913043 0.5300925925925926 0.43130434782608695 0.5370370370370371 0.43478260869565216 0.5416666666666666 0.4365217391304348 0.5462962962962963 0.43826086956521737 0.5532407407407407
3 0.8260869565217391 0.5046296296296297 0.8295652173913044 0.5254629629629629 0.8330434782608696 0.5347222222222222 0.8469565217391304 0.5370370370370371 0.8486956521739131 0.5254629629629629 0.8521739130434782 0.5069444444444444 0.8504347826086956 0.4976851851851852 0.8504347826086956 0.49074074074074076 0.8417391304347827 0.49537037037037035 0.8330434782608696 0.5
8 0.7582608695652174 0.5509259259259259 0.7773913043478261 0.5578703703703703 0.7878260869565218 0.5578703703703703 0.8034782608695652 0.5578703703703703 0.808695652173913 0.5578703703703703 0.8139130434782609 0.5532407407407407 0.8191304347826087 0.5509259259259259
5 0.8678260869565217 0.4675925925925926 0.8678260869565217 0.48148148148148145 0.8695652173913043 0.4861111111111111 0.8695652173913043 0.4930555555555556 0.871304347826087 0.4976851851851852 0.8695652173913043 0.5 0.871304347826087 0.5115740740740741 0.8626086956521739 0.5046296296296297 0.8573913043478261 0.5092592592592593 0.8573913043478261 0.5138888888888888 0.8556521739130435 0.5231481481481481 0.8539130434782609 0.5347222222222222 0.8504347826086956 0.5416666666666666 0.8469565217391304 0.5509259259259259 0.8434782608695652 0.5555555555555556 0.8382608695652174 0.5648148148148148 0.8365217391304348 0.5717592592592593 0.8330434782608696 0.5787037037037037 0.831304347826087 0.5879629629629629 0.831304347826087 0.5949074074074074 0.8295652173913044 0.6064814814814815 0.8243478260869566 0.6180555555555556 0.8226086956521739 0.6273148148148148 0.8191304347826087 0.6319444444444444 0.8104347826086956 0.6365740740740741 0.8052173913043478 0.6388888888888888 0.7982608695652174 0.6388888888888888 0.7947826086956522 0.6319444444444444 0.7878260869565218 0.6180555555555556 0.7773913043478261 0.6111111111111112 0.7739130434782608 0.6064814814814815 0.7373913043478261 0.5995370370370371 0.6904347826086956 0.5949074074074074 0.68 0.5925925925925926 0.671304347826087 0.5902777777777778 0.6608695652173913 0.5856481481481481 0.6539130434782608 0.5856481481481481 0.64 0.5810185185185185 0.6347826086956522 0.5787037037037037 0.6052173913043478 0.5532407407407407 0.6139130434782609 0.5486111111111112 0.6434782608695652 0.5486111111111112 0.6695652173913044 0.5486111111111112 0.7026086956521739 0.5486111111111112 0.7182608695652174 0.5509259259259259 0.7339130434782609 0.5532407407407407 0.7547826086956522 0.5578703703703703 0.7704347826086957 0.5578703703703703 0.7756521739130435 0.5601851851851852 0.7878260869565218 0.5601851851851852 0.8 0.5601851851851852 0.8069565217391305 0.5601851851851852 0.8139130434782609 0.5601851851851852 0.8208695652173913 0.5509259259259259 0.8260869565217391 0.5509259259259259 0.8365217391304348 0.5462962962962963 0.8469565217391304 0.5324074074074074 0.8608695652173913 0.4976851851851852 0.8626086956521739 0.48842592592592593
3 0.8034782608695652 0.6597222222222222 0.8330434782608696 0.6342592592592593 0.8382608695652174 0.6296296296296297 0.8434782608695652 0.6203703703703703 0.8452173913043478 0.6087962962962963 0.8504347826086956 0.5925925925925926 0.8591304347826086 0.5833333333333334 0.8660869565217392 0.5763888888888888 0.8730434782608696 0.5717592592592593 0.8834782608695653 0.5625 0.888695652173913 0.5486111111111112 0.888695652173913 0.5393518518518519 0.8869565217391304 0.5277777777777778 0.871304347826087 0.4930555555555556 0.8678260869565217 0.5092592592592593 0.8591304347826086 0.5185185185185185 0.8556521739130435 0.5277777777777778 0.8504347826086956 0.5370370370370371 0.8417391304347827 0.5601851851851852 0.8417391304347827 0.5671296296296297 0.84 0.5763888888888888 0.8365217391304348 0.5833333333333334 0.8330434782608696 0.5902777777777778 0.831304347826087 0.5995370370370371 0.831304347826087 0.6087962962962963 0.8295652173913044 0.6203703703703703 0.8208695652173913 0.6319444444444444
1 0.5443478260869565 0.8912037037037037 0.56 0.8912037037037037 0.5652173913043478 0.8912037037037037 0.5791304347826087 0.8958333333333334 0.5860869565217391 0.8935185185185185 0.5930434782608696 0.8935185185185185 0.6017391304347826 0.8912037037037037 0.6086956521739131 0.8912037037037037 0.6139130434782609 0.8865740740740741 0.6121739130434782 0.8819444444444444 0.6121739130434782 0.8773148148148148 0.6017391304347826 0.8726851851851852 0.5947826086956521 0.875 0.5826086956521739 0.8796296296296297 0.577391304347826 0.8865740740740741
1 0.4643478260869565 0.8587962962962963 0.4747826086956522 0.8634259259259259 0.48 0.8657407407407407 0.49043478260869566 0.8703703703703703 0.4956521739130435 0.8680555555555556 0.4956521739130435 0.8611111111111112 0.49217391304347824 0.8541666666666666 0.4852173913043478 0.8518518518518519 0.48 0.8541666666666666 0.47130434782608693 0.8564814814814815
5 0.5408695652173913 0.7800925925925926 0.5460869565217391 0.7731481481481481 0.5791304347826087 0.7731481481481481 0.5826086956521739 0.7824074074074074 0.5808695652173913 0.7916666666666666 0.5739130434782609 0.8009259259259259 0.5721739130434783 0.8078703703703703 0.568695652173913 0.8125 0.56 0.8148148148148148 0.5565217391304348 0.8148148148148148 0.5495652173913044 0.8148148148148148 0.542608695652174 0.8055555555555556 0.5373913043478261 0.8009259259259259 0.5373913043478261 0.7893518518518519
5 0.6452173913043479 0.6990740740740741 0.671304347826087 0.6875 0.72 0.6759259259259259 0.7408695652173913 0.6666666666666666 0.7530434782608696 0.6620370370370371 0.7617391304347826 0.6689814814814815 0.768695652173913 0.6759259259259259 0.7878260869565218 0.6666666666666666 0.8139130434782609 0.6550925925925926 0.831304347826087 0.6388888888888888 0.84 0.6319444444444444 0.8469565217391304 0.6180555555555556 0.8504347826086956 0.6064814814814815 0.8556521739130435 0.5995370370370371 0.871304347826087 0.5856481481481481 0.8956521739130435 0.5555555555555556 0.8956521739130435 0.5671296296296297 0.888695652173913 0.5763888888888888 0.8834782608695653 0.5925925925925926 0.88 0.6018518518518519 0.88 0.6064814814814815 0.8765217391304347 0.6296296296296297 0.8747826086956522 0.6342592592592593 0.8660869565217392 0.6412037037037037 0.8608695652173913 0.6435185185185185 0.8608695652173913 0.6504629629629629 0.8608695652173913 0.6574074074074074 0.8678260869565217 0.6574074074074074 0.8765217391304347 0.6666666666666666 0.8852173913043478 0.6782407407407407 0.8904347826086957 0.6851851851851852 0.8904347826086957 0.6898148148148148 0.8869565217391304 0.7013888888888888 0.88 0.7106481481481481 0.8730434782608696 0.7152777777777778 0.8608695652173913 0.7175925925925926 0.8382608695652174 0.7291666666666666 0.808695652173913 0.7523148148148148 0.7704347826086957 0.7777777777777778 0.7356521739130435 0.8009259259259259 0.711304347826087 0.8171296296296297 0.6869565217391305 0.8310185185185185 0.6782608695652174 0.8379629629629629 0.6608695652173913 0.8425925925925926 0.6539130434782608 0.8425925925925926 0.64 0.8449074074074074 0.6208695652173913 0.8402777777777778 0.6104347826086957 0.8287037037037037 0.6034782608695652 0.8194444444444444 0.6034782608695652 0.8125 0.6034782608695652 0.8055555555555556 0.6034782608695652 0.7939814814814815 0.6034782608695652 0.7824074074074074 0.6052173913043478 0.7708333333333334 0.6139130434782609 0.7569444444444444 0.6243478260869565 0.7407407407407407 0.6313043478260869 0.7291666666666666 0.6347826086956522 0.7175925925925926 0.6382608695652174 0.7083333333333334
0 0.8939130434782608 0.5671296296296297 0.8817391304347826 0.5856481481481481 0.88 0.5972222222222222 0.8782608695652174 0.6180555555555556 0.8765217391304347 0.6319444444444444 0.8765217391304347 0.6435185185185185 0.88 0.6550925925925926 0.8869565217391304 0.6597222222222222 0.8904347826086957 0.6712962962962963 0.8956521739130435 0.6805555555555556 0.9026086956521739 0.7013888888888888 0.9026086956521739 0.7106481481481481 0.8939130434782608 0.7199074074074074 0.8852173913043478 0.7268518518518519 0.8678260869565217 0.7476851851851852 0.8573913043478261 0.7569444444444444 0.8469565217391304 0.7662037037037037 0.8295652173913044 0.7731481481481481 0.8208695652173913 0.7777777777777778 0.8104347826086956 0.7847222222222222 0.7965217391304348 0.7962962962962963 0.768695652173913 0.8171296296296297 0.7286956521739131 0.8495370370370371 0.6834782608695652 0.875 0.64 0.8865740740740741 0.6 0.8935185185185185 0.5652173913043478 0.8981481481481481 0.5043478260869565 0.8819444444444444 0.4608695652173913 0.8587962962962963 0.43826086956521737 0.8379629629629629 0.41391304347826086 0.8101851851851852 0.41391304347826086 0.7615740740740741 0.40695652173913044 0.7060185185185185 0.38782608695652177 0.6481481481481481 0.3634782608695652 0.5787037037037037 0.3843478260869565 0.5601851851851852 0.43478260869565216 0.5462962962962963 0.4765217391304348 0.5879629629629629 0.528695652173913 0.6064814814814815 0.648695652173913 0.6273148148148148 0.671304347826087 0.6296296296296297 0.6034782608695652 0.5462962962962963 0.6608695652173913 0.5439814814814815 0.7165217391304348 0.5462962962962963 0.7582608695652174 0.5555555555555556 0.7878260869565218 0.5578703703703703 0.8104347826086956 0.5555555555555556 0.8260869565217391 0.5462962962962963 0.8382608695652174 0.5439814814814815 0.8539130434782609 0.5162037037037037 0.8626086956521739 0.47685185185185186 0.8904347826086957 0.5254629629629629 0.8904347826086957 0.5555555555555556 0.8956521739130435 0.5509259259259259
0 0.3443478260869565 0.35185185185185186 0.35130434782608694 0.36574074074074076 0.3652173913043478 0.37962962962962965 0.391304347826087 0.40046296296296297 0.4191304347826087 0.4166666666666667 0.4504347826086956 0.4398148148148148 0.46608695652173915 0.4513888888888889 0.4782608695652174 0.4652777777777778 0.48695652173913045 0.47685185185185186 0.49217391304347824 0.48842592592592593 0.4956521739130435 0.4976851851851852 0.6173913043478261 0.5231481481481481 0.6330434782608696 0.5162037037037037 0.7217391304347827 0.5092592592592593 0.7808695652173913 0.5 0.8104347826086956 0.49074074074074076 0.8417391304347827 0.4791666666666667 0.8556521739130435 0.4652777777777778 0.871304347826087 0.44907407407407407 0.8660869565217392 0.47685185185185186 0.8469565217391304 0.4976851851851852 0.8052173913043478 0.5138888888888888 0.7547826086956522 0.5254629629629629 0.7182608695652174 0.5324074074074074 0.662608695652174 0.5393518518518519 0.6139130434782609 0.5462962962962963 0.5965217391304348 0.5578703703703703 0.48869565217391303 0.5254629629629629 0.48 0.5092592592592593 0.46956521739130436 0.48842592592592593 0.4434782608695652 0.46064814814814814 0.41391304347826086 0.4351851851851852 0.391304347826087 0.4166666666666667 0.3739130434782609 0.4027777777777778 0.36 0.3912037037037037 0.35130434782608694 0.3773148148148148 0.3443478260869565 0.3680555555555556 0.3391304347826087 0.3541666666666667