0 0.08591549295774648 0.4377358490566038 0.1028169014084507 0.47358490566037736 0.14647887323943662 0.49056603773584906 0.18873239436619718 0.5018867924528302 0.1676056338028169 0.5320754716981132 0.13380281690140844 0.5830188679245283 0.13098591549295774 0.5849056603773585 0.1 0.5660377358490566 0.07323943661971831 0.5377358490566038 0.06338028169014084 0.5283018867924528 0.06338028169014084 0.5056603773584906 0.0647887323943662 0.47924528301886793 0.07746478873239436 0.4339622641509434
2 0.2211267605633803 0.6867924528301886 0.3126760563380282 0.6849056603773584 0.3267605633802817 0.6867924528301886 0.34507042253521125 0.7018867924528301 0.352112676056338 0.7113207547169811 0.323943661971831 0.7132075471698113 0.2647887323943662 0.7113207547169811 0.24225352112676057 0.7113207547169811
8 0.4 0.7471698113207547 0.4112676056338028 0.7641509433962265 0.4352112676056338 0.7490566037735849 0.4352112676056338 0.7547169811320755 0.4169014084507042 0.769811320754717 0.4535211267605634 0.7962264150943397 0.45211267605633804 0.8018867924528302 0.4225352112676056 0.8075471698113208 0.4225352112676056 0.8037735849056604 0.43380281690140843 0.8 0.4126760563380282 0.7886792452830189 0.4140845070422535 0.7849056603773585 0.4309859154929577 0.7905660377358491 0.4154929577464789 0.779245283018868 0.3971830985915493 0.7509433962264151 0.37746478873239436 0.7264150943396226 0.3676056338028169 0.7169811320754716 0.36338028169014086 0.7056603773584905 0.4154929577464789 0.6830188679245283 0.4169014084507042 0.6867924528301886 0.4112676056338028 0.6924528301886792 0.44929577464788734 0.6981132075471698 0.44647887323943664 0.7037735849056603 0.4028169014084507 0.6981132075471698 0.376056338028169 0.7132075471698113 0.39154929577464787 0.7283018867924528 0.4154929577464789 0.7113207547169811 0.4169014084507042 0.7150943396226415 0.4 0.730188679245283 0.4112676056338028 0.730188679245283 0.44929577464788734 0.7433962264150943 0.447887323943662 0.7471698113207547 0.4140845070422535 0.7396226415094339 0.4014084507042254 0.7415094339622641
8 0.4732394366197183 0.6320754716981132 0.4619718309859155 0.6754716981132075 0.44929577464788734 0.6773584905660377 0.447887323943662 0.6811320754716981 0.46056338028169014 0.6849056603773584 0.45492957746478874 0.6943396226415094 0.44084507042253523 0.7113207547169811 0.43661971830985913 0.7339622641509433 0.43380281690140843 0.7773584905660378 0.43661971830985913 0.779245283018868 0.4394366197183099 0.7547169811320755 0.44084507042253523 0.7264150943396226 0.45492957746478874 0.7037735849056603 0.45211267605633804 0.7169811320754716 0.44929577464788734 0.7377358490566037 0.44647887323943664 0.769811320754717 0.44929577464788734 0.7905660377358491 0.4563380281690141 0.7962264150943397 0.46056338028169014 0.7924528301886793 0.46338028169014084 0.730188679245283 0.46619718309859154 0.6886792452830188 0.476056338028169 0.6339622641509434
8 0.4 0.5584905660377358 0.4211267605633803 0.5584905660377358 0.45492957746478874 0.5283018867924528 0.5084507042253521 0.5169811320754717 0.528169014084507 0.5113207547169811 0.5366197183098591 0.5 0.5267605633802817 0.49433962264150944 0.4859154929577465 0.4981132075471698 0.46056338028169014 0.4962264150943396 0.44084507042253523 0.5037735849056604
3 0.20704225352112676 0.33584905660377357 0.23943661971830985 0.38113207547169814 0.27323943661971833 0.42641509433962266 0.271830985915493 0.46226415094339623 0.23661971830985915 0.47735849056603774 0.18732394366197183 0.49245283018867925 0.18309859154929578 0.4867924528301887 0.12394366197183099 0.4641509433962264 0.11690140845070422 0.45849056603773586 0.09154929577464789 0.4358490566037736 0.08028169014084507 0.43018867924528303 0.08309859154929577 0.4056603773584906 0.09859154929577464 0.3886792452830189 0.14084507042253522 0.3622641509433962 0.19295774647887323 0.3320754716981132
3 0.4704225352112676 0.45660377358490567 0.5352112676056338 0.4981132075471698 0.5183098591549296 0.5283018867924528 0.4197183098591549 0.6056603773584905 0.3873239436619718 0.6094339622641509 0.37464788732394366 0.5924528301886792
6 0.19859154929577466 0.5943396226415094 0.2084507042253521 0.5830188679245283 0.21971830985915494 0.5830188679245283 0.2267605633802817 0.590566037735849 0.2295774647887324 0.6037735849056604 0.223943661971831 0.6132075471698113 0.2352112676056338 0.6150943396226415 0.24225352112676057 0.6320754716981132 0.24225352112676057 0.6452830188679245 0.23661971830985915 0.6471698113207547 0.2295774647887324 0.6471698113207547 0.22816901408450704 0.6622641509433962 0.22535211267605634 0.6622641509433962 0.21549295774647886 0.660377358490566 0.2140845070422535 0.6566037735849056 0.20985915492957746 0.6509433962264151 0.2056338028169014 0.6358490566037736 0.20140845070422536 0.630188679245283 0.19859154929577466 0.620754716981132
6 0.18028169014084508 0.630188679245283 0.18732394366197183 0.6320754716981132 0.18591549295774648 0.6377358490566037 0.17887323943661973 0.6377358490566037
6 0.2084507042253521 0.6566037735849056 0.21690140845070421 0.6754716981132075 0.2084507042253521 0.6754716981132075 0.2028169014084507 0.660377358490566
0 0.07887323943661972 0.42830188679245285 0.08591549295774648 0.4 0.10422535211267606 0.37358490566037733 0.12394366197183099 0.35283018867924526 0.15211267605633802 0.3320754716981132 0.18450704225352113 0.32075471698113206 0.21690140845070421 0.30754716981132074 0.24647887323943662 0.2981132075471698 0.2915492957746479 0.28867924528301886 0.32253521126760565 0.2811320754716981 0.34507042253521125 0.2849056603773585 0.3816901408450704 0.29056603773584905 0.45492957746478874 0.29056603773584905 0.5183098591549296 0.2962264150943396 0.5619718309859155 0.2962264150943396 0.5957746478873239 0.29245283018867924 0.6211267605633802 0.2943396226415094 0.6352112676056338 0.30377358490566037 0.647887323943662 0.32452830188679244 0.6295774647887324 0.33584905660377357 0.6183098591549295 0.3452830188679245 0.6 0.3490566037735849 0.5845070422535211 0.35471698113207545 0.5647887323943662 0.3622641509433962 0.5450704225352113 0.36792452830188677 0.5225352112676056 0.37924528301886795 0.49859154929577465 0.3905660377358491 0.4732394366197183 0.4037735849056604 0.4394366197183099 0.4188679245283019 0.4084507042253521 0.439622641509434 0.3704225352112676 0.469811320754717 0.3464788732394366 0.47358490566037736 0.32253521126760565 0.47547169811320755 0.29577464788732394 0.47735849056603774 0.24366197183098592 0.49056603773584906 0.19014084507042253 0.5037735849056604 0.1676056338028169 0.4981132075471698 0.13802816901408452 0.48867924528301887 0.11690140845070422 0.47735849056603774 0.10422535211267606 0.47358490566037736 0.08169014084507042 0.4339622641509434
8 0.5366197183098591 0.4207547169811321 0.5422535211267606 0.43018867924528303 0.547887323943662 0.44528301886792454 0.5577464788732395 0.45849056603773586 0.5647887323943662 0.4679245283018868 0.5633802816901409 0.45849056603773586 0.5549295774647888 0.44528301886792454 0.5464788732394367 0.4339622641509434 0.5422535211267606 0.4226415094339623 0.5408450704225352 0.4169811320754717
5 0.2084507042253521 0.7905660377358491 0.1563380281690141 0.7490566037735849 0.11690140845070422 0.7037735849056603 0.08450704225352113 0.6660377358490566 0.07323943661971831 0.6396226415094339 0.06338028169014084 0.6094339622641509 0.06619718309859154 0.5962264150943396 0.15774647887323945 0.6830188679245283 0.17887323943661973 0.7283018867924528 0.19577464788732393 0.7584905660377359 0.20704225352112676 0.779245283018868