3 0.47924528301886793 0.8998330550918197 0.4930817610062893 0.9065108514190318 0.5119496855345912 0.9115191986644408 0.5245283018867924 0.9081803005008348 0.5345911949685535 0.8998330550918197 0.539622641509434 0.8881469115191987 0.5446540880503145 0.8781302170283807 0.5471698113207547 0.8647746243739566 0.5232704402515723 0.8631051752921536 0.5044025157232704 0.8580968280467446 0.48553459119496856 0.8514190317195326 0.47044025157232705 0.8447412353923205 0.45660377358490567 0.8414023372287145 0.44150943396226416 0.8414023372287145 0.42641509433962266 0.8414023372287145 0.4176100628930818 0.8397328881469115 0.4088050314465409 0.8430717863105175 0.410062893081761 0.8597662771285476 0.4238993710691824 0.8681135225375626 0.44025157232704404 0.8781302170283807 0.4628930817610063 0.8898163606010017 0.47924528301886793 0.8998330550918197
3 0.45157232704402517 0.8313856427378965 0.4591194968553459 0.8330550918196995 0.4679245283018868 0.8330550918196995 0.4742138364779874 0.8397328881469115 0.48553459119496856 0.8447412353923205 0.49937106918238994 0.8497495826377296 0.5119496855345912 0.8530884808013356 0.5270440251572327 0.8547579298831386 0.539622641509434 0.8564273789649416 0.5345911949685535 0.8464106844741235 0.529559748427673 0.8347245409015025 0.5169811320754717 0.8247078464106845 0.5031446540880503 0.8096828046744574 0.49056603773584906 0.8046744574290484 0.4767295597484277 0.7963272120200334 0.4641509433962264 0.7913188647746243 0.45157232704402517 0.7846410684474123 0.4389937106918239 0.7829716193656093 0.42641509433962266 0.7829716193656093 0.4176100628930818 0.7863105175292153 0.4088050314465409 0.7863105175292153 0.39748427672955977 0.7829716193656093 0.39119496855345914 0.7796327212020033 0.39119496855345914 0.7946577629382304 0.39748427672955977 0.8213689482470785 0.40628930817610065 0.8313856427378965 0.41635220125786165 0.8313856427378965 0.4276729559748428 0.8313856427378965 0.43647798742138366 0.8313856427378965 0.45157232704402517 0.8313856427378965
3 0.549685534591195 0.7195325542570952 0.5672955974842767 0.7495826377295493 0.5723270440251572 0.7028380634390651 0.5786163522012578 0.6844741235392321 0.5735849056603773 0.6093489148580968 0.5710691823899371 0.5759599332220368 0.5748427672955975 0.5459098497495827 0.5672955974842767 0.5225375626043406 0.5572327044025157 0.5108514190317195 0.5484276729559748 0.4974958263772955 0.539622641509434 0.48080133555926546 0.5270440251572327 0.4691151919866444 0.5207547169811321 0.4607679465776294 0.5081761006289308 0.44073455759599334 0.49937106918238994 0.42237061769616024 0.4880503144654088 0.4340567612687813 0.4830188679245283 0.4574290484140234 0.4716981132075472 0.48914858096828046 0.46540880503144655 0.5175292153589316 0.4540880503144654 0.5375626043405676 0.4490566037735849 0.5542570951585977 0.45031446540880504 0.5642737896494157 0.4578616352201258 0.5843071786310517 0.48050314465408805 0.6210350584307178 0.5044025157232704 0.6343906510851419 0.5283018867924528 0.6460767946577629 0.5433962264150943 0.67779632721202 0.549685534591195 0.7195325542570952
3 0.5081761006289308 0.7762938230383973 0.5245283018867924 0.7913188647746243 0.5358490566037736 0.8030050083472454 0.5471698113207547 0.8130217028380634 0.5572327044025157 0.8130217028380634 0.5635220125786163 0.8013355592654424 0.5748427672955975 0.7913188647746243 0.579874213836478 0.7779632721202003 0.5672955974842767 0.7562604340567612 0.5509433962264151 0.7395659432387313 0.5345911949685535 0.7245409015025042 0.5132075471698113 0.7161936560934892 0.5031446540880503 0.7395659432387313 0.49937106918238994 0.7612687813021702 0.5081761006289308 0.7762938230383973
3 0.4125786163522013 0.33889816360601 0.4238993710691824 0.34390651085141904 0.4339622641509434 0.34724540901502504 0.45031446540880504 0.3606010016694491 0.4628930817610063 0.37061769616026713 0.47924528301886793 0.38898163606010017 0.4817610062893082 0.3739565943238731 0.47044025157232705 0.33889816360601 0.46037735849056605 0.31886477462437396 0.44150943396226416 0.29716193656093487 0.4176100628930818 0.2888146911519199 0.410062893081761 0.2904841402337229 0.40628930817610065 0.31385642737896496 0.4125786163522013 0.33889816360601
3 0.4427672955974843 0.6360601001669449 0.45031446540880504 0.6494156928213689 0.4641509433962264 0.656093489148581 0.45660377358490567 0.6343906510851419 0.44654088050314467 0.6143572621035058 0.4289308176100629 0.6043405676126878 0.4276729559748428 0.6143572621035058 0.43018867924528303 0.6210350584307178 0.4427672955974843 0.6360601001669449
0 0.569811320754717 0.41068447412353926 0.5811320754716981 0.2604340567612688 0.5685534591194968 0.2353923205342237 0.5094339622641509 0.19365609348914858 0.4867924528301887 0.18196994991652754 0.4779874213836478 0.2621035058430718 0.4767295597484277 0.3055091819699499 0.47924528301886793 0.330550918196995 0.47924528301886793 0.3622704507512521 0.48050314465408805 0.39565943238731216 0.49056603773584906 0.41402337228714525 0.5006289308176101 0.4257095158597663 0.5119496855345912 0.44240400667779634 0.5245283018867924 0.4557595993322204 0.5484276729559748 0.48247078464106846 0.5672955974842767 0.5008347245409015 0.5710691823899371 0.4757929883138564 0.569811320754717 0.41068447412353926
8 0.4691823899371069 0.8564273789649416 0.47547169811320755 0.8514190317195326 0.48553459119496856 0.8547579298831386 0.48930817610062893 0.8731218697829716 0.4981132075471698 0.8764607679465777 0.49937106918238994 0.8714524207011686 0.49937106918238994 0.8631051752921536 0.5018867924528302 0.8564273789649416 0.4691823899371069 0.8447412353923205 0.4578616352201258 0.8397328881469115 0.4477987421383648 0.8380634390651085 0.43144654088050316 0.8397328881469115 0.42138364779874216 0.8397328881469115 0.43018867924528303 0.8514190317195326 0.44654088050314467 0.8530884808013356 0.4578616352201258 0.8597662771285476 0.4691823899371069 0.8564273789649416
8 0.44025157232704404 0.8313856427378965 0.43144654088050316 0.8297161936560935 0.42641509433962266 0.8263772954924875 0.4188679245283019 0.8247078464106845 0.4125786163522013 0.8263772954924875 0.4138364779874214 0.8330550918196995 0.4188679245283019 0.8330550918196995 0.42641509433962266 0.8313856427378965 0.44528301886792454 0.8347245409015025 0.45534591194968554 0.8347245409015025 0.4666666666666667 0.8363939899833055 0.4666666666666667 0.8313856427378965 0.4591194968553459 0.8313856427378965 0.45031446540880504 0.8297161936560935 0.4440251572327044 0.8297161936560935 0.44025157232704404 0.8313856427378965
8 0.4918238993710692 0.8530884808013356 0.4880503144654088 0.8497495826377296 0.48930817610062893 0.8580968280467446 0.49056603773584906 0.8631051752921536 0.4930817610062893 0.8731218697829716 0.49433962264150944 0.8797996661101837 0.4981132075471698 0.8814691151919867 0.4981132075471698 0.8747913188647746 0.49559748427672956 0.8664440734557596 0.49433962264150944 0.8580968280467446 0.4918238993710692 0.8530884808013356
8 0.5144654088050314 0.8647746243739566 0.5144654088050314 0.8697829716193656 0.5182389937106918 0.8714524207011686 0.519496855345912 0.8614357262103506 0.5169811320754717 0.8564273789649416 0.5144654088050314 0.8580968280467446 0.5144654088050314 0.8647746243739566
8 0.46163522012578617 0.8547579298831386 0.46540880503144655 0.8530884808013356 0.4641509433962264 0.8464106844741235 0.4628930817610063 0.8397328881469115 0.4591194968553459 0.8464106844741235 0.46163522012578617 0.8547579298831386
8 0.45660377358490567 0.8380634390651085 0.4528301886792453 0.8380634390651085 0.44654088050314467 0.8380634390651085 0.44150943396226416 0.8380634390651085 0.43522012578616354 0.8380634390651085 0.4289308176100629 0.8363939899833055 0.4289308176100629 0.8447412353923205 0.43522012578616354 0.8447412353923205 0.44025157232704404 0.8430717863105175 0.44528301886792454 0.8430717863105175 0.45031446540880504 0.8430717863105175 0.4528301886792453 0.8447412353923205 0.4540880503144654 0.8480801335559266 0.4540880503144654 0.8530884808013356 0.45534591194968554 0.8564273789649416 0.4578616352201258 0.8547579298831386 0.4578616352201258 0.8497495826377296 0.4591194968553459 0.8447412353923205 0.4591194968553459 0.8414023372287145 0.45660377358490567 0.8380634390651085
8 0.49433962264150944 0.8347245409015025 0.49433962264150944 0.8447412353923205 0.4981132075471698 0.8464106844741235 0.4981132075471698 0.8447412353923205 0.4981132075471698 0.8347245409015025 0.4968553459119497 0.8297161936560935 0.49433962264150944 0.8347245409015025
8 0.44528301886792454 0.8297161936560935 0.4389937106918239 0.8297161936560935 0.4339622641509434 0.8280467445742905 0.43018867924528303 0.8297161936560935 0.43144654088050316 0.8330550918196995 0.4339622641509434 0.8330550918196995 0.4377358490566038 0.8347245409015025 0.4440251572327044 0.8347245409015025 0.45031446540880504 0.8347245409015025 0.45660377358490567 0.8347245409015025 0.46163522012578617 0.8347245409015025 0.4679245283018868 0.8347245409015025 0.4679245283018868 0.8330550918196995 0.46163522012578617 0.8297161936560935 0.45534591194968554 0.8313856427378965 0.45031446540880504 0.8297161936560935 0.44528301886792454 0.8297161936560935
8 0.4176100628930818 0.8280467445742905 0.4138364779874214 0.8330550918196995 0.4226415094339623 0.8330550918196995 0.4276729559748428 0.8297161936560935 0.4226415094339623 0.8263772954924875 0.4176100628930818 0.8280467445742905
8 0.5345911949685535 0.8731218697829716 0.5358490566037736 0.8764607679465777 0.5371069182389937 0.8814691151919867 0.5383647798742138 0.8781302170283807 0.5383647798742138 0.8731218697829716 0.5383647798742138 0.8697829716193656 0.5358490566037736 0.8681135225375626 0.5345911949685535 0.8731218697829716
8 0.4880503144654088 0.8347245409015025 0.4880503144654088 0.8397328881469115 0.49056603773584906 0.8414023372287145 0.49056603773584906 0.8363939899833055 0.49056603773584906 0.8297161936560935 0.4880503144654088 0.8297161936560935 0.4880503144654088 0.8347245409015025
8 0.49937106918238994 0.8430717863105175 0.5018867924528302 0.8464106844741235 0.5018867924528302 0.8397328881469115 0.5018867924528302 0.8330550918196995 0.5006289308176101 0.8363939899833055 0.49937106918238994 0.8430717863105175
8 0.44150943396226416 0.7679465776293823 0.4377358490566038 0.7696160267111853 0.4327044025157233 0.7712854757929883 0.43144654088050316 0.7762938230383973 0.43647798742138366 0.7746243739565943 0.44025157232704404 0.7746243739565943 0.4440251572327044 0.7813021702838063 0.4427672955974843 0.7863105175292153 0.44654088050314467 0.7879799666110183 0.4477987421383648 0.7779632721202003 0.4477987421383648 0.7729549248747913 0.4440251572327044 0.7729549248747913 0.44150943396226416 0.7679465776293823
8 0.42138364779874216 0.7712854757929883 0.42515723270440253 0.7696160267111853 0.43018867924528303 0.7679465776293823 0.4327044025157233 0.7646076794657763 0.42641509433962266 0.7629382303839732 0.42138364779874216 0.7646076794657763 0.4176100628930818 0.7696160267111853 0.42138364779874216 0.7712854757929883
8 0.39119496855345914 0.7712854757929883 0.389937106918239 0.7662771285475793 0.38616352201257864 0.7629382303839732 0.38616352201257864 0.7696160267111853 0.39119496855345914 0.7712854757929883
8 0.37358490566037733 0.7696160267111853 0.37735849056603776 0.7679465776293823 0.37484276729559746 0.7612687813021702 0.3710691823899371 0.7562604340567612 0.36855345911949683 0.7612687813021702 0.37358490566037733 0.7696160267111853
8 0.49433962264150944 0.6110183639398998 0.4880503144654088 0.6076794657762938 0.4817610062893082 0.6060100166944908 0.47547169811320755 0.6026711185308848 0.47044025157232705 0.6010016694490818 0.4666666666666667 0.5993322203672788 0.46163522012578617 0.6043405676126878 0.4666666666666667 0.6110183639398998 0.4716981132075472 0.6126878130217028 0.47547169811320755 0.6193656093489148 0.47924528301886793 0.6227045075125208 0.4830188679245283 0.6277128547579299 0.48553459119496856 0.6310517529215359 0.4918238993710692 0.6360601001669449 0.48553459119496856 0.6243739565943238 0.48553459119496856 0.6193656093489148 0.4830188679245283 0.6143572621035058 0.49056603773584906 0.6176961602671118 0.49559748427672956 0.6193656093489148 0.5220125786163522 0.6293823038397329 0.5270440251572327 0.6293823038397329 0.5182389937106918 0.6243739565943238 0.5106918238993711 0.6210350584307178 0.5031446540880503 0.6176961602671118 0.49433962264150944 0.6110183639398998
8 0.45660377358490567 0.6293823038397329 0.45660377358490567 0.6227045075125208 0.46037735849056605 0.6210350584307178 0.4641509433962264 0.6210350584307178 0.4628930817610063 0.6126878130217028 0.45660377358490567 0.6043405676126878 0.45534591194968554 0.6126878130217028 0.45157232704402517 0.6193656093489148 0.4490566037735849 0.6243739565943238 0.45157232704402517 0.6310517529215359 0.4540880503144654 0.6393989983305509 0.45534591194968554 0.6460767946577629 0.4591194968553459 0.6527545909849749 0.46540880503144655 0.662771285475793 0.46540880503144655 0.6527545909849749 0.4628930817610063 0.6410684474123539 0.46037735849056605 0.6360601001669449 0.45660377358490567 0.6293823038397329
8 0.45031446540880504 0.6043405676126878 0.4528301886792453 0.5976627712854758 0.44654088050314467 0.5976627712854758 0.4440251572327044 0.5976627712854758 0.44150943396226416 0.6010016694490818 0.44150943396226416 0.6043405676126878 0.44150943396226416 0.6076794657762938 0.4389937106918239 0.6060100166944908 0.43647798742138366 0.6043405676126878 0.43522012578616354 0.6076794657762938 0.4389937106918239 0.6110183639398998 0.44150943396226416 0.6143572621035058 0.4440251572327044 0.6143572621035058 0.44654088050314467 0.6160267111853088 0.45031446540880504 0.6126878130217028 0.4477987421383648 0.6076794657762938 0.44528301886792454 0.6043405676126878 0.45031446540880504 0.6043405676126878
8 0.45534591194968554 0.5826377295492488 0.45031446540880504 0.5809682804674458 0.45157232704402517 0.5859766277128547 0.45534591194968554 0.5893155258764607 0.46037735849056605 0.5926544240400667 0.4641509433962264 0.5926544240400667 0.4679245283018868 0.5959933222036727 0.4742138364779874 0.5926544240400667 0.4691823899371069 0.5893155258764607 0.46540880503144655 0.5809682804674458 0.46163522012578617 0.5859766277128547 0.45534591194968554 0.5826377295492488
8 0.5106918238993711 0.5258764607679466 0.5144654088050314 0.5275459098497496 0.5144654088050314 0.5225375626043406 0.5106918238993711 0.5175292153589316 0.5056603773584906 0.5175292153589316 0.5069182389937107 0.5225375626043406 0.5106918238993711 0.5258764607679466
8 0.49559748427672956 0.5275459098497496 0.4918238993710692 0.5375626043405676 0.4880503144654088 0.5392320534223706 0.4830188679245283 0.5475792988313857 0.4817610062893082 0.5542570951585977 0.4767295597484277 0.5592654424040067 0.4729559748427673 0.5559265442404007 0.4716981132075472 0.5525876460767947 0.4716981132075472 0.5459098497495827 0.4716981132075472 0.5358931552587646 0.4729559748427673 0.5258764607679466 0.4767295597484277 0.5158597662771286 0.47547169811320755 0.5091819699499165 0.4716981132075472 0.5125208681135225 0.47044025157232705 0.5208681135225376 0.4679245283018868 0.5275459098497496 0.4666666666666667 0.5358931552587646 0.46540880503144655 0.5425709515859767 0.46540880503144655 0.5492487479131887 0.4641509433962264 0.5575959933222037 0.4641509433962264 0.5642737896494157 0.4641509433962264 0.5709515859766278 0.4666666666666667 0.5759599332220368 0.47044025157232705 0.5742904841402338 0.47547169811320755 0.5709515859766278 0.48050314465408805 0.5659432387312187 0.48427672955974843 0.5609348914858097 0.4880503144654088 0.5575959933222037 0.4930817610062893 0.5626043405676127 0.49433962264150944 0.5559265442404007 0.4930817610062893 0.5492487479131887 0.4981132075471698 0.5475792988313857 0.5031446540880503 0.5475792988313857 0.5106918238993711 0.5492487479131887 0.5169811320754717 0.5492487479131887 0.5144654088050314 0.5442404006677797 0.5069182389937107 0.5425709515859767 0.5006289308176101 0.5409015025041736 0.4968553459119497 0.5375626043405676 0.5006289308176101 0.5308848080133556 0.5018867924528302 0.5242070116861436 0.5044025157232704 0.5191986644407346 0.5044025157232704 0.5125208681135225 0.49937106918238994 0.5108514190317195 0.4981132075471698 0.5175292153589316 0.49559748427672956 0.5275459098497496
8 0.4427672955974843 0.4757929883138564 0.44025157232704404 0.4674457429048414 0.43522012578616354 0.4574290484140234 0.4339622641509434 0.44741235392320533 0.4327044025157233 0.4357262103505843 0.4289308176100629 0.4257095158597663 0.4276729559748428 0.41736227045075125 0.4238993710691824 0.4040066777963272 0.42515723270440253 0.39398998330550916 0.41509433962264153 0.3806343906510851 0.41509433962264153 0.39232053422370616 0.41635220125786165 0.41235392320534225 0.4226415094339623 0.4290484140233723 0.42641509433962266 0.43906510851419034 0.4276729559748428 0.4507512520868113 0.4289308176100629 0.4590984974958264 0.43144654088050316 0.4724540901502504 0.43522012578616354 0.48580968280467446 0.43647798742138366 0.4941569282136895 0.44025157232704404 0.5041736227045075 0.44150943396226416 0.5125208681135225 0.4440251572327044 0.5191986644407346 0.45031446540880504 0.5175292153589316 0.4490566037735849 0.5058430717863105 0.44654088050314467 0.4958263772954925 0.44528301886792454 0.48747913188647746 0.4427672955974843 0.4757929883138564
8 0.39622641509433965 0.3656093489148581 0.3949685534591195 0.35392320534223703 0.389937106918239 0.34557595993322204 0.38616352201257864 0.35225375626043404 0.3886792452830189 0.3622704507512521 0.389937106918239 0.37061769616026713 0.39245283018867927 0.38397328881469117 0.3937106918238994 0.39565943238731216 0.3949685534591195 0.4056761268781302 0.39748427672955977 0.41402337228714525 0.4025157232704403 0.4257095158597663 0.40628930817610065 0.41903171953255425 0.4025157232704403 0.4040066777963272 0.40125786163522015 0.39065108514190316 0.3987421383647799 0.3772954924874791 0.39622641509433965 0.3656093489148581
8 0.44528301886792454 0.3088480801335559 0.44025157232704404 0.3055091819699499 0.4389937106918239 0.31719532554257096 0.44150943396226416 0.330550918196995 0.44150943396226416 0.34557595993322204 0.4427672955974843 0.3555926544240401 0.4440251572327044 0.3672787979966611 0.45031446540880504 0.3672787979966611 0.45031446540880504 0.3555926544240401 0.4490566037735849 0.337228714524207 0.4477987421383648 0.32554257095158595 0.44528301886792454 0.3088480801335559
8 0.4138364779874214 0.5993322203672788 0.42012578616352203 0.6093489148580968 0.42515723270440253 0.6110183639398998 0.42641509433962266 0.6026711185308848 0.4289308176100629 0.5959933222036727 0.4238993710691824 0.5926544240400667 0.41635220125786165 0.5909849749582637 0.4088050314465409 0.5926544240400667 0.4138364779874214 0.5993322203672788
8 0.3572327044025157 0.5425709515859767 0.34591194968553457 0.5342237061769616 0.3371069182389937 0.5275459098497496 0.33459119496855344 0.5358931552587646 0.3421383647798742 0.5442404006677797 0.35471698113207545 0.5509181969949917 0.3672955974842767 0.5626043405676127 0.3786163522012579 0.5692821368948247 0.38616352201257864 0.5759599332220368 0.40125786163522015 0.5859766277128547 0.4037735849056604 0.5776293823038398 0.39748427672955977 0.5709515859766278 0.38742138364779877 0.5626043405676127 0.36855345911949683 0.5492487479131887 0.3572327044025157 0.5425709515859767
8 0.4037735849056604 0.5692821368948247 0.4037735849056604 0.5659432387312187 0.40125786163522015 0.5626043405676127 0.4 0.5592654424040067 0.3949685534591195 0.5542570951585977 0.3886792452830189 0.5492487479131887 0.389937106918239 0.5542570951585977 0.3937106918238994 0.5592654424040067 0.3949685534591195 0.5642737896494157 0.3987421383647799 0.5692821368948247 0.40125786163522015 0.5726210350584308 0.4050314465408805 0.5759599332220368 0.4075471698113208 0.5809682804674458 0.41132075471698115 0.5792988313856428 0.410062893081761 0.5726210350584308 0.40628930817610065 0.5709515859766278 0.4037735849056604 0.5692821368948247
8 0.4138364779874214 0.5225375626043406 0.41132075471698115 0.5175292153589316 0.4088050314465409 0.5158597662771286 0.4075471698113208 0.5108514190317195 0.4050314465408805 0.5091819699499165 0.4025157232704403 0.5158597662771286 0.40125786163522015 0.5191986644407346 0.39748427672955977 0.5208681135225376 0.3937106918238994 0.5225375626043406 0.39245283018867927 0.5175292153589316 0.39245283018867927 0.5125208681135225 0.3886792452830189 0.5108514190317195 0.38742138364779877 0.5158597662771286 0.38742138364779877 0.5208681135225376 0.389937106918239 0.5242070116861436 0.39119496855345914 0.5292153589315526 0.3949685534591195 0.5308848080133556 0.3987421383647799 0.5292153589315526 0.4037735849056604 0.5275459098497496 0.4075471698113208 0.5275459098497496 0.41132075471698115 0.5258764607679466 0.4138364779874214 0.5225375626043406
8 0.4339622641509434 0.5125208681135225 0.4289308176100629 0.5175292153589316 0.4327044025157233 0.5258764607679466 0.43522012578616354 0.5342237061769616 0.4377358490566038 0.5409015025041736 0.44025157232704404 0.5475792988313857 0.4440251572327044 0.5442404006677797 0.44150943396226416 0.5375626043405676 0.4389937106918239 0.5275459098497496 0.43522012578616354 0.5208681135225376 0.4339622641509434 0.5125208681135225
8 0.4138364779874214 0.4691151919866444 0.4088050314465409 0.46410684474123537 0.4050314465408805 0.46410684474123537 0.40125786163522015 0.4657762938230384 0.40628930817610065 0.4707846410684474 0.4125786163522013 0.4774624373956594 0.41509433962264153 0.48247078464106846 0.4188679245283019 0.48580968280467446 0.42138364779874216 0.48914858096828046 0.42515723270440253 0.49081803005008345 0.4226415094339623 0.48080133555926546 0.42138364779874216 0.4757929883138564 0.4188679245283019 0.4707846410684474 0.4138364779874214 0.4691151919866444
8 0.3635220125786163 0.5709515859766278 0.3710691823899371 0.5726210350584308 0.3660377358490566 0.5642737896494157 0.3610062893081761 0.5626043405676127 0.3635220125786163 0.5709515859766278
8 0.34968553459119495 0.49248747913188645 0.3584905660377358 0.4941569282136895 0.36981132075471695 0.4941569282136895 0.3622641509433962 0.48747913188647746 0.3559748427672956 0.48580968280467446 0.3484276729559748 0.48414023372287146 0.34968553459119495 0.49248747913188645
8 0.38742138364779877 0.46243739565943237 0.3786163522012579 0.46410684474123537 0.38238993710691827 0.4724540901502504 0.389937106918239 0.4774624373956594 0.39622641509433965 0.4791318864774624 0.40125786163522015 0.48580968280467446 0.410062893081761 0.48580968280467446 0.4025157232704403 0.4757929883138564 0.3949685534591195 0.4691151919866444 0.38742138364779877 0.46243739565943237
8 0.4037735849056604 0.46243739565943237 0.3949685534591195 0.4557595993322204 0.38616352201257864 0.4524207011686144 0.39748427672955977 0.46410684474123537 0.4037735849056604 0.46243739565943237
8 0.3484276729559748 0.4240400667779633 0.34088050314465407 0.4257095158597663 0.34088050314465407 0.4323873121869783 0.3433962264150943 0.44574290484140233 0.3484276729559748 0.4540901502504174 0.3572327044025157 0.4574290484140234 0.3635220125786163 0.4574290484140234 0.3723270440251572 0.4590984974958264 0.37610062893081764 0.4540901502504174 0.37735849056603776 0.44741235392320533 0.36981132075471695 0.4373956594323873 0.3622641509433962 0.4373956594323873 0.3572327044025157 0.4323873121869783 0.3484276729559748 0.4240400667779633
8 0.34465408805031444 0.2838063439065108 0.34088050314465407 0.2904841402337229 0.3383647798742138 0.3005008347245409 0.33962264150943394 0.3105175292153589 0.34088050314465407 0.31552587646076796 0.3421383647798742 0.3055091819699499 0.3471698113207547 0.3005008347245409 0.34968553459119495 0.2871452420701169 0.34465408805031444 0.2838063439065108
8 0.3471698113207547 0.32387312186978295 0.3484276729559748 0.327212020033389 0.3534591194968553 0.328881469115192 0.3534591194968553 0.32053422370617696 0.35094339622641507 0.31552587646076796 0.34591194968553457 0.31552587646076796 0.3471698113207547 0.32387312186978295
8 0.3660377358490566 0.41569282136894825 0.36855345911949683 0.4240400667779633 0.3710691823899371 0.41736227045075125 0.37610062893081764 0.41402337228714525 0.36855345911949683 0.4090150250417362 0.3660377358490566 0.41569282136894825
8 0.3710691823899371 0.4056761268781302 0.37610062893081764 0.4056761268781302 0.379874213836478 0.4073455759599332 0.37735849056603776 0.4006677796327212 0.37358490566037733 0.3973288814691152 0.3710691823899371 0.4056761268781302
8 0.3433962264150943 0.49248747913188645 0.3371069182389937 0.48580968280467446 0.3333333333333333 0.49081803005008345 0.3371069182389937 0.4991652754590985 0.34465408805031444 0.5075125208681135 0.3471698113207547 0.5141903171953256 0.34968553459119495 0.5191986644407346 0.3572327044025157 0.5225375626043406 0.3522012578616352 0.5125208681135225 0.35094339622641507 0.5041736227045075 0.34591194968553457 0.4991652754590985 0.3433962264150943 0.49248747913188645
8 0.3182389937106918 0.4257095158597663 0.3220125786163522 0.4307178631051753 0.3270440251572327 0.4290484140233723 0.3283018867924528 0.4240400667779633 0.3232704402515723 0.42070116861435725 0.31949685534591193 0.42070116861435725 0.3182389937106918 0.4257095158597663
8 0.33584905660377357 0.48247078464106846 0.33962264150943394 0.48080133555926546 0.33584905660377357 0.4774624373956594 0.3320754716981132 0.4791318864774624 0.33584905660377357 0.48247078464106846
8 0.5006289308176101 0.7262103505843072 0.49937106918238994 0.7228714524207012 0.4981132075471698 0.7178631051752922 0.4981132075471698 0.7128547579298832 0.49559748427672956 0.7095158597662772 0.49559748427672956 0.7045075125208681 0.4918238993710692 0.7011686143572621 0.4918238993710692 0.7095158597662772 0.4918238993710692 0.7145242070116862 0.4930817610062893 0.7195325542570952 0.49433962264150944 0.7245409015025042 0.49559748427672956 0.7295492487479132 0.4968553459119497 0.7345575959933222 0.5006289308176101 0.7345575959933222 0.5006289308176101 0.7295492487479132 0.5006289308176101 0.7262103505843072
8 0.4427672955974843 0.37061769616026713 0.44025157232704404 0.3639398998330551 0.4377358490566038 0.3739565943238731 0.44150943396226416 0.38564273789649417 0.4440251572327044 0.39398998330550916 0.4490566037735849 0.4040066777963272 0.45157232704402517 0.4006677796327212 0.4490566037735849 0.39398998330550916 0.4477987421383648 0.38731218697829717 0.44528301886792454 0.3772954924874791 0.4427672955974843 0.37061769616026713
8 0.4226415094339623 0.34223706176961605 0.42012578616352203 0.35058430717863104 0.42138364779874216 0.3589315525876461 0.4176100628930818 0.3656093489148581 0.41635220125786165 0.37061769616026713 0.42012578616352203 0.3722871452420701 0.4226415094339623 0.3656093489148581 0.42515723270440253 0.3589315525876461 0.42641509433962266 0.34891485809682804 0.4226415094339623 0.34223706176961605
8 0.5132075471698113 0.8564273789649416 0.5144654088050314 0.8614357262103506 0.5157232704402516 0.8664440734557596 0.5169811320754717 0.8647746243739566 0.5182389937106918 0.8614357262103506 0.5169811320754717 0.8564273789649416 0.5169811320754717 0.8514190317195326 0.5144654088050314 0.8497495826377296 0.5132075471698113 0.8530884808013356 0.5132075471698113 0.8564273789649416
8 0.43647798742138366 0.3973288814691152 0.44025157232704404 0.4040066777963272 0.4427672955974843 0.4090150250417362 0.4440251572327044 0.4006677796327212 0.44025157232704404 0.39565943238731216 0.4389937106918239 0.39065108514190316 0.43647798742138366 0.3973288814691152
8 0.49433962264150944 0.8480801335559266 0.49559748427672956 0.8480801335559266 0.49937106918238994 0.8480801335559266 0.5006289308176101 0.8480801335559266 0.5031446540880503 0.8480801335559266 0.5044025157232704 0.8480801335559266 0.5081761006289308 0.8464106844741235 0.5094339622641509 0.8447412353923205 0.5106918238993711 0.8397328881469115 0.5106918238993711 0.8347245409015025 0.5144654088050314 0.8330550918196995 0.5169811320754717 0.8330550918196995 0.5232704402515723 0.8330550918196995 0.5257861635220126 0.8313856427378965 0.5220125786163522 0.8280467445742905 0.5182389937106918 0.8280467445742905 0.5157232704402516 0.8280467445742905 0.5144654088050314 0.8263772954924875 0.5119496855345912 0.8263772954924875 0.5094339622641509 0.8297161936560935 0.5069182389937107 0.8313856427378965 0.5044025157232704 0.8330550918196995 0.5006289308176101 0.8330550918196995 0.49559748427672956 0.8330550918196995 0.4930817610062893 0.8313856427378965 0.48930817610062893 0.8313856427378965 0.48553459119496856 0.8330550918196995 0.48553459119496856 0.8397328881469115 0.48553459119496856 0.8414023372287145 0.49056603773584906 0.8414023372287145 0.4930817610062893 0.8447412353923205 0.49433962264150944 0.8480801335559266
8 0.3572327044025157 0.33889816360601 0.3635220125786163 0.34223706176961605 0.3610062893081761 0.335559265442404 0.3584905660377358 0.330550918196995 0.35471698113207545 0.333889816360601 0.3572327044025157 0.33889816360601
8 0.3559748427672956 0.28213689482470783 0.3522012578616352 0.2854757929883139 0.3522012578616352 0.2904841402337229 0.3534591194968553 0.2988313856427379 0.3534591194968553 0.3055091819699499 0.35471698113207545 0.31552587646076796 0.3572327044025157 0.3038397328881469 0.3572327044025157 0.29549248747913187 0.3572327044025157 0.2871452420701169 0.3559748427672956 0.28213689482470783
8 0.5132075471698113 0.5659432387312187 0.5106918238993711 0.5592654424040067 0.5056603773584906 0.5592654424040067 0.49937106918238994 0.5575959933222037 0.49559748427672956 0.5642737896494157 0.5056603773584906 0.5692821368948247 0.5232704402515723 0.5776293823038398 0.5283018867924528 0.5826377295492488 0.5345911949685535 0.5826377295492488 0.5308176100628931 0.5776293823038398 0.5245283018867924 0.5726210350584308 0.5182389937106918 0.5692821368948247 0.5132075471698113 0.5659432387312187
5 0.4301327748427673 0 0.4037735849056604 0.07679465776293823 0.45157232704402517 0.09849749582637729 0.47969546540880503 0 0.4301327748427673 0
0 0.4276729559748428 0.6227045075125208 0.4981132075471698 0.4307178631051753 0.48553459119496856 0.41402337228714525 0.4138364779874214 0.6176961602671118 0.4276729559748428 0.6227045075125208
0 0.49056603773584906 0.8564273789649416 0.5459119496855346 0.8664440734557596 0.5446540880503145 0.8547579298831386 0.4968553459119497 0.8447412353923205 0.46540880503144655 0.8297161936560935 0.4377358490566038 0.8280467445742905 0.4050314465408805 0.8330550918196995 0.410062893081761 0.8447412353923205 0.46163522012578617 0.8447412353923205 0.49056603773584906 0.8564273789649416