0 0.4814264487369985 0.05979381443298969 0.462109955423477 0.05360824742268041 0.4145616641901932 0.07216494845360824 0.3937592867756315 0.0865979381443299 0.37147102526002973 0.10721649484536082 0.399702823179792 0.10515463917525773 0.4472511144130758 0.11134020618556702 0.5052005943536404 0.1422680412371134 0.4933135215453195 0.0865979381443299 0.4814264487369985 0.05979381443298969
6 0.637444279346211 0.10721649484536082 0.6404160475482912 0.10927835051546392 0.6433878157503715 0.10927835051546392 0.6389301634472511 0.07628865979381444 0.6389301634472511 0.06597938144329897 0.6359583952451708 0.05154639175257732 0.6240713224368499 0.030927835051546393 0.637444279346211 0.10721649484536082
6 0.6404160475482912 0.05979381443298969 0.6404160475482912 0.06804123711340206 0.6523031203566122 0.06597938144329897 0.6523031203566122 0.06391752577319587 0.6552748885586924 0.061855670103092786 0.6404160475482912 0.05979381443298969
6 0.649331352154532 0.04742268041237113 0.6433878157503715 0.049484536082474224 0.6448736998514116 0.05154639175257732 0.649331352154532 0.05154639175257732 0.649331352154532 0.04742268041237113
6 0.5973254086181278 0.07422680412371134 0.5913818722139673 0.05979381443298969 0.586924219910847 0.04329896907216495 0.5780089153046062 0.032989690721649485 0.5735512630014858 0.032989690721649485 0.5765230312035661 0.03917525773195876 0.5854383358098069 0.05154639175257732 0.5854383358098069 0.0577319587628866 0.586924219910847 0.06391752577319587 0.5884101040118871 0.06804123711340206 0.5928677563150074 0.07422680412371134 0.5973254086181278 0.07422680412371134
6 0.5854383358098069 0.07216494845360824 0.586924219910847 0.07628865979381444 0.6062407132243685 0.07628865979381444 0.6062407132243685 0.07216494845360824 0.5854383358098069 0.07216494845360824
6 0.5898959881129272 0.10515463917525773 0.5913818722139673 0.11134020618556702 0.5928677563150074 0.11958762886597939 0.5958395245170877 0.12371134020618557 0.5988112927191679 0.11752577319587629 0.600297176820208 0.1154639175257732 0.5973254086181278 0.1134020618556701 0.5898959881129272 0.10515463917525773
6 0.6017830609212481 0.1134020618556701 0.5988112927191679 0.10309278350515463 0.5958395245170877 0.10309278350515463 0.600297176820208 0.1134020618556701 0.6017830609212481 0.1134020618556701
6 0.5512630014858841 0.08041237113402062 0.5542347696879644 0.08453608247422681 0.5572065378900446 0.088659793814433 0.563150074294205 0.09278350515463918 0.5676077265973254 0.09690721649484536 0.575037147102526 0.09896907216494845 0.5794947994056464 0.09896907216494845 0.5839524517087668 0.10103092783505155 0.5884101040118871 0.10309278350515463 0.5973254086181278 0.10103092783505155 0.5958395245170877 0.09896907216494845 0.5898959881129272 0.09690721649484536 0.5839524517087668 0.09690721649484536 0.5765230312035661 0.09484536082474226 0.5720653789004457 0.09484536082474226 0.5690936106983655 0.09278350515463918 0.563150074294205 0.088659793814433 0.5586924219910847 0.08453608247422681 0.5512630014858841 0.07422680412371134 0.5453194650817236 0.061855670103092786 0.5423476968796433 0.0577319587628866 0.5438335809806835 0.06391752577319587 0.5468053491827637 0.07010309278350516 0.5512630014858841 0.08041237113402062
6 0.5586924219910847 0.07422680412371134 0.5616641901931649 0.07628865979381444 0.5601783060921248 0.07010309278350516 0.5557206537890045 0.06597938144329897 0.5512630014858841 0.05979381443298969 0.5512630014858841 0.06391752577319587 0.5542347696879644 0.06804123711340206 0.5586924219910847 0.07422680412371134
6 0.575037147102526 0.06804123711340206 0.5824665676077266 0.07835051546391752 0.5839524517087668 0.08453608247422681 0.586924219910847 0.09278350515463918 0.5884101040118871 0.088659793814433 0.5928677563150074 0.09278350515463918 0.5943536404160475 0.088659793814433 0.5913818722139673 0.08247422680412371 0.5824665676077266 0.07422680412371134 0.5735512630014858 0.061855670103092786 0.5705794947994056 0.0577319587628866 0.563150074294205 0.05154639175257732 0.5557206537890045 0.04742268041237113 0.5512630014858841 0.04329896907216495 0.5423476968796433 0.03711340206185567 0.5364041604754829 0.03711340206185567 0.5512630014858841 0.049484536082474224 0.5586924219910847 0.05567010309278351 0.5676077265973254 0.05979381443298969 0.575037147102526 0.06804123711340206
6 0.5690936106983655 0.0288659793814433 0.5557206537890045 0.03505154639175258 0.5572065378900446 0.03917525773195876 0.5616641901931649 0.041237113402061855 0.5661218424962853 0.03917525773195876 0.5676077265973254 0.04536082474226804 0.5720653789004457 0.04742268041237113 0.575037147102526 0.041237113402061855 0.5705794947994056 0.032989690721649485 0.5690936106983655 0.0288659793814433
6 0.5200594353640416 0.049484536082474224 0.5304606240713224 0.05154639175257732 0.5349182763744428 0.05567010309278351 0.5393759286775631 0.05360824742268041 0.5423476968796433 0.0577319587628866 0.5482912332838039 0.05979381443298969 0.5512630014858841 0.061855670103092786 0.563150074294205 0.07010309278350516 0.5646359583952452 0.06597938144329897 0.5512630014858841 0.049484536082474224 0.537890044576523 0.03711340206185567 0.5334323922734027 0.03711340206185567 0.5200594353640416 0.041237113402061855 0.5200594353640416 0.049484536082474224
6 0.5349182763744428 0.07010309278350516 0.5349182763744428 0.06391752577319587 0.5319465081723626 0.05979381443298969 0.5319465081723626 0.06804123711340206 0.5349182763744428 0.07010309278350516
6 0.5141158989598811 0.06597938144329897 0.5200594353640416 0.06804123711340206 0.5215453194650818 0.06804123711340206 0.5215453194650818 0.061855670103092786 0.5200594353640416 0.061855670103092786 0.5141158989598811 0.05979381443298969 0.5141158989598811 0.06597938144329897
6 0.5141158989598811 0.049484536082474224 0.5170876671619614 0.049484536082474224 0.5156017830609212 0.04536082474226804 0.512630014858841 0.04536082474226804 0.5141158989598811 0.049484536082474224
6 0.5557206537890045 0.04742268041237113 0.5616641901931649 0.049484536082474224 0.5720653789004457 0.05154639175257732 0.575037147102526 0.04742268041237113 0.5557206537890045 0.04742268041237113
0 0.5676077265973254 0.18556701030927836 0.5794947994056464 0.21237113402061855 0.5839524517087668 0.24948453608247423 0.5824665676077266 0.7484536082474227 0.5735512630014858 0.7896907216494845 0.5512630014858841 0.8123711340206186 0.5022288261515602 0.8412371134020619 0.4933135215453195 0.8721649484536083 0.48588410104011887 0.8969072164948454 0.4725111441307578 0.9298969072164949 0.45319465081723626 0.954639175257732 0.4725111441307578 0.9670103092783505 0.49777117384843983 0.9752577319587629 0.5215453194650818 0.9814432989690721 0.537890044576523 0.9917525773195877 0.5601783060921248 0.9958762886597938 0.5898959881129272 0.9958762886597938 0.6285289747399703 0.9917525773195877 0.6701337295690936 0.9731958762886598 0.6998514115898959 0.9649484536082474 0.7236255572065379 0.9381443298969072 0.7340267459138187 0.9010309278350516 0.7325408618127786 0.8804123711340206 0.7176820208023774 0.8536082474226804 0.7028231797919762 0.8288659793814434 0.687964338781575 0.7855670103092783 0.6864784546805349 0.7360824742268042 0.687964338781575 0.2845360824742268 0.6894502228826151 0.22474226804123712 0.6939078751857355 0.19175257731958764 0.7102526002971769 0.15876288659793814 0.7414561664190193 0.12577319587628866 0.7518573551263001 0.10515463917525773 0.736998514115899 0.061855670103092786 0.7057949479940565 0.032989690721649485 0.6597325408618128 0.024742268041237112 0.612184249628529 0.024742268041237112 0.5542347696879644 0.030927835051546393 0.5111441307578009 0.03917525773195876 0.475482912332838 0.041237113402061855 0.4650817236255572 0.05360824742268041 0.4814264487369985 0.06597938144329897 0.49777117384843983 0.09278350515463918 0.5037147102526003 0.13814432989690723 0.5676077265973254 0.18556701030927836