0 0.39938287040280207 1 0.39404553415061294 0.9813519813519813 0.3905429071803853 0.958041958041958 0.38528896672504376 0.9347319347319347 0.38003502626970226 0.9184149184149184 0.3712784588441331 0.9020979020979021 0.3660245183887916 0.8834498834498834 0.3607705779334501 0.8741258741258742 0.3520140105078809 0.8578088578088578 0.3467600700525394 0.8414918414918415 0.3450087565674256 0.8321678321678322 0.3397548161120841 0.8228438228438228 0.3345008756567426 0.8065268065268065 0.3274956217162872 0.7972027972027972 0.329246935201401 0.8065268065268065 0.3327495621716287 0.8205128205128205 0.3362521891418564 0.8321678321678322 0.3415061295971979 0.8508158508158508 0.3467600700525394 0.8624708624708625 0.35376532399299476 0.8764568764568764 0.35901926444833626 0.8881118881118881 0.3712784588441331 0.9277389277389277 0.37653239929947463 0.9440559440559441 0.38003502626970226 0.9533799533799534 0.38353765323992994 0.9673659673659674 0.38704028021015763 0.9766899766899767 0.3905429071803853 0.9906759906759907 0.39365635376532404 1 0.39938287040280207 1
0 0.3064798598949212 0.6363636363636364 0.3064798598949212 0.6410256410256411 0.3064798598949212 0.655011655011655 0.30998248686514884 0.6713286713286714 0.3134851138353765 0.6899766899766899 0.3169877408056042 0.710955710955711 0.318739054290718 0.7272727272727273 0.3222416812609457 0.7482517482517482 0.3257443082311734 0.7692307692307693 0.3274956217162872 0.7785547785547785 0.3327495621716287 0.7878787878787878 0.3362521891418564 0.7832167832167832 0.3397548161120841 0.7738927738927739 0.3397548161120841 0.7599067599067599 0.3380035026269702 0.7389277389277389 0.3345008756567426 0.7156177156177156 0.329246935201401 0.682983682983683 0.3274956217162872 0.6573426573426573 0.3222416812609457 0.6386946386946387 0.3169877408056042 0.634032634032634 0.30998248686514884 0.6293706293706294 0.3064798598949212 0.6363636363636364
0 0.4763572679509632 0.5641025641025641 0.47285464098073554 0.5757575757575758 0.46760070052539404 0.585081585081585 0.4658493870402802 0.5990675990675991 0.4658493870402802 0.627039627039627 0.46760070052539404 0.6456876456876457 0.46935201401050786 0.668997668997669 0.46935201401050786 0.6899766899766899 0.4711033274956217 0.703962703962704 0.47285464098073554 0.7202797202797203 0.4763572679509632 0.7226107226107226 0.4868651488616462 0.7226107226107226 0.48336252189141854 0.710955710955711 0.48336252189141854 0.696969696969697 0.4798598949211909 0.6736596736596736 0.47810858143607704 0.655011655011655 0.4763572679509632 0.6317016317016317 0.4763572679509632 0.6130536130536131 0.4763572679509632 0.5967365967365967 0.4798598949211909 0.5804195804195804 0.4851138353765324 0.5617715617715617 0.4763572679509632 0.5641025641025641
3 0.38528896672504376 0.8065268065268065 0.38003502626970226 0.8065268065268065 0.37478108581436076 0.8135198135198135 0.37302977232924694 0.8228438228438228 0.36777583187390545 0.8391608391608392 0.3712784588441331 0.8531468531468531 0.38879159369527144 0.8764568764568764 0.4010507880910683 0.8881118881118881 0.43257443082311736 0.8811188811188811 0.44833625218914186 0.8717948717948718 0.45359019264448336 0.8648018648018648 0.4500875656742557 0.8461538461538461 0.43782837127845886 0.8251748251748252 0.4168126094570928 0.8321678321678322 0.4028021015761821 0.8205128205128205 0.39404553415061294 0.8088578088578089 0.38528896672504376 0.8065268065268065
8 0.38528896672504376 0.8484848484848485 0.37653239929947463 0.8438228438228438 0.3712784588441331 0.8438228438228438 0.36952714535901926 0.8484848484848485 0.37302977232924694 0.8578088578088578 0.37653239929947463 0.8648018648018648 0.38003502626970226 0.8694638694638694 0.38528896672504376 0.8624708624708625 0.3905429071803853 0.8578088578088578 0.3957968476357268 0.8531468531468531 0.39929947460595444 0.8461538461538461 0.3922942206654991 0.8484848484848485 0.38528896672504376 0.8484848484848485
6 0.45884413309982486 0.9836829836829837 0.46059544658493873 0.986013986013986 0.4658493870402802 0.986013986013986 0.4711033274956217 0.9836829836829837 0.47285464098073554 0.9813519813519813 0.46234676007005254 0.9813519813519813 0.45884413309982486 0.9836829836829837
6 0.4646818441330998 1 0.46234676007005254 0.9953379953379954 0.45709281961471104 0.9813519813519813 0.45183887915936954 0.9906759906759907 0.4560420315236427 1 0.4646818441330998 1
3 0.3415061295971979 0.5384615384615384 0.3450087565674256 0.5501165501165501 0.3555166374781086 0.5687645687645687 0.36427320490367776 0.5897435897435898 0.37828371278458844 0.6107226107226107 0.3905429071803853 0.6223776223776224 0.39929947460595444 0.6177156177156177 0.4063047285464098 0.6060606060606061 0.4133099824868651 0.5897435897435898 0.415061295971979 0.5687645687645687 0.4028021015761821 0.5501165501165501 0.38003502626970226 0.5431235431235432 0.35901926444833626 0.5361305361305362 0.3450087565674256 0.5291375291375291 0.3415061295971979 0.5384615384615384
3 0.3660245183887916 0.8787878787878788 0.3712784588441331 0.8904428904428905 0.37828371278458844 0.9067599067599068 0.38353765323992994 0.9254079254079254 0.3905429071803853 0.9463869463869464 0.3975481611208406 0.965034965034965 0.4063047285464098 0.9836829836829837 0.4185639229422067 0.9836829836829837 0.4203152364273205 0.9696969696969697 0.4133099824868651 0.951048951048951 0.39929947460595444 0.9254079254079254 0.38528896672504376 0.8997668997668997 0.36952714535901926 0.8671328671328671 0.3660245183887916 0.8787878787878788
3 0.3117338003502627 0.5011655011655012 0.29772329246935203 0.5034965034965035 0.287215411558669 0.5221445221445221 0.27845884413309985 0.5407925407925408 0.26970227670753066 0.5664335664335665 0.26444833625218916 0.5967365967365967 0.266199649737303 0.6293706293706294 0.276707530647986 0.6526806526806527 0.29246935201401053 0.6736596736596736 0.3064798598949212 0.710955710955711 0.31523642732049034 0.745920745920746 0.329246935201401 0.7738927738927739 0.3432574430823117 0.7692307692307693 0.3502626970227671 0.7435897435897436 0.35376532399299476 0.703962703962704 0.3467600700525394 0.668997668997669 0.3415061295971979 0.634032634032634 0.3345008756567426 0.585081585081585 0.329246935201401 0.5384615384615384 0.3222416812609457 0.5011655011655012 0.3117338003502627 0.5011655011655012
2 0.3555166374781086 0.6363636363636364 0.3520140105078809 0.6386946386946387 0.3450087565674256 0.6433566433566433 0.3450087565674256 0.655011655011655 0.34851138353765326 0.6713286713286714 0.3572679509632224 0.6783216783216783 0.36427320490367776 0.668997668997669 0.36777583187390545 0.655011655011655 0.36427320490367776 0.6386946386946387 0.3555166374781086 0.6363636363636364
2 0.30472854640980734 0.6386946386946387 0.3064798598949212 0.6526806526806527 0.30823117338003503 0.668997668997669 0.3117338003502627 0.6899766899766899 0.31523642732049034 0.710955710955711 0.3204903677758319 0.7389277389277389 0.3239929947460595 0.7599067599067599 0.329246935201401 0.7715617715617715 0.3380035026269702 0.7692307692307693 0.3397548161120841 0.7552447552447552 0.3362521891418564 0.7296037296037297 0.3327495621716287 0.6946386946386947 0.3257443082311734 0.6573426573426573 0.3222416812609457 0.6410256410256411 0.31523642732049034 0.6363636363636364 0.30823117338003503 0.6317016317016317 0.30472854640980734 0.6386946386946387
8 0.4115586690017513 0.9417249417249417 0.415061295971979 0.9533799533799534 0.4220665499124343 0.9557109557109557 0.4290718038528897 0.958041958041958 0.4343257443082312 0.951048951048951 0.4273204903677758 0.9440559440559441 0.4185639229422067 0.9417249417249417 0.4115586690017513 0.9417249417249417
8 0.4448336252189142 0.7132867132867133 0.44658493870402804 0.7226107226107226 0.45359019264448336 0.7156177156177156 0.45709281961471104 0.7062937062937062 0.4500875656742557 0.6923076923076923 0.44658493870402804 0.703962703962704 0.4448336252189142 0.7132867132867133
8 0.3274956217162872 0.6433566433566433 0.3327495621716287 0.6596736596736597 0.3345008756567426 0.6713286713286714 0.3362521891418564 0.6806526806526807 0.3362521891418564 0.6946386946386947 0.3397548161120841 0.710955710955711 0.3415061295971979 0.7226107226107226 0.3397548161120841 0.7342657342657343 0.3397548161120841 0.7482517482517482 0.3450087565674256 0.7622377622377622 0.34851138353765326 0.7715617715617715 0.3502626970227671 0.7808857808857809 0.3572679509632224 0.7948717948717948 0.36252189141856395 0.8041958041958042 0.36777583187390545 0.8041958041958042 0.3660245183887916 0.7902097902097902 0.36252189141856395 0.7762237762237763 0.3607705779334501 0.7599067599067599 0.3572679509632224 0.7482517482517482 0.3520140105078809 0.7482517482517482 0.3467600700525394 0.745920745920746 0.3432574430823117 0.7365967365967366 0.3467600700525394 0.7319347319347319 0.3502626970227671 0.7365967365967366 0.3555166374781086 0.7365967365967366 0.3555166374781086 0.7272727272727273 0.3555166374781086 0.7156177156177156 0.35376532399299476 0.703962703962704 0.3520140105078809 0.6899766899766899 0.35376532399299476 0.6783216783216783 0.3572679509632224 0.662004662004662 0.3572679509632224 0.6526806526806527 0.3607705779334501 0.6480186480186481 0.3572679509632224 0.6433566433566433 0.35376532399299476 0.6433566433566433 0.3555166374781086 0.634032634032634 0.34851138353765326 0.6386946386946387 0.3467600700525394 0.6456876456876457 0.3467600700525394 0.655011655011655 0.3467600700525394 0.662004662004662 0.3432574430823117 0.6596736596736597 0.3415061295971979 0.6480186480186481 0.3397548161120841 0.6410256410256411 0.3397548161120841 0.6363636363636364 0.3362521891418564 0.627039627039627 0.3380035026269702 0.6177156177156177 0.3397548161120841 0.6083916083916084 0.3362521891418564 0.5967365967365967 0.3327495621716287 0.5874125874125874 0.3309982486865149 0.5804195804195804 0.329246935201401 0.5594405594405595 0.3257443082311734 0.5477855477855478 0.3239929947460595 0.5407925407925408 0.3204903677758319 0.5431235431235432 0.3239929947460595 0.5524475524475524 0.3257443082311734 0.5594405594405595 0.329246935201401 0.62004662004662 0.3257443082311734 0.6317016317016317 0.3274956217162872 0.6433566433566433
8 0.30472854640980734 0.5687645687645687 0.30998248686514884 0.5734265734265734 0.318739054290718 0.578088578088578 0.3204903677758319 0.5734265734265734 0.3169877408056042 0.5617715617715617 0.31523642732049034 0.5547785547785548 0.30998248686514884 0.5454545454545454 0.3064798598949212 0.5524475524475524 0.30472854640980734 0.5501165501165501 0.29947460595446584 0.5454545454545454 0.29947460595446584 0.5571095571095571 0.29772329246935203 0.5687645687645687 0.30472854640980734 0.5687645687645687
8 0.30297723292469353 0.5034965034965035 0.29597197898423816 0.5058275058275058 0.287215411558669 0.5104895104895105 0.28371278458844135 0.5198135198135199 0.28021015761821366 0.5314685314685315 0.27495621716287216 0.5407925407925408 0.2679509632224168 0.5524475524475524 0.26444833625218916 0.5710955710955711 0.2609457092819615 0.5827505827505828 0.2591943957968476 0.5944055944055944 0.2609457092819615 0.6037296037296037 0.276707530647986 0.6247086247086248 0.27845884413309985 0.6177156177156177 0.27495621716287216 0.6083916083916084 0.2714535901926445 0.5990675990675991 0.2714535901926445 0.5827505827505828 0.27495621716287216 0.5710955710955711 0.28021015761821366 0.5594405594405595 0.28371278458844135 0.5617715617715617 0.28021015761821366 0.5477855477855478 0.28546409807355516 0.5501165501165501 0.29071803852889666 0.5454545454545454 0.29071803852889666 0.5361305361305362 0.28896672504378285 0.5291375291375291 0.29422066549912435 0.5198135198135199 0.29947460595446584 0.5151515151515151 0.30472854640980734 0.5174825174825175 0.30998248686514884 0.5174825174825175 0.3117338003502627 0.5244755244755245 0.318739054290718 0.5244755244755245 0.3222416812609457 0.5151515151515151 0.3257443082311734 0.5058275058275058 0.3309982486865149 0.4965034965034965 0.3309982486865149 0.48717948717948717 0.3327495621716287 0.47785547785547783 0.329246935201401 0.4755244755244755 0.3257443082311734 0.4825174825174825 0.3257443082311734 0.49184149184149184 0.3239929947460595 0.49417249417249415 0.3239929947460595 0.5034965034965035 0.3134851138353765 0.4988344988344988 0.30297723292469353 0.5034965034965035
8 0.37828371278458844 0.5804195804195804 0.37828371278458844 0.5874125874125874 0.38353765323992994 0.5944055944055944 0.3905429071803853 0.6013986013986014 0.3905429071803853 0.5967365967365967 0.38704028021015763 0.5874125874125874 0.38528896672504376 0.5804195804195804 0.37828371278458844 0.5804195804195804
8 0.38003502626970226 0.5477855477855478 0.37828371278458844 0.5547785547785548 0.38003502626970226 0.5710955710955711 0.38353765323992994 0.5757575757575758 0.38879159369527144 0.5757575757575758 0.3905429071803853 0.5687645687645687 0.38704028021015763 0.5664335664335665 0.38528896672504376 0.5571095571095571 0.38528896672504376 0.5477855477855478 0.38003502626970226 0.5477855477855478
8 0.4010507880910683 0.5664335664335665 0.39404553415061294 0.5664335664335665 0.39404553415061294 0.5757575757575758 0.39404553415061294 0.5944055944055944 0.3975481611208406 0.6083916083916084 0.4028021015761821 0.6223776223776224 0.4115586690017513 0.6293706293706294 0.4098073555166375 0.6247086247086248 0.4080560420315236 0.6130536130536131 0.404553415061296 0.5990675990675991 0.4028021015761821 0.585081585081585 0.404553415061296 0.5710955710955711 0.4010507880910683 0.5664335664335665
3 0.649737302977233 1 0.6304728546409807 0.9230769230769231 0.6042031523642732 0.7832167832167832 0.5989492119089317 0.7365967365967366 0.5884413309982487 0.7156177156177156 0.5726795096322241 0.710955710955711 0.4921190893169877 0.7249417249417249 0.45884413309982486 0.7342657342657343 0.4448336252189142 0.7808857808857809 0.47810858143607704 0.8927738927738927 0.5220506287215412 1 0.649737302977233 1
6 0.4098073555166375 0.20512820512820512 0.4168126094570928 0.20046620046620048 0.4063047285464098 0.20046620046620048 0.404553415061296 0.19347319347319347 0.3975481611208406 0.20745920745920746 0.4098073555166375 0.20512820512820512
8 0.4413309982486865 0.7482517482517482 0.4395796847635727 0.7738927738927739 0.44658493870402804 0.7622377622377622 0.45359019264448336 0.7808857808857809 0.46409807355516636 0.8111888111888111 0.5043782837127846 0.8857808857808858 0.500875656742557 0.8531468531468531 0.4746059544658494 0.7482517482517482 0.4413309982486865 0.7482517482517482
8 0.47810858143607704 0.3146853146853147 0.46760070052539404 0.31934731934731936 0.4658493870402802 0.331002331002331 0.46935201401050786 0.37995337995337997 0.47285464098073554 0.38461538461538464 0.4746059544658494 0.3962703962703963 0.4798598949211909 0.40326340326340326 0.4903677758318739 0.38461538461538464 0.4868651488616462 0.32400932400932403 0.47810858143607704 0.3146853146853147
0 0.5202010210157618 1 0.4448336252189142 0.7645687645687645 0.44308231173380036 0.7435897435897436 0.45709281961471104 0.7319347319347319 0.4746059544658494 0.7296037296037297 0.4798598949211909 0.7202797202797203 0.4746059544658494 0.6083916083916084 0.48336252189141854 0.5547785547785548 0.47810858143607704 0.5291375291375291 0.47285464098073554 0.5104895104895105 0.47285464098073554 0.46853146853146854 0.47810858143607704 0.40792540792540793 0.4763572679509632 0.3543123543123543 0.4658493870402802 0.3006993006993007 0.4203152364273205 0.2937062937062937 0.3905429071803853 0.3006993006993007 0.3397548161120841 0.32167832167832167 0.29071803852889666 0.337995337995338 0.27495621716287216 0.4149184149184149 0.2609457092819615 0.5034965034965035 0.2609457092819615 0.5547785547785548 0.266199649737303 0.6130536130536131 0.27845884413309985 0.6783216783216783 0.3169877408056042 0.7389277389277389 0.3327495621716287 0.8135198135198135 0.37653239929947463 0.9137529137529138 0.39525199474605954 1 0.5202010210157618 1
5 0.521891418563923 0.9090909090909091 0.5446584938704028 0.993006993006993 0.5919439579684763 0.986013986013986 0.5656742556917689 0.9020979020979021 0.521891418563923 0.9090909090909091