3 0.34205933682373474 0.48484848484848486 0.35602094240837695 0.46153846153846156 0.3647469458987784 0.43123543123543123 0.3612565445026178 0.3752913752913753 0.35602094240837695 0.3543123543123543 0.3472949389179756 0.32634032634032634 0.3368237347294939 0.34498834498834496 0.32809773123909247 0.36596736596736595 0.32809773123909247 0.41025641025641024 0.33158813263525305 0.4289044289044289 0.33856893542757416 0.46853146853146854 0.34205933682373474 0.48484848484848486
3 0.4083769633507853 0.20512820512820512 0.4258289703315881 0.1864801864801865 0.450261780104712 0.1585081585081585 0.4712041884816754 0.1351981351981352 0.4781849912739965 0.10256410256410256 0.4816753926701571 0.07459207459207459 0.47469458987783597 0.04895104895104895 0.4572425828970332 0.04195804195804196 0.4467713787085515 0.04895104895104895 0.4258289703315881 0.06293706293706294 0.41361256544502617 0.09090909090909091 0.4048865619546248 0.1258741258741259 0.39092495636998253 0.15384615384615385 0.387434554973822 0.18181818181818182 0.387434554973822 0.21212121212121213 0.4083769633507853 0.20512820512820512
5 0.6666666666666666 0.5944055944055944 0.6823734729493892 0.5827505827505828 0.6945898778359512 0.5431235431235432 0.7033158813263525 0.4825174825174825 0.7155322862129145 0.4358974358974359 0.7155322862129145 0.3986013986013986 0.7120418848167539 0.34498834498834496 0.699825479930192 0.317016317016317 0.6788830715532286 0.317016317016317 0.6684118673647469 0.32167832167832167 0.6561954624781849 0.358974358974359 0.6492146596858639 0.40792540792540793 0.643979057591623 0.44988344988344986 0.6404886561954625 0.4755244755244755 0.6335078534031413 0.5081585081585082 0.6369982547993019 0.5431235431235432 0.6509598603839442 0.5571095571095571 0.6666666666666666 0.5944055944055944
6 0.5671902268760908 0.5967365967365967 0.5759162303664922 0.5897435897435898 0.5671902268760908 0.578088578088578 0.5584642233856894 0.5804195804195804 0.5532286212914486 0.5967365967365967 0.5671902268760908 0.5967365967365967
6 0.5741710296684118 0.5594405594405595 0.5794066317626527 0.5477855477855478 0.5724258289703316 0.5431235431235432 0.5619546247818499 0.5477855477855478 0.5602094240837696 0.5641025641025641 0.5741710296684118 0.5594405594405595
6 0.6649214659685864 0.20745920745920746 0.6666666666666666 0.19114219114219114 0.6596858638743456 0.18414918414918416 0.6544502617801047 0.19347319347319347 0.6561954624781849 0.2191142191142191 0.6649214659685864 0.20745920745920746
0 0.4799301919720768 0.6130536130536131 0.49214659685863876 0.6037296037296037 0.506108202443281 0.5990675990675991 0.5305410122164049 0.5757575757575758 0.5445026178010471 0.5571095571095571 0.5706806282722513 0.4755244755244755 0.5776614310645725 0.4405594405594406 0.5776614310645725 0.3939393939393939 0.5759162303664922 0.3543123543123543 0.5654450261780105 0.32400932400932403 0.5532286212914486 0.3006993006993007 0.5427574171029669 0.28438228438228436 0.5322862129144852 0.337995337995338 0.5200698080279232 0.372960372960373 0.5165794066317626 0.4149184149184149 0.5078534031413613 0.4522144522144522 0.49912739965095987 0.4988344988344988 0.4886561954624782 0.5431235431235432 0.47469458987783597 0.5944055944055944 0.4799301919720768 0.6130536130536131
0 0.36649214659685864 0.8158508158508159 0.37521815008726006 0.8251748251748252 0.39965095986038396 0.8344988344988346 0.41535776614310643 0.8321678321678322 0.4397905759162304 0.8368298368298368 0.4607329842931937 0.8368298368298368 0.4816753926701571 0.8368298368298368 0.5078534031413613 0.8321678321678322 0.5445026178010471 0.8298368298368298 0.5619546247818499 0.8158508158508159 0.5462478184991274 0.8158508158508159 0.5340314136125655 0.8158508158508159 0.5026178010471204 0.8158508158508159 0.47469458987783597 0.8158508158508159 0.4572425828970332 0.8158508158508159 0.4328097731239092 0.8158508158508159 0.41535776614310643 0.8111888111888111 0.39790575916230364 0.8088578088578089 0.36300174520069806 0.7948717948717948 0.3472949389179756 0.8065268065268065 0.36649214659685864 0.8158508158508159
0 0.2931937172774869 0.9440559440559441 0.31762652705061084 0.9324009324009324 0.3263525305410122 0.8904428904428905 0.3333333333333333 0.8648018648018648 0.33507853403141363 0.8065268065268065 0.3193717277486911 0.8018648018648019 0.3019197207678883 0.8321678321678322 0.28272251308900526 0.8554778554778555 0.2774869109947644 0.8787878787878788 0.2792321116928447 0.9184149184149184 0.2931937172774869 0.9440559440559441
0 0.4140153036649215 0 0.40663176265270506 0.011655011655011656 0.3856893542757417 0.06060606060606061 0.3647469458987784 0.1258741258741259 0.34205933682373474 0.1958041958041958 0.32111692844677137 0.2680652680652681 0.3263525305410122 0.28205128205128205 0.3298429319371728 0.31002331002331 0.33158813263525305 0.34498834498834496 0.3333333333333333 0.3822843822843823 0.33507853403141363 0.4219114219114219 0.3368237347294939 0.47086247086247085 0.3368237347294939 0.5384615384615384 0.33507853403141363 0.6177156177156177 0.3333333333333333 0.7062937062937062 0.3298429319371728 0.7482517482517482 0.3403141361256545 0.7622377622377622 0.35602094240837695 0.7668997668997669 0.493891797556719 0.5664335664335665 0.5270506108202443 0.38461538461538464 0.525305410122164 0.32867132867132864 0.5095986038394416 0.19347319347319347 0.4956369982547993 0.10256410256410256 0.48342059336823734 0.037296037296037296 0.4737548656195463 0 0.4140153036649215 0
0 0.4652337643979058 0 0.47294938917975565 0.03263403263403263 0.4816753926701571 0.06993006993006994 0.493891797556719 0.12121212121212122 0.5026178010471204 0.17715617715617715 0.5095986038394416 0.23543123543123542 0.518324607329843 0.30303030303030304 0.5235602094240838 0.34965034965034963 0.5322862129144852 0.317016317016317 0.5427574171029669 0.2773892773892774 0.5584642233856894 0.30536130536130535 0.5776614310645725 0.34265734265734266 0.581151832460733 0.36363636363636365 0.5794066317626527 0.4219114219114219 0.5741710296684118 0.4592074592074592 0.5636998254799301 0.5081585081585082 0.5462478184991274 0.5547785547785548 0.5305410122164049 0.5827505827505828 0.5026178010471204 0.6037296037296037 0.46596858638743455 0.6083916083916084 0.4816753926701571 0.6783216783216783 0.4869109947643979 0.7086247086247086 0.5671902268760908 0.6666666666666666 0.62478184991274 0.6526806526806527 0.680628272251309 0.6526806526806527 0.7120418848167539 0.5874125874125874 0.7242582897033158 0.5314685314685315 0.7399650959860384 0.4219114219114219 0.7382198952879581 0.3473193473193473 0.7364746945898778 0.30303030303030304 0.7137870855148342 0.25874125874125875 0.6893542757417103 0.23543123543123542 0.6841186736474695 0.2097902097902098 0.6666666666666666 0.11888111888111888 0.6509598603839442 0.05128205128205128 0.6335078534031413 0.006993006993006993 0.6230366492146597 0.002331002331002331 0.624490982547993 0 0.4652337643979058 0