0 0.3543307086614173 0.3445378151260504 0.352755905511811 0.3550420168067227 0.384251968503937 0.3697478991596639 0.41732283464566927 0.38445378151260506 0.46614173228346456 0.4096638655462185 0.48661417322834644 0.42436974789915966 0.49921259842519683 0.43487394957983194 0.510236220472441 0.44537815126050423 0.5417322834645669 0.4495798319327731 0.5937007874015748 0.4579831932773109 0.6236220472440945 0.46008403361344535 0.6283464566929133 0.453781512605042 0.6377952755905512 0.44537815126050423 0.6503937007874016 0.4411764705882353 0.6645669291338583 0.43907563025210083 0.6850393700787402 0.4327731092436975 0.7196850393700788 0.42436974789915966 0.7385826771653543 0.42016806722689076 0.7464566929133858 0.42016806722689076 0.7480314960629921 0.4117647058823529 0.7464566929133858 0.39915966386554624 0.7464566929133858 0.3865546218487395 0.752755905511811 0.37815126050420167 0.7543307086614173 0.40336134453781514 0.75748031496063 0.4117647058823529 0.7559055118110236 0.4264705882352941 0.7653543307086614 0.4327731092436975 0.7700787401574803 0.4327731092436975 0.7700787401574803 0.4432773109243697 0.7637795275590551 0.4474789915966387 0.7480314960629921 0.4432773109243697 0.7385826771653543 0.4474789915966387 0.7259842519685039 0.4495798319327731 0.705511811023622 0.4579831932773109 0.6755905511811023 0.46638655462184875 0.6519685039370079 0.47478991596638653 0.6346456692913386 0.4831932773109244 0.6283464566929133 0.4894957983193277 0.6141732283464567 0.49159663865546216 0.5889763779527559 0.48739495798319327 0.5779527559055118 0.4789915966386555 0.5070866141732283 0.4642857142857143 0.49606299212598426 0.4495798319327731 0.47874015748031495 0.43487394957983194 0.4566929133858268 0.42016806722689076 0.4393700787401575 0.4096638655462185 0.4110236220472441 0.39285714285714285 0.3952755905511811 0.38235294117647056 0.3763779527559055 0.37184873949579833 0.3732283464566929 0.3697478991596639 0.3732283464566929 0.36764705882352944 0.3716535433070866 0.36764705882352944 0.3700787401574803 0.36764705882352944 0.352755905511811 0.35714285714285715 0.352755905511811 0.3550420168067227 0.34960629921259845 0.35294117647058826 0.34960629921259845 0.3403361344537815 0.34960629921259845 0.32563025210084034 0.35118110236220473 0.32142857142857145 0.352755905511811 0.31932773109243695 0.352755905511811 0.3172268907563025 0.3543307086614173 0.3172268907563025
0 0.42992125984251967 0.5105042016806722 0.4409448818897638 0.5063025210084033 0.4503937007874016 0.5063025210084033 0.462992125984252 0.5063025210084033 0.4692913385826772 0.5084033613445378 0.47401574803149604 0.5147058823529411 0.48031496062992124 0.523109243697479 0.48503937007874015 0.5315126050420168 0.48976377952755906 0.5357142857142857 0.49763779527559054 0.542016806722689 0.5133858267716536 0.5462184873949579 0.5275590551181102 0.5504201680672269 0.5433070866141733 0.5525210084033614 0.5574803149606299 0.5525210084033614 0.5716535433070866 0.5546218487394958 0.5826771653543307 0.5567226890756303 0.6015748031496063 0.5588235294117647 0.6094488188976378 0.5462184873949579 0.5921259842519685 0.4852941176470588 0.6267716535433071 0.4894957983193277 0.6267716535433071 0.5168067226890757 0.6393700787401575 0.5588235294117647 0.6566929133858268 0.6596638655462185 0.7196850393700788 0.6407563025210085 0.752755905511811 0.6218487394957983 0.7732283464566929 0.6071428571428571 0.7811023622047244 0.569327731092437 0.7858267716535433 0.5042016806722689 0.7984251968503937 0.5189075630252101 0.8015748031496063 0.5504201680672269 0.7984251968503937 0.5945378151260504 0.7921259842519685 0.6239495798319328 0.6598425196850394 0.6764705882352942 0.6440944881889764 0.6869747899159664 0.6346456692913386 0.6890756302521008 0.6220472440944882 0.6932773109243697 0.6062992125984252 0.6932773109243697 0.5921259842519685 0.6974789915966386 0.5811023622047244 0.6995798319327731 0.5622047244094488 0.6995798319327731 0.552755905511811 0.6995798319327731 0.5417322834645669 0.7016806722689075 0.5275590551181102 0.7016806722689075 0.5118110236220472 0.7037815126050421 0.49921259842519683 0.6995798319327731 0.48661417322834644 0.7016806722689075 0.4692913385826772 0.6974789915966386 0.462992125984252 0.6932773109243697 0.4566929133858268 0.6680672268907563 0.45511811023622045 0.6533613445378151 0.45511811023622045 0.6386554621848739 0.4519685039370079 0.6239495798319328 0.4519685039370079 0.6113445378151261 0.4503937007874016 0.5966386554621849 0.4503937007874016 0.5861344537815126 0.4456692913385827 0.5756302521008403 0.4456692913385827 0.5630252100840336 0.4440944881889764 0.5525210084033614 0.44251968503937006 0.5441176470588235 0.44251968503937006 0.5336134453781513 0.4377952755905512 0.5273109243697479 0.4330708661417323 0.5189075630252101
6 0.7464566929133858 0.36764705882352944 0.7480314960629921 0.36764705882352944 0.7480314960629921 0.3697478991596639 0.7480314960629921 0.37184873949579833 0.7464566929133858 0.37184873949579833 0.7464566929133858 0.3760504201680672 0.7448818897637796 0.3760504201680672 0.7448818897637796 0.3739495798319328 0.7448818897637796 0.3697478991596639 0.7448818897637796 0.36764705882352944
6 0.5322834645669291 0.4411764705882353 0.5322834645669291 0.4411764705882353 0.5307086614173229 0.43907563025210083 0.5291338582677165 0.43907563025210083 0.5275590551181102 0.43907563025210083 0.5275590551181102 0.4411764705882353 0.5275590551181102 0.4432773109243697 0.5291338582677165 0.44537815126050423 0.5307086614173229 0.44537815126050423 0.5322834645669291 0.4432773109243697
6 0.5921259842519685 0.4411764705882353 0.5921259842519685 0.4411764705882353 0.5905511811023622 0.4411764705882353 0.5905511811023622 0.4411764705882353 0.5889763779527559 0.4432773109243697 0.5905511811023622 0.44537815126050423 0.5921259842519685 0.44537815126050423 0.5937007874015748 0.44537815126050423 0.5937007874015748 0.4432773109243697
6 0.5496062992125984 0.44537815126050423 0.5496062992125984 0.44537815126050423 0.5496062992125984 0.4432773109243697 0.5496062992125984 0.4411764705882353 0.5464566929133858 0.4411764705882353 0.5433070866141733 0.4411764705882353 0.5433070866141733 0.4432773109243697 0.5448818897637795 0.44537815126050423 0.5464566929133858 0.4474789915966387 0.5464566929133858 0.4474789915966387 0.5496062992125984 0.4474789915966387
6 0.5039370078740157 0.43487394957983194 0.5039370078740157 0.43487394957983194 0.5039370078740157 0.4327731092436975 0.5023622047244094 0.43067226890756305 0.5007874015748032 0.43067226890756305 0.49921259842519683 0.4327731092436975 0.49921259842519683 0.43487394957983194 0.49921259842519683 0.43487394957983194 0.5007874015748032 0.4369747899159664 0.5023622047244094 0.4369747899159664
6 0.510236220472441 0.4474789915966387 0.5118110236220472 0.4474789915966387 0.5133858267716536 0.4432773109243697 0.510236220472441 0.4432773109243697 0.5086614173228347 0.4432773109243697 0.5070866141732283 0.44537815126050423 0.5086614173228347 0.4474789915966387
6 0.5496062992125984 0.4327731092436975 0.5496062992125984 0.4327731092436975 0.5464566929133858 0.43067226890756305 0.5448818897637795 0.4327731092436975 0.5433070866141733 0.4369747899159664 0.5448818897637795 0.43907563025210083 0.5480314960629922 0.4369747899159664 0.5480314960629922 0.4369747899159664 0.5480314960629922 0.4369747899159664 0.5496062992125984 0.4369747899159664
6 0.5165354330708661 0.43067226890756305 0.5165354330708661 0.43067226890756305 0.5149606299212598 0.43067226890756305 0.5133858267716536 0.43067226890756305 0.5118110236220472 0.43067226890756305 0.5118110236220472 0.4327731092436975 0.5149606299212598 0.43487394957983194 0.5165354330708661 0.43487394957983194
6 0.5669291338582677 0.38445378151260506 0.5669291338582677 0.3865546218487395 0.5669291338582677 0.38865546218487396 0.568503937007874 0.38865546218487396 0.5700787401574803 0.38865546218487396 0.5700787401574803 0.3865546218487395 0.5700787401574803 0.38445378151260506 0.568503937007874 0.38235294117647056 0.568503937007874 0.38235294117647056
6 0.6110236220472441 0.45588235294117646 0.6125984251968504 0.453781512605042 0.6125984251968504 0.45168067226890757 0.6125984251968504 0.4495798319327731 0.6110236220472441 0.4474789915966387 0.6078740157480315 0.45168067226890757 0.6078740157480315 0.453781512605042 0.6062992125984252 0.45588235294117646 0.6047244094488189 0.45588235294117646 0.6031496062992125 0.4579831932773109 0.6031496062992125 0.46008403361344535 0.6078740157480315 0.46008403361344535
6 0.48661417322834644 0.41596638655462187 0.48976377952755906 0.41596638655462187 0.49133858267716535 0.41386554621848737 0.49133858267716535 0.4117647058823529 0.48976377952755906 0.4096638655462185 0.4881889763779528 0.4096638655462185 0.48661417322834644 0.4117647058823529 0.48503937007874015 0.41596638655462187 0.48503937007874015 0.41596638655462187 0.48503937007874015 0.4180672268907563
6 0.49133858267716535 0.45168067226890757 0.49291338582677163 0.45168067226890757 0.494488188976378 0.45168067226890757 0.49606299212598426 0.45168067226890757 0.49763779527559054 0.4495798319327731 0.49763779527559054 0.4474789915966387 0.49606299212598426 0.44537815126050423 0.494488188976378 0.44537815126050423 0.49291338582677163 0.44537815126050423 0.49133858267716535 0.4474789915966387 0.49133858267716535 0.4495798319327731
6 0.48976377952755906 0.4579831932773109 0.49291338582677163 0.4579831932773109 0.494488188976378 0.4579831932773109 0.49606299212598426 0.4579831932773109 0.49606299212598426 0.45588235294117646 0.49606299212598426 0.453781512605042 0.49291338582677163 0.45168067226890757 0.48976377952755906 0.45168067226890757 0.4881889763779528 0.453781512605042 0.4881889763779528 0.45588235294117646 0.4881889763779528 0.45588235294117646 0.4881889763779528 0.45588235294117646
6 0.45984251968503936 0.44537815126050423 0.45984251968503936 0.44537815126050423 0.46141732283464565 0.44537815126050423 0.46141732283464565 0.4432773109243697 0.462992125984252 0.4411764705882353 0.46141732283464565 0.43907563025210083 0.45984251968503936 0.43907563025210083 0.4566929133858268 0.43907563025210083 0.4566929133858268 0.4411764705882353 0.4566929133858268 0.4432773109243697 0.4566929133858268 0.44537815126050423
6 0.4267716535433071 0.40336134453781514 0.4267716535433071 0.4012605042016807 0.4251968503937008 0.4012605042016807 0.42362204724409447 0.4012605042016807 0.4220472440944882 0.4012605042016807 0.4220472440944882 0.40336134453781514 0.42362204724409447 0.4054621848739496 0.4267716535433071 0.4054621848739496
6 0.5055118110236221 0.4579831932773109 0.5039370078740157 0.453781512605042 0.5007874015748032 0.453781512605042 0.5007874015748032 0.45588235294117646 0.5007874015748032 0.45588235294117646 0.5007874015748032 0.4579831932773109 0.5023622047244094 0.4579831932773109 0.5039370078740157 0.4579831932773109
6 0.47716535433070867 0.5357142857142857 0.47716535433070867 0.5357142857142857 0.4755905511811024 0.5315126050420168 0.47401574803149604 0.5294117647058824 0.47086614173228347 0.5294117647058824 0.4692913385826772 0.5336134453781513 0.4692913385826772 0.5357142857142857 0.47244094488188976 0.5399159663865546 0.4755905511811024 0.5399159663865546
6 0.48031496062992124 0.5294117647058824 0.4818897637795276 0.5294117647058824 0.48503937007874015 0.5294117647058824 0.48661417322834644 0.5336134453781513 0.48661417322834644 0.5399159663865546 0.48503937007874015 0.5441176470588235 0.4818897637795276 0.5441176470588235 0.48031496062992124 0.5399159663865546 0.47874015748031495 0.5378151260504201 0.47874015748031495 0.5336134453781513
6 0.48976377952755906 0.5504201680672269 0.48976377952755906 0.5483193277310925 0.4881889763779528 0.5483193277310925 0.48503937007874015 0.5504201680672269 0.4818897637795276 0.5525210084033614 0.48031496062992124 0.5546218487394958 0.4818897637795276 0.5588235294117647 0.48661417322834644 0.5588235294117647 0.48976377952755906 0.5588235294117647 0.48976377952755906 0.5546218487394958
6 0.49133858267716535 0.5525210084033614 0.49133858267716535 0.5525210084033614 0.49133858267716535 0.5588235294117647 0.494488188976378 0.5609243697478992 0.49921259842519683 0.5609243697478992 0.49921259842519683 0.5546218487394958 0.49606299212598426 0.5504201680672269 0.494488188976378 0.5504201680672269
6 0.5007874015748032 0.5651260504201681 0.5007874015748032 0.5630252100840336 0.49606299212598426 0.5609243697478992 0.49133858267716535 0.5651260504201681 0.4881889763779528 0.5672268907563025 0.4881889763779528 0.5714285714285714 0.48976377952755906 0.5735294117647058 0.49606299212598426 0.5735294117647058 0.49921259842519683 0.5756302521008403 0.5023622047244094 0.5714285714285714
6 0.5133858267716536 0.5567226890756303 0.5133858267716536 0.5525210084033614 0.510236220472441 0.5504201680672269 0.5055118110236221 0.5525210084033614 0.5039370078740157 0.5567226890756303 0.5055118110236221 0.5588235294117647 0.5086614173228347 0.5609243697478992 0.5118110236220472 0.5609243697478992
6 0.5165354330708661 0.569327731092437 0.5133858267716536 0.5672268907563025 0.5086614173228347 0.569327731092437 0.5055118110236221 0.5735294117647058 0.5039370078740157 0.5777310924369747 0.5086614173228347 0.5798319327731093 0.5118110236220472 0.5777310924369747 0.5133858267716536 0.5756302521008403 0.5149606299212598 0.5756302521008403
6 0.5118110236220472 0.5462184873949579 0.5118110236220472 0.5483193277310925 0.5149606299212598 0.5525210084033614 0.5165354330708661 0.5567226890756303 0.5181102362204725 0.5609243697478992 0.5181102362204725 0.5651260504201681 0.5196850393700787 0.5672268907563025 0.5228346456692914 0.5714285714285714 0.525984251968504 0.5798319327731093 0.5291338582677165 0.5840336134453782 0.537007874015748 0.5861344537815126 0.5401574803149606 0.5798319327731093 0.5385826771653544 0.5735294117647058 0.5385826771653544 0.569327731092437 0.5433070866141733 0.5735294117647058 0.5464566929133858 0.5672268907563025 0.5464566929133858 0.5609243697478992 0.5480314960629922 0.5567226890756303 0.552755905511811 0.5525210084033614 0.5464566929133858 0.5483193277310925 0.5401574803149606 0.5483193277310925 0.5307086614173229 0.5483193277310925 0.525984251968504 0.5483193277310925 0.5244094488188976 0.5504201680672269 0.5228346456692914 0.5546218487394958 0.5196850393700787 0.5504201680672269 0.5165354330708661 0.5441176470588235 0.5133858267716536 0.5441176470588235
6 0.552755905511811 0.5987394957983193 0.5511811023622047 0.5966386554621849 0.5480314960629922 0.5966386554621849 0.5433070866141733 0.5966386554621849 0.5433070866141733 0.6008403361344538 0.5448818897637795 0.6029411764705882 0.5480314960629922 0.6050420168067226 0.5511811023622047 0.6050420168067226 0.552755905511811 0.6029411764705882
6 0.5322834645669291 0.592436974789916 0.5307086614173229 0.5903361344537815 0.5291338582677165 0.5882352941176471 0.5275590551181102 0.592436974789916 0.5275590551181102 0.5987394957983193 0.5275590551181102 0.6008403361344538 0.5307086614173229 0.5987394957983193 0.5338582677165354 0.5966386554621849 0.5338582677165354 0.5903361344537815
6 0.521259842519685 0.5966386554621849 0.521259842519685 0.592436974789916 0.5181102362204725 0.592436974789916 0.5149606299212598 0.5945378151260504 0.5133858267716536 0.5945378151260504 0.5133858267716536 0.5987394957983193 0.5165354330708661 0.6008403361344538 0.5196850393700787 0.6008403361344538 0.521259842519685 0.6008403361344538 0.5228346456692914 0.5987394957983193 0.5228346456692914 0.5966386554621849
6 0.6173228346456693 0.5903361344537815 0.6173228346456693 0.5882352941176471 0.6141732283464567 0.5882352941176471 0.6078740157480315 0.5903361344537815 0.6078740157480315 0.5945378151260504 0.6110236220472441 0.5987394957983193 0.6125984251968504 0.5987394957983193 0.6157480314960629 0.5966386554621849
6 0.5622047244094488 0.5945378151260504 0.5590551181102362 0.5903361344537815 0.5574803149606299 0.5903361344537815 0.5543307086614173 0.5966386554621849 0.5543307086614173 0.5987394957983193 0.5543307086614173 0.6008403361344538 0.5574803149606299 0.6050420168067226 0.5622047244094488 0.6029411764705882 0.5637795275590551 0.5987394957983193
6 0.584251968503937 0.6050420168067226 0.5826771653543307 0.6029411764705882 0.5779527559055118 0.6008403361344538 0.5748031496062992 0.6029411764705882 0.573228346456693 0.6050420168067226 0.573228346456693 0.6071428571428571 0.573228346456693 0.6092436974789915 0.5763779527559055 0.6092436974789915 0.5826771653543307 0.6113445378151261 0.584251968503937 0.6113445378151261
6 0.5653543307086614 0.5567226890756303 0.5622047244094488 0.5525210084033614 0.5559055118110237 0.5504201680672269 0.552755905511811 0.5546218487394958 0.5496062992125984 0.5567226890756303 0.5511811023622047 0.5609243697478992 0.5606299212598426 0.5651260504201681 0.5637795275590551 0.5630252100840336
3 0.6330708661417322 0.32563025210084034 0.6362204724409449 0.3319327731092437 0.6456692913385826 0.3403361344537815 0.6519685039370079 0.3445378151260504 0.6598425196850394 0.35084033613445376 0.6724409448818898 0.35714285714285715 0.6881889763779527 0.36134453781512604 0.6960629921259842 0.36554621848739494 0.7023622047244095 0.3697478991596639 0.7165354330708661 0.37815126050420167 0.7228346456692913 0.38445378151260506 0.7259842519685039 0.3907563025210084 0.7259842519685039 0.39915966386554624 0.721259842519685 0.4054621848739496 0.7181102362204724 0.4096638655462185 0.7149606299212599 0.42016806722689076 0.721259842519685 0.4264705882352941 0.7370078740157481 0.42436974789915966 0.7496062992125985 0.42436974789915966 0.7496062992125985 0.41386554621848737 0.7511811023622047 0.4012605042016807 0.7496062992125985 0.38865546218487396 0.7496062992125985 0.37184873949579833 0.7496062992125985 0.36554621848739494 0.7448818897637796 0.3592436974789916 0.7370078740157481 0.35084033613445376 0.7291338582677165 0.34663865546218486 0.7149606299212599 0.3403361344537815 0.7070866141732284 0.3382352941176471 0.6992125984251969 0.33403361344537813 0.6897637795275591 0.32983193277310924 0.6771653543307087 0.3235294117647059 0.6661417322834645 0.32142857142857145 0.6566929133858268 0.31932773109243695 0.647244094488189 0.31932773109243695 0.6393700787401575 0.32142857142857145
5 0.7716535433070866 0.43487394957983194 0.7669291338582677 0.4180672268907563 0.7590551181102362 0.3865546218487395 0.752755905511811 0.3739495798319328 0.7496062992125985 0.38235294117647056 0.7480314960629921 0.39915966386554624 0.7496062992125985 0.4222689075630252 0.7559055118110236 0.4369747899159664 0.7669291338582677 0.4411764705882353