8 0.5888290713324361 0.2774725274725275 0.582099596231494 0.27197802197802196 0.572678331090175 0.26465201465201466 0.572678331090175 0.28113553113553114 0.5646029609690444 0.28296703296703296 0.5767160161507402 0.29212454212454214 0.5861372812920592 0.2902930402930403 0.5888290713324361 0.2774725274725275
8 0.6224764468371468 0.29945054945054944 0.6184387617765814 0.2902930402930403 0.6130551816958277 0.28846153846153844 0.6063257065948856 0.2957875457875458 0.6103633916554508 0.3031135531135531 0.6184387617765814 0.3067765567765568 0.6224764468371468 0.29945054945054944
8 0.7301480484522207 0.28296703296703296 0.7234185733512786 0.27197802197802196 0.7220726783310901 0.2554945054945055 0.7072678331090175 0.25366300366300365 0.7099596231493943 0.27014652014652013 0.7126514131897712 0.2847985347985348 0.715343203230148 0.2976190476190476 0.7301480484522207 0.2957875457875458 0.7301480484522207 0.28296703296703296
8 0.6197846567967699 0.3434065934065934 0.6144010767160162 0.36721611721611724 0.6238223418573351 0.37637362637362637 0.6359353970390309 0.36904761904761907 0.6507402422611036 0.35622710622710624 0.6682368775235532 0.3489010989010989 0.6628532974427994 0.32142857142857145 0.6467025572005384 0.3305860805860806 0.6318977119784657 0.32875457875457875 0.6197846567967699 0.3434065934065934
3 0.4528936742934051 0.5796703296703297 0.4784656796769852 0.6034798534798534 0.4946164199192463 0.6108058608058609 0.5188425302826379 0.6163003663003663 0.5323014804845222 0.6071428571428571 0.5255720053835801 0.5851648351648352 0.5067294751009421 0.5796703296703297 0.5053835800807537 0.5686813186813187 0.49057873485868103 0.5521978021978022 0.4569313593539704 0.5412087912087912 0.4421265141318977 0.5357142857142857 0.4205921938088829 0.5521978021978022 0.4528936742934051 0.5796703296703297
3 0.5646029609690444 0.6639194139194139 0.5578734858681023 0.6602564102564102 0.5484522207267833 0.6547619047619048 0.5471063257065949 0.6620879120879121 0.5551816958277255 0.6712454212454212 0.5646029609690444 0.6712454212454212 0.5646029609690444 0.6639194139194139
3 0.5713324360699865 0.6657509157509157 0.5834454912516823 0.6767399267399268 0.5969044414535666 0.6858974358974359 0.607671601615074 0.6932234432234432 0.6224764468371468 0.7005494505494505 0.626514131897712 0.6968864468864469 0.6345895020188426 0.6804029304029304 0.6386271870794078 0.6657509157509157 0.6238223418573351 0.6620879120879121 0.6103633916554508 0.6602564102564102 0.6009421265141319 0.6584249084249084 0.5888290713324361 0.6547619047619048 0.5767160161507402 0.6474358974358975 0.5659488559892328 0.6401098901098901 0.553835800807537 0.6309523809523809 0.5430686406460296 0.6254578754578755 0.5309555854643337 0.6236263736263736 0.5296096904441454 0.6346153846153846 0.5403768506056528 0.6401098901098901 0.5484522207267833 0.6492673992673993 0.5565275908479138 0.6529304029304029 0.5713324360699865 0.6657509157509157
3 0.4636608344549125 0.41483516483516486 0.43943472409152085 0.3891941391941392 0.4327052489905787 0.41117216117216115 0.4300134589502019 0.45146520146520147 0.4313593539703903 0.47710622710622713 0.436742934051144 0.5155677655677655 0.4528936742934051 0.5247252747252747 0.4730820995962315 0.5155677655677655 0.4757738896366083 0.4935897435897436 0.4784656796769852 0.4716117216117216 0.4838492597577389 0.45146520146520147 0.4878869448183042 0.42765567765567764 0.4636608344549125 0.41483516483516486
3 0.5188425302826379 0.5741758241758241 0.5269179004037685 0.5796703296703297 0.5309555854643337 0.5943223443223443 0.5363391655450875 0.6089743589743589 0.544414535666218 0.6108058608058609 0.5403768506056528 0.5961538461538461 0.5376850605652759 0.565018315018315 0.5349932705248991 0.5412087912087912 0.5255720053835801 0.5375457875457875 0.5107671601615074 0.5338827838827839 0.509421265141319 0.5595238095238095 0.5188425302826379 0.5741758241758241
3 0.5349932705248991 0.5357142857142857 0.5417227456258412 0.5210622710622711 0.5457604306864065 0.4935897435897436 0.5632570659488559 0.4624542124542125 0.582099596231494 0.43131868131868134 0.5780619111709286 0.4184981684981685 0.5672947510094213 0.40934065934065933 0.5511440107671601 0.3983516483516483 0.5363391655450875 0.39285714285714285 0.5228802153432033 0.37637362637362637 0.5107671601615074 0.3891941391941392 0.5121130551816958 0.413003663003663 0.5228802153432033 0.43315018315018317 0.5336473755047106 0.4478021978021978 0.5269179004037685 0.47710622710622713 0.5215343203230148 0.5009157509157509 0.5201884253028264 0.5302197802197802 0.5349932705248991 0.5357142857142857
8 0.6009421265141319 0.6785714285714286 0.6157469717362046 0.6858974358974359 0.6130551816958277 0.674908424908425 0.598250336473755 0.6694139194139194 0.5847913862718708 0.674908424908425 0.6009421265141319 0.6785714285714286
8 0.5659488559892328 0.6712454212454212 0.5605652759084792 0.6620879120879121 0.5511440107671601 0.6565934065934066 0.5430686406460296 0.6565934065934066 0.5524899057873486 0.6694139194139194 0.5659488559892328 0.6712454212454212
8 0.6668909825033648 0.3232600732600733 0.6641991924629879 0.32875457875457875 0.6668909825033648 0.3415750915750916 0.6749663526244953 0.33791208791208793 0.6870794078061911 0.3250915750915751 0.6668909825033648 0.3232600732600733