3 0.705574912891986 0.5386416861826698 0.6393728222996515 0.477751756440281 0.7073170731707317 0.41451990632318503 0.7700348432055749 0.4309133489461358 0.8327526132404182 0.4613583138173302 0.8623693379790941 0.5292740046838408 0.8588850174216028 0.5761124121779859 0.813588850174216 0.6018735362997658 0.7630662020905923 0.6042154566744731
8 0.4564459930313589 0.6861826697892272 0.4930313588850174 0.6955503512880562 0.5209059233449478 0.711943793911007 0.5 0.7189695550351288 0.4808362369337979 0.7142857142857143
8 0.5348432055749129 0.7494145199063232 0.5696864111498258 0.7447306791569087 0.5801393728222997 0.7634660421545667 0.5853658536585366 0.7822014051522248 0.5627177700348432 0.7822014051522248
8 0.4965156794425087 0.7704918032786885 0.5261324041811847 0.7775175644028103 0.554006968641115 0.7868852459016393 0.5331010452961672 0.8079625292740047 0.5087108013937283 0.8009367681498829
8 0.5627177700348432 0.7892271662763466 0.5905923344947736 0.7892271662763466 0.6236933797909407 0.775175644028103 0.6254355400696864 0.8079625292740047 0.6027874564459931 0.810304449648712 0.5836236933797909 0.8056206088992974
8 0.6689895470383276 0.7985948477751756 0.6829268292682927 0.7985948477751756 0.6968641114982579 0.8056206088992974 0.6829268292682927 0.8126463700234192 0.662020905923345 0.8126463700234192 0.6480836236933798 0.8009367681498829
8 0.5836236933797909 0.8688524590163934 0.5696864111498258 0.8524590163934426 0.554006968641115 0.8571428571428571 0.5627177700348432 0.8758782201405152 0.5749128919860628 0.892271662763466
3 0.45818815331010454 0.4496487119437939 0.4912891986062718 0.44028103044496486 0.5174216027874564 0.468384074941452 0.4843205574912892 0.4707259953161593
8 0.6933797909407665 0.8594847775175644 0.7229965156794426 0.8524590163934426 0.7421602787456446 0.8571428571428571 0.7229965156794426 0.8735362997658079 0.705574912891986 0.8735362997658079
8 0.5 0.9086651053864169 0.5209059233449478 0.9180327868852459 0.5383275261324042 0.9344262295081968 0.5574912891986062 0.9484777517564403 0.5209059233449478 0.9344262295081968 0.5069686411149826 0.9297423887587822
8 0.7560975609756098 0.8430913348946136 0.7473867595818815 0.7939110070257611 0.7473867595818815 0.765807962529274 0.8083623693379791 0.7892271662763466 0.8362369337979094 0.7494145199063232 0.8780487804878049 0.7213114754098361 0.8815331010452961 0.7423887587822015 0.8466898954703833 0.7822014051522248