3 0.2735191637630662 0.2564102564102564 0.2613240418118467 0.27505827505827507 0.2578397212543554 0.2937062937062937 0.25609756097560976 0.317016317016317 0.2508710801393728 0.3333333333333333 0.23693379790940766 0.34498834498834496 0.23693379790940766 0.36596736596736595 0.23344947735191637 0.3962703962703963 0.23693379790940766 0.4289044289044289 0.24738675958188153 0.45454545454545453 0.25435540069686413 0.4662004662004662 0.27526132404181186 0.4592074592074592 0.28397212543554007 0.4405594405594406 0.2961672473867596 0.4172494172494173 0.30313588850174217 0.3776223776223776 0.2961672473867596 0.3613053613053613 0.30139372822299654 0.34498834498834496 0.3118466898954704 0.32400932400932403 0.31881533101045295 0.31934731934731936 0.313588850174216 0.3076923076923077 0.3118466898954704 0.2913752913752914 0.3083623693379791 0.27972027972027974 0.29094076655052264 0.27972027972027974
3 0.34668989547038326 0.38694638694638694 0.3623693379790941 0.3916083916083916 0.37456445993031356 0.41025641025641024 0.3623693379790941 0.4428904428904429 0.3606271777003484 0.4755244755244755 0.3501742160278746 0.49184149184149184 0.343205574912892 0.5058275058275058 0.32752613240418116 0.5011655011655012 0.32229965156794427 0.5011655011655012 0.3118466898954704 0.49184149184149184 0.3083623693379791 0.4755244755244755 0.3083623693379791 0.4428904428904429 0.30662020905923343 0.4149184149184149 0.3118466898954704 0.40093240093240096 0.32229965156794427 0.38694638694638694
3 0.23693379790940766 0.34265734265734266 0.22996515679442509 0.3986013986013986 0.23344947735191637 0.4358974358974359 0.22822299651567945 0.4592074592074592 0.23170731707317074 0.48717948717948717 0.23867595818815332 0.5268065268065268 0.24041811846689895 0.5571095571095571 0.24041811846689895 0.5710955710955711 0.23344947735191637 0.5804195804195804 0.21254355400696864 0.5524475524475524 0.18815331010452963 0.5337995337995338 0.1759581881533101 0.5244755244755245 0.15156794425087108 0.5058275058275058 0.14634146341463414 0.4988344988344988 0.1289198606271777 0.47785547785547783 0.1445993031358885 0.44755244755244755 0.16376306620209058 0.4358974358974359 0.1916376306620209 0.4219114219114219 0.21428571428571427 0.41025641025641024 0.21080139372822299 0.3776223776223776 0.17073170731707318 0.3473193473193473 0.19337979094076654 0.32400932400932403 0.21428571428571427 0.32867132867132864 0.2229965156794425 0.331002331002331
5 0.156794425087108 0.2680652680652681 0.1602787456445993 0.23776223776223776 0.16550522648083624 0.20745920745920746 0.17247386759581881 0.16783216783216784 0.18118466898954705 0.14685314685314685 0.1951219512195122 0.14219114219114218 0.21080139372822299 0.15151515151515152 0.22125435540069685 0.18181818181818182 0.22996515679442509 0.2097902097902098 0.22822299651567945 0.23543123543123542 0.21602787456445993 0.2331002331002331 0.20557491289198607 0.23076923076923078 0.1916376306620209 0.23076923076923078 0.18292682926829268 0.2331002331002331 0.17247386759581881 0.23543123543123542 0.1672473867595819 0.2400932400932401 0.16376306620209058 0.24708624708624707 0.16376306620209058 0.2680652680652681
8 0.7247386759581882 0.7668997668997669 0.7212543554006968 0.7715617715617715 0.7282229965156795 0.7808857808857809 0.7317073170731707 0.7948717948717948 0.7317073170731707 0.8065268065268065 0.735191637630662 0.7855477855477856 0.7299651567944251 0.7715617715617715
8 0.8588850174216028 0.6480186480186481 0.8466898954703833 0.6480186480186481 0.8344947735191638 0.6480186480186481 0.8222996515679443 0.6480186480186481 0.8066202090592335 0.6573426573426573 0.8083623693379791 0.6666666666666666 0.8257839721254355 0.668997668997669 0.8449477351916377 0.668997668997669 0.8571428571428571 0.668997668997669 0.8588850174216028 0.6596736596736597
3 0.5017421602787456 0.337995337995338 0.48257839721254353 0.32400932400932403 0.45121951219512196 0.317016317016317 0.4372822299651568 0.3076923076923077 0.4250871080139373 0.29603729603729606 0.4024390243902439 0.29603729603729606 0.39372822299651566 0.3076923076923077 0.40069686411149824 0.32400932400932403 0.4094076655052265 0.331002331002331 0.4076655052264808 0.34265734265734266 0.4250871080139373 0.34265734265734266 0.4355400696864111 0.3356643356643357 0.4547038327526132 0.3333333333333333 0.48257839721254353 0.34265734265734266
8 0.7264808362369338 0.7249417249417249 0.7177700348432056 0.7272727272727273 0.710801393728223 0.7296037296037297 0.7142857142857143 0.7342657342657343 0.7195121951219512 0.7365967365967366 0.7247386759581882 0.7342657342657343 0.7299651567944251 0.7319347319347319 0.7317073170731707 0.7272727272727273
8 0.7926829268292683 0.717948717948718 0.8083623693379791 0.7086247086247086 0.8344947735191638 0.6899766899766899 0.8501742160278746 0.675990675990676 0.867595818815331 0.6713286713286714 0.872822299651568 0.662004662004662 0.8780487804878049 0.6573426573426573 0.8937282229965157 0.6526806526806527 0.9059233449477352 0.6526806526806527 0.8902439024390244 0.6666666666666666 0.8763066202090593 0.675990675990676 0.8501742160278746 0.6923076923076923 0.8240418118466899 0.7086247086247086 0.7996515679442509 0.717948717948718
0 0.5627177700348432 0.43356643356643354 0.524390243902439 0.46853146853146854 0.5226480836236934 0.48717948717948717 0.49825783972125437 0.47785547785547783 0.5104529616724739 0.4592074592074592 0.5418118466898955 0.4172494172494173
0 0.4163763066202091 0.5407925407925408 0.32578397212543553 0.4988344988344988 0.3606271777003484 0.5710955710955711 0.39198606271777003 0.5710955710955711 0.41289198606271776 0.6037296037296037 0.43031358885017423 0.6223776223776224 0.4651567944250871 0.6363636363636364 0.5156794425087108 0.6503496503496503 0.5749128919860628 0.6480186480186481 0.6289198606271778 0.6410256410256411 0.6602787456445993 0.6293706293706294 0.6689895470383276 0.6130536130536131 0.6637630662020906 0.5827505827505828 0.6533101045296167 0.5524475524475524 0.632404181184669 0.5571095571095571 0.632404181184669 0.5920745920745921 0.6027874564459931 0.6037296037296037 0.524390243902439 0.6107226107226107 0.4616724738675958 0.6037296037296037 0.42334494773519166 0.5804195804195804 0.41114982578397213 0.5594405594405595 0.4250871080139373 0.5594405594405595
0 0.2735191637630662 0.24708624708624707 0.2874564459930314 0.26573426573426573 0.30662020905923343 0.27505827505827507 0.3118466898954704 0.28205128205128205 0.313588850174216 0.2937062937062937 0.2926829268292683 0.289044289044289 0.2770034843205575 0.2773892773892774 0.2700348432055749 0.2703962703962704 0.25435540069686413 0.27972027972027974 0.25609756097560976 0.3006993006993007 0.2578397212543554 0.32167832167832167 0.25435540069686413 0.32867132867132864 0.24390243902439024 0.3356643356643357 0.23693379790940766 0.34032634032634035 0.23519163763066203 0.32167832167832167 0.24041811846689895 0.30303030303030304 0.24912891986062718 0.27972027972027974 0.24912891986062718 0.2634032634032634