4 0.6322360953461975 0.47877758913412566 0.659477866061294 0.46519524617996605 0.7309875141884222 0.44482173174872663 0.70261066969353 0.4431239388794567 0.7219069239500567 0.44142614601018676 0.7434733257661748 0.4431239388794567 0.7661748013620885 0.4380305602716469 0.7832009080590239 0.43463497453310695 0.7956867196367764 0.42784380305602715 0.8138479001135074 0.4312393887945671 0.8308740068104427 0.4295415959252971 0.8320090805902384 0.44142614601018676 0.8138479001135074 0.4431239388794567 0.7979568671963677 0.44482173174872663 0.7911464245175936 0.4431239388794567 0.7809307604994324 0.44142614601018676 0.7729852440408627 0.44991511035653653 0.7616345062429057 0.4601018675721562 0.7332576617480137 0.45500848896434637 0.7309875141884222 0.44821731748726656 0.7162315550510783 0.44821731748726656 0.7037457434733257 0.4601018675721562 0.6946651532349603 0.46519524617996605 0.6799091940976163 0.4702886247877759 0.6617480136208853 0.47538200339558573 0.6481271282633371 0.4838709677419355 0.6345062429057888 0.4855687606112054 0.6276958002270148 0.48217317487266553 0.6833144154370034 0.4533106960950764
3 0.6980703745743473 0.4702886247877759 0.7003405221339387 0.46519524617996605 0.7037457434733257 0.4685908319185059 0.7014755959137344 0.47198641765704585
5 0.5993189557321226 0.2937181663837012 0.5925085130533485 0.3140916808149406 0.5811577752553916 0.34974533106960953 0.5720771850170261 0.38200339558573854 0.5720771850170261 0.3904923599320883 0.5902383654937571 0.38879456706281834 0.6095346197502838 0.3837011884550085 0.6140749148694665 0.38030560271646857 0.6061293984108967 0.3701188455008489 0.6038592508513053 0.34974533106960953 0.6027241770715096 0.33276740237691 0.601589103291714 0.31239388794567063 0.6004540295119183 0.298811544991511
8 0.8013620885357549 0.4770797962648557 0.8047673098751419 0.47198641765704585 0.8104426787741204 0.466893039049236 0.8138479001135074 0.4634974533106961 0.8172531214528944 0.45840407470288624 0.8217934165720772 0.4601018675721562 0.8206583427922814 0.4685908319185059 0.8183881952326901 0.47198641765704585 0.8161180476730987 0.47538200339558573 0.8127128263337117 0.47877758913412566 0.8093076049943246 0.47538200339558573 0.8059023836549376 0.47877758913412566 0.8013620885357549 0.48217317487266553
3 0.5664018161180476 0.4312393887945671 0.5607264472190693 0.42614601018675724 0.5607264472190693 0.4159592529711375 0.5641316685584563 0.41086587436332767
3 0.5754824063564131 0.4872665534804754 0.5686719636776391 0.4838709677419355 0.5607264472190693 0.4940577249575552 0.5607264472190693 0.5025466893039049 0.5629965947786606 0.5093378607809848 0.5709421112372304 0.5127334465195246 0.5766174801362088 0.5059422750424448
3 0.5822928490351873 0.4906621392190153 0.5879682179341658 0.47368421052631576 0.5925085130533485 0.47368421052631576 0.5981838819523269 0.46519524617996605 0.6061293984108967 0.4601018675721562 0.6163450624290578 0.4617996604414261 0.6220204313280363 0.4702886247877759 0.619750283768445 0.48217317487266553 0.6118047673098751 0.49745331069609505 0.5993189557321226 0.5076400679117148 0.5913734392735528 0.5059422750424448 0.583427922814983 0.5008488964346349
3 0.5936435868331441 0.4295415959252971 0.604994324631101 0.41935483870967744 0.6095346197502838 0.400679117147708 0.5891032917139614 0.4074702886247878 0.5732122587968218 0.4159592529711375 0.5811577752553916 0.4312393887945671
8 0.6220204313280363 0.47877758913412566 0.6220204313280363 0.4702886247877759 0.6288308740068105 0.466893039049236 0.6356413166855845 0.46519524617996605 0.641316685584563 0.4617996604414261 0.6390465380249716 0.46519524617996605 0.6322360953461975 0.4702886247877759 0.6288308740068105 0.47368421052631576 0.6254256526674233 0.47538200339558573
8 0.5448354143019296 0.6587436332767402 0.5516458569807038 0.6553480475382003 0.5550510783200908 0.6519524617996605 0.5573212258796821 0.6519524617996605 0.5561861520998865 0.6553480475382003 0.5539160045402951 0.6604414261460102 0.5493757094211124 0.6621392190152802 0.5459704880817253 0.6621392190152802
0 0.18501702610669693 0.6808149405772496 0.20317820658342792 0.6502546689303905 0.246311010215664 0.601018675721562 0.2849035187287174 0.5602716468590832 0.3098751418842225 0.5398981324278438 0.31441543700340524 0.5449915110356537 0.322360953461975 0.5602716468590832 0.3280363223609535 0.5772495755517827 0.3325766174801362 0.6162988115449916 0.3076049943246311 0.6485568760611206 0.28944381384790013 0.66553480475382 0.2633371169125993 0.6960950764006791 0.2576617480136209 0.7079796264855688 0.25198637911464244 0.7079796264855688 0.23269012485811577 0.7062818336162988 0.21566401816118047 0.7011884550084889 0.20090805902383654 0.6943972835314092 0.188422247446084 0.6876061120543294
0 0.20658342792281498 0.6519524617996605 0.19750283768444948 0.6366723259762309 0.21112372304199772 0.6196943972835314 0.22020431328036322 0.6078098471986417 0.23496027241770714 0.5891341256366723 0.2542565266742338 0.5721561969439728 0.2746878547105562 0.5517826825127334 0.3064699205448354 0.5246179966044142 0.3337116912599319 0.5042444821731749 0.36322360953461974 0.48047538200339557 0.39841089670828606 0.45840407470288624 0.4358683314415437 0.4363327674023769 0.47105561861521 0.4159592529711375 0.5005675368898979 0.400679117147708 0.5119182746878547 0.40237691001697795 0.4948921679909194 0.4142614601018676 0.4778660612939841 0.4244482173174873 0.452894438138479 0.44142614601018676 0.4279228149829739 0.4567062818336163 0.3938706015891033 0.47877758913412566 0.35527809307604996 0.5059422750424448 0.33030646992054485 0.5263157894736842 0.31214528944381387 0.5398981324278438 0.2905788876276958 0.5602716468590832 0.2633371169125993 0.5857385398981324 0.2383654937570942 0.6146010186757216