4 0.7666666666666667 0.6229096989966555 0.7704402515723271 0.6312709030100334 0.7729559748427673 0.6513377926421404 0.7729559748427673 0.6596989966555183 0.779245283018868 0.6613712374581939 0.7805031446540881 0.6513377926421404 0.7817610062893082 0.6379598662207357 0.7805031446540881 0.6229096989966555 0.7767295597484277 0.6045150501672241 0.7704402515723271 0.5894648829431438 0.7654088050314466 0.5777591973244147 0.7578616352201258 0.5677257525083612 0.7465408805031446 0.56438127090301 0.7440251572327043 0.5794314381270903 0.7503144654088051 0.6028428093645485 0.759119496855346 0.6195652173913043 0.7666666666666667 0.6229096989966555
6 0.44842767295597485 0.32525083612040134 0.4459119496855346 0.3319397993311037 0.4459119496855346 0.3419732441471572 0.4459119496855346 0.3486622073578595 0.44842767295597485 0.35535117056856186 0.469811320754717 0.3520066889632107 0.4660377358490566 0.3419732441471572 0.4610062893081761 0.3319397993311037 0.4559748427672956 0.32357859531772576 0.44842767295597485 0.32525083612040134
6 0.469811320754717 0.3804347826086957 0.46855345911949686 0.39214046822742477 0.4748427672955975 0.387123745819398 0.479874213836478 0.38545150501672243 0.48364779874213837 0.38377926421404684 0.48742138364779874 0.38545150501672243 0.4911949685534591 0.3787625418060201 0.4962264150943396 0.3704013377926421 0.49748427672955975 0.358695652173913 0.5 0.3486622073578595 0.4937106918238994 0.3503344481605351 0.48742138364779874 0.3520066889632107 0.4849056603773585 0.3720735785953177 0.47735849056603774 0.3737458193979933 0.47358490566037736 0.3704013377926421 0.46855345911949686 0.3603678929765886 0.4509433962264151 0.3637123745819398 0.459748427672956 0.36705685618729095 0.46352201257861636 0.3754180602006689 0.469811320754717 0.3804347826086957
6 0.5025157232704403 0.338628762541806 0.5062893081761006 0.33528428093645485 0.510062893081761 0.33361204013377926 0.5138364779874214 0.3319397993311037 0.5163522012578616 0.3319397993311037 0.520125786163522 0.3319397993311037 0.5226415094339623 0.3319397993311037 0.5238993710691824 0.3285953177257525 0.5213836477987421 0.3285953177257525 0.520125786163522 0.32525083612040134 0.5150943396226415 0.32525083612040134 0.5113207547169811 0.32525083612040134 0.5075471698113208 0.3269230769230769 0.5025157232704403 0.3285953177257525 0.5025157232704403 0.33361204013377926 0.4987421383647799 0.33695652173913043 0.4962264150943396 0.338628762541806 0.4937106918238994 0.3403010033444816 0.4911949685534591 0.3419732441471572 0.48867924528301887 0.34698996655518394 0.4949685534591195 0.34531772575250835 0.4987421383647799 0.34364548494983277 0.5025157232704403 0.338628762541806
6 0.5251572327044025 0.3486622073578595 0.5264150943396226 0.358695652173913 0.5251572327044025 0.36872909698996653 0.5276729559748428 0.3720735785953177 0.5289308176100629 0.3804347826086957 0.530188679245283 0.3887959866220736 0.5327044025157233 0.3971571906354515 0.5352201257861635 0.40217391304347827 0.540251572327044 0.407190635451505 0.5452830188679245 0.41387959866220736 0.5477987421383648 0.41722408026755853 0.5515723270440251 0.41722408026755853 0.550314465408805 0.4088628762541806 0.5452830188679245 0.40384615384615385 0.5427672955974843 0.40217391304347827 0.5377358490566038 0.39381270903010035 0.5339622641509434 0.3887959866220736 0.5352201257861635 0.38210702341137126 0.5339622641509434 0.3737458193979933 0.5339622641509434 0.36705685618729095 0.5352201257861635 0.3637123745819398 0.5339622641509434 0.358695652173913 0.5327044025157233 0.35535117056856186 0.530188679245283 0.3520066889632107 0.530188679245283 0.34698996655518394 0.5289308176100629 0.3403010033444816 0.5251572327044025 0.33695652173913043 0.5226415094339623 0.33528428093645485 0.520125786163522 0.338628762541806 0.5213836477987421 0.34364548494983277 0.5238993710691824 0.3403010033444816 0.5251572327044025 0.3486622073578595
6 0.47735849056603774 0.40217391304347827 0.4811320754716981 0.40217391304347827 0.48364779874213837 0.4005016722408027 0.4861635220125786 0.4005016722408027 0.4861635220125786 0.39548494983277593 0.48364779874213837 0.3904682274247492 0.48238993710691824 0.39381270903010035 0.479874213836478 0.39548494983277593 0.4761006289308176 0.39381270903010035 0.47358490566037736 0.39381270903010035 0.4710691823899371 0.3904682274247492 0.46729559748427674 0.39214046822742477 0.469811320754717 0.3988294314381271 0.47232704402515724 0.4005016722408027 0.4748427672955975 0.40217391304347827 0.47735849056603774 0.40217391304347827
6 0.5176100628930818 0.39381270903010035 0.5188679245283019 0.3988294314381271 0.520125786163522 0.40551839464882944 0.5213836477987421 0.4088628762541806 0.5213836477987421 0.41387959866220736 0.5238993710691824 0.4188963210702341 0.5264150943396226 0.42558528428093645 0.5276729559748428 0.4322742474916388 0.5276729559748428 0.4406354515050167 0.5276729559748428 0.44565217391304346 0.530188679245283 0.4489966555183946 0.5327044025157233 0.44732441471571904 0.5352201257861635 0.4389632107023411 0.5327044025157233 0.43394648829431437 0.5314465408805031 0.42558528428093645 0.5289308176100629 0.4188963210702341 0.5276729559748428 0.41387959866220736 0.5264150943396226 0.40551839464882944 0.5251572327044025 0.3988294314381271 0.5226415094339623 0.39381270903010035 0.5213836477987421 0.387123745819398 0.5213836477987421 0.38210702341137126 0.5213836477987421 0.3754180602006689 0.520125786163522 0.3704013377926421 0.5163522012578616 0.36705685618729095 0.5150943396226415 0.3637123745819398 0.5138364779874214 0.36705685618729095 0.5138364779874214 0.3720735785953177 0.5138364779874214 0.3804347826086957 0.5150943396226415 0.387123745819398 0.5176100628930818 0.39381270903010035
6 0.5679245283018868 0.4306020066889632 0.5628930817610063 0.4289297658862876 0.560377358490566 0.4322742474916388 0.5641509433962264 0.43729096989966554 0.5616352201257861 0.4406354515050167 0.5566037735849056 0.4439799331103679 0.5515723270440251 0.44732441471571904 0.5452830188679245 0.44732441471571904 0.540251572327044 0.44732441471571904 0.5352201257861635 0.4506688963210702 0.5314465408805031 0.4540133779264214 0.5314465408805031 0.45735785953177255 0.5339622641509434 0.46070234113712377 0.5389937106918239 0.46070234113712377 0.5452830188679245 0.45735785953177255 0.5490566037735849 0.4540133779264214 0.5515723270440251 0.4523411371237458 0.5540880503144654 0.4523411371237458 0.5528301886792453 0.45568561872909696 0.5528301886792453 0.46070234113712377 0.5553459119496855 0.4657190635451505 0.5591194968553459 0.4673913043478261 0.5628930817610063 0.4673913043478261 0.5666666666666667 0.4657190635451505 0.5691823899371069 0.46237458193979936 0.5742138364779874 0.46070234113712377 0.5767295597484277 0.45735785953177255 0.5792452830188679 0.45568561872909696 0.5830188679245283 0.4523411371237458 0.5855345911949685 0.45568561872909696 0.5867924528301887 0.46070234113712377 0.5855345911949685 0.46404682274247494 0.5817610062893082 0.4657190635451505 0.5779874213836478 0.4673913043478261 0.5767295597484277 0.4707357859531773 0.5779874213836478 0.47408026755852845 0.5842767295597484 0.47408026755852845 0.5867924528301887 0.4707357859531773 0.5893081761006289 0.4707357859531773 0.5943396226415094 0.47240802675585286 0.5993710691823899 0.4690635451505017 0.60062893081761 0.46404682274247494 0.5955974842767295 0.46070234113712377 0.5930817610062893 0.4590301003344482 0.5955974842767295 0.4523411371237458 0.5993710691823899 0.4506688963210702 0.6018867924528302 0.44565217391304346 0.5993710691823899 0.4406354515050167 0.5943396226415094 0.43561872909698995 0.590566037735849 0.4322742474916388 0.5830188679245283 0.4322742474916388 0.5792452830188679 0.4322742474916388 0.5716981132075472 0.4306020066889632 0.5679245283018868 0.4306020066889632
6 0.489937106918239 0.44565217391304346 0.489937106918239 0.4439799331103679 0.48867924528301887 0.4389632107023411 0.48742138364779874 0.43394648829431437 0.4861635220125786 0.4289297658862876 0.4911949685534591 0.43394648829431437 0.4962264150943396 0.4406354515050167 0.4987421383647799 0.44732441471571904 0.5025157232704403 0.44732441471571904 0.5062893081761006 0.44565217391304346 0.5050314465408805 0.4423076923076923 0.5025157232704403 0.4406354515050167 0.4987421383647799 0.4322742474916388 0.4949685534591195 0.42725752508361203 0.4937106918238994 0.42558528428093645 0.4911949685534591 0.4188963210702341 0.48742138364779874 0.4088628762541806 0.48364779874213837 0.40551839464882944 0.4761006289308176 0.40551839464882944 0.47358490566037736 0.41555183946488294 0.4761006289308176 0.42558528428093645 0.479874213836478 0.4306020066889632 0.4811320754716981 0.43561872909698995 0.4811320754716981 0.44732441471571904 0.4861635220125786 0.4489966555183946 0.489937106918239 0.4489966555183946 0.489937106918239 0.44565217391304346
6 0.48364779874213837 0.47575250836120403 0.4861635220125786 0.4774247491638796 0.489937106918239 0.47575250836120403 0.48867924528301887 0.47240802675585286 0.48867924528301887 0.4657190635451505 0.48867924528301887 0.46070234113712377 0.49245283018867925 0.45735785953177255 0.4949685534591195 0.45568561872909696 0.4911949685534591 0.4523411371237458 0.48742138364779874 0.4540133779264214 0.4849056603773585 0.4540133779264214 0.48238993710691824 0.45735785953177255 0.48364779874213837 0.46404682274247494 0.48364779874213837 0.4690635451505017 0.48364779874213837 0.47575250836120403
8 0.5616352201257861 0.5275919732441472 0.5578616352201258 0.5225752508361204 0.5528301886792453 0.5142140468227425 0.550314465408805 0.5058528428093646 0.5477987421383648 0.5025083612040134 0.5452830188679245 0.49581939799331104 0.5415094339622641 0.4908026755852843 0.5389937106918239 0.48578595317725753 0.5352201257861635 0.4807692307692308 0.5327044025157233 0.47575250836120403 0.5276729559748428 0.47240802675585286 0.5238993710691824 0.4657190635451505 0.520125786163522 0.46237458193979936 0.5138364779874214 0.4657190635451505 0.5150943396226415 0.47408026755852845 0.5213836477987421 0.4774247491638796 0.520125786163522 0.48244147157190637 0.5188679245283019 0.4874581939799331 0.5188679245283019 0.49247491638795987 0.5226415094339623 0.4974916387959866 0.5276729559748428 0.4974916387959866 0.5352201257861635 0.4991638795986622 0.5389937106918239 0.4991638795986622 0.5427672955974843 0.504180602006689 0.5465408805031446 0.5158862876254181 0.5515723270440251 0.524247491638796 0.5566037735849056 0.5309364548494984 0.5628930817610063 0.5359531772575251 0.5679245283018868 0.544314381270903 0.5716981132075472 0.5493311036789298 0.5767295597484277 0.5493311036789298 0.5767295597484277 0.544314381270903 0.5742138364779874 0.5392976588628763 0.570440251572327 0.5376254180602007 0.5666666666666667 0.532608695652174 0.5616352201257861 0.5275919732441472
6 0.5188679245283019 0.47575250836120403 0.5176100628930818 0.47408026755852845 0.5138364779874214 0.4707357859531773 0.510062893081761 0.47408026755852845 0.5088050314465409 0.4774247491638796 0.5088050314465409 0.48578595317725753 0.5088050314465409 0.4891304347826087 0.510062893081761 0.4974916387959866 0.5113207547169811 0.4974916387959866 0.5150943396226415 0.49414715719063546 0.5163522012578616 0.49247491638795987 0.5163522012578616 0.48244147157190637 0.520125786163522 0.48411371237458195 0.5226415094339623 0.48578595317725753 0.5226415094339623 0.48244147157190637 0.520125786163522 0.4790969899665552 0.5188679245283019 0.47575250836120403
8 0.5792452830188679 0.40551839464882944 0.5742138364779874 0.3988294314381271 0.5716981132075472 0.3887959866220736 0.5691823899371069 0.3754180602006689 0.5679245283018868 0.3637123745819398 0.5641509433962264 0.3637123745819398 0.5628930817610063 0.3704013377926421 0.5641509433962264 0.3754180602006689 0.5654088050314465 0.3787625418060201 0.5654088050314465 0.38377926421404684 0.5616352201257861 0.38210702341137126 0.5540880503144654 0.3804347826086957 0.5477987421383648 0.3754180602006689 0.5427672955974843 0.3737458193979933 0.5389937106918239 0.3770903010033445 0.540251572327044 0.38545150501672243 0.5440251572327044 0.39548494983277593 0.5477987421383648 0.40217391304347827 0.5528301886792453 0.407190635451505 0.5566037735849056 0.41387959866220736 0.5616352201257861 0.4205685618729097 0.5666666666666667 0.42391304347826086 0.5716981132075472 0.42391304347826086 0.5754716981132075 0.4205685618729097 0.5779874213836478 0.4222408026755853 0.5867924528301887 0.4222408026755853 0.5855345911949685 0.41722408026755853 0.5830188679245283 0.4122073578595318 0.5792452830188679 0.40551839464882944
6 0.5125786163522013 0.4657190635451505 0.5150943396226415 0.4673913043478261 0.5150943396226415 0.4657190635451505 0.5150943396226415 0.46237458193979936 0.5138364779874214 0.4590301003344482 0.5113207547169811 0.4540133779264214 0.5088050314465409 0.4506688963210702 0.5062893081761006 0.44732441471571904 0.5037735849056604 0.4489966555183946 0.5037735849056604 0.4523411371237458 0.5062893081761006 0.4540133779264214 0.5088050314465409 0.4590301003344482 0.5113207547169811 0.46237458193979936 0.5125786163522013 0.4657190635451505
8 0.6660377358490566 0.532608695652174 0.6635220125786163 0.5309364548494984 0.6584905660377358 0.5376254180602007 0.6584905660377358 0.544314381270903 0.6635220125786163 0.5510033444816054 0.6685534591194968 0.5543478260869565 0.6710691823899371 0.5593645484949833 0.6761006289308176 0.5576923076923077 0.6761006289308176 0.5543478260869565 0.6773584905660377 0.5493311036789298 0.679874213836478 0.5493311036789298 0.6836477987421383 0.5493311036789298 0.6849056603773584 0.5459866220735786 0.6811320754716981 0.5426421404682275 0.6773584905660377 0.5376254180602007 0.6748427672955974 0.5359531772575251 0.6723270440251572 0.5342809364548495 0.6685534591194968 0.532608695652174 0.6660377358490566 0.532608695652174
6 0.610691823899371 0.4908026755852843 0.6081761006289308 0.49414715719063546 0.6018867924528302 0.4908026755852843 0.5993710691823899 0.49581939799331104 0.5968553459119497 0.5008361204013378 0.5968553459119497 0.5058528428093646 0.6031446540880503 0.5058528428093646 0.6094339622641509 0.5075250836120402 0.6119496855345912 0.5025083612040134 0.6157232704402515 0.4974916387959866 0.6182389937106918 0.5008361204013378 0.6232704402515723 0.504180602006689 0.6283018867924528 0.5025083612040134 0.6270440251572327 0.4974916387959866 0.6245283018867924 0.4908026755852843 0.6169811320754717 0.48578595317725753 0.6132075471698113 0.4874581939799331 0.610691823899371 0.4908026755852843
6 0.620754716981132 0.47240802675585286 0.6257861635220126 0.4790969899665552 0.6283018867924528 0.48244147157190637 0.6283018867924528 0.4774247491638796 0.6257861635220126 0.47240802675585286 0.6257861635220126 0.4657190635451505 0.6220125786163522 0.4657190635451505 0.6169811320754717 0.4673913043478261 0.6144654088050314 0.4673913043478261 0.6157232704402515 0.4707357859531773 0.620754716981132 0.47240802675585286
8 0.6660377358490566 0.5108695652173914 0.6635220125786163 0.5125418060200669 0.6647798742138364 0.5175585284280937 0.6672955974842767 0.524247491638796 0.6685534591194968 0.5275919732441472 0.6723270440251572 0.5292642140468228 0.6735849056603773 0.524247491638796 0.6735849056603773 0.5125418060200669 0.6698113207547169 0.5091973244147158 0.6660377358490566 0.5075250836120402 0.6660377358490566 0.5108695652173914
8 0.6396226415094339 0.5376254180602007 0.6421383647798742 0.5493311036789298 0.6471698113207547 0.552675585284281 0.6471698113207547 0.544314381270903 0.6471698113207547 0.5342809364548495 0.6433962264150943 0.5292642140468228 0.6396226415094339 0.5309364548494984 0.6396226415094339 0.5376254180602007
6 0.6534591194968553 0.524247491638796 0.6584905660377358 0.5275919732441472 0.6610062893081761 0.5209030100334449 0.6597484276729559 0.5108695652173914 0.6597484276729559 0.5075250836120402 0.6660377358490566 0.5058528428093646 0.6597484276729559 0.5008361204013378 0.6522012578616352 0.49414715719063546 0.6446540880503144 0.48578595317725753 0.6433962264150943 0.4891304347826087 0.6484276729559748 0.49581939799331104 0.6496855345911949 0.504180602006689 0.6534591194968553 0.5108695652173914 0.6534591194968553 0.524247491638796
8 0.6522012578616352 0.5593645484949833 0.6509433962264151 0.5693979933110368 0.6509433962264151 0.5777591973244147 0.6522012578616352 0.5844481605351171 0.6572327044025157 0.5844481605351171 0.6584905660377358 0.5777591973244147 0.6584905660377358 0.5693979933110368 0.6584905660377358 0.5627090301003345 0.6584905660377358 0.552675585284281 0.6534591194968553 0.5476588628762542 0.6534591194968553 0.552675585284281 0.6522012578616352 0.5593645484949833
5 0.6452291106918239 1 0.6886792452830188 0.9222408026755853 0.6735849056603773 0.9155518394648829 0.6333333333333333 0.93561872909699 0.5970125786163522 1 0.6452291106918239 1
5 0.392243186163522 0 0.38301886792452833 0.00919732441471572 0.38301886792452833 0.0225752508361204 0.40943396226415096 0.019230769230769232 0.4157232704402516 0.00919732441471572 0.41018867924528307 0 0.392243186163522 0