8 0.5244360902255639 0.48497495826377296 0.5206766917293233 0.501669449081803 0.5281954887218046 0.5250417362270451 0.5344611528822055 0.5467445742904842 0.5394736842105263 0.5801335559265443 0.5469924812030075 0.6068447412353923 0.5545112781954887 0.6252086811352254 0.568295739348371 0.6585976627712855 0.5645363408521303 0.6819699499165276 0.5557644110275689 0.7053422370617696 0.5607769423558897 0.7253756260434057 0.568295739348371 0.7253756260434057 0.568295739348371 0.7570951585976627 0.5733082706766918 0.7904841402337228 0.5720551378446115 0.830550918196995 0.5607769423558897 0.832220367278798 0.5607769423558897 0.8188647746243739 0.5557644110275689 0.7904841402337228 0.543233082706767 0.7787979966611018 0.5469924812030075 0.7921535893155259 0.5520050125313283 0.8105175292153589 0.5545112781954887 0.842237061769616 0.5607769423558897 0.845575959933222 0.5708020050125313 0.845575959933222 0.5833333333333334 0.8889816360601002 0.5833333333333334 0.8639398998330551 0.5833333333333334 0.8155258764607679 0.5946115288220551 0.8155258764607679 0.5858395989974937 0.7838063439065108 0.5820802005012531 0.7570951585976627 0.5895989974937343 0.7587646076794657 0.5895989974937343 0.7370617696160268 0.5820802005012531 0.7153589315525877 0.5870927318295739 0.6903171953255426 0.5770676691729323 0.6652754590984975 0.5758145363408521 0.6419031719532554 0.5758145363408521 0.6252086811352254 0.568295739348371 0.5968280467445742 0.5620300751879699 0.5784641068447413 0.5545112781954887 0.5617696160267112 0.543233082706767 0.5417362270450752 0.5344611528822055 0.5250417362270451 0.5294486215538847 0.494991652754591 0.5244360902255639 0.48497495826377296
8 0.4830827067669173 0.7337228714524207 0.4855889724310777 0.7470784641068448 0.4943609022556391 0.7470784641068448 0.4906015037593985 0.7303839732888147 0.4868421052631579 0.7136894824707847 0.4780701754385965 0.7120200333889817 0.4805764411027569 0.7237061769616027 0.4830827067669173 0.7337228714524207
8 0.4667919799498747 0.7287145242070117 0.4630325814536341 0.7237061769616027 0.4542606516290727 0.7153589315525877 0.44548872180451127 0.7053422370617696 0.43796992481203006 0.7003338898163606 0.4342105263157895 0.7003338898163606 0.43045112781954886 0.7070116861435726 0.4367167919799499 0.7103505843071787 0.44799498746867167 0.7170283806343907 0.45802005012531327 0.7270450751252087 0.4655388471177945 0.7353923205342237 0.4667919799498747 0.7287145242070117
0 0.5269423558897243 0.5217028380634391 0.5231829573934837 0.48497495826377296 0.5256892230576441 0.4565943238731219 0.5332080200501254 0.40984974958263776 0.5382205513784462 0.37145242070116863 0.5394736842105263 0.3313856427378965 0.5407268170426065 0.29799666110183637 0.5407268170426065 0.27462437395659434 0.5407268170426065 0.2662771285475793 0.5457393483709273 0.2662771285475793 0.5545112781954887 0.2646076794657763 0.5745614035087719 0.2362270450751252 0.6096491228070176 0.17445742904841402 0.6322055137844611 0.1310517529215359 0.6459899749373433 0.11101836393989983 0.6484962406015038 0.0993322203672788 0.6484962406015038 0.09599332220367279 0.6472431077694235 0.09265442404006678 0.643483709273183 0.09432387312186978 0.6372180451127819 0.09766277128547579 0.6234335839598998 0.12103505843071787 0.5708020050125313 0.20617696160267113 0.5570175438596491 0.2328881469115192 0.5482456140350878 0.24123539232053423 0.5344611528822055 0.24457429048414023 0.5332080200501254 0.2579298831385643 0.5256892230576441 0.2913188647746244 0.5131578947368421 0.27629382303839733 0.4755639097744361 0.2595993322203673 0.4705513784461153 0.27462437395659434 0.5018796992481203 0.3046744574290484 0.5156641604010025 0.3280467445742905 0.518170426065163 0.34641068447412354 0.5169172932330827 0.3814691151919866 0.5131578947368421 0.42320534223706174 0.5106516290726817 0.496661101836394 0.5269423558897243 0.5217028380634391
3 0.6475563909774437 1 0.6472431077694235 0.9991652754590985 0.6409774436090225 0.9841402337228714 0.6334586466165414 0.9691151919866444 0.6234335839598998 0.9490818030050083 0.593358395989975 0.9373956594323873 0.5783208020050126 0.9424040066777963 0.5607769423558897 0.9440734557595993 0.5407268170426065 0.9457429048414023 0.5307017543859649 0.9641068447412354 0.5219298245614035 0.9641068447412354 0.5106516290726817 0.9657762938230384 0.4981203007518797 0.9657762938230384 0.4843358395989975 0.9624373956594324 0.4718045112781955 0.9540901502504173 0.4517543859649123 0.9407345575959933 0.43546365914786966 0.9257095158597662 0.4216791979949875 0.9140233722871453 0.41040100250626566 0.9090150250417363 0.41541353383458646 0.9223706176961602 0.4266917293233083 0.9407345575959933 0.4317042606516291 0.9490818030050083 0.4342105263157895 0.9607679465776294 0.4367167919799499 0.9657762938230384 0.4417293233082707 0.9774624373956594 0.4442355889724311 0.9858096828046744 0.44799498746867167 0.9958263772954925 0.4660609862155389 1 0.6475563909774437 1
3 0.5795739348370927 0.9006677796327212 0.5958646616541353 0.8973288814691152 0.6096491228070176 0.8706176961602671 0.6109022556390977 0.8472454090150251 0.6171679197994987 0.7904841402337228 0.6221804511278195 0.7621035058430717 0.6284461152882206 0.7270450751252087 0.6284461152882206 0.6986644407345576 0.6284461152882206 0.6652754590984975 0.62468671679198 0.6352253756260434 0.618421052631579 0.6202003338898163 0.6083959899749374 0.5968280467445742 0.6008771929824561 0.5784641068447413 0.5921052631578947 0.5617696160267112 0.5858395989974937 0.5367278797996661 0.5845864661654135 0.5233722871452421 0.5833333333333334 0.5 0.5808270676691729 0.48163606010016696 0.5758145363408521 0.44824707846410683 0.5695488721804511 0.4282136894824708 0.5645363408521303 0.3998330550918197 0.5582706766917294 0.3731218697829716 0.5457393483709273 0.35141903171953254 0.5357142857142857 0.34307178631051755 0.5269423558897243 0.32470784641068445 0.5169172932330827 0.3113522537562604 0.5068922305764411 0.3063439065108514 0.4968671679197995 0.3046744574290484 0.5056390977443609 0.32303839732888145 0.5056390977443609 0.3731218697829716 0.5031328320802005 0.41652754590984975 0.5081453634085213 0.43823038397328884 0.5119047619047619 0.4749582637729549 0.5119047619047619 0.508347245409015 0.5144110275689223 0.5350584307178631 0.5156641604010025 0.5584307178631052 0.5081453634085213 0.5651085141903172 0.4943609022556391 0.5684474123539232 0.4830827067669173 0.5751252086811353 0.4718045112781955 0.5834724540901502 0.4617794486215539 0.6035058430717863 0.4592731829573935 0.6218697829716193 0.4567669172932331 0.6419031719532554 0.45551378446115287 0.6702838063439065 0.4517543859649123 0.6953255425709516 0.4417293233082707 0.7020033388981636 0.4392230576441103 0.7120200333889817 0.4467418546365915 0.7253756260434057 0.4592731829573935 0.7303839732888147 0.4705513784461153 0.7437395659432388 0.4843358395989975 0.7604340567612687 0.4968671679197995 0.7754590984974958 0.5056390977443609 0.7904841402337228 0.5119047619047619 0.8055091819699499 0.5194235588972431 0.8155258764607679 0.5244360902255639 0.828881469115192 0.5307017543859649 0.845575959933222 0.5369674185463659 0.8622704507512521 0.5457393483709273 0.8823038397328882 0.5645363408521303 0.8973288814691152 0.5795739348370927 0.9006677796327212
5 0.668546365914787 0.08597662771285476 0.6622807017543859 0.08263772954924875 0.6597744360902256 0.07929883138564274 0.6572681704260651 0.07762938230383973 0.6547619047619048 0.07429048414023372 0.6522556390977443 0.07262103505843072 0.649749373433584 0.0709515859766277 0.6472431077694235 0.07262103505843072 0.6447368421052632 0.07429048414023372 0.6422305764411027 0.07429048414023372 0.6397243107769424 0.07595993322203673 0.6422305764411027 0.07762938230383973 0.6422305764411027 0.08096828046744574 0.643483709273183 0.08597662771285476 0.6459899749373433 0.09432387312186978 0.6510025062656641 0.09265442404006678 0.6535087719298246 0.09265442404006678 0.6547619047619048 0.09098497495826377 0.6572681704260651 0.08764607679465776 0.6597744360902256 0.08931552587646077 0.6622807017543859 0.08931552587646077 0.6647869674185464 0.08931552587646077 0.6672932330827067 0.09098497495826377 0.6697994987468672 0.09098497495826377 0.6723057644110275 0.09265442404006678 0.668546365914787 0.08597662771285476
0 0.45300751879699247 0.4031719532554257 0.4517543859649123 0.4599332220367279 0.4517543859649123 0.5166944908180301 0.4517543859649123 0.5500834724540902 0.4667919799498747 0.5634390651085142 0.4780701754385965 0.5751252086811353 0.4893483709273183 0.5934891485809682 0.5018796992481203 0.6051752921535893 0.5144110275689223 0.6051752921535893 0.518170426065163 0.5801335559265443 0.5194235588972431 0.5350584307178631 0.5194235588972431 0.48998330550918195 0.518170426065163 0.4298831385642738 0.5219298245614035 0.3814691151919866 0.5194235588972431 0.34808013355592654 0.5119047619047619 0.32303839732888145 0.4968671679197995 0.2996661101836394 0.4705513784461153 0.27295492487479134 0.4605263157894737 0.3297161936560935 0.45300751879699247 0.4031719532554257
0 0.38533834586466165 0.5534223706176962 0.3916040100250627 0.5467445742904842 0.4066416040100251 0.5484140233722872 0.42293233082706766 0.5567612687813022 0.43796992481203006 0.5634390651085142 0.45050125313283207 0.5667779632721202 0.4542606516290727 0.5567612687813022 0.4517543859649123 0.5367278797996661 0.4417293233082707 0.5500834724540902 0.4291979949874687 0.5467445742904842 0.4166666666666667 0.5383973288814691 0.4041353383458647 0.5317195325542571 0.3941102756892231 0.5283806343906511 0.3840852130325815 0.5300500834724541 0.37781954887218044 0.5350584307178631 0.37406015037593987 0.5467445742904842 0.37531328320802004 0.6502504173622704 0.37907268170426067 0.6719532554257095 0.39285714285714285 0.6819699499165276 0.3916040100250627 0.6452420701168614 0.38533834586466165 0.5534223706176962
0 0.5226817042606516 1 0.5144110275689223 0.9974958263772955 0.5006265664160401 0.9874791318864775 0.4918546365914787 0.9791318864774624 0.4843358395989975 0.9707846410684474 0.4768170426065163 0.9774624373956594 0.4718045112781955 0.9791318864774624 0.45300751879699247 0.9757929883138564 0.44047619047619047 0.9724540901502504 0.4442355889724311 0.9841402337228714 0.4705513784461153 0.9974958263772955 0.48041979949874686 1 0.5226817042606516 1
0 0.6259398496240601 0.7721202003338898 0.6096491228070176 0.7237061769616027 0.5921052631578947 0.6803005008347245 0.5708020050125313 0.6402337228714524 0.5870927318295739 0.7020033388981636 0.6134085213032582 0.7871452420701168 0.6322055137844611 0.8672787979966611 0.6472431077694235 0.9290484140233722 0.6560150375939849 0.9490818030050083 0.6647869674185464 0.9524207011686143 0.6472431077694235 0.8772954924874792 0.6259398496240601 0.7721202003338898
0 0.45050125313283207 0.9373956594323873 0.4705513784461153 0.9607679465776294 0.4893483709273183 0.9657762938230384 0.5144110275689223 0.9691151919866444 0.5319548872180451 0.9590984974958264 0.543233082706767 0.9357262103505843 0.5444862155388471 0.9023372287145242 0.5307017543859649 0.9240400667779632 0.5131578947368421 0.9390651085141903 0.4893483709273183 0.9390651085141903 0.44799498746867167 0.9240400667779632 0.45050125313283207 0.9373956594323873
5 0.5194235588972431 0.07429048414023372 0.43546365914786966 0.18280467445742904 0.4780701754385965 0.18113522537562604 0.5595238095238095 0.07262103505843072 0.5194235588972431 0.07429048414023372