0 0.046948356807511735 0.49665924276169265 0.04538341158059468 0.46547884187082406 0.054773082942097026 0.41870824053452116 0.06572769953051644 0.38752783964365256 0.07511737089201878 0.37861915367483295 0.10328638497652583 0.36525612472160357 0.13302034428794993 0.3518930957683742 0.15179968701095461 0.3429844097995546 0.12519561815336464 0.3674832962138085 0.11267605633802817 0.37639198218262804 0.09859154929577464 0.39420935412026725 0.09859154929577464 0.4142538975501114 0.10172143974960876 0.42316258351893093 0.08450704225352113 0.43875278396436523 0.06885758998435054 0.45434298440979953 0.054773082942097026 0.4766146993318486
8 0.20970266040688576 0.6458797327394209 0.18466353677621283 0.6369710467706013 0.15805946791862285 0.6391982182628062 0.12832550860719874 0.6369710467706013 0.1111111111111111 0.6391982182628062 0.107981220657277 0.643652561247216 0.10328638497652583 0.643652561247216 0.09859154929577464 0.6481069042316259 0.09546165884194054 0.6525612472160356 0.09702660406885759 0.6636971046770601 0.10485133020344288 0.6726057906458798 0.11580594679186229 0.6770601336302895 0.15179968701095461 0.6726057906458798 0.16901408450704225 0.6726057906458798 0.18779342723004694 0.6770601336302895 0.19248826291079812 0.6770601336302895 0.20031298904538342 0.6614699331848553 0.20500782472613457 0.6525612472160356
8 0.14710485133020346 0.6837416481069042 0.14397496087636932 0.6993318485523385 0.13928012519561817 0.7126948775055679 0.14553990610328638 0.7171492204899778 0.15805946791862285 0.7171492204899778 0.16901408450704225 0.7238307349665924 0.17370892018779344 0.7104677060133631 0.18153364632237873 0.6971046770601337 0.18779342723004694 0.6815144766146993
8 0.16118935837245696 0.734966592427617 0.15805946791862285 0.7305122494432071 0.15336463223787167 0.734966592427617 0.15805946791862285 0.7394209354120267
8 0.14241001564945227 0.7260579064587973 0.14084507042253522 0.732739420935412 0.13928012519561817 0.7438752783964365 0.13458528951486698 0.7438752783964365 0.13458528951486698 0.7371937639198218 0.13771517996870108 0.7260579064587973
8 0.13928012519561817 0.7594654788418709 0.13928012519561817 0.7505567928730512 0.13458528951486698 0.7483296213808464 0.13145539906103287 0.7594654788418709
8 0.13302034428794993 0.77728285077951 0.13615023474178403 0.7750556792873051 0.13615023474178403 0.7706013363028953 0.13302034428794993 0.7661469933184856 0.13145539906103287 0.7706013363028953
8 0.15179968701095461 0.755011135857461 0.1486697965571205 0.7594654788418709 0.15492957746478872 0.7616926503340757 0.1564945226917058 0.7527839643652561
8 0.27856025039123633 0.7594654788418709 0.2863849765258216 0.7572383073496659 0.29107981220657275 0.7505567928730512 0.2895148669796557 0.7416481069042317 0.28482003129890454 0.7416481069042317 0.27856025039123633 0.7461024498886414
8 0.3286384976525822 0.732739420935412 0.3348982785602504 0.7282850779510023 0.3395931142410016 0.7282850779510023 0.3458528951486698 0.7305122494432071 0.352112676056338 0.732739420935412 0.35524256651017216 0.7282850779510023 0.352112676056338 0.7171492204899778 0.3489827856025039 0.7126948775055679 0.3458528951486698 0.7082405345211581 0.3395931142410016 0.7082405345211581 0.3333333333333333 0.7082405345211581 0.3286384976525822 0.7104677060133631 0.3270735524256651 0.7104677060133631 0.325508607198748 0.7260579064587973
8 0.27856025039123633 0.8262806236080178 0.27699530516431925 0.8195991091314031 0.27386541471048514 0.8195991091314031 0.27073552425665104 0.821826280623608 0.27230046948356806 0.8262806236080178 0.27699530516431925 0.8285077951002228
8 0.4209702660406886 0.7973273942093542 0.4287949921752739 0.8062360801781737 0.433489827856025 0.8106904231625836 0.4413145539906103 0.8017817371937639 0.4381846635367762 0.7928730512249443 0.4272300469483568 0.7906458797327395
8 0.3129890453834116 0.9064587973273942 0.31768388106416273 0.8997772828507795 0.3145539906103286 0.8953229398663697 0.3051643192488263 0.8864142538975501 0.3004694835680751 0.8797327394209354 0.297339593114241 0.8819599109131403 0.297339593114241 0.888641425389755 0.30359937402190923 0.8953229398663697 0.30985915492957744 0.9020044543429844
8 0.27543035993740217 0.7616926503340757 0.27856025039123633 0.7661469933184856 0.28169014084507044 0.7639198218262806 0.28012519561815336 0.7594654788418709
8 0.5884194053208138 0.5902004454342984 0.593114241001565 0.5902004454342984 0.593114241001565 0.5746102449888641 0.593114241001565 0.5612472160356348 0.593114241001565 0.5434298440979956 0.593114241001565 0.5211581291759465 0.593114241001565 0.49888641425389757 0.5884194053208138 0.49665924276169265
8 0.729264475743349 0.3363028953229399 0.7511737089201878 0.33853006681514475 0.7762128325508607 0.33407572383073497 0.7793427230046949 0.31403118040089084 0.7777777777777778 0.2828507795100223 0.7636932707355243 0.29175946547884185 0.7464788732394366 0.29175946547884185 0.7370892018779343 0.2984409799554566 0.7198748043818466 0.3028953229398664 0.7089201877934272 0.3028953229398664 0.704225352112676 0.311804008908686 0.7104851330203443 0.31403118040089084 0.7261345852895149 0.31403118040089084 0.7276995305164319 0.32516703786191536