8 0.8289308176100629 0.5876460767946577 0.8339622641509434 0.5893155258764607 0.8389937106918239 0.5943238731218697 0.8427672955974843 0.5943238731218697 0.8465408805031447 0.5943238731218697 0.8503144654088051 0.5909849749582637 0.8465408805031447 0.5843071786310517 0.8415094339622642 0.5826377295492488 0.8364779874213837 0.5809682804674458 0.8301886792452831 0.5809682804674458
8 0.8842767295597485 0.6277128547579299 0.8880503144654088 0.6293823038397329 0.8880503144654088 0.6343906510851419 0.8867924528301887 0.6410684474123539 0.8817610062893082 0.6393989983305509 0.8805031446540881 0.6343906510851419 0.8817610062893082 0.6293823038397329
8 0.6465408805031446 0.3973288814691152 0.6452830188679245 0.4040066777963272 0.6465408805031446 0.41068447412353926 0.6465408805031446 0.42070116861435725 0.6515723270440251 0.4273789649415693 0.6528301886792452 0.41903171953255425 0.6566037735849056 0.41402337228714525 0.6566037735849056 0.41068447412353926 0.6566037735849056 0.4040066777963272 0.6566037735849056 0.3973288814691152 0.6528301886792452 0.39398998330550916
6 0.4578616352201258 0.35225375626043404 0.4666666666666667 0.35225375626043404 0.45534591194968554 0.335559265442404 0.4389937106918239 0.32053422370617696 0.4427672955974843 0.3105175292153589 0.46163522012578617 0.32387312186978295 0.4716981132075472 0.330550918196995 0.4817610062893082 0.34724540901502504 0.4867924528301887 0.3589315525876461 0.4981132075471698 0.36894824707846413 0.49937106918238994 0.38731218697829717 0.4867924528301887 0.3739565943238731 0.4918238993710692 0.3989983305509182 0.4930817610062893 0.4507512520868113 0.4867924528301887 0.4073455759599332 0.4767295597484277 0.38898163606010017 0.4779874213836478 0.3789649415692821 0.47044025157232705 0.3722871452420701 0.4628930817610063 0.37061769616026713
6 0.690566037735849 0.44240400667779634 0.6955974842767295 0.4340567612687813 0.6993710691823899 0.4240400667779633 0.690566037735849 0.41903171953255425 0.6930817610062893 0.41068447412353926 0.6993710691823899 0.41068447412353926 0.710691823899371 0.41736227045075125 0.7094339622641509 0.4273789649415693 0.6955974842767295 0.44407345575959933 0.6943396226415094 0.4574290484140234 0.6918238993710691 0.46410684474123537 0.6880503144654088 0.46243739565943237
8 0.6566037735849056 0.4056761268781302 0.6654088050314465 0.41235392320534225 0.6754716981132075 0.41569282136894825 0.6855345911949685 0.42237061769616024 0.6930817610062893 0.4273789649415693 0.6893081761006289 0.41402337228714525 0.670440251572327 0.4056761268781302 0.6616352201257861 0.4023372287145242
6 0.10817610062893082 0.21202003338898165 0.10943396226415095 0.2020033388981636 0.11446540880503145 0.19198664440734559 0.11823899371069183 0.18196994991652754 0.12452830188679245 0.18196994991652754 0.12452830188679245 0.19031719532554256 0.12452830188679245 0.1986644407345576 0.12075471698113208 0.2020033388981636 0.12452830188679245 0.20701168614357263 0.12452830188679245 0.21035058430717862 0.12578616352201258 0.21535893155258765 0.12578616352201258 0.22036727879799667 0.12578616352201258 0.22370617696160267 0.12452830188679245 0.22370617696160267 0.12327044025157233 0.22036727879799667 0.1220125786163522 0.21702838063439064 0.12075471698113208 0.21368948247078465 0.11949685534591195 0.21035058430717862 0.11823899371069183 0.20701168614357263 0.11823899371069183 0.2036727879799666 0.11823899371069183 0.2020033388981636 0.1169811320754717 0.2003338898163606 0.11572327044025157 0.2036727879799666 0.11572327044025157 0.20534223706176963 0.11446540880503145 0.20868113522537562 0.1119496855345912 0.21035058430717862 0.11069182389937107 0.21202003338898165
6 0.12327044025157233 0.2287145242070117 0.12327044025157233 0.2387312186978297 0.1220125786163522 0.24707846410684475 0.1220125786163522 0.2570951585976628 0.1220125786163522 0.2654424040066778 0.11949685534591195 0.2704507512520868 0.11949685534591195 0.28046744574290483 0.11823899371069183 0.2854757929883139 0.11823899371069183 0.29549248747913187 0.11949685534591195 0.2988313856427379 0.12075471698113208 0.29716193656093487 0.12075471698113208 0.2888146911519199 0.1220125786163522 0.28046744574290483 0.12327044025157233 0.27545909849749584 0.12452830188679245 0.2637729549248748 0.12452830188679245 0.25041736227045075
8 0.13836477987421383 0.327212020033389 0.1421383647798742 0.332220367278798 0.14842767295597484 0.332220367278798 0.14968553459119496 0.327212020033389 0.14465408805031446 0.32554257095158595 0.1421383647798742 0.32554257095158595
8 0.11069182389937107 0.39565943238731216 0.11069182389937107 0.4023372287145242 0.11069182389937107 0.4073455759599332 0.10943396226415095 0.41402337228714525 0.1119496855345912 0.41736227045075125 0.11446540880503145 0.41235392320534225 0.11446540880503145 0.4073455759599332 0.11320754716981132 0.4023372287145242 0.11320754716981132 0.3973288814691152
8 0.8465408805031447 0.1018363939899833 0.8377358490566038 0.10684474123539232 0.8301886792452831 0.11018363939899833 0.8188679245283019 0.11018363939899833 0.7987421383647799 0.11185308848080133 0.7874213836477988 0.11185308848080133 0.7723270440251573 0.11185308848080133 0.7660377358490567 0.11686143572621036 0.7811320754716982 0.12020033388981637 0.8025157232704403 0.11853088480801335 0.820125786163522 0.11519198664440734 0.8314465408805032 0.11686143572621036 0.8339622641509434 0.12186978297161936 0.8389937106918239 0.12186978297161936 0.8477987421383648 0.11519198664440734 0.8490566037735849 0.10684474123539232
6 0.189937106918239 0.14357262103505844 0.19245283018867926 0.15358931552587646 0.20251572327044026 0.15525876460767946 0.2050314465408805 0.15358931552587646 0.21006289308176102 0.15859766277128548 0.2138364779874214 0.16026711185308848 0.21635220125786164 0.15692821368948248 0.21761006289308177 0.15525876460767946 0.2188679245283019 0.15692821368948248 0.2238993710691824 0.15859766277128548 0.22515723270440252 0.15525876460767946 0.22641509433962265 0.15525876460767946 0.22767295597484277 0.15191986644407346 0.22767295597484277 0.14691151919866444 0.22641509433962265 0.14524207011686144 0.2238993710691824 0.14524207011686144 0.22264150943396227 0.14691151919866444 0.2188679245283019 0.14691151919866444 0.2188679245283019 0.14858096828046743 0.21635220125786164 0.15025041736227046 0.21635220125786164 0.14691151919866444 0.21132075471698114 0.14691151919866444 0.20628930817610064 0.14691151919866444 0.2037735849056604 0.14691151919866444 0.2037735849056604 0.14524207011686144 0.20251572327044026 0.14357262103505844 0.2 0.14357262103505844 0.19748427672955976 0.14524207011686144 0.19622641509433963 0.14524207011686144 0.1949685534591195 0.14357262103505844 0.1949685534591195 0.14023372287145242 0.19245283018867926 0.14023372287145242 0.19119496855345913 0.14023372287145242
8 0.989937106918239 0.1335559265442404 0.9849056603773585 0.1302170283806344 0.9823899371069182 0.1285475792988314 0.9761006289308176 0.1285475792988314 0.969811320754717 0.12520868113522537 0.9660377358490566 0.12186978297161936 0.959748427672956 0.11686143572621036 0.9584905660377359 0.11519198664440734 0.959748427672956 0.12687813021702837 0.9622641509433962 0.12687813021702837 0.969811320754717 0.1302170283806344 0.9748427672955975 0.1318864774624374 0.9836477987421384 0.1352253756260434
8 0.25031446540880503 0.08180300500834725 0.2540880503144654 0.08514190317195326 0.2628930817610063 0.08514190317195326 0.2679245283018868 0.08514190317195326 0.2641509433962264 0.07846410684474124 0.25534591194968553 0.08013355592654424
8 0.8641509433962264 0.04006677796327212 0.8666666666666667 0.035058430717863104 0.869182389937107 0.03171953255425709 0.8666666666666667 0.028380634390651086 0.8616352201257862 0.03005008347245409 0.8603773584905661 0.0333889816360601 0.8603773584905661 0.038397328881469114 0.8616352201257862 0.05008347245409015 0.8616352201257862 0.05342237061769616 0.8641509433962264 0.05843071786310518 0.8654088050314466 0.05342237061769616 0.8616352201257862 0.04674457429048414 0.8641509433962264 0.045075125208681135
3 0.1471698113207547 0.02671118530884808 0.1761006289308176 0.0333889816360601 0.21132075471698114 0.025041736227045076 0.23018867924528302 0.028380634390651086 0.2389937106918239 0.0667779632721202 0.23018867924528302 0.09348914858096828 0.23270440251572327 0.1352253756260434 0.21509433962264152 0.13689482470784642 0.18238993710691823 0.13689482470784642 0.1761006289308176 0.13689482470784642 0.15974842767295597 0.15191986644407346 0.13962264150943396 0.1652754590984975 0.13836477987421383 0.1001669449081803 0.1459119496855346 0.06176961602671119
8 0.6465408805031446 0.5125208681135225 0.6528301886792452 0.49248747913188645 0.6540880503144654 0.4707846410684474 0.6440251572327044 0.4741235392320534 0.6440251572327044 0.48414023372287146 0.6377358490566037 0.5125208681135225 0.6377358490566037 0.5191986644407346 0.6465408805031446 0.5208681135225376
3 0.11949685534591195 0.18030050083472454 0.10062893081761007 0.22203672787979967 0.08930817610062892 0.25041736227045075 0.08553459119496855 0.2838063439065108 0.08427672955974842 0.3021702838063439 0.10062893081761007 0.31552587646076796 0.11572327044025157 0.32053422370617696 0.12830188679245283 0.327212020033389 0.1459119496855346 0.333889816360601 0.15220125786163521 0.332220367278798 0.16352201257861634 0.330550918196995 0.17358490566037735 0.32053422370617696 0.17484276729559747 0.31552587646076796 0.17484276729559747 0.3071786310517529 0.16226415094339622 0.2704507512520868 0.14465408805031446 0.2337228714524207 0.13459119496855346 0.2020033388981636
8 0.889308176100629 0.41235392320534225 0.8830188679245283 0.41235392320534225 0.8779874213836478 0.41235392320534225 0.8754716981132076 0.42070116861435725 0.8779874213836478 0.42237061769616024 0.889308176100629 0.42237061769616024 0.9006289308176101 0.41903171953255425 0.89937106918239 0.41402337228714525
3 0.07547169811320754 0.333889816360601 0.0880503144654088 0.34724540901502504 0.09685534591194969 0.3639398998330551 0.10943396226415095 0.38397328881469117 0.11823899371069183 0.39565943238731216 0.11823899371069183 0.41569282136894825 0.1119496855345912 0.41903171953255425 0.10440251572327044 0.4006677796327212 0.09433962264150944 0.3756260434056761 0.08050314465408805 0.3622704507512521 0.07547169811320754 0.34557595993322204
3 0.30943396226415093 0.2888146911519199 0.34465408805031444 0.332220367278798 0.3987421383647799 0.3789649415692821 0.4125786163522013 0.41736227045075125 0.4327044025157233 0.4707846410684474 0.4591194968553459 0.49248747913188645 0.47547169811320755 0.5392320534223706 0.5044025157232704 0.5525876460767947 0.5283018867924528 0.5258764607679466 0.5421383647798742 0.48080133555926546 0.5358490566037736 0.4307178631051753 0.5283018867924528 0.38564273789649417 0.49559748427672956 0.32554257095158595 0.4628930817610063 0.28213689482470783 0.42012578616352203 0.2570951585976628 0.42012578616352203 0.2838063439065108 0.3987421383647799 0.3121869782971619 0.34088050314465407 0.29716193656093487
3 0.5534591194968553 0.35392320534223703 0.589937106918239 0.4006677796327212 0.6050314465408805 0.42070116861435725 0.6339622641509434 0.4323873121869783 0.6578616352201258 0.4240400667779633 0.6654088050314465 0.38564273789649417 0.630188679245283 0.34557595993322204 0.5886792452830188 0.34056761268781305
3 0.04654088050314465 0.34557595993322204 0.04905660377358491 0.3606010016694491 0.061635220125786164 0.3739565943238731 0.0779874213836478 0.36894824707846413 0.0779874213836478 0.3555926544240401 0.07547169811320754 0.34557595993322204 0.061635220125786164 0.33889816360601 0.05786163522012579 0.34056761268781305
3 0.41635220125786165 0.2854757929883139 0.3232704402515723 0.19198664440734559 0.2440251572327044 0.1419031719532554 0.25534591194968553 0.07512520868113523 0.25534591194968553 0.018363939899833055 0.3283018867924528 0.01001669449081803 0.4138364779874214 0.015025041736227046 0.5006289308176101 0.01001669449081803 0.5509433962264151 0.018363939899833055 0.5723270440251572 0.05342237061769616 0.5622641509433962 0.09849749582637729 0.4930817610062893 0.1285475792988314 0.4138364779874214 0.1285475792988314 0.37610062893081764 0.1285475792988314 0.4238993710691824 0.20868113522537562 0.4830188679245283 0.27545909849749584 0.5182389937106918 0.35225375626043404 0.4867924528301887 0.35058430717863104
8 0.5270440251572327 0.6444073455759599 0.529559748427673 0.6510851419031719 0.5320754716981132 0.662771285475793 0.5320754716981132 0.669449081803005 0.5383647798742138 0.671118530884808 0.539622641509434 0.662771285475793 0.5383647798742138 0.656093489148581 0.5358490566037736 0.6510851419031719 0.5333333333333333 0.6477462437395659 0.5320754716981132 0.6444073455759599 0.5283018867924528 0.6377295492487479
8 0.49433962264150944 0.679465776293823 0.4968553459119497 0.6944908180300501 0.4981132075471698 0.7045075125208681 0.5018867924528302 0.7195325542570952 0.5069182389937107 0.7161936560934892 0.5044025157232704 0.7028380634390651 0.49937106918238994 0.6911519198664441
3 0.6364779874213836 0.333889816360601 0.9924528301886792 0.4240400667779633 0.9861635220125786 0.66110183639399 0.6327044025157232 0.5275459098497496
0 0.6566037735849056 0.22370617696160267 0.6452830188679245 0.34390651085141904 0.6452830188679245 0.4273789649415693 0.6314465408805031 0.5158597662771286 0.6238993710691824 0.5726210350584308 0.620125786163522 0.5208681135225376 0.6238993710691824 0.3973288814691152 0.6251572327044025 0.330550918196995 0.6352201257861635 0.2621035058430718 0.6465408805031446 0.2036727879799666 0.6666666666666666 0.15191986644407346
0 0.08050314465408805 0.2904841402337229 0.14339622641509434 0.328881469115192 0.16226415094339622 0.31886477462437396 0.13459119496855346 0.3572621035058431 0.08553459119496855 0.3121869782971619