8 0.7996845425867508 0.5338983050847458 0.8422712933753943 0.5233050847457628 0.8501577287066246 0.5211864406779662 0.861198738170347 0.5317796610169492 0.8028391167192429 0.538135593220339
8 0.49369085173501576 0.6758474576271186 0.5473186119873817 0.6970338983050848 0.5646687697160884 0.690677966101695 0.5678233438485805 0.7203389830508474 0.5678233438485805 0.7542372881355932 0.5094637223974764 0.739406779661017
4 0.49842271293375395 0.7754237288135594 0.5031545741324921 0.7521186440677966 0.5583596214511041 0.7796610169491526 0.556782334384858 0.8008474576271186 0.5252365930599369 0.7923728813559322
8 0.3990536277602524 0.673728813559322 0.4242902208201893 0.6779661016949152 0.4242902208201893 0.690677966101695 0.47003154574132494 0.722457627118644 0.47003154574132494 0.7542372881355932 0.46845425867507884 0.7923728813559322 0.444794952681388 0.7902542372881356 0.44637223974763407 0.8305084745762712 0.4227129337539432 0.8220338983050848 0.4148264984227129 0.7944915254237288 0.416403785488959 0.7711864406779662 0.42902208201892744 0.7733050847457628 0.42902208201892744 0.7584745762711864 0.4116719242902208 0.75
8 0.5709779179810726 0.6779661016949152 0.638801261829653 0.684322033898305 0.6971608832807571 0.6949152542372882 0.667192429022082 0.798728813559322 0.6514195583596214 0.798728813559322 0.6545741324921136 0.7838983050847458 0.5946372239747634 0.7754237288135594
8 0.3864353312302839 0.5826271186440678 0.39274447949526814 0.5932203389830508 0.3990536277602524 0.614406779661017 0.3911671924290221 0.6038135593220338 0.38485804416403785 0.5847457627118644
4 0.3138801261829653 0.4872881355932203 0.3186119873817035 0.4851694915254237 0.32334384858044163 0.4872881355932203 0.3249211356466877 0.4936440677966102 0.32334384858044163 0.4957627118644068 0.3186119873817035 0.4936440677966102 0.3138801261829653 0.4915254237288136
4 0.3138801261829653 0.4533898305084746 0.32965299684542587 0.451271186440678 0.34542586750788645 0.4576271186440678 0.35646687697160884 0.4639830508474576 0.3675078864353312 0.4788135593220339 0.35646687697160884 0.4936440677966102 0.3470031545741325 0.4809322033898305 0.3391167192429022 0.4830508474576271 0.3280757097791798 0.4745762711864407 0.31703470031545744 0.4724576271186441
4 0.7996845425867508 0.6334745762711864 0.8249211356466877 0.6652542372881356 0.8943217665615142 0.625 0.8958990536277602 0.5296610169491526 0.8848580441640379 0.5317796610169492 0.8706624605678234 0.5953389830508474
3 0.38958990536277605 0.6207627118644068 0.43217665615141954 0.6419491525423728 0.46214511041009465 0.6271186440677966 0.4558359621451104 0.5995762711864406 0.40536277602523657 0.5805084745762712 0.3832807570977918 0.586864406779661
4 0.6892744479495269 0.6949152542372882 0.777602523659306 0.6652542372881356 0.7728706624605678 0.6377118644067796 0.7570977917981072 0.6059322033898306 0.7555205047318612 0.5826271186440678 0.7744479495268138 0.6101694915254238 0.7902208201892744 0.6377118644067796 0.804416403785489 0.6377118644067796 0.8249211356466877 0.663135593220339 0.889589905362776 0.6186440677966102 0.8990536277602523 0.5932203389830508 0.9148264984227129 0.559322033898305 0.9321766561514195 0.5783898305084746 0.9369085173501577 0.6080508474576272 0.9321766561514195 0.6546610169491526 0.917981072555205 0.6652542372881356 0.9085173501577287 0.6377118644067796 0.8753943217665615 0.652542372881356 0.8359621451104101 0.673728813559322 0.8186119873817035 0.7245762711864406 0.804416403785489 0.7627118644067796 0.7602523659305994 0.7838983050847458 0.6876971608832808 0.8114406779661016 0.6529968454258676 0.8199152542372882
8 0.3911671924290221 0.625 0.43690851735015773 0.6504237288135594 0.43690851735015773 0.663135593220339 0.39589905362776023 0.6546610169491526
0 0.39274447949526814 0.6101694915254238 0.42902208201892744 0.6207627118644068 0.4558359621451104 0.6101694915254238 0.46529968454258674 0.6271186440677966 0.4416403785488959 0.6567796610169492 0.42902208201892744 0.6610169491525424 0.3911671924290221 0.6398305084745762 0.38801261829652994 0.625