3 0.4428822495606327 0.6721698113207547 0.46045694200351495 0.660377358490566 0.48154657293497366 0.660377358490566 0.5061511423550088 0.6674528301886793 0.5289982425307557 0.6839622641509434 0.5518453427065027 0.6886792452830188 0.5729349736379613 0.6933962264150944 0.5905096660808435 0.7099056603773585 0.6063268892794376 0.7287735849056604 0.6080843585237259 0.7547169811320755 0.616871704745167 0.7900943396226415 0.6115992970123023 0.7995283018867925 0.6010544815465729 0.8018867924528302 0.5940246045694201 0.8136792452830188 0.5852372583479789 0.8278301886792453 0.5676625659050967 0.8301886792452831 0.546572934973638 0.8231132075471698 0.5289982425307557 0.8231132075471698 0.5184534270650264 0.8278301886792453 0.5096660808435852 0.8231132075471698 0.5026362038664324 0.8160377358490566 0.4938488576449912 0.8066037735849056 0.4833040421792619 0.7948113207547169 0.46748681898066785 0.7830188679245284 0.45694200351493847 0.7735849056603774 0.44815465729349735 0.7617924528301887 0.44112478031634444 0.7405660377358491 0.4358523725834798 0.7169811320754716 0.4288224956063269 0.7004716981132075 0.4253075571177504 0.6721698113207547
8 0.34973637961335674 0.6014150943396226 0.3585237258347979 0.6061320754716981 0.36379613356766255 0.6155660377358491 0.37258347978910367 0.6226415094339622 0.37609841827768015 0.6297169811320755 0.3655536028119508 0.6273584905660378 0.3602811950790861 0.6226415094339622 0.3532513181019332 0.6179245283018868 0.34973637961335674 0.6132075471698113 0.3444639718804921 0.6061320754716981
8 0.37961335676625657 0.6344339622641509 0.39015817223198596 0.6367924528301887 0.39718804920913886 0.6391509433962265 0.40597539543058 0.6415094339622641 0.4130052724077329 0.6485849056603774 0.4235500878734622 0.6533018867924528 0.43233743409490333 0.6627358490566038 0.43409490333919154 0.6698113207547169 0.4200351493848858 0.660377358490566
8 0.37961335676625657 0.6438679245283019 0.39015817223198596 0.6485849056603774 0.40421792618629176 0.6627358490566038 0.4200351493848858 0.6768867924528302 0.4288224956063269 0.6886792452830188 0.3954305799648506 0.660377358490566 0.38312829525483305 0.6509433962264151
8 0.36906854130052724 0.6533018867924528 0.37961335676625657 0.6556603773584906 0.38488576449912126 0.660377358490566 0.3884007029876977 0.6674528301886793 0.37961335676625657 0.6627358490566038 0.37434094903339193 0.6580188679245284
8 0.37609841827768015 0.6674528301886793 0.38488576449912126 0.6721698113207547 0.3954305799648506 0.6816037735849056 0.40597539543058 0.6863207547169812 0.4130052724077329 0.6933962264150944 0.4077328646748682 0.6957547169811321 0.4024604569420035 0.6910377358490566 0.39191564147627417 0.6863207547169812 0.3866432337434095 0.6816037735849056 0.38137082601054484 0.6768867924528302 0.37609841827768015 0.6745283018867925
8 0.37785588752196836 0.7287735849056604 0.39191564147627417 0.7358490566037735 0.4007029876977153 0.7452830188679245 0.38312829525483305 0.7382075471698113
8 0.4270650263620387 0.7004716981132075 0.43409490333919154 0.7099056603773585 0.43409490333919154 0.7169811320754716 0.4270650263620387 0.714622641509434 0.4200351493848858 0.7051886792452831
8 0.421792618629174 0.7099056603773585 0.43409490333919154 0.7216981132075472 0.43233743409490333 0.7264150943396226 0.4165202108963093 0.714622641509434
8 0.4253075571177504 0.7264150943396226 0.4305799648506151 0.7311320754716981 0.4358523725834798 0.7358490566037735 0.4358523725834798 0.7429245283018868 0.4305799648506151 0.7405660377358491 0.4235500878734622 0.7334905660377359 0.4200351493848858 0.7264150943396226
8 0.43936731107205623 0.7405660377358491 0.4428822495606327 0.7523584905660378 0.44815465729349735 0.7688679245283019 0.45518453427065025 0.7806603773584906 0.46045694200351495 0.7924528301886793 0.46572934973637964 0.8018867924528302 0.44991212653778556 0.7830188679245284 0.44112478031634444 0.7688679245283019 0.437609841827768 0.7594339622641509 0.43409490333919154 0.75 0.43233743409490333 0.7429245283018868
8 0.507908611599297 0.8938679245283019 0.5202108963093146 0.8915094339622641 0.5272407732864675 0.8915094339622641 0.5413005272407733 0.8915094339622641 0.5536028119507909 0.8938679245283019 0.5641476274165202 0.9033018867924528 0.5448154657293497 0.9056603773584906 0.5202108963093146 0.9056603773584906
3 0.4147627416520211 0.5613207547169812 0.3954305799648506 0.5542452830188679 0.37785588752196836 0.5660377358490566 0.38137082601054484 0.5825471698113207 0.3866432337434095 0.6014150943396226 0.40597539543058 0.6132075471698113 0.4112478031634446 0.6202830188679245 0.4253075571177504 0.6226415094339622 0.43409490333919154 0.6155660377358491 0.4305799648506151 0.6014150943396226 0.4288224956063269 0.5872641509433962 0.421792618629174 0.5754716981132075
8 0.6133567662565905 0.7948113207547169 0.6133567662565905 0.8042452830188679 0.6080843585237259 0.8042452830188679 0.6080843585237259 0.7995283018867925
8 0.4850615114235501 0.6886792452830188 0.4850615114235501 0.6957547169811321 0.4780316344463972 0.6957547169811321 0.4797891036906854 0.6886792452830188