3 0.590400304116866 1 0.5936254980079682 0.9662027833001988 0.5909694555112882 0.952286282306163 0.5883134130146083 0.9304174950298211 0.5564409030544488 0.8429423459244533 0.5325365205843293 0.8170974155069582 0.5033200531208499 0.7912524850894632 0.46879150066401065 0.7753479125248509 0.448871181938911 0.7892644135188867 0.43824701195219123 0.8091451292246521 0.4435590969455511 0.8429423459244533 0.4674634794156706 0.8886679920477137 0.4847277556440903 0.9383697813121272 0.5073041168658698 0.9980119284294234 0.5094621513944223 1 0.590400304116866 1
3 0.45285524568393093 0.7037773359840954 0.43293492695883135 0.7296222664015904 0.4316069057104914 0.7534791252485089 0.4555112881806109 0.7753479125248509 0.4754316069057105 0.7872763419483101 0.49800796812749004 0.7833001988071571 0.4913678618857902 0.7475149105367793 0.47410358565737054 0.7157057654075547 0.45285524568393093 0.7037773359840954
8 0.4807436918990704 0.7992047713717694 0.4807436918990704 0.8111332007952287 0.4860557768924303 0.8508946322067594 0.4900398406374502 0.8508946322067594 0.4900398406374502 0.8409542743538767 0.48738379814077026 0.8230616302186878 0.4847277556440903 0.8011928429423459 0.4807436918990704 0.7992047713717694
8 0.48738379814077026 0.8588469184890656 0.48738379814077026 0.8747514910536779 0.49269588313413015 0.8747514910536779 0.4913678618857902 0.8588469184890656 0.48738379814077026 0.8588469184890656
8 0.4900398406374502 0.8846918489065606 0.4900398406374502 0.9025844930417495 0.4953519256308101 0.9125248508946322 0.4953519256308101 0.9025844930417495 0.4953519256308101 0.8926441351888668 0.4940239043824701 0.8807157057654076 0.4900398406374502 0.8846918489065606
8 0.49269588313413015 0.9204771371769384 0.4940239043824701 0.9304174950298211 0.50066401062417 0.9880715705765407 0.5033200531208499 0.9960238568588469 0.5046480743691899 0.9900596421471173 0.5046480743691899 0.9761431411530815 0.5033200531208499 0.9542743538767395 0.49933598937583 0.9383697813121272 0.49933598937583 0.9264413518886679 0.49667994687915007 0.9165009940357853 0.49269588313413015 0.9204771371769384
6 0.43691899070385126 0.5546719681908548 0.42895086321381143 0.5745526838966203 0.43691899070385126 0.5785288270377733 0.45152722443559096 0.5785288270377733 0.4448871181938911 0.5506958250497018 0.43691899070385126 0.5546719681908548
6 0.46879150066401065 0.7117296222664016 0.4754316069057105 0.7276341948310139 0.4940239043824701 0.7375745526838966 0.5099601593625498 0.7554671968190855 0.5126162018592297 0.7455268389662028 0.5033200531208499 0.73558648111332 0.4913678618857902 0.7276341948310139 0.4807436918990704 0.7216699801192843 0.4714475431606906 0.7017892644135189 0.46879150066401065 0.7117296222664016
6 0.448871181938911 0.614314115308151 0.4581673306772908 0.6699801192842942 0.4701195219123506 0.7554671968190855 0.47277556440903057 0.7753479125248509 0.47808764940239046 0.7693836978131213 0.4754316069057105 0.7475149105367793 0.4714475431606906 0.7256461232604374 0.46879150066401065 0.6958250497017893 0.46082337317397076 0.6600397614314115 0.45683930942895085 0.6222664015904572 0.4541832669322709 0.5984095427435387 0.45152722443559096 0.584493041749503 0.448871181938911 0.614314115308151
8 0.4302788844621514 0.5805168986083499 0.4316069057104914 0.5964214711729622 0.4409030544488712 0.6640159045725647 0.4435590969455511 0.6779324055666004 0.44754316069057104 0.6759443339960238 0.44223107569721115 0.6401590457256461 0.43824701195219123 0.614314115308151 0.4342629482071713 0.584493041749503 0.4302788844621514 0.5805168986083499
6 0.4448871181938911 0.68389662027833 0.44621513944223107 0.7137176938369781 0.4541832669322709 0.7534791252485089 0.4594953519256308 0.757455268389662 0.4581673306772908 0.7395626242544732 0.4541832669322709 0.7176938369781312 0.45152722443559096 0.7017892644135189 0.450199203187251 0.6858846918489065 0.44621513944223107 0.6739562624254473 0.4448871181938911 0.68389662027833
6 0.4077025232403719 0.7852882703777336 0.40903054448871184 0.805168986083499 0.4169986719787517 0.8508946322067594 0.4262948207171315 0.8926441351888668 0.43824701195219123 0.8986083499005965 0.43691899070385126 0.8767395626242545 0.4262948207171315 0.8608349900596421 0.42363877822045154 0.8429423459244533 0.41832669322709165 0.8091451292246521 0.4116865869853918 0.7793240556660039 0.4077025232403719 0.7852882703777336
3 0.3612217795484728 0.5228628230616302 0.36387782204515273 0.5407554671968191 0.37184594953519257 0.5566600397614314 0.38247011952191234 0.5606361829025845 0.3944223107569721 0.5546719681908548 0.41434262948207173 0.5666003976143141 0.44621513944223107 0.5964214711729622 0.4648074369189907 0.5984095427435387 0.47808764940239046 0.588469184890656 0.47808764940239046 0.5725646123260437 0.46879150066401065 0.5606361829025845 0.4555112881806109 0.5487077534791253 0.45152722443559096 0.5427435387673957 0.450199203187251 0.5228628230616302 0.44621513944223107 0.5009940357852882 0.4342629482071713 0.47912524850894633 0.42231075697211157 0.4711729622266402 0.4103585657370518 0.4731610337972167 0.40106241699867196 0.4831013916500994 0.3904382470119522 0.48906560636182905 0.3758300132802125 0.5009940357852882 0.3652058432934927 0.5089463220675944 0.3612217795484728 0.5228628230616302
3 0.5298804780876494 0.5984095427435387 0.5312084993359893 0.6182902584493042 0.5325365205843293 0.6421471172962226 0.5444887118193891 0.6421471172962226 0.5524568393094289 0.6361829025844931 0.5577689243027888 0.6163021868787276 0.5630810092961488 0.5944333996023857 0.5683930942895087 0.562624254473161 0.5657370517928287 0.5387673956262425 0.5551128818061088 0.5248508946322068 0.5378486055776892 0.5268389662027833 0.5272244355909694 0.5407554671968191 0.5285524568393094 0.5646123260437376 0.5298804780876494 0.5984095427435387
0 0.38247011952191234 0.5308151093439364 0.39707835325365204 0.5268389662027833 0.4077025232403719 0.5208747514910537 0.41832669322709165 0.5129224652087475 0.42895086321381143 0.5009940357852882 0.4355909694555113 0.4870775347912525 0.4395750332005312 0.47713717693836977 0.450199203187251 0.4592445328031809 0.4316069057104914 0.47514910536779326 0.4156706507304117 0.49502982107355864 0.398406374501992 0.5049701789264414 0.3784860557768924 0.5168986083499006 0.3652058432934927 0.5248508946322068 0.3545816733067729 0.532803180914513 0.35723771580345287 0.5407554671968191 0.3691899070385126 0.5347912524850894 0.38247011952191234 0.5308151093439364
5 0.5053950863213812 1 0.49667994687915007 0.9105367793240556 0.4807436918990704 0.7852882703777336 0.44621513944223107 0.5487077534791253 0.4355909694555113 0.558648111332008 0.42895086321381143 0.5785288270377733 0.4435590969455511 0.679920477137177 0.4634794156706507 0.7972166998011928 0.4907987104913679 1 0.5053950863213812 1
6 0.4701195219123506 0.8986083499005965 0.46879150066401065 0.904572564612326 0.46613545816733065 0.9145129224652088 0.4634794156706507 0.9244532803180915 0.46879150066401065 0.9343936381709742 0.4714475431606906 0.9244532803180915 0.4754316069057105 0.9165009940357853 0.4701195219123506 0.8986083499005965
8 0.3745019920318725 0.5208747514910537 0.4196547144754316 0.49105367793240556 0.4103585657370518 0.4831013916500994 0.3665338645418327 0.5149105367793241 0.3745019920318725 0.5208747514910537
8 0.4316069057104914 0.9165009940357853 0.4435590969455511 0.974155069582505 0.450199203187251 0.9681908548707754 0.43691899070385126 0.9085487077534792 0.4316069057104914 0.9165009940357853