3 0.4624125874125874 0.32903981264637 0.47115384615384615 0.3524590163934426 0.4956293706293706 0.382903981264637 0.5253496503496503 0.41569086651053866 0.5428321678321678 0.38992974238875877 0.5428321678321678 0.3711943793911007 0.5166083916083916 0.3407494145199063 0.5183566433566433 0.319672131147541 0.5428321678321678 0.30562060889929743 0.5743006993006993 0.29859484777517564 0.6005244755244755 0.2939110070257611 0.611013986013986 0.28454332552693207 0.6075174825174825 0.24941451990632318 0.5743006993006993 0.2259953161592506 0.5550699300699301 0.202576112412178 0.5340909090909091 0.19086651053864168 0.4291958041958042 0.18384074941451992 0.38723776223776224 0.22365339578454332 0.388986013986014 0.23536299765807964 0.3924825174825175 0.2728337236533958 0.42744755244755245 0.32669789227166274 0.44143356643356646 0.319672131147541 0.4624125874125874 0.32903981264637
3 0.4781468531468531 0.18618266978922718 0.5113636363636364 0.20491803278688525 0.5375874125874126 0.19086651053864168 0.5305944055944056 0.15105386416861827 0.5131118881118881 0.10655737704918032 0.49038461538461536 0.10187353629976581 0.38024475524475526 0.09484777517564402 0.3942307692307692 0.15105386416861827 0.40821678321678323 0.20023419203747073 0.4326923076923077 0.1791569086651054 0.4781468531468531 0.18618266978922718
0 0.4729020979020979 0.265807962529274 0.5043706293706294 0.2822014051522248 0.5340909090909091 0.2681498829039813 0.5655594405594405 0.25878220140515223 0.5812937062937062 0.24707259953161592 0.5690559440559441 0.21662763466042154 0.5463286713286714 0.16744730679156908 0.5096153846153846 0.10421545667447307 0.46416083916083917 0.09718969555035128 0.40996503496503495 0.09953161592505855 0.3557692307692308 0.10889929742388758 0.38723776223776224 0.23536299765807964 0.38723776223776224 0.27985948477751754 0.4187062937062937 0.2822014051522248 0.4431818181818182 0.275175644028103 0.4729020979020979 0.265807962529274
3 0.49038461538461536 0.10187353629976581 0.4624125874125874 0.04332552693208431 0.4344405594405594 0.02459016393442623 0.395979020979021 0.01522248243559719 0.3767482517482518 0.02224824355971897 0.34178321678321677 0.01053864168618267 0.3784965034965035 0.09718969555035128 0.44667832167832167 0.08782201405152225 0.49038461538461536 0.10187353629976581
5 0.5270979020979021 0.9309133489461359 0.5498251748251748 0.9262295081967213 0.5550699300699301 0.8793911007025761 0.5375874125874126 0.8629976580796253 0.5236013986013986 0.8793911007025761 0.5218531468531469 0.9074941451990632 0.5270979020979021 0.9309133489461359
8 0.7283842692307693 0.7723277540983606 0.7159090909090909 0.788056206088993 0.7211538461538461 0.8091334894613583 0.7283842692307693 0.7723277540983606
8 0.7283842692307693 0.7723277540983606 0.7456293706293706 0.7505854800936768 0.7298951048951049 0.7646370023419203 0.7283842692307693 0.7723277540983606
2 0.26136363636363635 0.5491803278688525 0.2770979020979021 0.5819672131147541 0.2980769230769231 0.6217798594847775 0.31905594405594406 0.6592505854800936 0.34003496503496505 0.6943793911007026 0.3557692307692308 0.7295081967213115 0.36975524475524474 0.7505854800936768 0.3715034965034965 0.6850117096018735 0.38374125874125875 0.5327868852459017 0.3924825174825175 0.40866510538641687 0.3942307692307692 0.3524590163934426 0.3942307692307692 0.31733021077283374 0.2736013986013986 0.22365339578454332 0.26486013986013984 0.265807962529274 0.25786713286713286 0.4718969555035129 0.26136363636363635 0.5491803278688525
5 0.2718531468531469 0.16978922716627634 0.2928321678321678 0.20491803278688525 0.32255244755244755 0.2306791569086651 0.3505244755244755 0.2540983606557377 0.3732517482517482 0.265807962529274 0.395979020979021 0.24941451990632318 0.3522727272727273 0.10421545667447307 0.25961538461538464 0.1252927400468384 0.25961538461538464 0.13700234192037472 0.2718531468531469 0.16978922716627634
5 0.38024475524475526 0.20491803278688525 0.3557692307692308 0.20491803278688525 0.3487762237762238 0.2423887587822014 0.3767482517482518 0.265807962529274 0.395979020979021 0.2728337236533958 0.395979020979021 0.2423887587822014 0.38024475524475526 0.20491803278688525
5 0.6512237762237763 0.7131147540983607 0.6477272727272727 0.7412177985948478 0.666958041958042 0.7459016393442623 0.6704545454545454 0.7154566744730679 0.6512237762237763 0.7131147540983607
0 0.354020979020979 0.11358313817330211 0.3068181818181818 0.11358313817330211 0.2561188811188811 0.1252927400468384 0.26835664335664333 0.14637002341920374 0.3243006993006993 0.13700234192037472 0.3575174825174825 0.13700234192037472 0.354020979020979 0.11358313817330211
0 0.3155594405594406 0.23302107728337237 0.33653846153846156 0.24707259953161592 0.3767482517482518 0.2728337236533958 0.38723776223776224 0.275175644028103 0.38723776223776224 0.25175644028103045 0.3505244755244755 0.23770491803278687 0.31905594405594406 0.21662763466042154 0.2945804195804196 0.19789227166276346 0.2770979020979021 0.17681498829039813 0.2701048951048951 0.15807962529274006 0.2666083916083916 0.14168618266978922 0.26486013986013984 0.1252927400468384 0.2526223776223776 0.1252927400468384 0.2526223776223776 0.13466042154566746 0.25961538461538464 0.1721311475409836 0.2701048951048951 0.19320843091334894 0.2910839160839161 0.21428571428571427 0.3155594405594406 0.23302107728337237