6 0.7662082514734774 0.5862068965517241 0.7740667976424361 0.5729442970822282 0.7740667976424361 0.5994694960212201 0.7662082514734774 0.610079575596817
6 0.6620825147347741 0.6949602122015915 0.6679764243614931 0.6896551724137931 0.6719056974459725 0.6710875331564987 0.693516699410609 0.6710875331564987 0.6994106090373281 0.6763925729442971 0.7013752455795678 0.6657824933687002 0.7190569744597249 0.6657824933687002 0.7210216110019646 0.6710875331564987 0.7288801571709234 0.6604774535809018 0.7347740667976425 0.6578249336870027 0.7347740667976425 0.6710875331564987 0.7229862475442044 0.6763925729442971 0.7092337917485265 0.6843501326259946 0.6856581532416502 0.6896551724137931 0.6719056974459725 0.6949602122015915
6 0.2043222003929273 0.5994694960212201 0.21218074656188604 0.6127320954907162 0.21611001964636542 0.6074270557029178 0.22789783889980353 0.6127320954907162 0.2554027504911591 0.6206896551724138 0.275049115913556 0.6206896551724138 0.26719056974459726 0.6286472148541115 0.2475442043222004 0.6259946949602122 0.23772102161100198 0.6259946949602122 0.2337917485265226 0.6419098143236074 0.22593320235756384 0.636604774535809 0.22396856581532418 0.6604774535809018 0.21414538310412573 0.6472148541114059 0.2082514734774067 0.6419098143236074 0.2043222003929273 0.6180371352785146
6 0.2337917485265226 0.6790450928381963 0.24361493123772102 0.6790450928381963 0.24950884086444008 0.6896551724137931 0.2337917485265226 0.6923076923076923
6 0.22789783889980353 0.649867374005305 0.2318271119842829 0.6578249336870027 0.2318271119842829 0.6710875331564987 0.22593320235756384 0.6684350132625995 0.22593320235756384 0.6578249336870027
6 0.3575638506876228 0.7082228116710876 0.3614931237721022 0.7029177718832891 0.36738703339882123 0.713527851458886 0.3614931237721022 0.7188328912466844 0.35952848722986247 0.7188328912466844
6 0.3516699410609037 0.7082228116710876 0.3555992141453831 0.713527851458886 0.3555992141453831 0.7214854111405835 0.34970530451866405 0.7214854111405835 0.34970530451866405 0.713527851458886
6 0.38703339882121807 0.8169761273209549 0.3791748526522593 0.8116710875331565 0.3850687622789784 0.8037135278514589 0.3889980353634578 0.7984084880636605 0.40078585461689586 0.8063660477453581 0.4106090373280943 0.8169761273209549 0.4027504911591356 0.8196286472148541
6 0.4106090373280943 0.6870026525198939 0.4204322200392927 0.6896551724137931 0.4243614931237721 0.7029177718832891 0.41453831041257366 0.713527851458886 0.4066797642436149 0.7055702917771883
6 0.4774066797642436 0.6684350132625995 0.48526522593320237 0.6763925729442971 0.4656188605108055 0.713527851458886 0.4577603143418468 0.7002652519893899
6 0.5068762278978389 0.7029177718832891 0.5147347740667977 0.7082228116710876 0.5343811394891945 0.6710875331564987 0.5245579567779961 0.6657824933687002
6 0.5854616895874263 0.6631299734748011 0.5952848722986247 0.6684350132625995 0.5854616895874263 0.6896551724137931 0.5736738703339882 0.6843501326259946
6 0.6836935166994106 0.7320954907161804 0.6817288801571709 0.726790450928382 0.6817288801571709 0.7161803713527851 0.693516699410609 0.713527851458886 0.6954813359528488 0.7188328912466844 0.6974459724950884 0.7214854111405835
6 0.6758349705304518 0.7108753315649867 0.6797642436149313 0.7188328912466844 0.6738703339882122 0.726790450928382 0.6719056974459725 0.7161803713527851
6 0.7170923379174853 0.6976127320954907 0.7229862475442044 0.6976127320954907 0.7229862475442044 0.7055702917771883 0.7151277013752456 0.713527851458886 0.7131630648330058 0.7055702917771883
6 0.7387033398821218 0.6949602122015915 0.7387033398821218 0.6843501326259946 0.7445972495088409 0.6763925729442971 0.7524557956777996 0.6790450928381963 0.7524557956777996 0.6843501326259946
5 0.22986247544204322 0.7002652519893899 0.25147347740667975 0.7055702917771883 0.2730844793713163 0.7108753315649867 0.32023575638506874 0.7161803713527851 0.3320235756385069 0.7586206896551724 0.3300589390962672 0.76657824933687 0.3005893909626719 0.7586206896551724 0.27111984282907664 0.7506631299734748 0.2475442043222004 0.7400530503978779 0.22789783889980353 0.7320954907161804 0.22396856581532418 0.713527851458886
5 0.6856581532416502 0.6870026525198939 0.7072691552062869 0.6816976127320955 0.7387033398821218 0.6684350132625995 0.756385068762279 0.6551724137931034 0.7642436149312377 0.6604774535809018 0.7642436149312377 0.6790450928381963 0.756385068762279 0.6870026525198939 0.7406679764243614 0.6976127320954907 0.7210216110019646 0.7108753315649867 0.7013752455795678 0.7241379310344828 0.6777996070726916 0.7320954907161804 0.6699410609037328 0.7294429708222812 0.6758349705304518 0.7002652519893899
0 0.21414538310412573 0.4986737400530504 0.22986247544204322 0.4960212201591512 0.25343811394891946 0.5145888594164456 0.2966601178781925 0.5517241379310345 0.32612966601178783 0.5570291777188329 0.3320235756385069 0.596816976127321 0.29862475442043224 0.623342175066313 0.2593320235756385 0.623342175066313 0.22986247544204322 0.6127320954907162 0.21218074656188604 0.5994694960212201 0.20235756385068762 0.5623342175066313 0.21218074656188604 0.5251989389920424
0 0.28094302554027506 0.5358090185676393 0.29273084479371314 0.5278514588859416 0.32023575638506874 0.5225464190981433 0.4223968565815324 0.5119363395225465 0.4950884086444008 0.506631299734748 0.5638506876227898 0.5039787798408488 0.6129666011787819 0.5039787798408488 0.6542239685658153 0.5039787798408488 0.6915520628683693 0.5039787798408488 0.68762278978389 0.5172413793103449 0.5442043222003929 0.519893899204244 0.4223968565815324 0.5278514588859416 0.3555992141453831 0.5358090185676393 0.30844793713163066 0.5437665782493368 0.29469548133595286 0.5490716180371353