5 0.9038461538461539 0.6302325581395349 0.8461538461538461 0.6651162790697674 0.8461538461538461 0.7348837209302326 0.9003496503496503 0.6953488372093023 0.9038461538461539 0.6302325581395349
8 0.6083916083916084 0.5558139534883721 0.6013986013986014 0.5674418604651162 0.6083916083916084 0.5720930232558139 0.6153846153846154 0.5697674418604651 0.6171328671328671 0.5627906976744186 0.6188811188811189 0.5488372093023256 0.6136363636363636 0.5441860465116279 0.6083916083916084 0.5558139534883721
8 0.4230769230769231 0.4744186046511628 0.4178321678321678 0.46511627906976744 0.4125874125874126 0.4744186046511628 0.4160839160839161 0.4883720930232558 0.4178321678321678 0.49767441860465117 0.4160839160839161 0.5116279069767442 0.4160839160839161 0.5255813953488372 0.4160839160839161 0.5348837209302325 0.4230769230769231 0.5325581395348837 0.4230769230769231 0.5162790697674419 0.42657342657342656 0.5023255813953489 0.4230769230769231 0.48372093023255813 0.4230769230769231 0.4744186046511628
8 0.4632867132867133 0.5186046511627908 0.4597902097902098 0.5302325581395348 0.46678321678321677 0.5302325581395348 0.47202797202797203 0.5209302325581395 0.479020979020979 0.5255813953488372 0.48951048951048953 0.5209302325581395 0.4807692307692308 0.5116279069767442 0.47202797202797203 0.5046511627906977 0.46503496503496505 0.5069767441860465 0.4632867132867133 0.5186046511627908
8 0.5751748251748252 0.7395348837209302 0.5629370629370629 0.7395348837209302 0.5681818181818182 0.7488372093023256 0.5804195804195804 0.7465116279069768 0.5874125874125874 0.7465116279069768 0.5944055944055944 0.7441860465116279 0.5979020979020979 0.7372093023255814 0.5856643356643356 0.7372093023255814 0.5751748251748252 0.7395348837209302
8 0.5961538461538461 0.727906976744186 0.6031468531468531 0.7255813953488373 0.6066433566433567 0.7186046511627907 0.5996503496503497 0.7093023255813954 0.5926573426573427 0.7116279069767442 0.5909090909090909 0.7209302325581395 0.5961538461538461 0.727906976744186
8 0.5541958041958042 0.7348837209302326 0.5576923076923077 0.7209302325581395 0.548951048951049 0.7209302325581395 0.5402097902097902 0.7232558139534884 0.548951048951049 0.7348837209302326 0.5541958041958042 0.7348837209302326
0 0.4370629370629371 0.4697674418604651 0.4090909090909091 0.44883720930232557 0.38986013986013984 0.4372093023255814 0.3706293706293706 0.4255813953488372 0.3618881118881119 0.4186046511627907 0.35664335664335667 0.386046511627907 0.34440559440559443 0.3883720930232558 0.3321678321678322 0.386046511627907 0.31993006993006995 0.386046511627907 0.2937062937062937 0.3767441860465116 0.28321678321678323 0.42093023255813955 0.2762237762237762 0.4372093023255814 0.270979020979021 0.4558139534883721 0.27797202797202797 0.6674418604651163 0.29895104895104896 0.6837209302325581 0.29895104895104896 0.6604651162790698 0.3006993006993007 0.6372093023255814 0.30594405594405594 0.6162790697674418 0.3129370629370629 0.6 0.3181818181818182 0.5837209302325581 0.3339160839160839 0.5720930232558139 0.34615384615384615 0.5627906976744186 0.35664335664335667 0.5651162790697675 0.36713286713286714 0.5581395348837209 0.3758741258741259 0.5813953488372093 0.40559440559440557 0.5558139534883721 0.4178321678321678 0.541860465116279 0.4370629370629371 0.5395348837209303 0.4562937062937063 0.5441860465116279 0.47202797202797203 0.5441860465116279 0.48951048951048953 0.5465116279069767 0.5052447552447552 0.5465116279069767 0.5052447552447552 0.5348837209302325 0.4965034965034965 0.5232558139534884 0.479020979020979 0.5 0.45454545454545453 0.4813953488372093 0.4370629370629371 0.4697674418604651
3 0.5909090909090909 0.6627906976744186 0.5681818181818182 0.6558139534883721 0.5437062937062938 0.6558139534883721 0.5174825174825175 0.6488372093023256 0.479020979020979 0.6372093023255814 0.4527972027972028 0.6186046511627907 0.4318181818181818 0.6 0.4143356643356643 0.5744186046511628 0.4195804195804196 0.6069767441860465 0.43356643356643354 0.6325581395348837 0.4423076923076923 0.6581395348837209 0.4597902097902098 0.6953488372093023 0.46678321678321677 0.727906976744186 0.4807692307692308 0.7581395348837209 0.486013986013986 0.7906976744186046 0.6870629370629371 0.641860465116279 0.6643356643356644 0.6558139534883721 0.6486013986013986 0.6651162790697674 0.6223776223776224 0.6651162790697674 0.5909090909090909 0.6627906976744186
8 0.6013986013986014 0.5627906976744186 0.5716783216783217 0.5534883720930233 0.5891608391608392 0.5604651162790698 0.6013986013986014 0.5627906976744186
0 0.5629370629370629 0.5744186046511628 0.5926573426573427 0.5813953488372093 0.6520979020979021 0.5953488372093023 0.6975524475524476 0.5976744186046512 0.6800699300699301 0.5651162790697675 0.666083916083916 0.5651162790697675 0.6363636363636364 0.5627906976744186 0.5979020979020979 0.5604651162790698 0.5646853146853147 0.5534883720930233 0.5332167832167832 0.541860465116279 0.506993006993007 0.5279069767441861 0.5052447552447552 0.5511627906976744 0.5297202797202797 0.5651162790697675 0.5629370629370629 0.5744186046511628
0 0.6730769230769231 0.7813953488372093 0.6783216783216783 0.8093023255813954 0.6870629370629371 0.8093023255813954 0.6870629370629371 0.6813953488372093 0.6923076923076923 0.6604651162790698 0.6993006993006993 0.6325581395348837 0.6835664335664335 0.6465116279069767 0.6748251748251748 0.6767441860465117 0.6748251748251748 0.7069767441860465 0.6730769230769231 0.7534883720930232 0.6730769230769231 0.7813953488372093
0 0.8164335664335665 0.5279069767441861 0.8496503496503497 0.513953488372093 0.8881118881118881 0.49534883720930234 0.9055944055944056 0.47674418604651164 0.8916083916083916 0.4604651162790698 0.8881118881118881 0.46744186046511627 0.8741258741258742 0.4790697674418605 0.8566433566433567 0.4883720930232558 0.8356643356643356 0.5023255813953489 0.8024475524475524 0.5186046511627908 0.7657342657342657 0.5372093023255814 0.7552447552447552 0.5534883720930233 0.784965034965035 0.541860465116279 0.8164335664335665 0.5279069767441861