3 0.16433566433566432 0.4766355140186916 0.20104895104895104 0.4532710280373832 0.26223776223776224 0.441588785046729 0.3094405594405594 0.4252336448598131 0.3374125874125874 0.4719626168224299 0.3356643356643357 0.5 0.2744755244755245 0.5023364485981309 0.23426573426573427 0.5163551401869159 0.1993006993006993 0.5327102803738317 0.17132867132867133 0.5420560747663551 0.16433566433566432 0.5093457943925234
3 0.3076923076923077 0.411214953271028 0.3321678321678322 0.3855140186915888 0.36713286713286714 0.36682242990654207 0.3811188811188811 0.3808411214953271 0.4160839160839161 0.39485981308411217 0.4423076923076923 0.39485981308411217 0.47202797202797203 0.37616822429906543 0.48426573426573427 0.36682242990654207 0.5209790209790209 0.35514018691588783 0.5769230769230769 0.35046728971962615 0.5909090909090909 0.37616822429906543 0.5944055944055944 0.411214953271028 0.5961538461538461 0.4462616822429907 0.5979020979020979 0.4649532710280374 0.5751748251748252 0.4649532710280374 0.5611888111888111 0.49065420560747663 0.49475524475524474 0.48130841121495327 0.4423076923076923 0.49065420560747663 0.3968531468531469 0.5046728971962616 0.36538461538461536 0.5023364485981309 0.32867132867132864 0.4532710280373832
3 0.5891608391608392 0.3598130841121495 0.6031468531468531 0.35046728971962615 0.6223776223776224 0.37383177570093457 0.6678321678321678 0.3855140186915888 0.7045454545454546 0.39485981308411217 0.756993006993007 0.3925233644859813 0.7972027972027972 0.3878504672897196 0.8356643356643356 0.40420560747663553 0.791958041958042 0.4369158878504673 0.7290209790209791 0.4485981308411215 0.6870629370629371 0.4602803738317757 0.6346153846153846 0.45794392523364486 0.6031468531468531 0.42990654205607476
8 0.3321678321678322 0.4953271028037383 0.31993006993006995 0.49065420560747663 0.291958041958042 0.49065420560747663 0.25 0.4976635514018692 0.22377622377622378 0.5046728971962616 0.20804195804195805 0.5186915887850467 0.21853146853146854 0.5210280373831776 0.23601398601398602 0.5163551401869159 0.2534965034965035 0.5093457943925234 0.27972027972027974 0.5046728971962616 0.30244755244755245 0.5046728971962616 0.32167832167832167 0.5046728971962616
0 0.5751748251748252 0.3294392523364486 0.5926573426573427 0.35514018691588783 0.6031468531468531 0.40186915887850466 0.6083916083916084 0.4719626168224299 0.5996503496503497 0.4696261682242991 0.5874125874125874 0.38317757009345793 0.5699300699300699 0.3341121495327103
0 0.8653846153846154 0.4322429906542056 0.8793706293706294 0.42990654205607476 0.8653846153846154 0.4602803738317757 0.8496503496503497 0.4929906542056075 0.8496503496503497 0.4742990654205608 0.8601398601398601 0.441588785046729
0 0.8426573426573427 0.39485981308411217 0.8548951048951049 0.39485981308411217 0.8548951048951049 0.4252336448598131 0.8444055944055944 0.4392523364485981 0.8426573426573427 0.4135514018691589
3 0.8479020979020979 0.37383177570093457 0.9388111888111889 0.38317757009345793 0.9090909090909091 0.4182242990654206 0.8828671328671329 0.42289719626168226 0.8513986013986014 0.42757009345794394
8 0.8391608391608392 0.37149532710280375 0.8146853146853147 0.3691588785046729 0.763986013986014 0.37149532710280375 0.7832167832167832 0.37850467289719625 0.8129370629370629 0.38317757009345793 0.8286713286713286 0.38317757009345793
8 0.8146853146853147 0.40420560747663553 0.701048951048951 0.4252336448598131 0.715034965034965 0.411214953271028 0.8006993006993007 0.3925233644859813
3 0.763986013986014 0.3574766355140187 0.756993006993007 0.3411214953271028 0.7587412587412588 0.32710280373831774 0.7674825174825175 0.3341121495327103 0.7709790209790209 0.3574766355140187