0 0.5087873462214412 0.6544811320754716 0.5140597539543058 0.6733490566037735 0.531634446397188 0.7252358490566038 0.554481546572935 0.7700471698113207 0.5597539543057997 0.7653301886792453 0.5597539543057997 0.7275943396226415 0.5579964850615114 0.6969339622641509 0.554481546572935 0.6686320754716981 0.554481546572935 0.6167452830188679 0.5579964850615114 0.5860849056603774 0.5579964850615114 0.5577830188679245 0.554481546572935 0.5365566037735849 0.5492091388400703 0.5176886792452831 0.5492091388400703 0.5035377358490566 0.5439367311072056 0.5011792452830188 0.5298769771528998 0.5176886792452831 0.5123022847100176 0.527122641509434 0.5105448154657294 0.5742924528301887 0.5087873462214412 0.6143867924528302 0.5087873462214412 0.6544811320754716
3 0.5878734622144113 0.4964622641509434 0.5878734622144113 0.5082547169811321 0.5878734622144113 0.5318396226415094 0.5878734622144113 0.5530660377358491 0.5931458699472759 0.5648584905660378 0.5966608084358523 0.5813679245283019 0.5949033391915641 0.5931603773584906 0.5931458699472759 0.6073113207547169 0.5913884007029877 0.6191037735849056 0.5861159929701231 0.6261792452830188 0.5896309314586995 0.6379716981132075 0.5878734622144113 0.6474056603773585 0.5861159929701231 0.6615566037735849 0.5790861159929701 0.6709905660377359 0.5773286467486819 0.6804245283018868 0.5790861159929701 0.6945754716981132 0.5861159929701231 0.6945754716981132 0.5896309314586995 0.6875 0.5949033391915641 0.6780660377358491 0.6019332161687171 0.6733490566037735 0.6089630931458699 0.6639150943396226 0.6142355008787346 0.6544811320754716 0.6177504393673111 0.6403301886792453 0.6230228471001757 0.6261792452830188 0.6300527240773286 0.6073113207547169 0.6388400702987698 0.5884433962264151 0.6493848857644992 0.5766509433962265 0.6476274165202109 0.5436320754716981 0.6335676625659051 0.5294811320754716 0.6142355008787346 0.5058962264150944 0.5913884007029877 0.49174528301886794 0.5878734622144113 0.4964622641509434
3 0.5861159929701231 0.6143867924528302 0.5878734622144113 0.6049528301886793 0.5878734622144113 0.5908018867924528 0.5896309314586995 0.5742924528301887 0.5843585237258347 0.5601415094339622 0.5790861159929701 0.5554245283018868 0.5755711775043937 0.5719339622641509 0.570298769771529 0.5813679245283019 0.5667838312829525 0.5908018867924528 0.5667838312829525 0.6025943396226415 0.5738137082601055 0.6120283018867925 0.5790861159929701 0.6214622641509434 0.5861159929701231 0.6143867924528302
3 0.484182776801406 0.3313679245283019 0.4859402460456942 0.32193396226415094 0.4806678383128295 0.3125 0.47363796133567665 0.2983490566037736 0.46836555360281196 0.2959905660377358 0.45957820738137084 0.29127358490566035 0.45254833040421794 0.29127358490566035 0.44727592267135324 0.2983490566037736 0.44727592267135324 0.30778301886792453 0.45606326889279436 0.31957547169811323 0.46660808435852374 0.3266509433962264 0.47539543057996486 0.3384433962264151 0.484182776801406 0.3313679245283019
3 0.4244288224956063 0.10259433962264151 0.4367311072056239 0.10259433962264151 0.4507908611599297 0.10731132075471699 0.4648506151142355 0.10495283018867925 0.4771528998242531 0.10731132075471699 0.4929701230228471 0.10259433962264151 0.5070298769771528 0.09787735849056604 0.5210896309314587 0.08844339622641509 0.531634446397188 0.08136792452830188 0.5404217926186292 0.0695754716981132 0.5333919156414763 0.0625 0.5193321616871704 0.060141509433962265 0.5035149384885764 0.060141509433962265 0.4947275922671353 0.05778301886792453 0.4859402460456942 0.055424528301886794 0.47012302284710017 0.05306603773584906 0.46133567662565905 0.05306603773584906 0.44903339191564146 0.05306603773584906 0.4349736379613357 0.05306603773584906 0.4226713532513181 0.05306603773584906 0.40509666080843587 0.05306603773584906 0.3998242530755712 0.06721698113207547 0.4033391915641476 0.08136792452830188 0.4103690685413005 0.09316037735849056 0.4244288224956063 0.10259433962264151
3 0.40509666080843587 0.05070754716981132 0.4103690685413005 0.04834905660377359 0.413884007029877 0.045990566037735846 0.4173989455184534 0.041273584905660375 0.4173989455184534 0.036556603773584904 0.4103690685413005 0.036556603773584904 0.40509666080843587 0.036556603773584904 0.4015817223198594 0.036556603773584904 0.3945518453427065 0.041273584905660375 0.3927943760984183 0.04834905660377359 0.3998242530755712 0.05070754716981132 0.40509666080843587 0.05070754716981132
0 0.4086115992970123 0.30306603773584906 0.4156414762741652 0.31485849056603776 0.4191564147627416 0.3266509433962264 0.4244288224956063 0.3455188679245283 0.429701230228471 0.392688679245283 0.45957820738137084 0.5176886792452831 0.48945518453427067 0.5955188679245284 0.5 0.6379716981132075 0.5087873462214412 0.6544811320754716 0.5087873462214412 0.6308962264150944 0.5087873462214412 0.6096698113207547 0.5 0.5601415094339622 0.4947275922671353 0.5011792452830188 0.554481546572935 0.6474056603773585 0.5597539543057997 0.6096698113207547 0.5615114235500879 0.5719339622641509 0.5579964850615114 0.5318396226415094 0.5738137082601055 0.5224056603773585 0.6072056239015817 0.4893867924528302 0.6195079086115993 0.43985849056603776 0.5773286467486819 0.43985849056603776 0.5439367311072056 0.41627358490566035 0.5281195079086116 0.392688679245283 0.5175746924428822 0.3714622641509434 0.5105448154657294 0.35259433962264153 0.5052724077328646 0.33608490566037735 0.5017574692442882 0.31957547169811323 0.5017574692442882 0.30542452830188677 0.5070298769771528 0.2865566037735849 0.515817223198594 0.27240566037735847 0.5281195079086116 0.25825471698113206 0.5474516695957821 0.25589622641509435 0.5667838312829525 0.2535377358490566 0.5826010544815465 0.2535377358490566 0.5949033391915641 0.2535377358490566 0.6089630931458699 0.2535377358490566 0.6159929701230229 0.25589622641509435 0.6072056239015817 0.23938679245283018 0.6036906854130053 0.22523584905660377 0.5966608084358523 0.2134433962264151 0.5773286467486819 0.21108490566037735 0.5474516695957821 0.20872641509433962 0.5140597539543058 0.20872641509433962 0.4279437609841828 0.20636792452830188 0.4191564147627416 0.20872641509433962 0.40509666080843587 0.2275943396226415 0.3998242530755712 0.2346698113207547 0.3875219683655536 0.22995283018867924 0.37697715289982425 0.2653301886792453 0.3875219683655536 0.27712264150943394 0.39103690685413006 0.2865566037735849 0.3927943760984183 0.29127358490566035 0.39103690685413006 0.2983490566037736 0.3998242530755712 0.2983490566037736 0.4086115992970123 0.30306603773584906
1 0.4947275922671353 0.35023584905660377 0.4947275922671353 0.3596698113207547 0.5 0.36910377358490565 0.5017574692442882 0.3596698113207547 0.5035149384885764 0.34787735849056606 0.5052724077328646 0.33608490566037735 0.5 0.33372641509433965 0.4964850615114236 0.3408018867924528 0.4947275922671353 0.35023584905660377
1 0.5070298769771528 0.38089622641509435 0.5123022847100176 0.38797169811320753 0.5210896309314587 0.38797169811320753 0.5193321616871704 0.38089622641509435 0.515817223198594 0.36674528301886794 0.5140597539543058 0.3596698113207547 0.5070298769771528 0.357311320754717 0.5070298769771528 0.3738207547169811 0.5070298769771528 0.38089622641509435
6 0.4771528998242531 0.3455188679245283 0.47012302284710017 0.35259433962264153 0.46660808435852374 0.36202830188679247 0.4648506151142355 0.3738207547169811 0.46309314586994726 0.38325471698113206 0.46309314586994726 0.39504716981132076 0.46309314586994726 0.4044811320754717 0.4648506151142355 0.4115566037735849 0.47012302284710017 0.4209905660377358 0.4771528998242531 0.43985849056603776 0.4806678383128295 0.44221698113207547 0.4876977152899824 0.43514150943396224 0.4912126537785589 0.43042452830188677 0.4947275922671353 0.4209905660377358 0.4982425307557118 0.41391509433962265 0.5017574692442882 0.4044811320754717 0.5017574692442882 0.39740566037735847 0.4964850615114236 0.392688679245283 0.48945518453427067 0.3903301886792453 0.484182776801406 0.3856132075471698 0.4806678383128295 0.3785377358490566 0.4789103690685413 0.3714622641509434 0.4859402460456942 0.357311320754717 0.4876977152899824 0.35023584905660377 0.4929701230228471 0.3384433962264151 0.4982425307557118 0.33372641509433965 0.4982425307557118 0.3266509433962264 0.4929701230228471 0.3290094339622642 0.48242530755711777 0.33372641509433965 0.4771528998242531 0.3455188679245283
3 0.5210896309314587 0.48702830188679247 0.5228471001757469 0.4681603773584906 0.5210896309314587 0.4516509433962264 0.515817223198594 0.43985849056603776 0.5105448154657294 0.4209905660377358 0.5052724077328646 0.4091981132075472 0.4964850615114236 0.4115566037735849 0.4912126537785589 0.4233490566037736 0.4859402460456942 0.43042452830188677 0.484182776801406 0.44457547169811323 0.48242530755711777 0.4516509433962264 0.48242530755711777 0.45872641509433965 0.4982425307557118 0.4705188679245283 0.5105448154657294 0.482311320754717 0.5210896309314587 0.48702830188679247
5 0.624780316344464 0.7606132075471698 0.6107205623901582 0.7676886792452831 0.6089630931458699 0.777122641509434 0.6159929701230229 0.7818396226415094 0.624780316344464 0.7818396226415094 0.6318101933216169 0.7724056603773585 0.624780316344464 0.7606132075471698