3 0.4740518962075848 0.5842245989304813 0.46407185628742514 0.6270053475935828 0.45808383233532934 0.6590909090909091 0.47604790419161674 0.6697860962566845 0.49800399201596807 0.6991978609625669 0.5139720558882236 0.7232620320855615 0.5159680638722555 0.7446524064171123 0.5059880239520959 0.7633689839572193 0.48003992015968067 0.7713903743315508 0.45808383233532934 0.7713903743315508 0.436127744510978 0.7713903743315508 0.4221556886227545 0.7713903743315508 0.42614770459081835 0.7847593582887701 0.45808383233532934 0.7820855614973262 0.49001996007984033 0.7820855614973262 0.5259481037924152 0.7820855614973262 0.5598802395209581 0.7820855614973262 0.5978043912175649 0.7901069518716578 0.591816367265469 0.7713903743315508 0.5798403193612774 0.7419786096256684 0.5558882235528942 0.6911764705882353 0.5339321357285429 0.6537433155080213 0.5119760479041916 0.6216577540106952 0.4940119760479042 0.6002673796791443 0.4740518962075848 0.5842245989304813
4 0.42015968063872255 0.14304812834224598 0.41417165668662675 0.14572192513368984 0.406187624750499 0.14572192513368984 0.4001996007984032 0.1483957219251337 0.40818363273453095 0.1537433155080214 0.4161676646706587 0.1590909090909091 0.4221556886227545 0.16443850267379678 0.4281437125748503 0.16711229946524064 0.436127744510978 0.1751336898395722 0.4441117764471058 0.18315508021390375 0.4500998003992016 0.18850267379679145 0.45808383233532934 0.18850267379679145 0.4620758483033932 0.1804812834224599 0.4540918163672655 0.16443850267379678 0.4441117764471058 0.1537433155080214 0.436127744510978 0.14304812834224598 0.4281437125748503 0.14572192513368984 0.42015968063872255 0.14304812834224598
8 0.5419161676646707 0.1323529411764706 0.5379241516966068 0.1270053475935829 0.5339321357285429 0.1270053475935829 0.5299401197604791 0.13502673796791445 0.5279441117764471 0.14304812834224598 0.5279441117764471 0.15106951871657753 0.5259481037924152 0.1590909090909091 0.5259481037924152 0.16443850267379678 0.5279441117764471 0.16711229946524064 0.5299401197604791 0.16443850267379678 0.5339321357285429 0.15641711229946523 0.5359281437125748 0.15106951871657753 0.5379241516966068 0.14572192513368984 0.5419161676646707 0.14037433155080214 0.5419161676646707 0.1323529411764706
8 0.5499001996007984 0.12165775401069519 0.5518962075848304 0.1163101604278075 0.5499001996007984 0.11096256684491979 0.5499001996007984 0.10828877005347594 0.5459081836327345 0.10828877005347594 0.5439121756487026 0.10828877005347594 0.5439121756487026 0.11096256684491979 0.5439121756487026 0.1163101604278075 0.5459081836327345 0.12165775401069519 0.5499001996007984 0.12165775401069519
8 0.5319361277445109 0.10828877005347594 0.5359281437125748 0.10294117647058823 0.5419161676646707 0.09759358288770054 0.5399201596806387 0.08957219251336898 0.5359281437125748 0.09224598930481283 0.5299401197604791 0.09759358288770054 0.5259481037924152 0.10294117647058823 0.5219560878243513 0.11096256684491979 0.5179640718562875 0.12433155080213903 0.5219560878243513 0.12433155080213903 0.5259481037924152 0.1163101604278075 0.5319361277445109 0.10828877005347594
8 0.5319361277445109 0.08689839572192513 0.5299401197604791 0.08422459893048129 0.5259481037924152 0.08422459893048129 0.5259481037924152 0.09224598930481283 0.5279441117764471 0.09224598930481283 0.5319361277445109 0.08689839572192513
8 0.5 0.15641711229946523 0.501996007984032 0.1537433155080214 0.5059880239520959 0.1483957219251337 0.5039920159680639 0.14304812834224598 0.5 0.14304812834224598 0.49600798403193613 0.15106951871657753 0.49001996007984033 0.16176470588235295 0.4880239520958084 0.1697860962566845 0.48602794411177647 0.1751336898395722 0.4880239520958084 0.1804812834224599 0.49201596806387227 0.1804812834224599 0.4940119760479042 0.1751336898395722 0.4940119760479042 0.1697860962566845 0.49800399201596807 0.16176470588235295 0.5 0.15641711229946523
4 0.34830339321357284 0.12967914438502673 0.3502994011976048 0.12433155080213903 0.35429141716566864 0.12165775401069519 0.35429141716566864 0.11363636363636363 0.34830339321357284 0.11363636363636363 0.3463073852295409 0.11363636363636363 0.3403193612774451 0.11363636363636363 0.33632734530938124 0.12165775401069519 0.33632734530938124 0.12967914438502673 0.344311377245509 0.12967914438502673 0.34830339321357284 0.12967914438502673
5 0.4431137724550898 0 0.44011976047904194 0.0066844919786096255 0.43213572854291415 0.02540106951871658 0.4301397205588822 0.04411764705882353 0.4241516966067864 0.06818181818181818 0.4221556886227545 0.08689839572192513 0.4181636726546906 0.11096256684491979 0.4301397205588822 0.12967914438502673 0.44011976047904194 0.14304812834224598 0.4481037924151697 0.1537433155080214 0.4540918163672655 0.16443850267379678 0.4600798403193613 0.17245989304812834 0.47005988023952094 0.1751336898395722 0.4740518962075848 0.15641711229946523 0.4820359281437126 0.14572192513368984 0.4880239520958084 0.13770053475935828 0.49201596806387227 0.11898395721925134 0.49600798403193613 0.10026737967914438 0.5039920159680639 0.07085561497326204 0.5079840319361277 0.05213903743315508 0.5119760479041916 0.022727272727272728 0.5159680638722555 0.004010695187165776 0.5171656686626747 0 0.4431137724550898 0
5 0.37385229540918163 0 0.3662674650698603 0.02540106951871658 0.3582834331337325 0.05481283422459893 0.3522954091816367 0.08689839572192513 0.36427145708582837 0.08689839572192513 0.37025948103792417 0.06016042780748663 0.3782435129740519 0.03074866310160428 0.38822355289421157 0.001336898395721925 0.3885864630738523 0 0.37385229540918163 0
3 0.563872255489022 0.06818181818181818 0.5738522954091816 0.07085561497326204 0.5838323353293413 0.07085561497326204 0.5878243512974052 0.05748663101604278 0.5798403193612774 0.04411764705882353 0.5718562874251497 0.02807486631016043 0.563872255489022 0.020053475935828877 0.5518962075848304 0.014705882352941176 0.5459081836327345 0.02540106951871658 0.5459081836327345 0.04411764705882353 0.5558882235528942 0.05748663101604278 0.563872255489022 0.06818181818181818
3 0.4940119760479042 0.2767379679144385 0.5059880239520959 0.28475935828877 0.5259481037924152 0.2874331550802139 0.5439121756487026 0.27406417112299464 0.5499001996007984 0.2553475935828877 0.5499001996007984 0.2232620320855615 0.5558882235528942 0.19919786096256684 0.5578842315369261 0.14304812834224598 0.5479041916167665 0.11096256684491979 0.5399201596806387 0.08689839572192513 0.5199600798403193 0.06550802139037433 0.5139720558882236 0.09491978609625669 0.5039920159680639 0.12165775401069519 0.49201596806387227 0.14304812834224598 0.48003992015968067 0.15641711229946523 0.4720558882235529 0.1751336898395722 0.468063872255489 0.20454545454545456 0.4600798403193613 0.23128342245989306 0.4820359281437126 0.2606951871657754 0.4940119760479042 0.2767379679144385
5 0.31037924151696605 0.26871657754010697 0.31037924151696605 0.25267379679144386 0.3003992015968064 0.2393048128342246 0.2884231536926148 0.22058823529411764 0.2744510978043912 0.2018716577540107 0.2624750499001996 0.196524064171123 0.2624750499001996 0.21524064171122995 0.26047904191616766 0.25267379679144386 0.26047904191616766 0.2767379679144385 0.26047904191616766 0.3114973262032086 0.2624750499001996 0.34358288770053474 0.26447105788423153 0.3729946524064171 0.27245508982035926 0.410427807486631 0.2884231536926148 0.43716577540106955 0.3023952095808383 0.45588235294117646 0.3183632734530938 0.46657754010695185 0.31636726546906185 0.4451871657754011 0.3143712574850299 0.42379679144385024 0.312375249500998 0.40240641711229946 0.31037924151696605 0.3729946524064171 0.31037924151696605 0.3516042780748663 0.31037924151696605 0.32754010695187163 0.31037924151696605 0.30080213903743314 0.31037924151696605 0.26871657754010697
0 0.4620758483033932 0.6537433155080213 0.4780439121756487 0.5842245989304813 0.4540918163672655 0.5868983957219251 0.4500998003992016 0.6590909090909091 0.4620758483033932 0.6537433155080213
5 0.30568275249501 0 0.3003992015968064 0.012032085561497326 0.282435129740519 0.07352941176470588 0.2744510978043912 0.12967914438502673 0.27644710578842313 0.15641711229946523 0.28642714570858285 0.17780748663101603 0.2944111776447106 0.196524064171123 0.30439121756487025 0.21256684491978609 0.3203592814371258 0.2232620320855615 0.33632734530938124 0.11898395721925134 0.3562874251497006 0.05213903743315508 0.37369996806387223 0 0.30568275249501 0
0 0.6497005988023952 0.7633689839572193 0.6097804391217565 0.7847593582887701 0.5718562874251497 0.7767379679144385 0.43213572854291415 0.7794117647058824 0.4301397205588822 0.7901069518716578 0.5898203592814372 0.803475935828877 0.6157684630738522 0.8061497326203209 0.6397205588822356 0.7901069518716578 0.6497005988023952 0.7633689839572193
0 0.5169660678642715 0 0.5139720558882236 0.014705882352941176 0.49600798403193613 0.08155080213903744 0.4780439121756487 0.12433155080213903 0.46407185628742514 0.15641711229946523 0.45808383233532934 0.1751336898395722 0.4540918163672655 0.19385026737967914 0.4441117764471058 0.2286096256684492 0.43812375249500995 0.26336898395721925 0.44011976047904194 0.30080213903743314 0.45808383233532934 0.32219251336898397 0.46407185628742514 0.3462566844919786 0.47005988023952094 0.37032085561497324 0.47604790419161674 0.410427807486631 0.48403193612774453 0.4264705882352941 0.5778443113772455 0.6163101604278075 0.6237524950099801 0.7125668449197861 0.6237524950099801 0.6911764705882353 0.591816367265469 0.6002673796791443 0.5159680638722555 0.3997326203208556 0.5039920159680639 0.3649732620320856 0.49001996007984033 0.3088235294117647 0.468063872255489 0.2580213903743315 0.468063872255489 0.2339572192513369 0.47604790419161674 0.19919786096256684 0.48003992015968067 0.16443850267379678 0.49800399201596807 0.14572192513368984 0.5099800399201597 0.1163101604278075 0.5279441117764471 0.06550802139037433 0.5359281437125748 0.02540106951871658 0.5393757944111777 0 0.5169660678642715 0
0 0.4161676646706587 0.7633689839572193 0.406187624750499 0.7553475935828877 0.39820359281437123 0.7633689839572193 0.39221556886227543 0.7767379679144385 0.39820359281437123 0.7981283422459893 0.4181636726546906 0.8248663101604278 0.436127744510978 0.8008021390374331 0.4161676646706587 0.7633689839572193