0 0.424090338770389 0.66110183639399 0.4491844416562108 0.7028380634390651 0.45545796737766625 0.7362270450751253 0.4755332496863237 0.7579298831385642 0.5056461731493099 0.7929883138564274 0.5244667503136763 0.7929883138564274 0.5395232120451694 0.8030050083472454 0.560853199498118 0.8213689482470785 0.5809284818067754 0.8430717863105175 0.5984943538268507 0.8597662771285476 0.6198243412797992 0.8881469115191987 0.6687578419071518 0.8747913188647746 0.7176913425345044 0.8597662771285476 0.7779171894604768 0.8263772954924875 0.8117942283563363 0.8030050083472454 0.8306148055207027 0.7813021702838063 0.8720200752823086 0.7328881469115192 0.890840652446675 0.7128547579298832 0.918444165621079 0.679465776293823 0.9297365119196989 0.6377295492487479 0.9385194479297365 0.5809682804674458 0.9385194479297365 0.5325542570951586 0.9247176913425345 0.48747913188647746 0.917189460476788 0.5292153589315526 0.9121706398996235 0.5542570951585977 0.9058971141781681 0.5742904841402338 0.8845671267252195 0.6043405676126878 0.8582183186951067 0.6310517529215359 0.8343789209535759 0.654424040066778 0.8080301129234629 0.676126878130217 0.7829360100376411 0.6894824707846411 0.7365119196988708 0.7145242070116862 0.7151819322459222 0.7212020033388982 0.7051442910915935 0.7011686143572621 0.6938519447929736 0.669449081803005 0.6875784190715182 0.6377295492487479 0.6587202007528231 0.6360601001669449 0.6148055207026348 0.6510851419031719 0.5997490589711418 0.6494156928213689 0.5872020075282308 0.6477462437395659 0.5244667503136763 0.6427378964941569 0.49435382685069007 0.6410684474123539 0.45671267252195735 0.6260434056761269 0.4366373902132999 0.6193656093489148 0.39272271016311167 0.6343906510851419 0.424090338770389 0.66110183639399
8 0.4077791718946048 0.6360601001669449 0.40401505646173147 0.6227045075125208 0.397741530740276 0.6110183639398998 0.39021329987452946 0.6010016694490818 0.37892095357590966 0.5876460767946577 0.36386449184441655 0.5776293823038398 0.36386449184441655 0.5826377295492488 0.3713927227101631 0.5943238731218697 0.37892095357590966 0.6060100166944908 0.39021329987452946 0.6243739565943238 0.39648682559598497 0.6377295492487479 0.4077791718946048 0.6360601001669449
8 0.6311166875784191 0.8414023372287145 0.617314930991217 0.8230383973288815 0.6311166875784191 0.7963272120200334 0.6135508155583438 0.7946577629382304 0.588456712672522 0.8130217028380634 0.5558343789209536 0.8046744574290484 0.5370138017565872 0.7946577629382304 0.5166397804265997 0.7835678514190317 0.5633626097867002 0.8247078464106845 0.5872020075282308 0.8430717863105175 0.6110414052697616 0.8564273789649416 0.6311166875784191 0.8414023372287145
8 0.6524466750313677 0.8764607679465777 0.6637390213299874 0.8747913188647746 0.6687578419071518 0.8697829716193656 0.6787954830614805 0.8647746243739566 0.6700125470514429 0.8647746243739566 0.6549560853199499 0.8664440734557596 0.6424090338770388 0.8697829716193656 0.6524466750313677 0.8764607679465777
8 0.370138017565872 0.5776293823038398 0.35006273525721454 0.5575959933222037 0.33877038895859474 0.5442404006677797 0.3161856963613551 0.5275459098497496 0.2998745294855709 0.5191986644407346 0.29109159347553326 0.5358931552587646 0.28858218318695106 0.5442404006677797 0.2936010037641154 0.5525876460767947 0.30112923462986196 0.5542570951585977 0.3099121706398996 0.5525876460767947 0.3174404015056462 0.5509181969949917 0.32622333751568383 0.5509181969949917 0.33877038895859474 0.5542570951585977 0.3450439146800502 0.5626043405676127 0.3601003764115433 0.5792988313856428 0.37641154328732745 0.5993322203672788 0.3889585947302384 0.6193656093489148 0.397741530740276 0.6377295492487479 0.4077791718946048 0.6360601001669449 0.4065244667503137 0.6277128547579299 0.3864491844416562 0.6010016694490818 0.370138017565872 0.5776293823038398
8 0.6750313676286073 0.8196994991652755 0.6800501882057717 0.8196994991652755 0.7001254705144291 0.8063439065108514 0.6963613550815558 0.8063439065108514 0.6813048933500627 0.8130217028380634 0.6775407779171895 0.8046744574290484 0.6787954830614805 0.7996661101836394 0.6687578419071518 0.7963272120200334 0.6524466750313677 0.8013355592654424 0.6662484316185696 0.8030050083472454 0.671267252195734 0.8080133555926544 0.6700125470514429 0.8130217028380634 0.6750313676286073 0.8196994991652755
8 0.6273525721455459 0.7946577629382304 0.6298619824341279 0.7913188647746243 0.6210790464240903 0.7879799666110183 0.6110414052697616 0.7846410684474123 0.5984943538268507 0.7913188647746243 0.6010037641154329 0.7913188647746243 0.6097867001254705 0.7929883138564274 0.6022584692597239 0.7979966611018364 0.6047678795483061 0.7996661101836394 0.6273525721455459 0.7946577629382304
8 0.5595984943538268 0.8113522537562604 0.5633626097867002 0.8013355592654424 0.562107904642409 0.7896494156928213 0.562107904642409 0.7762938230383973 0.5570890840652447 0.7646076794657763 0.5495608531994981 0.7679465776293823 0.5445420326223338 0.7796327212020033 0.5445420326223338 0.7863105175292153 0.5495608531994981 0.7963272120200334 0.5495608531994981 0.8063439065108514 0.5595984943538268 0.8113522537562604
8 0.5570890840652447 0.674457429048414 0.5646173149309912 0.667779632721202 0.5558343789209536 0.667779632721202 0.5570890840652447 0.674457429048414
8 0.6085319949811794 0.8514190317195326 0.6148055207026348 0.8480801335559266 0.6198243412797992 0.8397328881469115 0.6260978670012547 0.8280467445742905 0.6273525721455459 0.8180300500834724 0.6298619824341279 0.8030050083472454 0.6286072772898369 0.7913188647746243 0.6235884567126725 0.7879799666110183 0.6047678795483061 0.7963272120200334 0.6022584692597239 0.8096828046744574 0.589711417816813 0.8146911519198664 0.5834378920953576 0.8263772954924875 0.5834378920953576 0.8414023372287145 0.6085319949811794 0.8514190317195326
8 0.6612296110414053 0.8530884808013356 0.6762860727728983 0.8464106844741235 0.6951066499372648 0.8430717863105175 0.7101631116687579 0.8363939899833055 0.7239648682559598 0.8230383973288815 0.726474278544542 0.8096828046744574 0.7176913425345044 0.8130217028380634 0.7101631116687579 0.8196994991652755 0.6976160602258469 0.8297161936560935 0.6813048933500627 0.8347245409015025 0.6675031367628608 0.8430717863105175 0.6549560853199499 0.8480801335559266 0.6612296110414053 0.8530884808013356
0 0.06524466750313676 0.332220367278798 0.06775407779171895 0.34223706176961605 0.08030112923462986 0.3656093489148581 0.08782936010037641 0.39065108514190316 0.09284818067754078 0.41402337228714525 0.1028858218318695 0.44574290484140233 0.10664993726474278 0.4707846410684474 0.11041405269761606 0.4657762938230384 0.10664993726474278 0.44908180300500833 0.10163111668757842 0.4257095158597663 0.09912170639899624 0.41569282136894825 0.09661229611041405 0.4023372287145242 0.09410288582183186 0.3772954924874791 0.09159347553324969 0.34891485809682804 0.09159347553324969 0.328881469115192 0.09159347553324969 0.31719532554257096 0.09410288582183186 0.3005008347245409 0.10037641154328733 0.2904841402337229 0.1053952321204517 0.28046744574290483 0.1028858218318695 0.2838063439065108 0.09159347553324969 0.2854757929883139 0.07779171894604768 0.2854757929883139 0.06775407779171895 0.2854757929883139 0.06273525721455459 0.3021702838063439 0.05897114178168131 0.32554257095158595 0.06524466750313676 0.332220367278798
8 0.589711417816813 0.7212020033388982 0.5947302383939774 0.7178631051752922 0.5922208281053952 0.7111853088480802 0.5846925972396487 0.7028380634390651 0.5796737766624843 0.7111853088480802 0.589711417816813 0.7212020033388982
8 0.6725219573400251 0.8196994991652755 0.6813048933500627 0.8180300500834724 0.6913425345043914 0.8163606010016694 0.698870765370138 0.8080133555926544 0.6925972396486826 0.8063439065108514 0.6813048933500627 0.8063439065108514 0.6649937264742786 0.8146911519198664 0.6725219573400251 0.8196994991652755
6 0.5508155583437893 0.7111853088480802 0.562107904642409 0.7195325542570952 0.5784190715181933 0.7295492487479132 0.588456712672522 0.7429048414023373 0.6035131744040151 0.7462437395659433 0.6185696361355082 0.7479131886477463 0.5984943538268507 0.7412353923205343 0.5909661229611042 0.7312186978297162 0.5846925972396487 0.7262103505843072 0.5771643663739021 0.7228714524207012 0.5671267252195734 0.7195325542570952 0.5595984943538268 0.7128547579298832 0.5545796737766625 0.7028380634390651 0.548306148055207 0.6944908180300501 0.5432873274780426 0.6861435726210351 0.5420326223337516 0.6961602671118531 0.5508155583437893 0.7111853088480802
8 0.5445420326223338 0.6828046744574291 0.5432873274780426 0.674457429048414 0.4491844416562108 0.6828046744574291 0.4504391468005019 0.6894824707846411 0.5445420326223338 0.6828046744574291
8 0.5244667503136763 0.7378964941569283 0.5319949811794228 0.7345575959933222 0.5445420326223338 0.7328881469115192 0.5520702634880803 0.7228714524207012 0.5407779171894604 0.7228714524207012 0.533249686323714 0.7245409015025042 0.5244667503136763 0.7262103505843072 0.5194479297365119 0.7328881469115192 0.5244667503136763 0.7378964941569283
6 0.5934755332496863 0.7161936560934892 0.589711417816813 0.7095158597662772 0.5834378920953576 0.7095158597662772 0.5784190715181933 0.7111853088480802 0.588456712672522 0.7178631051752922 0.5934755332496863 0.7161936560934892
8 0.6223337515683814 0.676126878130217 0.6223337515683814 0.6844741235392321 0.6185696361355082 0.6894824707846411 0.6273525721455459 0.7161936560934892 0.6298619824341279 0.7362270450751253 0.6398996235884568 0.7378964941569283 0.6562107904642409 0.7378964941569283 0.6549560853199499 0.7245409015025042 0.6549560853199499 0.7045075125208681 0.6398996235884568 0.6928213689482471 0.6361355081555834 0.6844741235392321 0.6286072772898369 0.671118530884808 0.6223337515683814 0.676126878130217
8 0.7754077791718946 0.7395659432387313 0.7854454203262233 0.7345575959933222 0.8080301129234629 0.7195325542570952 0.821831869510665 0.7111853088480802 0.8318695106649937 0.7045075125208681 0.8444165621079046 0.6944908180300501 0.8531994981179423 0.6878130217028381 0.8557089084065245 0.6811352253756261 0.8469259723964868 0.6828046744574291 0.8393977415307403 0.6911519198664441 0.8331242158092849 0.6944908180300501 0.820577164366374 0.7028380634390651 0.8130489335006273 0.7095158597662772 0.8042659974905897 0.7145242070116862 0.7967377666248432 0.7228714524207012 0.7892095357590966 0.7262103505843072 0.7791718946047679 0.7328881469115192 0.766624843161857 0.7429048414023373 0.7754077791718946 0.7395659432387313
0 0.5282308657465495 0.5876460767946577 0.548306148055207 0.6377295492487479 0.560853199498118 0.6510851419031719 0.6097867001254705 0.66110183639399 0.6800501882057717 0.6510851419031719 0.6737766624843162 0.5926544240400667 0.6599749058971142 0.5008347245409015 0.6336260978670013 0.5025041736227045 0.5834378920953576 0.5091819699499165 0.5131744040150564 0.5125208681135225 0.5282308657465495 0.5876460767946577