8 0.5801767676767676 0.9738617200674536 0.5688131313131313 0.9637436762225969 0.5587121212121212 0.9502529510961214 0.5397727272727273 0.978920741989882 0.5511363636363636 0.9957841483979764 0.5650252525252525 0.9991568296795953 0.5801767676767676 0.9738617200674536
2 0.7809343434343434 0.3145025295109612 0.7796717171717171 0.28077571669477236 0.7784090909090909 0.24536256323777403 0.7683080808080808 0.23355817875210794 0.7531565656565656 0.2403035413153457 0.7291666666666666 0.25042158516020235 0.7102272727272727 0.2588532883642496 0.6837121212121212 0.2706576728499157 0.6723484848484849 0.2824620573355818 0.6622474747474747 0.29595278246205736 0.6584595959595959 0.33979763912310285 0.6609848484848485 0.4106239460370995 0.6685606060606061 0.4645868465430017 0.6710858585858586 0.5539629005059022 0.6748737373737373 0.6450252951096122 0.6811868686868687 0.6905564924114671 0.6925505050505051 0.6703204047217538 0.7001262626262627 0.6551433389544689 0.7077020202020202 0.6382799325463744 0.7178030303030303 0.6214165261382799 0.7253787878787878 0.606239460370995 0.7367424242424242 0.5876897133220911 0.7468434343434344 0.5640809443507588 0.7607323232323232 0.5387858347386172 0.7769462916666666 0.47502364924114676 0.7771464646464646 0.4730185497470489 0.7818362196969697 0.45579378414839794 0.7821969696969697 0.45437511635750416 0.7821969696969697 0.4258010118043845 0.7834595959595959 0.40219224283305227 0.7834595959595959 0.3752107925801012 0.7834595959595959 0.34991568296795955 0.7809343434343434 0.3145025295109612
3 0.4985269356060606 1 0.5006313131313131 0.9957841483979764 0.4930555555555556 0.9772344013490725 0.47664141414141414 0.9738617200674536 0.4715909090909091 0.9772344013490725 0.47285353535353536 0.9940978077571669 0.47124655681818184 1 0.4985269356060606 1
3 0.5208333333333334 0.2521079258010118 0.5056818181818182 0.2554806070826307 0.4981060606060606 0.26897133220910624 0.48547979797979796 0.28414839797639124 0.47285353535353536 0.28583473861720066 0.4375 0.2790893760539629 0.42992424242424243 0.30101180438448566 0.4412878787878788 0.30269814502529513 0.4564393939393939 0.30438448566610454 0.48169191919191917 0.306070826306914 0.5044191919191919 0.3077571669477234 0.5132575757575758 0.3111298482293423 0.5321969696969697 0.3094435075885329 0.5448232323232324 0.306070826306914 0.5637626262626263 0.30269814502529513 0.5688131313131313 0.290893760539629 0.5587121212121212 0.275716694772344 0.5612373737373737 0.2639123102866779 0.57260101010101 0.2521079258010118 0.5789141414141414 0.24536256323777403 0.5625 0.24536256323777403 0.5410353535353535 0.24536256323777403 0.5208333333333334 0.2521079258010118
5 0.29103535353535354 0.7428330522765598 0.288510101010101 0.7158516020236088 0.28724747474747475 0.6956155143338955 0.2847222222222222 0.6922428330522765 0.2821969696969697 0.6922428330522765 0.2784090909090909 0.6888701517706577 0.2758838383838384 0.6854974704890388 0.2708333333333333 0.6838111298482293 0.26957070707070707 0.6838111298482293 0.26957070707070707 0.6905564924114671 0.26957070707070707 0.6989881956155143 0.26957070707070707 0.7074198988195616 0.26957070707070707 0.7192242833052277 0.2708333333333333 0.7445193929173693 0.2708333333333333 0.7580101180438449 0.2720959595959596 0.7681281618887015 0.2784090909090909 0.7833052276559865 0.2821969696969697 0.7917369308600337 0.29103535353535354 0.8069139966273187 0.2922979797979798 0.7917369308600337 0.29103535353535354 0.7799325463743676 0.2935606060606061 0.7664418212478921 0.29103535353535354 0.7428330522765598
5 0.2847222222222222 0.663575042158516 0.2847222222222222 0.6517706576728499 0.2847222222222222 0.6450252951096122 0.28345959595959597 0.636593591905565 0.2809343434343434 0.6315345699831366 0.2784090909090909 0.6298482293423272 0.2758838383838384 0.6315345699831366 0.2746212121212121 0.6349072512647554 0.27335858585858586 0.6399662731871838 0.2720959595959596 0.6467116357504216 0.27335858585858586 0.6551433389544689 0.2746212121212121 0.6602023608768971 0.2758838383838384 0.6652613827993255 0.27714646464646464 0.6720067453625632 0.2796717171717172 0.6753794266441822 0.2809343434343434 0.678752107925801 0.28345959595959597 0.6804384485666105 0.2847222222222222 0.6770657672849916 0.2847222222222222 0.6703204047217538 0.2847222222222222 0.663575042158516
5 0.31123737373737376 0.6450252951096122 0.3087121212121212 0.6467116357504216 0.3087121212121212 0.6500843170320405 0.31123737373737376 0.6517706576728499 0.3125 0.6517706576728499 0.31376262626262624 0.6500843170320405 0.31376262626262624 0.6467116357504216 0.31123737373737376 0.6450252951096122
5 0.2708333333333333 0.6264755480607083 0.2708333333333333 0.6298482293423272 0.27335858585858586 0.6281618887015177 0.2746212121212121 0.6264755480607083 0.2746212121212121 0.6231028667790893 0.27335858585858586 0.6231028667790893 0.2708333333333333 0.6247892074198989 0.2708333333333333 0.6264755480607083
3 0.5703201363636364 1 0.5940656565656566 0.9553119730185498 0.6508838383838383 0.7967959527824621 0.6407828282828283 0.7293423271500843 0.6357323232323232 0.6652613827993255 0.6306818181818182 0.6129848229342327 0.6231060606060606 0.5354131534569984 0.6218434343434344 0.49831365935919053 0.615530303030303 0.43929173693086004 0.6218434343434344 0.3988195615514334 0.6243686868686869 0.33136593591905567 0.639520202020202 0.2925801011804384 0.6180555555555556 0.2976391231028668 0.6054292929292929 0.3094435075885329 0.5915404040404041 0.3414839797639123 0.5738636363636364 0.38532883642495785 0.5574494949494949 0.4156829679595278 0.538510101010101 0.44435075885328834 0.5119949494949495 0.5016863406408094 0.48547979797979796 0.5539629005059022 0.4715909090909091 0.5657672849915683 0.4564393939393939 0.5910623946037099 0.4438131313131313 0.6096121416526138 0.43623737373737376 0.6534569983136593 0.4337121212121212 0.663575042158516 0.4375 0.6956155143338955 0.4513888888888889 0.739460370994941 0.45391414141414144 0.7630691399662732 0.4602272727272727 0.7967959527824621 0.4640151515151515 0.8271500843170321 0.4703282828282828 0.8625632377740303 0.48042929292929293 0.8912310286677909 0.4917929292929293 0.9266441821247892 0.49684343434343436 0.948566610455312 0.5006313131313131 0.9704890387858347 0.5069444444444444 0.9940978077571669 0.5106271047979798 1 0.5703201363636364 1
3 0.6575126262626263 0 0.6546717171717171 0.0042158516020236085 0.7443181818181818 0.012647554806070826 0.7339015151515151 0 0.6575126262626263 0
5 0.3785248320707071 1 0.3693181818181818 0.9822934232715008 0.3503787878787879 0.918212478920742 0.3188131313131313 0.9114671163575042 0.32386363636363635 0.945193929173693 0.35066223484848486 1 0.3785248320707071 1
3 0.8112373737373737 0.31618887015177066 0.7922979797979798 0.321247892074199 0.7784090909090909 0.37015177065767285 0.7771464646464646 0.44097807757166946 0.7771464646464646 0.49494097807757165 0.7897727272727273 0.4645868465430017 0.8061868686868687 0.39038785834738615 0.8112373737373737 0.31618887015177066
0 0.3465909090909091 0.6180438448566611 0.3453282828282828 0.648397976391231 0.3453282828282828 0.6838111298482293 0.34785353535353536 0.7276559865092749 0.3529040404040404 0.7681281618887015 0.3630050505050505 0.7866779089376054 0.37184343434343436 0.7984822934232715 0.3731060606060606 0.8608768971332209 0.41224747474747475 0.8558178752107926 0.41224747474747475 0.7984822934232715 0.4071969696969697 0.784991568296796 0.39204545454545453 0.7613827993254637 0.3819444444444444 0.7428330522765598 0.37436868686868685 0.7006745362563238 0.3680555555555556 0.6112984822934233 0.37058080808080807 0.5826306913996627 0.36174242424242425 0.5860033726812817 0.3529040404040404 0.5961214165261383 0.3465909090909091 0.6180438448566611
0 0.42992424242424243 0.4966273187183811 0.4286616161616162 0.5185497470489039 0.4286616161616162 0.5438448566610455 0.4286616161616162 0.5826306913996627 0.4311868686868687 0.606239460370995 0.4438131313131313 0.5893760539629005 0.4551767676767677 0.4460370994940978 0.43876262626262624 0.4460370994940978 0.43497474747474746 0.45109612141652616 0.4311868686868687 0.46964586846543 0.42992424242424243 0.4966273187183811
0 0.5190508017676768 1 0.5119949494949495 0.9839797639123102 0.5006313131313131 0.9401349072512648 0.47664141414141414 0.8659359190556493 0.4602272727272727 0.7833052276559865 0.45012626262626265 0.7225969645868465 0.44002525252525254 0.6720067453625632 0.44886363636363635 0.6180438448566611 0.4640151515151515 0.5978077571669477 0.4842171717171717 0.56070826306914 0.5119949494949495 0.5101180438448567 0.5422979797979798 0.45784148397976393 0.5637626262626263 0.4156829679595278 0.586489898989899 0.37015177065767285 0.6079545454545454 0.31618887015177066 0.6294191919191919 0.28920741989881954 0.6142676767676768 0.2925801011804384 0.5978535353535354 0.3094435075885329 0.5549242424242424 0.39376053962900504 0.4753787878787879 0.5320404721753794 0.4438131313131313 0.5741989881956155 0.42108585858585856 0.5994940978077572 0.4185606060606061 0.636593591905565 0.42108585858585856 0.6854974704890388 0.42992424242424243 0.7377740303541316 0.4412878787878788 0.8035413153456998 0.4463383838383838 0.8507588532883642 0.45896464646464646 0.8979763912310287 0.48295454545454547 0.9603709949409781 0.499026726010101 1 0.5190508017676768 1
0 0.5208333333333334 0.2436762225969646 0.5044191919191919 0.24704890387858347 0.5132575757575758 0.25379426644182124 0.5574494949494949 0.2487352445193929 0.5801767676767676 0.25042158516020235 0.5991161616161617 0.25379426644182124 0.6180555555555556 0.2554806070826307 0.6369949494949495 0.2588532883642496 0.639520202020202 0.2521079258010118 0.6117424242424242 0.24536256323777403 0.5940656565656566 0.2436762225969646 0.57260101010101 0.2403035413153457 0.5561868686868687 0.2403035413153457 0.538510101010101 0.24198988195615515 0.5208333333333334 0.2436762225969646
8 0.5132575757575758 0.9435075885328836 0.5044191919191919 0.9401349072512648 0.5069444444444444 0.9806070826306914 0.5132575757575758 0.9940978077571669 0.514520202020202 0.9806070826306914 0.5132575757575758 0.9435075885328836