3 0.5811320754716981 0.6605351170568562 0.5786163522012578 0.6287625418060201 0.5761006289308176 0.596989966555184 0.5849056603773585 0.5819397993311036 0.6012578616352201 0.5819397993311036 0.6251572327044025 0.5869565217391305 0.650314465408805 0.5869565217391305 0.6654088050314465 0.5936454849498328 0.6654088050314465 0.6153846153846154 0.6742138364779874 0.6254180602006689 0.6817610062893081 0.6471571906354515 0.690566037735849 0.6638795986622074 0.6779874213836478 0.6688963210702341 0.6679245283018868 0.6588628762541806 0.6578616352201258 0.6538461538461539 0.640251572327044 0.6505016722408027 0.6238993710691824 0.6505016722408027 0.6150943396226415 0.6521739130434783 0.6037735849056604 0.6605351170568562
3 0.5081761006289308 0.49331103678929766 0.5245283018867924 0.49331103678929766 0.5459119496855346 0.4983277591973244 0.5660377358490566 0.4983277591973244 0.5849056603773585 0.5016722408026756 0.5949685534591195 0.5016722408026756 0.5949685534591195 0.5167224080267558 0.6138364779874214 0.5267558528428093 0.6238993710691824 0.5367892976588629 0.5924528301886792 0.5334448160535117 0.5635220125786163 0.5217391304347826 0.5345911949685535 0.5150501672240803 0.519496855345912 0.5117056856187291 0.5081761006289308 0.5033444816053512
6 0.519496855345912 0.5183946488294314 0.5320754716981132 0.5234113712374582 0.5421383647798742 0.5367892976588629 0.5484276729559748 0.5501672240802675 0.5547169811320755 0.5568561872909699 0.559748427672956 0.5535117056856187 0.5672955974842767 0.5551839464882943 0.5836477987421383 0.560200668896321 0.5949685534591195 0.5769230769230769 0.5849056603773585 0.5836120401337793 0.5761006289308176 0.5819397993311036 0.5647798742138365 0.5785953177257525 0.5572327044025157 0.5752508361204013 0.549685534591195 0.5668896321070234 0.5421383647798742 0.5635451505016722 0.5333333333333333 0.5585284280936454 0.5308176100628931 0.5501672240802675 0.5383647798742138 0.5518394648829431 0.5358490566037736 0.5451505016722408 0.5308176100628931 0.5351170568561873 0.5220125786163522 0.5334448160535117
6 0.5534591194968553 0.6070234113712375 0.5622641509433962 0.6137123745819398 0.569811320754717 0.6103678929765887 0.5735849056603773 0.6204013377926422 0.5786163522012578 0.6321070234113713 0.5786163522012578 0.6454849498327759 0.5710691823899371 0.6337792642140468 0.5647798742138365 0.6254180602006689
8 0.4389937106918239 0.4816053511705686 0.43018867924528303 0.4782608695652174 0.4226415094339623 0.4782608695652174 0.41509433962264153 0.4765886287625418 0.4050314465408805 0.47324414715719065 0.4 0.4698996655518395 0.3937106918238994 0.4665551839464883 0.38742138364779877 0.46321070234113715 0.38238993710691827 0.4665551839464883 0.38742138364779877 0.4698996655518395 0.3937106918238994 0.47491638795986624 0.4 0.4765886287625418 0.40628930817610065 0.4816053511705686 0.4138364779874214 0.48494983277591974 0.42138364779874216 0.4866220735785953 0.4289308176100629 0.48494983277591974 0.4339622641509434 0.48327759197324416
8 0.35094339622641507 0.4531772575250836 0.35471698113207545 0.45484949832775917 0.3559748427672956 0.46153846153846156 0.3572327044025157 0.46321070234113715 0.36477987421383645 0.4682274247491639 0.3723270440251572 0.47324414715719065 0.3836477987421384 0.47491638795986624 0.3937106918238994 0.4816053511705686 0.4025157232704403 0.48494983277591974 0.410062893081761 0.4916387959866221 0.41509433962264153 0.4899665551839465 0.41509433962264153 0.49498327759197325 0.410062893081761 0.49665551839464883 0.3987421383647799 0.4899665551839465 0.39119496855345914 0.4882943143812709 0.38238993710691827 0.4816053511705686 0.37484276729559746 0.479933110367893 0.3660377358490566 0.4765886287625418 0.3622641509433962 0.4765886287625418 0.3635220125786163 0.48494983277591974 0.3584905660377358 0.48327759197324416 0.3534591194968553 0.479933110367893 0.3522012578616352 0.47157190635451507 0.35094339622641507 0.46153846153846156
8 0.3710691823899371 0.4866220735785953 0.3786163522012579 0.4899665551839465 0.38616352201257864 0.4916387959866221 0.3949685534591195 0.49498327759197325 0.4 0.4983277591973244 0.40628930817610065 0.5 0.4037735849056604 0.5050167224080268 0.39748427672955977 0.5033444816053512 0.39245283018867927 0.5016722408026756 0.38742138364779877 0.4983277591973244 0.3836477987421384 0.49665551839464883 0.379874213836478 0.49498327759197325 0.37484276729559746 0.49331103678929766 0.3710691823899371 0.4916387959866221
8 0.37735849056603776 0.5719063545150501 0.379874213836478 0.5551839464882943 0.3786163522012579 0.5468227424749164 0.3710691823899371 0.5384615384615384 0.3660377358490566 0.5367892976588629 0.3660377358490566 0.5451505016722408 0.36855345911949683 0.5518394648829431 0.3710691823899371 0.5618729096989966 0.37358490566037733 0.568561872909699
8 0.5018867924528302 0.5083612040133779 0.5220125786163522 0.5117056856187291 0.5471698113207547 0.5150501672240803 0.5622641509433962 0.5250836120401338 0.5836477987421383 0.5301003344481605 0.6062893081761006 0.5334448160535117 0.6276729559748427 0.5351170568561873 0.6440251572327044 0.5484949832775919 0.6515723270440251 0.5702341137123745 0.6591194968553459 0.5836120401337793 0.6415094339622641 0.5903010033444817 0.6125786163522012 0.5869565217391305 0.5949685534591195 0.5886287625418061 0.5924528301886792 0.5702341137123745 0.5849056603773585 0.5585284280936454 0.5622641509433962 0.5535117056856187 0.549685534591195 0.5451505016722408 0.5383647798742138 0.5334448160535117 0.5320754716981132 0.5234113712374582 0.5119496855345912 0.520066889632107
6 0.5044025157232704 0.48327759197324416 0.5069182389937107 0.4765886287625418 0.5106918238993711 0.4682274247491639 0.5132075471698113 0.46153846153846156 0.5144654088050314 0.4531772575250836 0.5169811320754717 0.4414715719063545 0.5207547169811321 0.43645484949832775 0.5283018867924528 0.43478260869565216 0.5320754716981132 0.43812709030100333 0.5345911949685535 0.4397993311036789 0.5345911949685535 0.4431438127090301 0.529559748427673 0.4431438127090301 0.5245283018867924 0.4431438127090301 0.5232704402515723 0.44481605351170567 0.5207547169811321 0.4498327759197324 0.5207547169811321 0.45819397993311034 0.519496855345912 0.46153846153846156 0.5157232704402516 0.46488294314381273 0.5132075471698113 0.4698996655518395 0.5119496855345912 0.47491638795986624 0.5106918238993711 0.479933110367893 0.5081761006289308 0.48494983277591974
8 0.1371069182389937 0.40468227424749165 0.14088050314465408 0.4080267558528428 0.14465408805031446 0.4080267558528428 0.1459119496855346 0.40468227424749165 0.1459119496855346 0.3996655518394649 0.1421383647798742 0.3996655518394649 0.13962264150943396 0.3979933110367893 0.13962264150943396 0.39297658862876256 0.1371069182389937 0.391304347826087 0.13584905660377358 0.3879598662207358 0.13459119496855346 0.38294314381270905 0.13333333333333333 0.38294314381270905 0.12955974842767295 0.38127090301003347 0.1270440251572327 0.38294314381270905 0.1270440251572327 0.3879598662207358 0.12830188679245283 0.39297658862876256 0.12955974842767295 0.39464882943143814 0.13081761006289308 0.3979933110367893 0.13333333333333333 0.4013377926421405
8 0.10062893081761007 0.3779264214046823 0.09685534591194969 0.38294314381270905 0.0930817610062893 0.38294314381270905 0.0930817610062893 0.3779264214046823 0.09433962264150944 0.3695652173913043 0.09559748427672957 0.36622073578595316 0.10062893081761007 0.36454849498327757 0.10566037735849057 0.36454849498327757 0.11069182389937107 0.362876254180602 0.11446540880503145 0.36454849498327757 0.11823899371069183 0.3695652173913043 0.12075471698113208 0.3729096989966555 0.12327044025157233 0.3779264214046823 0.11949685534591195 0.3779264214046823 0.1169811320754717 0.3745819397993311 0.11320754716981132 0.3729096989966555 0.10943396226415095 0.3729096989966555 0.10566037735849057 0.3729096989966555 0.1018867924528302 0.3745819397993311
8 0.12830188679245283 0.3862876254180602 0.12955974842767295 0.38127090301003347 0.13333333333333333 0.38127090301003347 0.13584905660377358 0.3862876254180602 0.13584905660377358 0.391304347826087 0.13836477987421383 0.39464882943143814 0.14088050314465408 0.3963210702341137 0.14088050314465408 0.3996655518394649 0.14339622641509434 0.4013377926421405 0.1459119496855346 0.4013377926421405 0.1459119496855346 0.4080267558528428 0.1421383647798742 0.4080267558528428 0.13836477987421383 0.40635451505016723 0.13584905660377358 0.40468227424749165 0.1320754716981132 0.4013377926421405 0.12955974842767295 0.3963210702341137 0.12830188679245283 0.391304347826087
8 0.2138364779874214 0.41471571906354515 0.2088050314465409 0.411371237458194 0.20628930817610064 0.411371237458194 0.2050314465408805 0.4197324414715719 0.2088050314465409 0.4230769230769231 0.2088050314465409 0.431438127090301 0.21257861635220127 0.431438127090301
0 0.41635220125786165 0.5033444816053512 0.4037735849056604 0.5351170568561873 0.4 0.5501672240802675 0.3987421383647799 0.5635451505016722 0.3949685534591195 0.5836120401337793 0.39622641509433965 0.6020066889632107 0.38742138364779877 0.5986622073578596 0.38616352201257864 0.5752508361204013 0.389937106918239 0.540133779264214 0.3949685534591195 0.5167224080267558 0.41132075471698115 0.49331103678929766