0 0.18782608695652173 0.24361948955916474 0.20695652173913043 0.2273781902552204 0.24 0.2111368909512761 0.2573913043478261 0.23201856148491878 0.26260869565217393 0.24129930394431554 0.2782608695652174 0.2296983758700696 0.28695652173913044 0.2482598607888631 0.29043478260869565 0.2691415313225058 0.28 0.2853828306264501 0.26956521739130435 0.2923433874709977 0.24869565217391304 0.29466357308584684 0.24869565217391304 0.27610208816705334 0.23304347826086957 0.2877030162412993 0.21565217391304348 0.2900232018561485 0.20173913043478262 0.2877030162412993 0.19304347826086957 0.2853828306264501 0.18608695652173912 0.2737819025522042 0.18434782608695652 0.25986078886310904
8 0.17565217391304347 0.31322505800464034 0.1826086956521739 0.31322505800464034 0.19130434782608696 0.31786542923433875 0.19478260869565217 0.3248259860788863 0.1826086956521739 0.3248259860788863
8 0.17217391304347826 0.32018561484918795 0.17043478260869566 0.3294663573085847 0.17043478260869566 0.3433874709976798 0.17391304347826086 0.35266821345707655 0.1791304347826087 0.33874709976798145 0.17739130434782607 0.3294663573085847
8 0.17043478260869566 0.35730858468677495 0.17043478260869566 0.33410672853828305 0.17043478260869566 0.31786542923433875 0.16521739130434782 0.31786542923433875 0.16521739130434782 0.33178654292343385 0.16695652173913045 0.3480278422273782
8 0.15304347826086956 0.3062645011600928 0.15304347826086956 0.3248259860788863 0.1565217391304348 0.3433874709976798 0.1617391304347826 0.37122969837587005 0.1617391304347826 0.35498839907192575 0.1582608695652174 0.33410672853828305 0.15478260869565216 0.31786542923433875
8 0.1443478260869565 0.32018561484918795 0.15130434782608695 0.31786542923433875 0.14782608695652175 0.3248259860788863
8 0.1391304347826087 0.30162412993039445 0.1426086956521739 0.308584686774942 0.1426086956521739 0.3294663573085847 0.1373913043478261 0.31786542923433875 0.1373913043478261 0.308584686774942
8 0.12869565217391304 0.271461716937355 0.12521739130434784 0.29698375870069604 0.12869565217391304 0.3062645011600928 0.13043478260869565 0.2877030162412993
8 0.3060869565217391 0.37587006960556846 0.3095652173913043 0.44547563805104406 0.30434782608695654 0.45243619489559167 0.3008695652173913 0.4222737819025522 0.29043478260869565 0.38979118329466356 0.3008695652173913 0.4037122969837587
8 0.3617391304347826 0.382830626450116 0.36695652173913046 0.382830626450116 0.3739130434782609 0.37819025522041766 0.36869565217391304 0.4245939675174014 0.3634782608695652 0.4245939675174014 0.3634782608695652 0.3990719257540603 0.3617391304347826 0.39211136890951276
8 0.3269565217391304 0.4060324825986079 0.3356521739130435 0.39675174013921116 0.34782608695652173 0.3990719257540603 0.35478260869565215 0.38979118329466356 0.35130434782608694 0.4060324825986079 0.3426086956521739 0.4060324825986079 0.3356521739130435 0.4060324825986079
8 0.32521739130434785 0.4408352668213457 0.32 0.4245939675174014 0.31478260869565217 0.43387470997679817 0.32 0.4385150812064965
8 0.3165217391304348 0.4060324825986079 0.3182608695652174 0.39443155452436196 0.31130434782608696 0.3851508120649652 0.3095652173913043 0.39675174013921116
8 0.3182608695652174 0.4037122969837587 0.3356521739130435 0.40835266821345706 0.35130434782608694 0.41531322505800466 0.3652173913043478 0.42691415313225056 0.3739130434782609 0.43387470997679817 0.36695652173913046 0.4385150812064965 0.3582608695652174 0.4617169373549884 0.35304347826086957 0.45707656612529 0.36 0.43387470997679817 0.35478260869565215 0.42691415313225056 0.3408695652173913 0.4176334106728538 0.33043478260869563 0.41067285382830626 0.33043478260869563 0.43387470997679817 0.32521739130434785 0.43155452436194897 0.32521739130434785 0.4176334106728538 0.3217391304347826 0.41299303944315546
8 0.16695652173913045 0.29930394431554525 0.17391304347826086 0.30162412993039445 0.17217391304347826 0.3109048723897912 0.16521739130434782 0.308584686774942
8 0.14782608695652175 0.30162412993039445 0.14608695652173914 0.3109048723897912 0.14608695652173914 0.31786542923433875 0.15130434782608695 0.31786542923433875 0.15130434782608695 0.3109048723897912
8 0.1617391304347826 0.28074245939675174 0.16869565217391305 0.2877030162412993 0.17565217391304347 0.2877030162412993 0.17565217391304347 0.29466357308584684 0.16695652173913045 0.29466357308584684 0.1617391304347826 0.2900232018561485
3 0.16521739130434782 0.2552204176334107 0.17391304347826086 0.271461716937355 0.1808695652173913 0.31786542923433875 0.1808695652173913 0.3480278422273782 0.17391304347826086 0.3642691415313225 0.1634782608695652 0.35730858468677495 0.1617391304347826 0.3248259860788863 0.1617391304347826 0.29466357308584684 0.1634782608695652 0.2737819025522042
3 0.15130434782608695 0.4037122969837587 0.1634782608695652 0.4060324825986079 0.16 0.33178654292343385 0.1617391304347826 0.3062645011600928 0.1634782608695652 0.2529002320185615 0.1443478260869565 0.2273781902552204 0.12695652173913044 0.22273781902552203 0.12 0.24129930394431554 0.12 0.26450116009280744 0.12521739130434784 0.308584686774942 0.13391304347826086 0.3062645011600928 0.1443478260869565 0.3271461716937355 0.14782608695652175 0.3480278422273782 0.14956521739130435 0.3874709976798144
3 0.2956521739130435 0.2505800464037123 0.3060869565217391 0.28074245939675174 0.30434782608695654 0.3225058004640371 0.2991304347826087 0.33410672853828305 0.28347826086956524 0.3225058004640371 0.29043478260869565 0.2900232018561485 0.29391304347826086 0.2668213457076566
3 0.28347826086956524 0.3248259860788863 0.3060869565217391 0.33874709976798145 0.32869565217391306 0.4385150812064965 0.30434782608695654 0.45011600928074247 0.29391304347826086 0.41531322505800466 0.28695652173913044 0.37819025522041766 0.28347826086956524 0.3503480278422274
8 0.45565217391304347 0.4593967517401392 0.4643478260869565 0.46403712296983757 0.4643478260869565 0.4733178654292343 0.4573913043478261 0.4733178654292343
8 0.40347826086956523 0.39675174013921116 0.41043478260869565 0.4013921113689095 0.4191304347826087 0.4060324825986079 0.41043478260869565 0.40835266821345706 0.4052173913043478 0.4060324825986079
8 0.3739130434782609 0.4361948955916473 0.39304347826086955 0.45011600928074247 0.40695652173913044 0.4733178654292343 0.42086956521739133 0.5127610208816705 0.41043478260869565 0.5104408352668214 0.40347826086956523 0.4872389791183295 0.38608695652173913 0.46867749419953597 0.3773913043478261 0.4547563805104408
8 0.4295652173913043 0.5174013921113689 0.44521739130434784 0.5150812064965197 0.4643478260869565 0.5174013921113689 0.4591304347826087 0.5243619489559165 0.4434782608695652 0.5220417633410673
8 0.41043478260869565 0.5081206496519721 0.43130434782608695 0.5174013921113689 0.4539130434782609 0.5290023201856149 0.4504347826086956 0.54292343387471 0.4434782608695652 0.54292343387471 0.4434782608695652 0.5336426914153132 0.43478260869565216 0.531322505800464 0.4226086956521739 0.5243619489559165 0.41391304347826086 0.5197215777262181
8 0.4608695652173913 0.531322505800464 0.4678260869565217 0.531322505800464 0.47130434782608693 0.5382830626450116 0.4765217391304348 0.531322505800464 0.48 0.5359628770301624 0.48695652173913045 0.531322505800464 0.48695652173913045 0.5406032482598608 0.4782608695652174 0.5498839907192575 0.47130434782608693 0.5522041763341067 0.4608695652173913 0.5522041763341067 0.45565217391304347 0.5475638051044084 0.4539130434782609 0.5359628770301624
8 0.49217391304347824 0.5382830626450116 0.4956521739130435 0.5359628770301624 0.4956521739130435 0.54292343387471 0.49043478260869566 0.5452436194895591
8 0.4434782608695652 0.5846867749419954 0.4504347826086956 0.5846867749419954 0.45217391304347826 0.605568445475638 0.4469565217391304 0.605568445475638
8 0.45565217391304347 0.5614849187935035 0.46956521739130436 0.5661252900232019 0.4817391304347826 0.5754060324825986 0.5026086956521739 0.5846867749419954 0.5026086956521739 0.5939675174013921 0.49217391304347824 0.5893271461716937 0.47304347826086957 0.580046403712297 0.46260869565217394 0.5730858468677494
8 0.4156521739130435 0.5243619489559165 0.42086956521739133 0.5475638051044084 0.4260869565217391 0.568445475638051 0.43130434782608695 0.5986078886310905 0.4365217391304348 0.6264501160092807 0.44173913043478263 0.6566125290023201 0.44 0.6148491879350348 0.43478260869565216 0.5846867749419954 0.42782608695652175 0.5568445475638051 0.4226086956521739 0.5359628770301624
8 0.47130434782608693 0.5939675174013921 0.47130434782608693 0.6148491879350348 0.4834782608695652 0.6148491879350348 0.48 0.6009280742459396
8 0.47304347826086957 0.6334106728538283 0.48 0.6310904872389791 0.48 0.665893271461717 0.47304347826086957 0.665893271461717
8 0.49043478260869566 0.6009280742459396 0.5008695652173913 0.6032482598607889 0.5043478260869565 0.6751740139211136 0.49217391304347824 0.6774941995359629 0.48869565217391303 0.642691415313225 0.48695652173913045 0.617169373549884
8 0.5095652173913043 0.6496519721577726 0.5252173913043479 0.6566125290023201 0.5373913043478261 0.6566125290023201 0.528695652173913 0.6682134570765661 0.5130434782608696 0.665893271461717
8 0.5147826086956522 0.5893271461716937 0.5339130434782609 0.5962877030162413 0.5582608695652174 0.6009280742459396 0.5634782608695652 0.6148491879350348 0.5443478260869565 0.6102088167053364 0.5269565217391304 0.605568445475638 0.5165217391304348 0.6009280742459396 0.5113043478260869 0.5962877030162413
8 0.5652173913043478 0.617169373549884 0.6034782608695652 0.6148491879350348 0.5704347826086956 0.5870069605568445 0.5495652173913044 0.5777262180974478 0.5321739130434783 0.5707656612529002 0.5147826086956522 0.5661252900232019 0.5008695652173913 0.5638051044083526 0.5043478260869565 0.5730858468677494 0.5234782608695652 0.5777262180974478 0.5373913043478261 0.5870069605568445
8 0.5565217391304348 0.765661252900232 0.5217391304347826 0.7540603248259861 0.48869565217391303 0.7354988399071926 0.45217391304347826 0.7146171693735499 0.4678260869565217 0.7331786542923434 0.48869565217391303 0.7494199535962877 0.5043478260869565 0.7633410672853829 0.52 0.7726218097447796 0.5373913043478261 0.7795823665893271 0.5530434782608695 0.7795823665893271
8 0.29391304347826086 0.45243619489559167 0.3026086956521739 0.4593967517401392 0.29739130434782607 0.4988399071925754 0.2956521739130435 0.531322505800464 0.29739130434782607 0.5522041763341067 0.28695652173913044 0.5243619489559165 0.288695652173913 0.48259860788863107
3 0.37565217391304345 0.37354988399071926 0.40869565217391307 0.3642691415313225 0.43826086956521737 0.3805104408352668 0.45565217391304347 0.41531322505800466 0.44869565217391305 0.42691415313225056 0.42782608695652175 0.4176334106728538 0.3947826086956522 0.39675174013921116
3 0.36869565217391304 0.37587006960556846 0.3565217391304348 0.4547563805104408 0.37217391304347824 0.4593967517401392 0.37565217391304345 0.42691415313225056 0.3773913043478261 0.4013921113689095
3 0.3339130434782609 0.4060324825986079 0.3391304347826087 0.4037122969837587 0.3426086956521739 0.41067285382830626 0.34956521739130436 0.4060324825986079 0.35478260869565215 0.39675174013921116 0.35304347826086957 0.38979118329466356 0.36 0.3851508120649652 0.3617391304347826 0.40835266821345706 0.36 0.419953596287703 0.35478260869565215 0.42691415313225056 0.34608695652173915 0.42923433874709976 0.3408695652173913 0.42691415313225056 0.33217391304347826 0.4222737819025522 0.32869565217391306 0.41299303944315546
0 0.29043478260869565 0.2877030162412993 0.28695652173913044 0.31322505800464034 0.2852173913043478 0.3294663573085847 0.28695652173913044 0.35266821345707655 0.29043478260869565 0.37354988399071926 0.29391304347826086 0.39211136890951276 0.2991304347826087 0.4222737819025522 0.29391304347826086 0.42923433874709976 0.29043478260869565 0.4408352668213457 0.2921739130434783 0.4547563805104408 0.29043478260869565 0.4779582366589327 0.29043478260869565 0.5545243619489559 0.28 0.5127610208816705 0.27304347826086955 0.45011600928074247 0.271304347826087 0.4037122969837587 0.26956521739130435 0.3642691415313225 0.271304347826087 0.33874709976798145 0.27652173913043476 0.3109048723897912 0.2782608695652174 0.29698375870069604
4 0.34956521739130436 0.30162412993039445 0.3408695652173913 0.31786542923433875 0.33217391304347826 0.3433874709976798 0.3408695652173913 0.3503480278422274 0.34956521739130436 0.3503480278422274 0.35478260869565215 0.3480278422273782 0.36 0.3433874709976798 0.3652173913043478 0.33642691415313225 0.37565217391304345 0.3271461716937355 0.42782608695652175 0.35962877030162416 0.4504347826086956 0.37587006960556846 0.4591304347826087 0.3689095127610209
4 0.42782608695652175 0.345707656612529 0.4834782608695652 0.3805104408352668 0.5147826086956522 0.4037122969837587 0.5356521739130434 0.419953596287703 0.5617391304347826 0.419953596287703 0.577391304347826 0.419953596287703 0.5878260869565217 0.419953596287703 0.6017391304347826 0.4222737819025522 0.6156521739130435 0.42691415313225056 0.6243478260869565 0.43155452436194897 0.6104347826086957 0.4176334106728538 0.5965217391304348 0.41067285382830626 0.5826086956521739 0.4060324825986079 0.5721739130434783 0.4013921113689095 0.5304347826086957 0.3805104408352668 0.5234782608695652 0.3805104408352668 0.5113043478260869 0.3689095127610209 0.5026086956521739 0.3642691415313225 0.5095652173913043 0.35730858468677495 0.5269565217391304 0.3619489559164733 0.5321739130434783 0.3689095127610209 0.5408695652173913 0.3689095127610209 0.5443478260869565 0.3642691415313225 0.5408695652173913 0.35730858468677495 0.5356521739130434 0.35266821345707655 0.5252173913043479 0.345707656612529 0.5043478260869565 0.3433874709976798 0.4991304347826087 0.3433874709976798
4 0.34782608695652173 0.3805104408352668 0.35304347826086957 0.382830626450116 0.3582608695652174 0.37587006960556846 0.36 0.3689095127610209 0.35304347826086957 0.3619489559164733 0.34608695652173915 0.3665893271461717 0.3426086956521739 0.37354988399071926
0 0.43826086956521737 0.3503480278422274 0.4782608695652174 0.37122969837587005 0.5356521739130434 0.41067285382830626 0.5460869565217391 0.41531322505800466 0.5791304347826087 0.41299303944315546 0.6017391304347826 0.41531322505800466 0.6226086956521739 0.4222737819025522 0.6365217391304347 0.43155452436194897 0.648695652173913 0.4408352668213457 0.6765217391304348 0.43387470997679817 0.76 0.41531322505800466 0.8243478260869566 0.39443155452436196 0.8695652173913043 0.3805104408352668 0.8973913043478261 0.37122969837587005 0.9043478260869565 0.37819025522041766 0.9043478260869565 0.39443155452436196 0.8452173913043478 0.4245939675174014 0.7339130434782609 0.46635730858468677 0.7008695652173913 0.4733178654292343 0.6591304347826087 0.4756380510440835 0.6469565217391304 0.4733178654292343 0.6243478260869565 0.45011600928074247 0.6 0.45243619489559167 0.5443478260869565 0.44547563805104406 0.5113043478260869 0.43387470997679817 0.4678260869565217 0.419953596287703 0.4852173913043478 0.41531322505800466 0.5182608695652174 0.41299303944315546 0.4330434782608696 0.35730858468677495
0 0.4 0.4988399071925754 0.42086956521739133 0.505800464037123 0.4469565217391304 0.5127610208816705 0.4678260869565217 0.5127610208816705 0.4852173913043478 0.505800464037123 0.49217391304347824 0.5011600928074246 0.44521739130434784 0.4408352668213457 0.4469565217391304 0.419953596287703 0.45565217391304347 0.41067285382830626 0.46260869565217394 0.4245939675174014 0.47130434782608693 0.4431554524361949 0.48869565217391303 0.46635730858468677 0.4991304347826087 0.48491879350348027 0.5095652173913043 0.5034802784222738 0.5234782608695652 0.5220417633410673 0.5408695652173913 0.531322505800464 0.5617391304347826 0.5406032482598608 0.5582608695652174 0.5545243619489559 0.5321739130434783 0.5545243619489559 0.5130434782608696 0.5452436194895591 0.49217391304347824 0.5290023201856149 0.4678260869565217 0.5382830626450116 0.44869565217391305 0.5382830626450116 0.42434782608695654 0.5290023201856149 0.40695652173913044 0.5220417633410673